  1835.65876661     1.00015858        0
  1835.67919865     1.00039240        0
  1835.80179090     0.99972564        0
  1835.82222304     0.99993236        0
  1835.84265498     0.99981052        0
  1835.86308701     1.00011487        0
  1835.88351915     1.00003824        0
  1835.90395109     0.99990357        0
  1835.92438313     1.00006255        0
  1835.94481526     1.00020005        0
  1835.96524720     1.00003583        0
  1835.98567924     0.99938432        0
  1836.00611137     0.99905666        0
  1836.02654331     0.99957928        0
  1836.04697534     0.99967911        0
  1836.06740747     0.99950139        0
  1836.08783941     0.99985309        0
  1836.10827144     1.00015370        0
  1836.12870357     1.00023526        0
  1836.14913561     0.99979476        0
  1836.16956754     1.00036958        0
  1836.18999967     1.00010909        0
  1836.21043170     0.99973723        0
  1836.23086383     1.00002525        0
  1836.25129576     1.00016960        0
  1836.27172779     0.99988797        0
  1836.31259185     1.00061965        0
  1836.33302388     1.00028074        0
  1836.35345600     1.00003399        0
  1836.37388793     1.00006847        0
  1836.39431996     1.00013329        0
  1836.41475198     0.99986876        0
  1836.43518401     1.00018019        0
  1836.45561604     1.00015724        0
  1836.47604806     0.99992872        0
  1836.49648009     1.00029499        0
  1836.51691211     1.00039287        0
  1836.53734413     1.00018511        0
  1836.55777616     1.00017992        0
  1836.57820818     1.00351290        0
  1836.59864030     1.00035706        0
  1836.61907222     0.99966902        0
  1836.63950425     1.00000000        0
  1836.65993637     1.00013870        0
  1836.68036829     1.00060261        0
  1836.70080031     1.00019667        0
  1836.72123243     1.00035710        0
  1836.74166435     1.00031340        0
  1836.76209636     0.99966657        0
  1836.78252848     1.00010577        0
  1836.80296040     0.99985743        0
  1836.82339252     0.99966029        0
  1836.84382453     0.99937087        0
  1836.86425645     0.99975320        0
  1836.88468857     0.99989048        0
  1836.90512058     0.99921937        0
  1836.92555250     1.00006129        0
  1836.94598461     0.99947481        0
  1836.96641663     0.99983326        0
  1836.98684864     0.99953733        0
  1837.00728065     0.99965119        0
  1837.02771267     0.99961559        0
  1837.08900870     1.00008202        0
  1837.10944072     1.00048491        0
  1837.12987273     0.99994115        0
  1837.15030474     0.99961858        0
  1837.17073675     0.99956774        0
  1837.19116876     0.99968895        0
  1837.21160077     0.99996382        0
  1837.23203277     1.00011288        0
  1837.25246478     1.00012991        0
  1837.27289679     0.99972129        0
  1837.29332870     0.99994265        0
  1837.31376080     0.99987648        0
  1837.33419281     0.99981944        0
  1837.35462482     0.99978048        0
  1837.37505682     1.00023669        0
  1837.39548883     0.99962150        0
  1837.41592083     0.99983313        0
  1837.43635294     0.99989410        0
  1837.45678484     0.99964420        0
  1837.47721694     0.99977630        0
  1837.49764895     0.99999684        0
  1837.51808085     1.00021917        0
  1837.53851295     1.00031918        0
  1837.55894495     1.00017820        0
  1837.57937685     1.00051288        0
  1837.59980895     1.00054810        0
  1837.62024095     1.00043412        0
  1837.64067285     1.00016636        0
  1837.66110495     1.00033233        0
  1837.68153695     1.00030491        0
  1837.70196885     1.00002943        0
  1837.72240095     1.00009806        0
  1837.74283295     1.00029299        0
  1837.76326484     1.00010060        0
  1837.78369694     1.00020294        0
  1837.80412894     1.00038583        0
  1837.82456093     1.00013737        0
  1837.84499293     0.99988627        0
  1837.86542492     1.00000292        0
  1837.88585682     1.00060794        0
  1837.90628891     1.00070379        0
  1837.92672091     0.99989598        0
  1837.94715290     0.99966295        0
  1837.96758489     0.99977122        0
  1837.98801688     0.99995032        0
  1838.00844878     1.00008936        0
  1838.02888087     1.00033412        0
  1838.04931286     1.00030231        0
  1838.06974495     1.00027736        0
  1838.09017684     1.00012946        0
  1838.11060883     0.99966215        0
  1838.13104092     0.99945452        0
  1838.15147281     0.99996438        0
  1838.17190480     0.99992465        0
  1838.19233688     0.99977444        0
  1838.21276877     0.99976328        0
  1838.23320076     0.99993788        0
  1838.27406483     0.99975220        0
  1838.29449672     1.00010785        0
  1838.31492880     1.00046516        0
  1838.33536079     1.00008502        0
  1838.35579267     0.99977933        0
  1838.37622476     0.99999252        0
  1838.39665674     1.00012344        0
  1838.41708863     1.00032853        0
  1838.43752071     0.99992357        0
  1838.45795269     0.99963847        0
  1838.47838457     0.99979402        0
  1838.49881666     1.00004949        0
  1838.51924864     1.00008092        0
  1838.53968052     0.99998022        0
  1838.56011260     1.00115457        0
  1838.58054458     0.99969510        0
  1838.60097646     0.99995863        0
  1838.62140854     1.00003769        0
  1838.64184052     0.99963701        0
  1838.66227239     0.99950769        0
  1838.68270447     0.99939824        0
  1838.70313645     0.99924332        0
  1838.72356843     0.99956331        0
  1838.74400040     0.99988789        0
  1838.76443238     0.99991015        0
  1838.78486436     1.00008128        0
  1838.80529633     0.99958456        0
  1838.82572831     0.99993741        0
  1838.84616038     0.99994756        0
  1838.86659225     1.00017285        0
  1838.88702423     1.00006905        0
  1838.90745630     1.00021075        0
  1838.92788817     1.00022741        0
  1838.94832015     1.00021805        0
  1838.96875222     0.99997455        0
  1838.98918409     0.99981167        0
  1839.07091197     1.00037089        0
  1839.09134404     0.99969942        0
  1839.11177601     1.00041485        0
  1839.13220788     0.99990382        0
  1839.15263995     1.00037412        0
  1839.17307191     1.00052386        0
  1839.19350378     0.99999585        0
  1839.21393585     0.99983410        0
  1839.23436782     0.99951112        0
  1839.25479968     0.99973346        0
  1839.27523175     0.99967884        0
  1839.29566371     1.00015051        0
  1839.31609578     0.99978416        0
  1839.33652764     0.99980281        0
  1839.35695961     0.99997135        0
  1839.37739157     0.99972941        0
  1839.39782353     0.99990398        0
  1839.41825540     0.99963586        0
  1839.43868746     0.99978446        0
  1839.45911942     0.99977804        0
  1839.47955128     1.00013839        0
  1839.49998334     1.00005206        0
  1839.52041530     1.00028948        0
  1839.54084726     1.00042491        0
  1839.56127922     1.00059308        0
  1839.58171118     1.00040886        0
  1839.60214314     1.00048593        0
  1839.62257510     1.00013752        0
  1839.64300706     0.99996069        0
  1839.72473489     1.00016249        0
  1839.74516694     1.00035817        0
  1839.76559880     0.99990342        0
  1839.78603075     1.00031215        0
  1839.80646281     1.00001936        0
  1839.82689466     1.00022844        0
  1839.84732662     1.00027527        0
  1839.86775867     1.00001408        0
  1839.88819052     1.00019878        0
  1839.90862248     0.99991581        0
  1839.92905453     1.00014766        0
  1839.94948648     0.99949751        0
  1839.96991843     0.99951751        0
  1839.99035038     0.99969423        0
  1840.01078233     1.00006030        0
  1840.31726145     1.00048812        0
  1840.33769349     0.99977410        0
  1840.35812543     0.99983375        0
  1840.37855738     1.00022851        0
  1840.39898932     0.99989367        0
  1840.41942126     0.99998471        0
  1840.43985321     0.99983390        0
  1840.46028515     0.99914835        0
  1840.48071709     1.00016790        0
  1840.50114903     0.99955026        0
  1840.52158107     0.99952387        0
  1840.54201291     1.00020812        0
  1840.56244495     0.99964308        0
  1840.58287689     0.99996956        0
  1840.60330873     1.00029758        0
  1840.62374077     0.99986025        0
  1840.64417270     1.00008722        0
  1840.66460454     0.99986822        0
  1840.68503658     1.00009721        0
  1840.70546852     0.99974975        0
  1840.72590035     1.00002938        0
  1840.74633239     1.00018240        0
  1840.76676432     1.00006585        0
  1840.78719626     1.00174770        0
  1840.80762819     0.99974298        0
  1840.82806003     0.99973529        0
  1840.84849206     1.00025719        0
  1840.86892400     1.00061419        0
  1840.88935593     1.00031282        0
  1840.90978776     0.99975554        0
  1840.93021980     1.00048021        0
  1840.95065173     0.99969426        0
  1840.97108356     1.00001722        0
  1840.99151559     0.99995499        0
  1872.00685458     0.99980707        1
  1872.02728617     0.99993228        1
  1872.04771777     0.99988918        1
  1872.06814936     0.99943366        1
  1872.08858096     0.99977405        1
  1872.10901255     1.00013124        1
  1872.12944424     1.00016911        1
  1872.17030733     1.00021007        1
  1872.19073903     1.00001448        1
  1872.21117062     1.00036755        1
  1872.23160211     1.00059145        1
  1872.25203381     1.00000055        1
  1872.27246540     1.00030273        1
  1872.29289690     0.99986543        1
  1872.31332859     0.99965890        1
  1872.33376018     0.99970415        1
  1872.35419168     1.00034196        1
  1872.37462337     1.00015765        1
  1872.41548666     0.99980645        1
  1872.43591815     0.99956597        1
  1872.45634975     0.99983821        1
  1872.47678144     1.00011010        1
  1872.49721293     1.00000765        1
  1872.51764453     1.00036372        1
  1872.53807622     1.00035386        1
  1872.55850772     1.00018335        1
  1872.57893931     1.00039469        1
  1872.59937100     0.99984345        1
  1872.61980250     0.99993513        1
  1872.66066578     0.99990824        1
  1872.68109728     1.00011040        1
  1872.70152897     1.00025422        1
  1872.72196056     1.00012173        1
  1872.74239206     0.99987993        1
  1872.76282375     1.00005457        1
  1872.78325534     0.99974304        1
  1872.80368684     0.99945189        1
  1872.82411853     0.99946818        1
  1872.84455012     0.99973553        1
  1872.86498161     0.99964267        1
  1872.90584490     1.00042753        1
  1872.92627639     1.00033650        1
  1872.94670809     0.99989567        1
  1872.96713968     0.99948248        1
  1872.98757137     1.00007276        1
  1873.00800286     1.00019462        1
  1873.02843446     0.99999237        1
  1873.04886615     0.99994102        1
  1873.06929764     0.99999052        1
  1873.08972924     1.00033959        1
  1873.15102401     0.99975541        1
  1873.17145571     0.99983946        1
  1873.19188730     0.99983875        1
  1873.21231889     1.00035640        1
  1873.23275048     0.99982913        1
  1873.25318208     1.00058356        1
  1873.27361367     1.00062874        1
  1873.29404526     0.99999509        1
  1873.31447685     1.00024020        1
  1873.33490845     1.00023293        1
  1873.35534004     0.99977252        1
  1873.39620322     0.99938098        1
  1873.41663482     0.99987386        1
  1873.43706631     0.99980388        1
  1873.45749800     1.00034185        1
  1873.47792959     1.00051290        1
  1873.49836129     1.00075202        1
  1873.51879278     0.99984587        1
  1873.53922437     1.00008333        1
  1873.55965606     1.00037242        1
  1873.58008755     1.00014953        1
  1873.60051915     0.99984960        1
  1873.74354039     1.00004649        1
  1873.76397198     1.00034582        1
  1873.78440357     0.99996086        1
  1873.80483517     1.00040640        1
  1873.82526676     0.99963982        1
  1873.84569845     0.99975933        1
  1873.88656153     0.99993773        1
  1873.90699323     0.99999925        1
  1873.92742472     1.00020986        1
  1873.94785631     1.00045935        1
  1873.96828800     1.00060330        1
  1873.98871949     1.00023256        1
  1874.00915119     1.00000238        1
  1874.02958268     1.00059230        1
  1874.05001427     1.00019237        1
  1874.07044596     1.00008359        1
  1874.09087745     1.00004968        1
  1874.23389859     0.99968818        1
  1874.25433029     0.99952645        1
  1874.27476188     0.99991953        1
  1874.29519347     0.99983294        1
  1874.31562506     0.99939513        1
  1874.33605665     0.99903517        1
  1874.37691983     0.99884953        1
  1874.39735143     0.99927330        1
  1874.41778312     0.99972728        1
  1874.43821461     0.99945196        1
  1874.45864620     0.99959550        1
  1874.47907789     0.99978071        1
  1874.49950938     0.99996438        1
  1874.51994107     1.00021699        1
  1874.54037267     0.99993664        1
  1874.56080416     1.00012732        1
  1874.58123585     0.99998227        1
  1874.62209893     1.00004822        1
  1874.64253062     1.00013257        1
  1874.66296221     0.99994432        1
  1874.68339381     0.99981131        1
  1874.70382540     0.99967332        1
  1874.72425699     0.99950887        1
  1874.74468848     0.99945030        1
  1874.76512017     1.00014561        1
  1874.78555176     1.00044584        1
  1874.80598335     1.00044061        1
  1874.86727823     1.00049270        1
  1874.88770972     1.00006100        1
  1874.90814131     1.00020070        1
  1874.92857300     0.99995805        1
  1874.94900449     1.00037384        1
  1874.96943608     1.00001400        1
  1874.98986778     1.00008409        1
  1875.01029927     1.00014169        1
  1875.03073096     0.99981394        1
  1875.05116255     0.99996235        1
  1875.11245732     0.99962146        1
  1875.13288881     1.00003104        1
  1875.15332050     0.99999596        1
  1875.17375210     1.00029418        1
  1875.19418369     1.00009595        1
  1875.21461528     0.99993318        1
  1875.23504687     0.99992115        1
  1875.35763642     0.99949629        1
  1875.37806811     0.99975571        1
  1875.39849960     0.99996706        1
  1875.41893119     0.99988839        1
  1875.43936288     0.99953390        1
  1875.45979437     0.99934723        1
  1875.48022596     0.99969778        1
  1875.50065766     0.99981234        1
  1875.52108915     0.99974911        1
  1875.54152084     1.00005129        1
  1875.56195243     1.00015889        1
  1875.60281561     1.00024443        1
  1875.62324720     0.99942712        1
  1875.64367869     0.99968210        1
  1875.66411038     0.99983947        1
  1875.68454198     0.99990029        1
  1875.70497357     0.99980580        1
  1875.72540516     1.00037529        1
  1875.74583675     1.00031045        1
  1875.76626844     1.00000000        1
  1875.78669993     1.00013013        1
  1875.80713152     1.00002160        1
  1875.84799481     1.00041945        1
  1875.86842630     1.00055624        1
  1875.88885799     1.00017478        1
  1875.90928958     1.00008008        1
  1875.92972107     0.99983844        1
  1875.95015276     1.00023511        1
  1875.97058435     0.99983492        1
  1875.99101604     0.99991139        1
  1876.01144754     1.00030627        1
  1876.09317390     0.99989391        1
  1876.11360549     1.00045465        1
  1876.13403708     1.00027662        1
  1876.15446858     1.00026166        1
  1876.17490027     1.00021703        1
  1876.19533186     0.99989118        1
  1876.21576345     1.00034306        1
  1876.23619504     1.00049453        1
  1876.25662663     1.00007889        1
  1876.33835310     0.99998060        1
  1876.35878469     1.00022535        1
  1876.37921618     1.00020846        1
  1876.39964787     1.00007385        1
  1876.42007946     1.00030397        1
  1876.44051096     0.99972800        1
  1876.46094265     0.99997184        1
  1876.48137424     1.00008503        1
  1876.50180593     1.00036258        1
  1876.52223742     0.99959567        1
  1876.54266901     1.00060036        1
  1876.58353220     1.00040469        1
  1876.60396379     1.00008875        1
  1876.62439548     0.99947886        1
  1876.64482697     0.99949865        1
  1876.66525856     0.99978484        1
  1876.82871130     0.99968185        1
  1876.84914299     0.99970091        1
  1876.86957448     0.99987527        1
  1876.89000607     0.99989652        1
  1876.91043776     0.99993033        1
  1876.93086936     0.99998600        1
  1877.07389060     1.00025110        1
  1877.09432209     1.00004902        1
  1877.11475368     1.00008674        1
  1877.13518537     1.00037888        1
  1877.15561687     1.00032114        1
  1877.17604846     1.00022059        1
  1877.19648015     1.00060471        1
  1877.21691164     1.00058315        1
  1877.23734334     1.00039447        1
  1877.25777493     1.00050968        1
  1877.27820642     1.00080862        1
  1877.31906970     1.00077392        1
  1877.33950130     1.00022357        1
  1877.35993289     1.00000453        1
  1877.38036448     1.00023318        1
  1877.40079607     1.00063865        1
  1877.42122767     1.00064449        1
  1877.44165926     1.00117205        1
  1877.46209085     1.00068376        1
  1877.48252244     1.00009754        1
  1877.50295403     1.00009105        1
  1877.52338563     0.99957175        1
  1877.56424881     0.99969347        1
  1877.58468050     0.99946914        1
  1877.60511200     0.99978235        1
  1877.62554359     0.99967507        1
  1877.64597528     0.99945714        1
  1877.66640678     1.00002432        1
  1877.68683847     0.99949869        1
  1877.70727006     0.99922048        1
  1877.72770155     0.99925726        1
  1877.74813325     0.99918863        1
  1877.76856484     0.99949095        1
  1877.80942802     0.99968799        1
  1877.82985962     0.99949410        1
  1877.85029111     0.99998908        1
  1877.87072280     1.00017325        1
  1877.89115440     0.99997805        1
  1877.91158599     0.99995378        1
  1877.93201758     1.00024503        1
  1877.95244917     1.00016358        1
  1877.97288087     1.00028921        1
  1877.99331246     0.99994500        1
  1878.01374395     0.99998478        1
  1878.05460724     0.99985123        1
  1878.07503873     0.99970650        1
  1878.09547043     0.99995845        1
  1878.11590202     0.99956945        1
  1878.13633351     0.99956151        1
  1878.15676521     0.99983948        1
  1878.17719670     0.99967689        1
  1878.19762839     1.00013024        1
  1878.21805999     0.99992592        1
  1878.23849148     0.99935632        1
  1878.25892317     0.99957149        1
  1878.29978626     0.99993601        1
  1878.32021795     1.00011572        1
  1878.34064955     0.99958915        1
  1878.36108104     0.99951532        1
  1878.38151273     0.99971093        1
  1878.40194433     1.00000312        1
  1878.42237602     0.99965662        1
  1878.44280752     0.99974065        1
  1878.46323911     0.99989117        1
  1878.48367080     0.99959436        1
  1878.54496559     0.99956292        1
  1878.56539718     0.99953647        1
  1878.58582867     0.99988838        1
  1878.60626037     1.00027055        1
  1878.62669196     0.99991479        1
  1878.64712356     0.99994445        1
  1878.66755515     1.00022137        1
  1878.68798674     1.00013113        1
  1878.70841844     1.00002075        1
  1878.72884993     0.99977570        1
  1878.74928153     0.99988996        1
  1878.79014472     1.00006460        1
  1878.81057631     1.00004328        1
  1878.83100790     0.99997974        1
  1878.85143950     1.00010496        1
  1878.87187119     1.00032137        1
  1878.89230269     1.00009390        1
  1878.91273428     1.00039522        1
  1878.93316598     1.00078906        1
  1878.95359747     1.00052140        1
  1878.97402907     1.00057479        1
  1878.99446076     1.00030894        1
  1879.07618714     1.00035944        1
  1879.09661874     0.99986658        1
  1879.11705033     1.00023581        1
  1879.13748193     1.00028569        1
  1879.15791352     1.00005681        1
  1879.17834512     1.00016088        1
  1879.19877671     1.00034022        1
  1879.21920841     1.00033058        1
  1879.23963990     1.00017917        1
  1879.30093469     1.00036089        1
  1879.32136638     1.00019994        1
  1879.34179798     1.00069628        1
  1879.36222948     1.00046581        1
  1879.38266117     1.00033909        1
  1879.40309277     1.00031629        1
  1879.42352426     1.00020592        1
  1879.44395596     1.00042406        1
  1879.46438755     1.00028532        1
  1879.48481905     1.00029085        1
  1879.52568224     0.99979911        1
  1879.54611394     0.99969120        1
  1879.56654553     0.99981669        1
  1879.58697713     0.99958666        1
  1879.60740873     0.99972553        1
  1879.62784032     0.99985119        1
  1879.64827192     0.99956056        1
  1879.66870351     1.00008056        1
  1879.68913511     0.99968287        1
  1879.70956671     0.99970985        1
  1879.72999830     1.00023166        1
  1879.77086160     0.99989349        1
  1879.79129319     0.99960882        1
  1879.81172469     0.99986996        1
  1879.83215639     0.99963624        1
  1879.85258798     1.00004778        1
  1879.87301948     0.99996142        1
  1879.89345118     1.00009871        1
  1879.91388277     1.00004804        1
  1879.93431427     0.99971255        1
  1879.95474597     1.00026429        1
  1879.97517756     0.99983916        1
  1880.01604076     0.99972234        2
  1880.03647236     0.99945847        2
  1880.05690405     0.99961438        2
  1880.07733555     0.99954049        2
  1880.09776715     0.99953807        2
  1880.11819874     1.00000000        2
  1880.13863034     1.00038860        2
  1880.15906194     1.00002660        2
  1880.17949364     1.00008443        2
  1880.19992513     1.00055419        2
  1880.22035683     0.99973639        2
  1880.26121993     0.99980694        2
  1880.28165163     1.00027809        2
  1880.30208322     1.00026577        2
  1880.32251472     1.00033542        2
  1880.34294642     1.00010046        2
  1880.36337802     1.00038827        2
  1880.38380952     0.99995873        2
  1880.40424121     0.99970329        2
  1880.42467281     0.99976661        2
  1880.44510451     0.99981393        2
  1880.50639931     0.99996884        2
  1880.52683080     1.00024490        2
  1880.54726240     1.00018801        2
  1880.56769410     1.00015269        2
  1880.58812560     1.00032956        2
  1880.60855720     1.00019625        2
  1880.62898890     0.99985126        2
  1880.64942040     0.99972101        2
  1880.66985210     1.00017185        2
  1880.75157849     1.00020531        2
  1880.77201009     1.00034227        2
  1880.79244169     1.00008886        2
  1880.81287329     0.99991383        2
  1880.83330489     1.00033081        2
  1880.85373649     0.99971367        2
  1880.87416809     0.99999006        2
  1880.89459969     1.00017544        2
  1880.91503129     1.00019959        2
  1880.93546289     1.00009012        2
  1880.95589459     1.00025891        2
  1880.99675769     1.00004586        2
  1881.01718939     0.99995990        2
  1881.03762089     1.00010844        2
  1881.05805249     0.99937052        2
  1881.07848419     1.00021870        2
  1881.09891569     1.00019956        2
  1881.11934739     1.00001746        2
  1881.13977899     0.99995655        2
  1881.16021049     1.00059298        2
  1881.18064219     1.00001314        2
  1881.20107379     0.99975877        2
  1881.24193699     0.99960936        2
  1881.26236859     0.99979898        2
  1881.28280019     1.00006261        2
  1881.30323179     1.00005232        2
  1881.32366340     1.00007614        2
  1881.34409510     1.00045514        2
  1881.36452660     0.99979079        2
  1881.38495820     0.99944079        2
  1881.40538990     0.99972745        2
  1881.42582150     0.99962511        2
  1881.44625300     0.99976923        2
  1881.48711621     0.99933108        2
  1881.50754791     0.99977872        2
  1881.52797951     0.99973000        2
  1881.54841111     0.99981034        2
  1881.56884271     0.99978532        2
  1881.58927431     0.99968114        2
  1881.60970582     0.99991003        2
  1881.63013752     0.99985139        2
  1881.65056912     1.00030412        2
  1881.67100062     0.99973066        2
  1881.69143232     0.99963759        2
  1881.73229563     0.99976418        2
  1881.75272713     1.00013521        2
  1881.77315873     1.00023022        2
  1881.79359044     1.00006927        2
  1881.81402194     1.00031522        2
  1881.83445354     1.00043734        2
  1881.85488525     0.99996495        2
  1881.87531675     1.00020317        2
  1881.89574835     0.99984896        2
  1881.91618005     0.99987097        2
  1881.93661166     0.99971732        2
  1881.97747486     1.00015288        2
  1881.99790647     1.00021694        2
  1882.01833807     1.00007650        2
  1882.03876967     1.00013183        2
  1882.05920128     1.00012474        2
  1882.07963298     0.99931051        2
  1882.10006448     0.99979031        2
  1882.12049609     1.00054083        2
  1882.14092779     0.99964945        2
  1882.16135930     0.99973447        2
  1882.22265411     1.00011665        2
  1882.24308581     1.00027563        2
  1882.26351732     1.00023291        2
  1882.28394892     1.00040902        2
  1882.30438063     1.00007921        2
  1882.32481213     1.00024196        2
  1882.34524384     0.99989542        2
  1882.36567544     1.00013528        2
  1882.38610694     1.00019200        2
  1882.46783346     0.99974930        2
  1882.48826507     0.99977214        2
  1882.50869668     0.99945765        2
  1882.52912828     0.99982251        2
  1882.54955989     0.99942115        2
  1882.56999159     0.99920253        2
  1882.77430765     0.99986406        2
  1882.79473936     0.99979448        2
  1882.81517086     0.99982206        2
  1882.83560247     0.99981014        2
  1882.85603418     1.00020950        2
  1882.87646568     1.00153164        2
  1882.89689719     0.99974980        2
  1882.91732890     1.00003852        2
  1883.01948703     1.00067068        2
  1883.03991854     1.00043540        2
  1883.06035015     1.00005481        2
  1883.08078186     1.00031138        2
  1883.10121346     0.99995974        2
  1883.12164497     0.99998877        2
  1883.14207668     0.99997255        2
  1883.16250829     1.00008214        2
  1883.20337150     1.00027615        2
  1883.22380311     0.99974828        2
  1883.24423482     1.00028116        2
  1883.26466633     0.99994574        2
  1883.28509794     1.00018639        2
  1883.30552965     0.99985461        2
  1883.32596116     0.99987018        2
  1883.34639276     0.99969890        2
  1883.36682447     0.99970360        2
  1883.38725598     1.00014863        2
  1883.40768769     1.00033977        2
  1883.44855081     0.99955083        2
  1883.46898252     0.99955359        2
  1883.48941413     0.99950053        2
  1883.50984564     0.99989556        2
  1883.53027735     0.99917662        2
  1883.55070886     0.99964633        2
  1883.57114057     0.99976317        2
  1883.59157218     1.00014680        2
  1883.61200369     0.99988115        2
  1883.63243540     1.00001897        2
  1883.65286701     0.99984783        2
  1883.69373023     0.99982611        2
  1883.71416184     0.99994255        2
  1883.73459345     0.99981452        2
  1883.75502506     1.00023102        2
  1883.77545667     1.00006015        2
  1883.79588838     0.99996472        2
  1883.81631999     0.99998011        2
  1883.83675150     0.99990913        2
  1883.85718321     0.99998189        2
  1883.87761483     1.00004233        2
  1883.89804634     1.00033594        2
  1883.97977288     1.00022901        2
  1884.00020449     0.99997266        2
  1884.02063621     1.00034819        2
  1884.04106772     1.00017154        2
  1884.06149933     1.00029972        2
  1884.08193104     0.99992033        2
  1884.10236256     0.99991314        2
  1884.12279417     1.00021289        2
  1884.14322588     1.00020786        2
  1884.20452062     1.00004652        2
  1884.22495223     1.00006366        2
  1884.24538394     1.00000932        2
  1884.26581546     1.00030631        2
  1884.28624707     1.00070950        2
  1884.30667878     1.00052862        2
  1884.32711040     1.00060990        2
  1884.34754191     1.00034700        2
  1884.36797362     1.00013639        2
  1884.38840524     1.00016869        2
  1884.42926847     1.00062997        2
  1884.44970008     1.00076295        2
  1884.47013179     1.00035416        2
  1884.49056331     1.00051956        2
  1884.51099492     1.00042842        2
  1884.53142664     0.99974957        2
  1884.55185815     0.99998328        2
  1884.57228977     1.00019947        2
  1884.59272148     1.00028066        2
  1884.61315299     1.00007147        2
  1884.63358471     0.99972333        2
  1884.67444784     1.00009450        2
  1884.69487956     0.99958936        2
  1884.71531117     0.99991072        2
  1884.73574279     0.99962127        2
  1884.75617440     1.00009894        2
  1884.77660602     1.00011685        2
  1884.79703763     0.99994177        2
  1884.81746925     0.99993955        2
  1884.83790086     1.00024972        2
  1884.85833248     0.99969004        2
  1884.91962733     1.00008997        2
  1884.94005895     0.99997304        2
  1884.96049056     0.99967441        2
  1884.98092228     1.00025663        2
  1885.00135380     1.00001506        2
  1885.02178551     0.99982609        2
  1885.04221713     1.00021822        2
  1885.06264865     1.00018039        2
  1885.08308036     0.99984098        2
  1885.10351198     0.99994309        2
  1885.12394350     0.99986073        2
  1885.16480684     0.99869360        2
  1885.18523835     1.00018485        2
  1885.20567007     0.99982654        2
  1885.22610169     0.99922661        2
  1885.24653341     0.99916002        2
  1885.26696493     0.99941273        2
  1885.28739654     0.99949850        2
  1885.30782826     0.99960720        2
  1885.32825978     0.99982147        2
  1885.34869140     0.99977983        2
  1885.36912312     0.99981813        2
  1885.40998626     1.00008916        2
  1885.43041798     0.99973922        2
  1885.45084959     0.99936872        2
  1885.47128121     0.99990813        2
  1885.49171283     1.00047343        2
  1885.51214445     0.99989869        2
  1885.53257607     0.99999371        2
  1885.55300769     1.00027836        2
  1885.57343921     1.00007692        2
  1885.59387093     1.00044714        2
  1885.61430255     0.99984902        2
  1885.65516579     0.99981203        2
  1885.67559741     1.00022194        2
  1885.69602914     1.00002454        2
  1885.71646066     0.99966560        2
  1885.73689228     0.99963902        2
  1885.75732400     0.99993805        2
  1885.77775552     1.00017062        2
  1885.79818714     1.00021315        2
  1885.81861886     1.00015858        2
  1885.83905038     1.00059406        2
  1885.85948210     1.00054649        2
  1885.90034525     1.00008803        2
  1885.92077697     0.99932150        2
  1885.94120859     0.99940539        2
  1885.96164021     0.99959289        2
  1885.98207184     0.99921689        2
  1886.00250346     0.99976803        2
  1886.02293508     0.99958205        2
  1886.04336670     0.99946028        2
  1886.06379833     0.99967759        2
  1886.08423005     0.99961420        2
  1886.10466167     0.99969038        2
  1886.18638807     1.00043295        2
  1886.20681979     1.00063620        2
  1886.22725131     1.00026439        2
  1886.24768304     0.99967627        2
  1886.26811466     0.99984353        2
  1886.28854619     0.99990674        2
  1886.30897791     0.99943888        2
  1886.32940953     1.00007026        2
  1886.34984106     0.99981661        2
  1886.39070441     0.99969633        2
  1886.41113593     1.00027676        2
  1886.43156766     0.99987836        2
  1886.45199928     1.00010120        2
  1886.47243101     1.00028699        2
  1886.49286253     1.00010630        2
  1886.51329416     1.00014009        2
  1886.53372589     1.00043786        2
  1886.63588402     0.99977637        2
  1886.65631564     0.99993148        2
  1886.67674727     0.99956884        2
  1886.69717889     0.99988249        2
  1886.71761052     1.00004941        2
  1886.73804215     1.00003282        2
  1886.75847388     0.99988320        2
  1886.88106354     1.00008510        2
  1886.90149517     0.99998989        2
  1886.92192690     1.00044565        2
  1886.94235842     1.00062579        2
  1886.96279005     1.00065804        2
  1886.98322178     1.00041416        2
  1887.00365331     1.00027444        2
  1887.12624318     1.00230867        2
  1887.14667481     1.00572183        2
  1887.16710644     1.00000137        2
  1887.18753807     1.00026019        2
  1887.20796970     1.00042963        2
  1887.22840133     1.00001969        2
  1887.24883306     0.99987222        2
  1887.26926459     1.00021372        2
  1887.28969622     1.00000761        2
  1887.31012795     1.00010274        2
  1887.33055958     1.00012423        2
  1887.37142285     1.00026524        2
  1887.39185448     1.00010128        2
  1887.41228601     1.00021996        2
  1887.43271774     1.00001765        2
  1887.45314937     1.00019861        2
  1887.47358100     1.00011124        2
  1887.49401263     1.00014362        2
  1887.51444427     0.99969971        2
  1887.53487600     0.99969570        2
  1887.55530753     0.99931688        2
  1887.57573916     0.99983882        2
  1887.61660243     0.99980332        2
  1887.63703416     0.99977567        2
  1887.65746569     0.99930311        2
  1887.67789733     1.00002657        2
  1887.69832906     0.99953486        2
  1887.71876059     0.99993227        2
  1887.73919223     0.99980863        2
  1887.75962396     0.99983005        2
  1887.78005549     1.00005476        2
  1887.86178213     0.99991167        2
  1887.88221376     0.99990715        2
  1887.90264540     1.00050687        2
  1887.92307703     0.99957728        2
  1887.94350867     0.99998674        2
  1887.96394030     1.00025293        2
  1887.98437204     1.00002913        2
  1891.04911972     1.00041062        3
  1891.06955138     1.00056269        3
  1891.08998314     0.99995425        3
  1891.11041470     1.00039417        3
  1891.13084636     0.99976016        3
  1891.15127812     0.99953770        3
  1891.17170968     0.99973367        3
  1891.19214144     0.99971558        3
  1891.21257310     0.99987377        3
  1891.23300466     0.99968989        3
  1891.29429964     1.00035517        3
  1891.31473140     0.99984413        3
  1891.33516306     0.99957095        3
  1891.35559483     0.99954044        3
  1891.37602639     0.99944180        3
  1891.39645805     1.00002541        3
  1891.41688981     0.99997157        3
  1891.43732137     0.99948986        3
  1891.45775303     1.00000819        3
  1891.47818480     1.00038054        3
  1891.49861646     1.00005322        3
  1891.53947979     0.99976606        3
  1891.55991135     0.99980478        3
  1891.58034311     0.99986850        3
  1891.60077478     0.99974588        3
  1891.62120634     1.00027716        3
  1891.64163810     1.00011291        3
  1891.66206977     1.00038350        3
  1891.68250133     1.00005382        3
  1891.70293310     0.99995957        3
  1891.72336476     1.00025101        3
  1891.74379653     1.00072197        3
  1891.78465976     1.00014630        3
  1891.80509152     1.00053120        3
  1891.82552309     1.00034336        3
  1891.84595475     1.00021353        3
  1891.86638652     1.00025224        3
  1891.88681808     0.99956937        3
  1891.90724975     0.99992381        3
  1891.92768152     0.99988920        3
  1891.94811308     0.99980628        3
  1891.96854485     1.00024227        3
  1891.98897652     1.00024756        3
  1892.02983985     0.99993531        3
  1892.05027152     1.00002462        3
  1892.07070319     0.99977896        3
  1892.09113485     0.99963147        3
  1892.11156652     0.99980485        3
  1892.13199829     0.99952443        3
  1892.15242996     1.00009082        3
  1892.17286153     0.99975155        3
  1892.19329330     1.00024662        3
  1892.21372487     1.00009085        3
  1892.23415653     1.00017728        3
  1892.27501987     1.00040484        3
  1892.29545164     1.00017160        3
  1892.31588331     1.00053049        3
  1892.33631488     1.00034189        3
  1892.35674665     1.00069467        3
  1892.37717832     1.00026032        3
  1892.39760989     1.00011182        3
  1892.41804167     1.00030962        3
  1892.43847334     0.99980988        3
  1892.45890491     1.00027024        3
  1892.52020012     0.99985454        3
  1892.54063169     1.00027309        3
  1892.56106337     1.00030554        3
  1892.58149514     0.99990600        3
  1892.60192671     0.99989120        3
  1892.62235838     0.99997167        3
  1892.64279016     1.00014362        3
  1892.66322183     0.99978249        3
  1892.82667522     1.00003163        3
  1892.84710690     0.99997507        3
  1892.86753867     0.99969491        3
  1892.88797025     0.99935541        3
  1892.90840202     0.99983000        3
  1892.92883360     0.99972837        3
  1892.94926528     1.00009913        3
  1892.96969705     1.00009882        3
  1893.01056030     0.99949102        3
  1893.03099208     0.99988878        3
  1893.05142366     0.99982845        3
  1893.07185543     0.99970871        3
  1893.09228711     0.99952202        3
  1893.11271869     0.99929073        3
  1893.13315047     1.00007872        3
  1893.15358214     0.99978316        3
  1893.17401372     0.99936355        3
  1893.19444550     0.99935451        3
  1893.21487718     0.99941286        3
  1893.33746725     0.99978609        3
  1893.35789903     0.99979707        3
  1893.37833071     1.00006543        3
  1893.39876229     0.99993497        3
  1893.41919407     0.99969596        3
  1893.43962575     0.99970041        3
  1893.46005753     1.00000247        3
  1893.50092080     1.00020851        3
  1893.52135258     0.99949212        3
  1893.54178416     1.00019704        3
  1893.56221574     0.99983909        3
  1893.58264752     0.99999676        3
  1893.60307921     0.99979280        3
  1893.62351099     1.00006242        3
  1893.64394257     0.99979602        3
  1893.66437425     0.99965100        3
  1893.68480604     0.99978503        3
  1893.70523762     0.99993981        3
  1893.74610109     0.99951310        3
  1893.76653267     0.99970987        3
  1893.78696435     0.99991572        3
  1893.80739614     0.99989706        3
  1893.82782772     1.00009197        3
  1893.84825951     1.00006074        3
  1893.86869119     0.99991194        3
  1893.88912288     1.00007196        3
  1893.90955456     0.99998082        3
  1893.92998625     1.00014060        3
  1894.03214478     1.00032122        3
  1894.05257636     1.00029614        3
  1894.07300815     1.00063593        3
  1894.09343984     1.00027381        3
  1894.11387143     1.00007318        3
  1894.13430321     1.00024568        3
  1894.15473490     1.00004374        3
  1894.17516659     0.99975741        3
  1894.19559828     0.99991666        3
  1894.23646165     0.99982006        3
  1894.25689334     1.00002489        3
  1894.27732493     1.00056794        3
  1894.29775672     1.00046139        3
  1894.31818841     1.00020622        3
  1894.33862000     1.00022665        3
  1894.35905179     1.00025349        3
  1894.37948348     1.00050666        3
  1894.39991527     1.00032796        3
  1894.42034686     1.00025633        3
  1894.44077855     0.99999548        3
  1894.48164193     1.00001057        3
  1894.50207362     1.00053966        3
  1894.52250541     1.00040436        3
  1894.54293711     1.00082072        3
  1894.56336880     1.00043376        3
  1894.58380049     1.00031426        3
  1894.60423218     1.00046937        3
  1894.62466387     1.00011954        3
  1894.72682234     0.99991294        3
  1894.74725413     0.99975197        3
  1894.76768573     0.99992073        3
  1894.78811752     1.00009425        3
  1894.80854922     1.00013068        3
  1894.82898081     1.00051938        3
  1894.84941261     1.00030699        3
  1894.97200278     0.99957292        3
  1894.99243437     1.00015579        3
  1895.01286617     1.00050135        3
  1895.03329787     1.00021629        3
  1895.05372956     0.99999358        3
  1895.07416126     0.99999452        3
  1895.09459296     1.00043945        3
  1895.11502476     0.99952020        3
  1895.13545635     0.99930085        3
  1895.15588805     1.00022750        3
  1895.17631985     0.99992951        3
  1895.21718315     0.99921125        3
  1895.23761495     0.99982459        3
  1895.25804665     0.99969679        3
  1895.27847825     1.00039916        3
  1895.29891005     0.99996726        3
  1895.31934174     0.99985170        3
  1895.33977354     0.99997764        3
  1895.36020514     1.00018722        3
  1895.38063685     1.00012054        3
  1895.40106865     0.99965803        3
  1895.42150025     0.99982080        3
  1895.46236375     0.99958491        3
  1895.48279535     0.99996190        3
  1895.50322715     0.99930492        3
  1895.52365875     0.99996938        3
  1895.54409046     1.00004037        3
  1895.56452226     1.00012388        3
  1895.58495386     0.99959506        3
  1895.60538556     0.99997826        3
  1895.62581737     1.00006877        3
  1895.64624897     1.00007542        3
  1895.66668077     1.00054379        3
  1895.70754418     1.00016738        3
  1895.72797589     0.99953120        3
  1895.74840759     0.99967477        3
  1895.76883930     0.99940272        3
  1895.78927100     0.99967247        3
  1895.80970271     0.99956698        3
  1895.83013441     0.99996531        3
  1895.85056622     0.99944985        3
  1895.87099782     0.99941504        3
  1895.89142963     0.99991631        3
  1895.91186133     1.00017690        3
  1895.97315645     1.00029638        3
  1895.99358806     0.99961131        3
  1896.01401987     1.00014518        3
  1896.03445158     0.99973601        3
  1896.05488338     0.99979197        3
  1896.07531499     0.99965917        3
  1896.09574670     0.99975529        3
  1896.11617841     1.00654202        3
  1896.13661012     0.99965947        3
  1896.15704183     0.99987068        3
  1896.19790524     0.99989406        3
  1896.21833705     0.99975980        3
  1896.23876866     1.00025068        3
  1896.25920037     0.99977872        3
  1896.27963218     1.00023562        3
  1896.30006379     0.99976649        3
  1896.32049551     0.99960139        3
  1896.34092732     0.99979540        3
  1896.36135893     0.99982677        3
  1896.38179064     0.99926403        3
  1896.48394930     0.99962570        3
  1896.50438101     1.00018379        3
  1896.52481273     1.00021593        3
  1896.54524444     1.00030726        3
  1896.56567625     1.00042782        3
  1896.58610787     1.00054850        3
  1896.60653968     1.00058930        3
  1896.62697139     1.00004916        3
  1896.64740301     1.00061979        3
  1896.68826654     1.00006079        3
  1896.70869815     1.00018878        3
  1896.72912997     0.99998207        3
  1896.74956168     1.00000480        3
  1896.76999340     1.00010036        3
  1896.79042512     1.00019727        3
  1896.81085683     1.00031013        3
  1896.83128855     1.00024794        3
  1896.85172026     1.00016713        3
  1896.87215198     0.99981540        3
  1896.89258370     0.99981535        3
  1896.93344713     1.00004860        3
  1896.95387885     1.00049193        3
  1896.97431057     1.00001875        3
  1896.99474239     1.00005767        3
  1897.01517401     0.99950760        3
  1897.03560573     0.99978565        3
  1897.05603755     1.00007240        3
  1897.07646926     0.99981951        3
  1897.09690088     0.99971711        3
  1897.11733270     0.99975290        3
  1897.13776442     1.00006407        3
  1897.17862786     1.00021112        3
  1897.19905959     1.00002515        3
  1897.21949141     1.00023623        3
  1897.23992303     1.00024052        3
  1897.26035475     0.99958822        3
  1897.28078657     0.99994361        3
  1897.30121819     1.00003253        3
  1897.32165001     1.00040487        3
  1897.34208174     1.00049763        3
  1897.36251336     1.00006239        3
  1897.38294518     1.00022515        3
  1897.42380853     0.99996641        3
  1897.44424035     1.00007421        3
  1897.46467208     1.00015826        3
  1897.48510390     1.00005495        3
  1897.50553553     0.99978272        3
  1897.52596715     0.99961208        3
  1897.54639897     1.00025524        3
  1897.56683070     0.99979756        3
  1897.58726242     1.00003771        3
  1897.60769415     1.00000000        3
  1897.62812588     1.00006330        3
  1897.75071624     0.99997917        3
  1897.77114806     0.99986136        3
  1897.79157979     1.00011317        3
  1897.81201142     0.99982264        3
  1897.83244325     0.99981723        3
  1897.85287498     0.99999733        3
  1897.87330680     1.00023295        3
  1897.91417016     1.00013072        3
  1897.93460199     0.99967245        3
  1897.95503362     1.00010580        3
  1897.97546535     1.00015509        3
  1897.99589718     0.99990663        3
  1898.01632881     0.99963297        4
  1898.03676064     0.99991671        4
  1898.05719237     1.00003874        4
  1898.07762400     0.99997410        4
  1898.09805584     1.00012072        4
  1898.11848757     1.00002892        4
  1898.15935103     0.99939230        4
  1898.17978266     0.99961154        4
  1898.20021450     0.99977351        4
  1898.22064623     0.99981995        4
  1898.24107786     1.00083914        4
  1898.26150970     1.00046801        4
  1898.28194143     1.00032455        4
  1898.30237316     1.00029394        4
  1898.32280490     1.00012946        4
  1898.40453184     1.00038700        4
  1898.42496367     1.00055413        4
  1898.44539541     0.99984526        4
  1898.46582704     1.00010000        4
  1898.48625888     1.00057777        4
  1898.50669062     0.99983099        4
  1898.52712225     0.99984532        4
  1898.54755409     1.00014807        4
  1898.56798583     1.00024253        4
  1898.58841766     1.00027440        4
  1898.60884930     0.99987566        4
  1898.64971288     1.00001491        4
  1898.67014452     0.99986727        4
  1898.69057625     0.99965443        4
  1898.71100809     0.99973080        4
  1898.73143973     0.99983900        4
  1898.75187157     0.99988361        4
  1898.77230331     1.00001152        4
  1898.79273495     0.99986123        4
  1898.81316679     0.99989401        4
  1898.83359843     0.99984140        4
  1898.85403017     1.00041135        4
  1898.89489365     1.00068220        4
  1898.91532540     1.00071884        4
  1898.93575724     1.00031241        4
  1898.95618898     0.99998777        4
  1898.97662072     1.00001331        4
  1898.99705246     0.99988533        4
  1899.01748421     0.99995733        4
  1899.03791595     0.99982687        4
  1899.05834769     0.99991394        4
  1899.07877944     0.99993838        4
  1899.09921128     1.00041693        4
  1899.14007477     0.99998767        4
  1899.16050651     0.99962437        4
  1899.18093816     1.00024802        4
  1899.20137000     1.00021657        4
  1899.22180175     1.00026599        4
  1899.24223339     0.99979316        4
  1899.26266524     1.00009813        4
  1899.28309699     0.99991748        4
  1899.30352883     0.99967713        4
  1899.32396048     0.99971587        4
  1899.34439223     0.99968087        4
  1899.38525572     1.00012003        4
  1899.40568747     0.99973618        4
  1899.42611931     1.00014627        4
  1899.44655096     0.99996454        4
  1899.46698281     0.99994365        4
  1899.48741446     0.99981388        4
  1899.50784621     0.99988844        4
  1899.52827806     0.99948620        4
  1899.54870971     1.00001112        4
  1899.56914146     0.99987265        4
  1899.58957331     1.00024707        4
  1899.63043671     1.00022658        4
  1899.65086856     0.99987286        4
  1899.67130031     0.99999595        4
  1899.69173206     1.00024305        4
  1899.71216381     0.99996495        4
  1899.73259556     0.99997299        4
  1899.75302742     0.99997337        4
  1899.77345907     1.00000339        4
  1899.79389082     1.00009890        4
  1899.81432267     1.00038027        4
  1899.83475433     1.00012481        4
  1899.89604959     0.99958581        4
  1899.91648144     0.99925930        4
  1899.93691320     1.00004067        4
  1899.95734485     0.99984944        4
  1899.97777671     1.00012661        4
  1899.99820846     1.00043396        4
  1900.01864032     1.00074404        4
  1900.03907197     1.00036932        4
  1900.05950373     1.00080238        4
  1900.07993548     0.99993843        4
  1900.12079900     1.00022341        4
  1900.14123075     0.99981740        4
  1900.16166251     1.00037836        4
  1900.18209437     1.00006353        4
  1900.20252603     0.99955118        4
  1900.22295779     0.99963928        4
  1900.24338964     0.99960062        4
  1900.26382130     0.99988700        4
  1900.28425306     0.99980181        4
  1900.30468492     1.00022008        4
  1900.32511668     1.00000543        4
  1900.36598020     1.00032021        4
  1900.38641196     1.00045958        4
  1900.40684382     1.00010452        4
  1900.42727548     1.00032165        4
  1900.44770724     0.99974643        4
  1900.46813910     0.99972208        4
  1900.48857077     0.99976413        4
  1900.50900253     0.99994875        4
  1900.52943439     0.99948138        4
  1900.54986605     0.99969523        4
  1900.57029791     1.00028103        4
  1900.61116134     1.00018928        4
  1900.63159320     1.00057900        4
  1900.65202497     1.00007396        4
  1900.67245663     1.00025758        4
  1900.69288850     1.00000715        4
  1900.71332026     1.00034070        4
  1900.85634262     1.00058338        4
  1900.87677439     1.00021845        4
  1900.89720626     1.00012859        4
  1900.91763802     1.00029613        4
  1900.93806969     0.99973372        4
  1900.95850156     1.00022380        4
  1900.97893333     0.99992380        4
  1900.99936499     0.99986595        4
  1901.01979686     0.99973696        4
  1901.04022863     1.00000676        4
  1901.06066030     1.00006611        4
  1901.10152394     1.00034572        4
  1901.12195581     1.00049403        4
  1901.14238748     0.99947926        4
  1901.16281925     0.99970596        4
  1901.18325112     0.99998749        4
  1901.20368279     1.00009248        4
  1901.22411457     1.00020716        4
  1901.24454644     1.00012291        4
  1901.26497811     0.99982171        4
  1901.28540998     0.99980252        4
  1901.30584175     0.99988643        4
  1901.36713707     0.99992091        4
  1901.38756885     1.00000000        4
  1901.40800062     0.99993763        4
  1901.42843240     1.00013045        4
  1901.44886417     1.00018230        4
  1901.46929594     1.00000192        4
  1901.48972772     1.00029918        4
  1901.51015950     0.99977168        4
  1901.53059127     1.00003324        4
  1901.55102305     0.99970293        4
  1901.59188660     1.00217042        4
  1901.61231848     0.99995629        4
  1901.63275025     1.00018654        4
  1901.65318193     1.00009961        4
  1901.67361381     0.99969724        4
  1901.69404559     0.99985714        4
  1901.71447726     0.99980670        4
  1901.73490914     0.99976553        4
  1901.75534092     0.99985420        4
  1901.77577260     1.00012670        4
  1901.79620448     0.99959299        4
  1901.83706814     1.00000829        4
  1901.85749982     1.00058841        4
  1901.87793160     1.00023156        4
  1901.89836348     0.99983843        4
  1901.91879516     1.00032009        4
  1901.93922694     0.99960500        4
  1901.95965882     1.00016071        4
  1901.98009051     0.99983053        4
  1902.00052239     1.00010774        4
  1902.02095417     1.00012901        4
  1902.08224952     0.99990274        4
  1902.10268120     0.99965982        4
  1902.12311309     0.99998841        4
  1902.14354487     1.00000452        4
  1902.16397666     0.99982004        4
  1902.18440844     1.00038203        4
  1902.20484023     0.99996792        4
  1902.22527201     1.00000061        4
  1902.24570380     1.00016233        4
  1902.26613558     0.99975232        4
  1902.28656747     0.99976700        4
  1902.32743094     0.99945568        4
  1902.34786283     1.00010275        4
  1902.36829452     1.00034274        4
  1902.38872640     1.00054428        4
  1902.40915819     1.00042471        4
  1902.42958988     1.00050441        4
  1902.45002177     0.99988813        4
  1902.57261250     0.99993967        4
  1902.59304430     0.99984970        4
  1902.61347619     0.99993444        4
  1902.63390788     1.00024168        4
  1902.65433967     0.99979030        4
  1902.67477156     1.00016889        4
  1902.69520325     1.00052923        4
  1902.71563514     1.00008890        4
  1902.73606694     0.99996926        4
  1902.75649863     0.99958171        4
  1902.77693052     1.00001132        4
  1902.81779411     0.99904787        4
  1902.83822590     1.00012607        4
  1902.85865770     1.00042764        4
  1902.87908939     1.00014918        4
  1902.89952129     0.99994365        4
  1902.91995308     1.00020623        4
  1902.94038498     1.00046012        4
  1902.96081667     0.99957234        4
  1902.98124847     0.99963398        4
  1903.00168037     1.00031406        4
  1903.02211206     1.00017959        4
  1903.20599825     0.99999789        4
  1903.22643015     0.99985751        4
  1903.24686195     1.00003112        4
  1903.26729385     0.99998284        4
  1903.30815735     0.99971812        4
  1903.32858925     0.99976774        4
  1903.34902095     0.99995691        4
  1903.36945275     0.99991550        4
  1903.38988465     1.00008243        4
  1903.41031645     0.99989522        4
  1903.43074826     0.99953679        4
  1903.45117996     1.00018702        4
  1903.47161176     1.00023429        4
  1903.49204367     0.99980117        4
  1903.51247547     0.99981256        4
  1903.55333908     1.00022208        4
  1903.57377088     0.99998972        4
  1903.59420259     0.99993657        4
  1903.61463449     1.00021732        4
  1903.63506630     0.99979493        4
  1903.65549821     1.00051662        4
  1903.67592991     1.00071531        4
  1903.69636172     1.00039999        4
  1903.71679362     1.00019165        4
  1903.73722533     1.00022245        4
  1903.75765714     0.99976057        4
  1903.79852075     1.00017651        4
  1903.81895266     0.99982176        4
  1903.83938447     0.99986082        4
  1903.85981618     0.99991464        4
  1903.88024809     1.00007606        4
  1903.90067990     0.99989167        4
  1903.92111161     1.00037641        4
  1903.94154352     1.00064178        4
  1903.96197533     1.00018704        4
  1903.98240724     1.00051132        4
  1904.00283895     1.00037834        4
  1904.04370257     1.00009815        4
  1904.06413449     0.99981769        4
  1904.08456620     0.99997125        4
  1904.10499801     1.00043480        4
  1904.12542982     0.99990970        4
  1904.14586164     0.99986654        4
  1904.16629355     0.99955815        4
  1904.18672526     0.99951498        4
  1904.20715718     0.99964104        4
  1904.22758899     0.99963017        4
  1904.24802071     0.99974157        4
  1904.30931615     0.99992656        4
  1904.32974807     0.99959691        4
  1904.35017988     1.00012326        4
  1904.37061180     0.99953675        4
  1904.39104352     1.00014895        4
  1904.41147533     1.00004354        4
  1904.43190725     1.00020523        4
  1904.45233897     1.00054797        4
  1904.47277079     0.99994766        4
  1904.49320271     0.99980093        4
  1904.61579362     1.00052191        4
  1904.63622544     0.99984891        4
  1904.65665726     0.99993013        4
  1904.67708908     0.99989680        4
  1904.69752091     1.00012601        4
  1904.71795273     1.00000436        4
  1904.73838455     1.00034226        4
  1904.77924819     1.00069584        4
  1904.79968002     1.00058335        4
  1904.82011194     1.00011387        4
  1904.84054366     0.99969559        4
  1904.86097549     1.00027841        4
  1904.88140741     0.99977997        4
  1905.04486202     0.99983124        4
  1905.06529384     0.99978517        4
  1905.08572577     1.00002608        4
  1905.10615750     1.00006945        4
  1905.12658933     0.99989884        4
  1905.14702126     1.00020922        4
  1905.16745298     1.00013761        4
  1905.18788481     0.99993798        4
