  1835.65917173     1.00007849        0
  1835.67960391     1.00008028        0
  1835.70003609     1.00002732        0
  1835.80219699     0.99893482        0
  1835.82262927     1.00001920        0
  1835.84306135     1.00012005        0
  1835.86349353     1.00001155        0
  1835.88392581     1.00006350        0
  1835.90435788     1.00007256        0
  1835.92479006     1.00001807        0
  1835.94522234     0.99995849        0
  1835.96565441     1.00008606        0
  1835.98608659     1.00000000        0
  1836.00651886     1.00000955        0
  1836.02695093     0.99994702        0
  1836.04738311     1.00004003        0
  1836.06781538     0.99995938        0
  1836.08824745     1.00000344        0
  1836.10867962     0.99997132        0
  1836.12911190     0.99991168        0
  1836.14954407     0.99990489        0
  1836.16997614     0.99992548        0
  1836.19040841     0.99993725        0
  1836.21084058     0.99992806        0
  1836.23127284     0.99996953        0
  1836.25170491     1.00004491        0
  1836.27213708     1.00002657        0
  1836.31300141     0.99996872        0
  1836.33343358     0.99992666        0
  1836.35386585     1.00002077        0
  1836.37429791     0.99999585        0
  1836.39473008     0.99993276        0
  1836.41516224     1.00000528        0
  1836.43559440     1.00002394        0
  1836.45602657     1.00002254        0
  1836.47645873     1.00003394        0
  1836.49689089     1.00001069        0
  1836.51732305     0.99996722        0
  1836.53775522     1.00004286        0
  1836.55818738     1.00003552        0
  1836.57861954     0.99999855        0
  1836.59905180     1.00005020        0
  1836.61948386     1.00006502        0
  1836.63991601     1.00008336        0
  1836.66034827     1.00003195        0
  1836.68078033     1.00000755        0
  1836.70121249     1.00018622        0
  1836.72164474     0.99999695        0
  1836.74207680     0.99995213        0
  1836.76250896     0.99990874        0
  1836.78294121     0.99996431        0
  1836.80337327     0.99992649        0
  1836.82380552     1.00003187        0
  1836.84423767     1.00008911        0
  1836.86466973     0.99999917        0
  1836.88510198     1.00015527        0
  1836.90553413     1.00004346        0
  1836.92596618     0.99998518        0
  1836.94639844     1.00010919        0
  1836.96683059     1.00010333        0
  1836.98726274     0.99995124        0
  1837.00769489     1.00003949        0
  1837.02812704     0.99926142        0
  1837.10985563     1.00004108        0
  1837.13028777     1.00004666        0
  1837.15071992     1.00001747        0
  1837.17115207     1.00009222        0
  1837.19158421     0.99999130        0
  1837.21201636     1.00009896        0
  1837.23244850     1.00006737        0
  1837.25288064     1.00013611        0
  1837.27331279     1.00010306        0
  1837.29374483     1.00004399        0
  1837.31417707     0.99997359        0
  1837.33460921     0.99991120        0
  1837.35504136     0.99991563        0
  1837.37547350     1.00011253        0
  1837.39590564     0.99991930        0
  1837.41633778     0.99998632        0
  1837.43677002     0.99995030        0
  1837.45720206     0.99995747        0
  1837.47763429     0.99991289        0
  1837.49806643     0.99994094        0
  1837.51849847     0.99992450        0
  1837.53893071     0.99993090        0
  1837.55936284     0.99994590        0
  1837.57979488     1.00007162        0
  1837.60022711     0.99998973        0
  1837.62065925     0.99997245        0
  1837.64109128     0.99995630        0
  1837.66152352     0.99994873        0
  1837.68195565     0.99992193        0
  1837.70238768     0.99996191        0
  1837.72281992     1.00008670        0
  1837.74325205     0.99994577        0
  1837.76368408     0.99996783        0
  1837.78411631     1.00001858        0
  1837.80454844     0.99997192        0
  1837.82498057     0.99997993        0
  1837.84541270     0.99991206        0
  1837.86584483     0.99998904        0
  1837.88627686     1.00003009        0
  1837.90670909     0.99997141        0
  1837.92714121     0.99990611        0
  1837.94757334     1.00004193        0
  1837.96800547     0.99999163        0
  1837.98843759     0.99993274        0
  1838.00886962     0.99995613        0
  1838.02930185     0.99994474        0
  1838.04973397     0.99991929        0
  1838.07016619     1.00006349        0
  1838.09059822     0.99996092        0
  1838.11103034     1.00000186        0
  1838.13146256     1.00000195        0
  1838.15189459     0.99994658        0
  1838.17232671     1.00005760        0
  1838.19275893     1.00008239        0
  1838.21319095     0.99999117        0
  1838.23362307     1.00010656        0
  1838.29491943     0.99995666        0
  1838.31535165     0.99996330        0
  1838.33578376     1.00000423        0
  1838.35621578     0.99998048        0
  1838.37664800     0.99991736        0
  1838.39708012     0.99994118        0
  1838.41751213     0.99997752        0
  1838.43794435     1.00001761        0
  1838.45837646     0.99995446        0
  1838.47880848     1.00008201        0
  1838.49924069     1.00002711        0
  1838.51967280     1.00008319        0
  1838.54010482     1.00016336        0
  1838.56053703     0.99999380        0
  1838.58096914     1.00001610        0
  1838.60140115     1.00018759        0
  1838.62183336     1.00014134        0
  1838.64226548     1.00013340        0
  1838.66269749     1.00015584        0
  1838.68312970     1.00004626        0
  1838.70356180     1.00018353        0
  1838.72399391     1.00008189        0
  1838.74442602     1.00007758        0
  1838.76485813     1.00011118        0
  1838.78529024     1.00026033        0
  1838.80572234     1.00015546        0
  1838.82615445     1.00021454        0
  1838.84658666     1.00029042        0
  1838.86701866     1.00015296        0
  1838.88745077     1.00001862        0
  1838.90788297     1.00018414        0
  1838.92831497     1.00019188        0
  1838.94874708     1.00014766        0
  1838.96917928     1.00023903        0
  1838.98961128     0.99902520        0
  1839.09177189     1.00005824        0
  1839.11220399     1.00002873        0
  1839.13263599     1.00010622        0
  1839.15306819     1.00011609        0
  1839.17350028     0.99999951        0
  1839.19393228     0.99994706        0
  1839.21436448     0.99993827        0
  1839.23479658     1.00002657        0
  1839.25522857     0.99999672        0
  1839.27566077     0.99998935        0
  1839.29609286     0.99994895        0
  1839.31652506     0.99998902        0
  1839.33695705     0.99995250        0
  1839.35738915     0.99995481        0
  1839.37782124     0.99994768        0
  1839.39825333     0.99999850        0
  1839.41868533     1.00007438        0
  1839.43911752     1.00002515        0
  1839.45954961     0.99987715        0
  1839.47998160     1.00000990        0
  1839.50041379     0.99998115        0
  1839.52084588     0.99988946        0
  1839.54127797     0.99994605        0
  1839.56171006     0.99983873        0
  1839.58214215     0.99984824        0
  1839.60257424     1.00001884        0
  1839.62300633     0.99997549        0
  1839.64343841     0.99990716        0
  1839.66387050     0.99997127        0
  1839.72516676     0.99889882        0
  1839.74559894     0.99988326        0
  1839.76603093     1.00001556        0
  1839.78646301     1.00004477        0
  1839.80689520     1.00001609        0
  1839.82732718     0.99992378        0
  1839.84775926     1.00006910        0
  1839.86819144     0.99996531        0
  1839.88862343     1.00000089        0
  1839.90905551     0.99995130        0
  1839.92948769     0.99993982        0
  1839.94991977     0.99985217        0
  1839.97035185     0.99978836        0
  1839.99078393     0.99988663        0
  1840.01121601     0.99998362        0
  1840.29726506     0.99988769        0
  1840.31769703     0.99996035        0
  1840.33812921     1.00006211        0
  1840.35856128     1.00006980        0
  1840.37899335     1.00001983        0
  1840.39942542     1.00008772        0
  1840.41985749     1.00029053        0
  1840.44028956     1.00010890        0
  1840.46072163     1.00016173        0
  1840.48115369     1.00006128        0
  1840.50158576     1.00019912        0
  1840.52201793     1.00019332        0
  1840.54244990     1.00013554        0
  1840.56288206     1.00020990        0
  1840.58331413     1.00011132        0
  1840.60374609     1.00009038        0
  1840.62417826     1.00009175        0
  1840.64461032     1.00009616        0
  1840.66504229     1.00010737        0
  1840.68547445     1.00008385        0
  1840.70590651     0.99932984        0
  1840.72633848     0.99990717        0
  1840.74677064     0.99995936        0
  1840.76720270     0.99998419        0
  1840.78763476     0.99993455        0
  1840.80806682     0.99998158        0
  1840.82849878     0.99997593        0
  1840.84893094     1.00007598        0
  1840.86936300     0.99992661        0
  1840.88979506     0.99991700        0
  1840.91022702     0.99990127        0
  1840.93065918     0.99994626        0
  1840.95109124     0.99996860        0
  1840.97152319     0.99995871        0
  1840.99195535     0.99994526        0
  1872.00741304     0.99999033        1
  1872.02784466     0.99986632        1
  1872.04827629     1.00024322        1
  1872.06870791     0.99989408        1
  1872.08913953     1.00010556        1
  1872.10957115     0.99995422        1
  1872.13000288     1.00004466        1
  1872.17086602     0.99994229        1
  1872.19129774     0.99993403        1
  1872.21172936     1.00001305        1
  1872.23216088     0.99995321        1
  1872.25259261     0.99996436        1
  1872.27302423     0.99994977        1
  1872.29345575     1.00027766        1
  1872.31388747     1.00019425        1
  1872.33431909     0.99997334        1
  1872.35475061     1.00002134        1
  1872.37518233     0.99995509        1
  1872.41604567     0.99991980        1
  1872.43647719     0.99997785        1
  1872.45690881     0.99989784        1
  1872.47734053     1.00003420        1
  1872.49777205     1.00003673        1
  1872.51820367     0.99995176        1
  1872.53863539     1.00001017        1
  1872.55906691     0.99997788        1
  1872.57949853     1.00004109        1
  1872.59993025     1.00010282        1
  1872.62036177     1.00002011        1
  1872.66122511     1.00013522        1
  1872.68165663     1.00006915        1
  1872.70208835     1.00005234        1
  1872.72251997     0.99995471        1
  1872.74295149     1.00025132        1
  1872.76338321     1.00023106        1
  1872.78381483     0.99999999        1
  1872.80424635     1.00013256        1
  1872.82467806     0.99989834        1
  1872.84510968     1.00001745        1
  1872.86554120     1.00001384        1
  1872.90640454     0.99982610        1
  1872.92683606     0.99998802        1
  1872.94726777     0.99986075        1
  1872.96769939     0.99989731        1
  1872.98813111     0.99981748        1
  1873.00856263     0.99974687        1
  1873.02899424     0.99966714        1
  1873.04942596     0.99937075        1
  1873.06985748     0.99937115        1
  1873.09028910     0.99943089        1
  1873.11072081     0.99925528        1
  1873.15158395     0.99979777        1
  1873.17201567     0.99978332        1
  1873.19244728     0.99969047        1
  1873.21287890     0.99969209        1
  1873.23331052     0.99978957        1
  1873.25374213     0.99969329        1
  1873.27417375     0.99968968        1
  1873.29460537     0.99969947        1
  1873.31503698     0.99966811        1
  1873.33546860     0.99976005        1
  1873.35590021     0.99963306        1
  1873.39676345     1.00035330        1
  1873.41719506     1.00004323        1
  1873.43762658     1.00043940        1
  1873.45805829     0.99982171        1
  1873.47848991     0.99988724        1
  1873.49892162     0.99994481        1
  1873.51935314     0.99992427        1
  1873.53978476     1.00002998        1
  1873.56021647     0.99993987        1
  1873.58064799     0.99986092        1
  1873.60107960     1.00005016        1
  1873.76453262     1.00012917        1
  1873.80539585     1.00001036        1
  1873.82582746     1.00011779        1
  1873.84625917     1.00011470        1
  1873.88712230     1.00028458        1
  1873.90755402     1.00010878        1
  1873.92798553     1.00012668        1
  1873.94841714     1.00015415        1
  1873.96884886     1.00019133        1
  1873.98928037     1.00029408        1
  1874.00971208     1.00034231        1
  1874.03014360     1.00001786        1
  1874.05057521     1.00029103        1
  1874.07100692     0.99999519        1
  1874.09143844     1.00009053        1
  1874.25489144     1.00011474        1
  1874.27532305     1.00011453        1
  1874.29575466     1.00017179        1
  1874.31618627     1.00013110        1
  1874.33661788     1.00022415        1
  1874.37748111     1.00010175        1
  1874.39791272     1.00007834        1
  1874.41834443     1.00024668        1
  1874.43877594     1.00022293        1
  1874.45920755     1.00019996        1
  1874.47963927     1.00011366        1
  1874.50007078     1.00011824        1
  1874.52050249     1.00005347        1
  1874.54093410     1.00007554        1
  1874.56136561     1.00018382        1
  1874.58179732     1.00008091        1
  1874.62266044     1.00000165        1
  1874.64309215     1.00003527        1
  1874.66352377     1.00005684        1
  1874.68395538     0.99986142        1
  1874.70438699     1.00006055        1
  1874.72481860     1.00002970        1
  1874.74525011     1.00032834        1
  1874.76568182     0.99986799        1
  1874.78611343     0.99982732        1
  1874.80654504     0.99974983        1
  1874.82697665     0.99944258        1
  1874.86783997     1.00003057        1
  1874.88827148     0.99989928        1
  1874.90870309     0.99988779        1
  1874.92913480     0.99995432        1
  1874.94956631     0.99983381        1
  1874.96999792     0.99996116        1
  1874.99042963     1.00003545        1
  1875.01086114     0.99999852        1
  1875.03129285     0.99995850        1
  1875.05172445     0.99968956        1
  1875.11301928     0.99987494        1
  1875.13345079     0.99981507        1
  1875.15388250     0.99972434        1
  1875.17431411     0.99992096        1
  1875.19474572     1.00000313        1
  1875.21517733     0.99996011        1
  1875.23560894     0.99983330        1
  1875.25604064     0.99965976        1
  1875.35819859     1.00049699        1
  1875.37863029     1.00059019        1
  1875.39906180     0.99981863        1
  1875.41949341     0.99983978        1
  1875.43992512     0.99979444        1
  1875.46035663     1.00016977        1
  1875.48078823     0.99999678        1
  1875.50121994     1.00003695        1
  1875.52165145     1.00029182        1
  1875.54208316     1.00011113        1
  1875.56251476     1.00015920        1
  1875.60337798     0.99991001        1
  1875.62380959     1.00009555        1
  1875.64424109     0.99996943        1
  1875.66467280     1.00005531        1
  1875.68510441     0.99987888        1
  1875.70553602     1.00034644        1
  1875.72596762     0.99980067        1
  1875.74639923     0.99998968        1
  1875.76683094     1.00006490        1
  1875.78726244     0.99997690        1
  1875.80769405     1.00006489        1
  1875.84855736     1.00001679        1
  1875.86898887     0.99976105        1
  1875.88942058     1.00010784        1
  1875.90985218     1.00025076        1
  1875.93028369     1.00016636        1
  1875.95071540     1.00007625        1
  1875.97114700     1.00012225        1
  1875.99157871     1.00000393        1
  1876.01201021     0.99967399        1
  1876.09373664     0.99992499        1
  1876.11416824     0.99974473        1
  1876.13459985     0.99996488        1
  1876.15503136     1.00011470        1
  1876.17546306     1.00002784        1
  1876.19589467     1.00005588        1
  1876.21632627     0.99983671        1
  1876.23675788     0.99988062        1
  1876.25718948     0.99991634        1
  1876.27762119     0.99979510        1
  1876.33891601     0.99990210        1
  1876.35934761     0.99983202        1
  1876.37977912     0.99984432        1
  1876.40021082     0.99984720        1
  1876.42064243     0.99984435        1
  1876.44107393     0.99983642        1
  1876.46150564     0.99991520        1
  1876.48193724     0.99988793        1
  1876.50236895     0.99995499        1
  1876.52280045     0.99998557        1
  1876.54323205     0.99998488        1
  1876.58409526     1.00007247        1
  1876.60452687     1.00030382        1
  1876.62495857     1.00006359        1
  1876.64539008     0.99995773        1
  1876.66582168     0.99975606        1
  1876.82927451     0.99995687        1
  1876.84970622     1.00008939        1
  1876.87013772     1.00012380        1
  1876.89056933     0.99999351        1
  1876.91100103     0.99993785        1
  1876.93143263     0.99978902        1
  1877.07445396     0.99991444        1
  1877.09488546     1.00003882        1
  1877.11531706     0.99983755        1
  1877.13574877     0.99984440        1
  1877.15618027     0.99985702        1
  1877.17661187     0.99990471        1
  1877.19704358     0.99983485        1
  1877.21747508     1.00013560        1
  1877.23790678     1.00030365        1
  1877.25833838     0.99997057        1
  1877.27876989     1.00006931        1
  1877.31963319     0.99998775        1
  1877.34006480     1.00001128        1
  1877.36049640     1.00006794        1
  1877.38092800     0.99984978        1
  1877.40135960     0.99985478        1
  1877.42179121     1.00001781        1
  1877.44222281     0.99993051        1
  1877.46265441     1.00002935        1
  1877.48308601     1.00010001        1
  1877.50351762     1.00002609        1
  1877.52394922     1.00020197        1
  1877.56481242     1.00005272        1
  1877.58524412     1.00016318        1
  1877.60567563     1.00003899        1
  1877.62610723     0.99996388        1
  1877.64653893     1.00014444        1
  1877.66697043     1.00013446        1
  1877.68740213     1.00011655        1
  1877.70783374     1.00020128        1
  1877.72826524     1.00025924        1
  1877.74869694     1.00009126        1
  1877.76912854     1.00011726        1
  1877.80999175     1.00006163        1
  1877.83042335     0.99993895        1
  1877.85085485     1.00042985        1
  1877.87128655     1.00006375        1
  1877.89171815     1.00017288        1
  1877.91214975     1.00000946        1
  1877.93258136     1.00022535        1
  1877.95301296     1.00007181        1
  1877.97344466     0.99999382        1
  1877.99387626     1.00013690        1
  1878.01430776     1.00029682        1
  1878.05517106     1.00003625        1
  1878.07560256     0.99985987        1
  1878.09603427     1.00014503        1
  1878.11646587     0.99996610        1
  1878.13689737     0.99988523        1
  1878.15732907     0.99989101        1
  1878.17776057     0.99987322        1
  1878.19819227     1.00016187        1
  1878.21862387     1.00004329        1
  1878.23905537     0.99992440        1
  1878.25948707     1.00002053        1
  1878.30035018     1.00000000        1
  1878.32078188     1.00001662        1
  1878.34121348     1.00003073        1
  1878.36164498     1.00008956        1
  1878.38207668     1.00019228        1
  1878.40250828     1.00007373        1
  1878.42293998     1.00012147        1
  1878.44337148     1.00006765        1
  1878.46380308     1.00023323        1
  1878.48423478     1.00001020        1
  1878.50466628     0.99982735        1
  1878.54552958     0.99995628        1
  1878.56596118     0.99996466        1
  1878.58639268     0.99982566        1
  1878.60682438     0.99988123        1
  1878.62725598     1.00000012        1
  1878.64768758     1.00002463        1
  1878.66811918     1.00001113        1
  1878.68855078     0.99989049        1
  1878.70898248     1.00011491        1
  1878.72941398     1.00017553        1
  1878.74984558     0.99997468        1
  1878.79070878     0.99984618        1
  1878.81114038     0.99985505        1
  1878.83157198     0.99982632        1
  1878.85200358     0.99985673        1
  1878.87243528     0.99973015        1
  1878.89286678     0.99989435        1
  1878.91329838     0.99981341        1
  1878.93373008     0.99984681        1
  1878.95416158     0.99987249        1
  1878.97459318     1.00005094        1
  1878.99502488     1.00003103        1
  1879.07675128     0.99995085        1
  1879.09718288     1.00003376        1
  1879.11761448     0.99986361        1
  1879.13804608     0.99983587        1
  1879.15847768     0.99986878        1
  1879.17890928     0.99978254        1
  1879.19934088     0.99969590        1
  1879.21977258     0.99977943        1
  1879.24020408     0.99991120        1
  1879.34236218     0.99990658        1
  1879.36279368     1.00010460        1
  1879.38322537     1.00001035        1
  1879.40365697     0.99992541        1
  1879.42408847     0.99996726        1
  1879.44452017     0.99999126        1
  1879.46495177     0.99991405        1
  1879.48538327     1.00006098        1
  1879.52624647     0.99996756        1
  1879.54667817     1.00005486        1
  1879.56710977     0.99977869        1
  1879.58754137     1.00028436        1
  1879.60797296     1.00031062        1
  1879.62840456     1.00003513        1
  1879.64883616     1.00013743        1
  1879.66926776     0.99995816        1
  1879.68969936     1.00028543        1
  1879.71013096     1.00025497        1
  1879.73056256     0.99991709        1
  1879.77142586     1.00010125        1
  1879.79185746     0.99977515        1
  1879.81228895     1.00003288        1
  1879.83272065     1.00013291        1
  1879.85315225     0.99983679        1
  1879.87358375     0.99994754        1
  1879.89401545     1.00007466        1
  1879.91444705     1.00024712        1
  1879.93487855     1.00010428        1
  1879.95531025     1.00003206        1
  1879.97574184     0.99979258        1
  1880.05746834     1.00008901        2
  1880.07789984     1.00003339        2
  1880.09833144     0.99999621        2
  1880.11876304     1.00005127        2
  1880.13919463     1.00009897        2
  1880.15962623     1.00011434        2
  1880.18005793     1.00012357        2
  1880.20048943     1.00003272        2
  1880.22092113     0.99990286        2
  1880.26178423     1.00020655        2
  1880.28221592     1.00001611        2
  1880.30264752     0.99994636        2
  1880.32307902     0.99997806        2
  1880.34351072     0.99981913        2
  1880.36394232     1.00013147        2
  1880.38437382     0.99998716        2
  1880.40480552     0.99991641        2
  1880.42523711     1.00005798        2
  1880.44566881     1.00013899        2
  1880.46610031     0.99969801        2
  1880.50696361     1.00008582        2
  1880.52739511     0.99993543        2
  1880.54782670     0.99979724        2
  1880.56825840     0.99989008        2
  1880.58868990     0.99996523        2
  1880.60912150     1.00006203        2
  1880.62955320     0.99989116        2
  1880.64998470     1.00015969        2
  1880.67041639     0.99972139        2
  1880.69084799     0.99937576        2
  1880.75214279     0.99983771        2
  1880.77257439     0.99986160        2
  1880.79300598     0.99997008        2
  1880.81343758     0.99984396        2
  1880.83386918     0.99979322        2
  1880.85430078     0.99997941        2
  1880.87473238     0.99982625        2
  1880.89516398     0.99997799        2
  1880.91559557     0.99993461        2
  1880.93602717     0.99975582        2
  1880.95645887     0.99974011        2
  1881.01775367     1.00001517        2
  1881.03818516     0.99998769        2
  1881.05861676     0.99970510        2
  1881.07904846     1.00000192        2
  1881.09947996     0.99978856        2
  1881.11991166     0.99982399        2
  1881.14034326     0.99978879        2
  1881.16077475     0.99972188        2
  1881.18120645     0.99974973        2
  1881.20163805     0.99986540        2
  1881.24250125     0.99995801        2
  1881.26293285     1.00010517        2
  1881.28336444     1.00036629        2
  1881.30379604     1.00020830        2
  1881.32422764     1.00003404        2
  1881.34465934     1.00003940        2
  1881.36509084     1.00008177        2
  1881.38552243     1.00015663        2
  1881.40595413     1.00032813        2
  1881.42638573     1.00050397        2
  1881.44681723     0.99993939        2
  1881.48768043     1.00007060        2
  1881.50811212     1.00026068        2
  1881.52854372     1.00029687        2
  1881.54897532     1.00019028        2
  1881.56940692     1.00008833        2
  1881.58983852     1.00028194        2
  1881.61027002     1.00012907        2
  1881.63070171     1.00022345        2
  1881.65113331     1.00005573        2
  1881.67156481     1.00014943        2
  1881.69199651     1.00012700        2
  1881.73285981     1.00004293        2
  1881.75329130     1.00000383        2
  1881.77372290     0.99992894        2
  1881.79415460     0.99999265        2
  1881.81458610     1.00008674        2
  1881.83501770     1.00022264        2
  1881.85544939     0.99989367        2
  1881.87588089     1.00000112        2
  1881.89631249     1.00018227        2
  1881.91674419     1.00003200        2
  1881.93717579     1.00003571        2
  1881.97803898     1.00000947        2
  1881.99847058     1.00005196        2
  1882.01890218     1.00014507        2
  1882.03933378     0.99998014        2
  1882.05976538     0.99995724        2
  1882.08019708     1.00022743        2
  1882.10062858     1.00025996        2
  1882.12106017     0.99982014        2
  1882.14149187     1.00003662        2
  1882.16192337     0.99974552        2
  1882.18235507     1.00001379        2
  1882.22321817     1.00002274        2
  1882.24364986     0.99998471        2
  1882.26408136     0.99976964        2
  1882.28451296     1.00004215        2
  1882.30494466     1.00011059        2
  1882.32537616     0.99987491        2
  1882.34580786     0.99990689        2
  1882.36623946     1.00013948        2
  1882.38667095     0.99974299        2
  1882.46839745     0.99986633        2
  1882.48882905     0.99990622        2
  1882.50926065     0.99999461        2
  1882.52969224     1.00003888        2
  1882.55012384     1.00032693        2
  1882.57055554     0.99988042        2
  1882.59098714     0.99984280        2
  1882.77487153     0.99992879        2
  1882.79530323     0.99997843        2
  1882.81573473     0.99984957        2
  1882.83616633     0.99991015        2
  1882.85659802     0.99980160        2
  1882.87702952     0.99989595        2
  1882.89746102     0.99982151        2
  1882.91789272     0.99977091        2
  1883.04048232     0.99998183        2
  1883.06091391     0.99996204        2
  1883.08134561     0.99978717        2
  1883.10177721     0.99979613        2
  1883.12220871     0.99992291        2
  1883.14264041     0.99978989        2
  1883.16307201     1.00005599        2
  1883.20393521     1.00035981        2
  1883.22436681     0.99980617        2
  1883.24479851     1.00012807        2
  1883.26523001     1.00019237        2
  1883.28566161     0.99989801        2
  1883.30609331     0.99987317        2
  1883.32652480     0.99985330        2
  1883.34695640     1.00008244        2
  1883.36738810     1.00008214        2
  1883.38781960     1.00004148        2
  1883.40825130     1.00027618        2
  1883.44911440     1.00006704        2
  1883.46954610     0.99998128        2
  1883.48997770     1.00003112        2
  1883.51040920     1.00022246        2
  1883.53084090     1.00026351        2
  1883.55127240     1.00009840        2
  1883.57170410     0.99996899        2
  1883.59213570     1.00006489        2
  1883.61256720     1.00012492        2
  1883.63299890     1.00002015        2
  1883.65343050     1.00012228        2
  1883.71472530     1.00005400        2
  1883.73515690     1.00009987        2
  1883.75558850     1.00013224        2
  1883.77602010     0.99998252        2
  1883.79645180     1.00004953        2
  1883.81688340     1.00008487        2
  1883.83731490     0.99999138        2
  1883.85774660     0.99987579        2
  1883.87817820     0.99994513        2
  1883.89860970     0.99982647        2
  1883.98033620     1.00002137        2
  1884.00076780     1.00004044        2
  1884.02119950     1.00004148        2
  1884.04163100     0.99997805        2
  1884.06206260     0.99989223        2
  1884.08249430     1.00009306        2
  1884.10292580     1.00004512        2
  1884.12335740     1.00015059        2
  1884.14378910     1.00003820        2
  1884.22551540     1.00005201        2
  1884.24594710     0.99993387        2
  1884.26637860     1.00002125        2
  1884.28681020     1.00003978        2
  1884.30724191     0.99995543        2
  1884.32767351     1.00006469        2
  1884.34810501     0.99992888        2
  1884.36853671     0.99988138        2
  1884.38896831     0.99985603        2
  1884.45026311     0.99987900        2
  1884.47069481     1.00011520        2
  1884.49112631     1.00003423        2
  1884.51155791     0.99992036        2
  1884.53198962     1.00004635        2
  1884.55242112     0.99982635        2
  1884.57285272     1.00023857        2
  1884.59328442     0.99979467        2
  1884.61371592     0.99992250        2
  1884.63414762     1.00000743        2
  1884.67501072     0.99971401        2
  1884.69544243     0.99995313        2
  1884.71587403     0.99975059        2
  1884.73630563     0.99967857        2
  1884.75673723     0.99980084        2
  1884.77716883     0.99976494        2
  1884.79760043     0.99985615        2
  1884.81803203     0.99986727        2
  1884.83846364     0.99994367        2
  1884.85889524     0.99976694        2
  1884.87932684     0.99987724        2
  1884.92019004     0.99991165        2
  1884.94062165     0.99974065        2
  1884.96105325     0.99968966        2
  1884.98148495     0.99972762        2
  1885.00191645     0.99990528        2
  1885.02234815     0.99977620        2
  1885.04277976     0.99982075        2
  1885.06321126     1.00001330        2
  1885.08364296     1.00001468        2
  1885.10407456     1.00008076        2
  1885.12450606     0.99989956        2
  1885.16536937     1.00099718        2
  1885.18580087     0.99995317        2
  1885.20623257     0.99986248        2
  1885.22666418     1.00004349        2
  1885.24709588     0.99984802        2
  1885.26752738     0.99967747        2
  1885.28795898     0.99993407        2
  1885.30839069     0.99983448        2
  1885.32882219     1.00004088        2
  1885.34925379     0.99997016        2
  1885.36968549     0.99990629        2
  1885.43098030     0.99999522        2
  1885.45141191     1.00005757        2
  1885.47184351     0.99992800        2
  1885.49227511     1.00000491        2
  1885.51270672     0.99995794        2
  1885.53313832     0.99991204        2
  1885.55356992     1.00012620        2
  1885.57400143     1.00002174        2
  1885.59443313     1.00004421        2
  1885.61486473     1.00022018        2
  1885.65572794     0.99990718        2
  1885.67615954     0.99998905        2
  1885.69659125     0.99996650        2
  1885.71702275     0.99994561        2
  1885.73745435     1.00006217        2
  1885.75788606     1.00022306        2
  1885.77831756     1.00003624        2
  1885.79874916     1.00011480        2
  1885.81918087     1.00006069        2
  1885.83961237     1.00017404        2
  1885.86004408     1.00024705        2
  1885.92133889     1.00004208        2
  1885.94177049     1.00018399        2
  1885.96220210     1.00012460        2
  1885.98263370     1.00013441        2
  1886.00306531     1.00008633        2
  1886.02349691     1.00009315        2
  1886.04392851     1.00032397        2
  1886.06436012     1.00012226        2
  1886.08479182     1.00015434        2
  1886.10522343     1.00029797        2
  1886.16651824     1.00012577        2
  1886.18694975     1.00009562        2
  1886.20738145     1.00006635        2
  1886.22781296     1.00015019        2
  1886.24824466     1.00023554        2
  1886.26867627     1.00026255        2
  1886.28910777     1.00000785        2
  1886.30953948     1.00009355        2
  1886.32997108     1.00003275        2
  1886.35040259     1.00019917        2
  1886.39126590     1.00006336        2
  1886.41169740     0.99998714        2
  1886.43212911     1.00026602        2
  1886.45256071     1.00014595        2
  1886.47299242     0.99994436        2
  1886.49342393     1.00020505        2
  1886.51385553     0.99996322        2
  1886.53428724     1.00017811        2
  1886.55471874     0.99973334        2
  1886.63644527     0.99970317        2
  1886.65687687     1.00006328        2
  1886.67730848     0.99990260        2
  1886.69774009     1.00003524        2
  1886.71817169     1.00019664        2
  1886.73860330     1.00000731        2
  1886.75903500     0.99968474        2
  1886.88162454     0.99978997        2
  1886.90205615     0.99985341        2
  1886.92248786     0.99964306        2
  1886.94291936     1.00012461        2
  1886.96335097     0.99997739        2
  1886.98378268     0.99988236        2
  1887.00421419     0.99984641        2
  1887.02464579     0.99980929        2
  1887.12680393     0.99983447        2
  1887.14723554     0.99985372        2
  1887.16766715     0.99986673        2
  1887.18809875     0.99991704        2
  1887.20853036     1.00014997        2
  1887.22896197     0.99961925        2
  1887.24939368     0.99989254        2
  1887.26982519     0.99969405        2
  1887.29025679     0.99986022        2
  1887.31068850     0.99992868        2
  1887.33112011     0.99977159        2
  1887.37198333     0.99974511        2
  1887.39241494     1.00009897        2
  1887.41284644     0.99984640        2
  1887.43327815     0.99975780        2
  1887.45370976     1.00005040        2
  1887.47414137     0.99976461        2
  1887.49457298     1.00000000        2
  1887.51500459     0.99985238        2
  1887.53543630     0.99981839        2
  1887.55586781     1.00012628        2
  1887.57629941     1.00005765        2
  1887.61716263     0.99985618        2
  1887.63759434     1.00019309        2
  1887.65802585     1.00024203        2
  1887.67845746     0.99994696        2
  1887.69888917     1.00001007        2
  1887.71932068     1.00008116        2
  1887.73975229     1.00035111        2
  1887.76018400     0.99997045        2
  1887.78061551     0.99993560        2
  1887.80104712     0.99999143        2
  1887.86234205     1.00005690        2
  1887.88277366     1.00015810        2
  1887.90320527     1.00004661        2
  1887.92363688     0.99997451        2
  1887.94406849     1.00007364        2
  1887.96450010     1.00017920        2
  1887.98493181     1.00032449        2
  1891.04967507     0.99968656        3
  1891.07010669     0.99987357        3
  1891.09053842     0.99989537        3
  1891.11096994     0.99983992        3
  1891.13140157     1.00004191        3
  1891.15183329     1.00001499        3
  1891.17226481     0.99992503        3
  1891.19269654     1.00011733        3
  1891.21312817     1.00008242        3
  1891.23355969     1.00016317        3
  1891.25399142     0.99999845        3
  1891.29485457     0.99992530        3
  1891.31528629     0.99988206        3
  1891.33571792     1.00026717        3
  1891.35614964     0.99997796        3
  1891.37658117     0.99999103        3
  1891.39701280     0.99975375        3
  1891.41744452     0.99992499        3
  1891.43787605     1.00040462        3
  1891.45830768     1.00005429        3
  1891.47873940     1.00006404        3
  1891.49917103     0.99983927        3
  1891.54003428     1.00011044        3
  1891.56046581     1.00021374        3
  1891.58089754     1.00007954        3
  1891.60132916     1.00012932        3
  1891.62176069     1.00007091        3
  1891.64219242     1.00020617        3
  1891.66262405     1.00041185        3
  1891.68305558     1.00005304        3
  1891.70348730     1.00005358        3
  1891.72391893     0.99996117        3
  1891.74435066     1.00017290        3
  1891.78521382     1.00011086        3
  1891.80564554     1.00013481        3
  1891.82607707     1.00013729        3
  1891.84650870     1.00015120        3
  1891.86694043     1.00019203        3
  1891.88737196     0.99996679        3
  1891.90780359     1.00010056        3
  1891.92823532     1.00010302        3
  1891.94866685     1.00018675        3
  1891.96909858     1.00005127        3
  1891.98953021     1.00003569        3
  1892.03039347     1.00014480        3
  1892.05082510     0.99993606        3
  1892.07125673     0.99994671        3
  1892.09168836     0.99975290        3
  1892.11211999     1.00001518        3
  1892.13255172     1.00003204        3
  1892.15298335     0.99995242        3
  1892.17341488     0.99983010        3
  1892.19384661     0.99997886        3
  1892.21427814     0.99985034        3
  1892.23470977     0.99991022        3
  1892.27557303     1.00002254        3
  1892.29600476     0.99989947        3
  1892.31643639     0.99977558        3
  1892.33686793     0.99980607        3
  1892.35729966     1.00009846        3
  1892.37773129     1.00001651        3
  1892.39816282     0.99987219        3
  1892.41859455     0.99974886        3
  1892.43902619     1.00010997        3
  1892.45945772     0.99984672        3
  1892.47988945     0.99993983        3
  1892.52075282     0.99978105        3
  1892.54118435     0.99983313        3
  1892.56161598     0.99990028        3
  1892.58204772     0.99988595        3
  1892.60247925     1.00002881        3
  1892.62291088     0.99991990        3
  1892.64334262     0.99988741        3
  1892.66377425     0.99991888        3
  1892.68420588     1.00002529        3
  1892.84765896     1.00005665        3
  1892.86809069     0.99981196        3
  1892.88852223     0.99992410        3
  1892.90895396     0.99997852        3
  1892.92938550     0.99980654        3
  1892.94981713     0.99983986        3
  1892.97024887     0.99980114        3
  1893.01111204     1.00040028        3
  1893.03154378     0.99984407        3
  1893.05197531     0.99983810        3
  1893.07240705     1.00005723        3
  1893.09283868     1.00029506        3
  1893.11327022     1.00015107        3
  1893.13370196     1.00002961        3
  1893.15413359     1.00067018        3
  1893.17456513     1.00042848        3
  1893.19499687     1.00005501        3
  1893.21542850     1.00005816        3
  1893.33801833     0.99991573        3
  1893.35845007     1.00004199        3
  1893.37888171     1.00008490        3
  1893.39931324     0.99988491        3
  1893.41974498     1.00012899        3
  1893.44017662     0.99990745        3
  1893.46060836     1.00002217        3
  1893.50147154     1.00007883        3
  1893.52190328     1.00009315        3
  1893.54233482     1.00009715        3
  1893.56276635     1.00000000        3
  1893.58319809     1.00000042        3
  1893.60362973     1.00035225        3
  1893.62406147     1.00029467        3
  1893.64449301     1.00006693        3
  1893.66492465     1.00013797        3
  1893.68535639     0.99990300        3
  1893.70578793     1.00012913        3
  1893.74665131     1.00034784        3
  1893.76708286     1.00023174        3
  1893.78751450     0.99994441        3
  1893.80794624     0.99989824        3
  1893.82837778     0.99997730        3
  1893.84880952     1.00003246        3
  1893.86924116     0.99996795        3
  1893.88967280     1.00012528        3
  1893.91010444     1.00016258        3
  1893.93053609     0.99995413        3
  1893.95096773     1.00021915        3
  1894.03269440     1.00005039        3
  1894.05312594     1.00008206        3
  1894.07355768     0.99993885        3
  1894.09398933     1.00004924        3
  1894.11442087     0.99993468        3
  1894.13485261     1.00016688        3
  1894.15528426     0.99999008        3
  1894.17571590     0.99998591        3
  1894.19614754     1.00020202        3
  1894.23701083     0.99999447        3
  1894.25744247     0.99990041        3
  1894.27787402     0.99989488        3
  1894.29830576     1.00041099        3
  1894.31873741     1.00005202        3
  1894.33916895     1.00000057        3
  1894.35960070     1.00012693        3
  1894.38003234     0.99997850        3
  1894.40046409     0.99987675        3
  1894.42089563     1.00006671        3
  1894.44132728     1.00007228        3
  1894.48219057     0.99975918        3
  1894.50262221     0.99988838        3
  1894.52305396     1.00007330        3
  1894.54348561     1.00004279        3
  1894.56391725     0.99990020        3
  1894.58434890     1.00013246        3
  1894.60478055     1.00002244        3
  1894.62521219     0.99993368        3
  1894.72737043     1.00031353        3
  1894.74780218     0.99980411        3
  1894.76823372     0.99986192        3
  1894.78866547     0.99980359        3
  1894.80909712     0.99982685        3
  1894.82952867     0.99978884        3
  1894.84996042     0.99988780        3
  1894.87039196     0.99996946        3
  1894.97255031     1.00022512        3
  1894.99298186     0.99990793        3
  1895.01341361     1.00001213        3
  1895.03384526     0.99999780        3
  1895.05427691     0.99991353        3
  1895.07470856     0.99992686        3
  1895.09514021     0.99982812        3
  1895.11557196     1.00010077        3
  1895.13600351     1.00027129        3
  1895.15643516     0.99990067        3
  1895.17686691     0.99993561        3
  1895.21773011     1.00025035        3
  1895.23816186     1.00004586        3
  1895.25859351     0.99999690        3
  1895.27902507     0.99978443        3
  1895.29945682     0.99991057        3
  1895.31988847     0.99998156        3
  1895.34032022     0.99998676        3
  1895.36075177     0.99988331        3
  1895.38118343     0.99994863        3
  1895.40161518     0.99987585        3
  1895.42204673     1.00006242        3
  1895.46291014     1.00005725        3
  1895.48334169     0.99981885        3
  1895.50377344     1.00007289        3
  1895.52420500     1.00010087        3
  1895.54463665     0.99995627        3
  1895.56506840     1.00007650        3
  1895.58549996     0.99996254        3
  1895.60593161     0.99989976        3
  1895.62636337     1.00014693        3
  1895.64679492     1.00014666        3
  1895.66722667     1.00015113        3
  1895.70808998     1.00008294        3
  1895.72852164     1.00007510        3
  1895.74895329     1.00007209        3
  1895.76938495     0.99993881        3
  1895.78981661     1.00009171        3
  1895.81024826     0.99997364        3
  1895.83067992     1.00013894        3
  1895.85111167     1.00012398        3
  1895.87154323     0.99996951        3
  1895.89197498     0.99990666        3
  1895.91240664     1.00004236        3
  1895.97370161     1.00002380        3
  1895.99413317     1.00000125        3
  1896.01456493     1.00002819        3
  1896.03499658     1.00002446        3
  1896.05542834     1.00001054        3
  1896.07585990     0.99995224        3
  1896.09629156     1.00008033        3
  1896.11672321     1.00001324        3
  1896.13715487     0.99990772        3
  1896.15758653     0.99999927        3
  1896.19844985     0.99998166        3
  1896.21888161     1.00013986        3
  1896.23931317     0.99997073        3
  1896.25974482     0.99997316        3
  1896.28017658     1.00008102        3
  1896.30060814     1.00001645        3
  1896.32103980     0.99994812        3
  1896.34147156     0.99995765        3
  1896.36190312     0.99999287        3
  1896.38233478     1.00065721        3
  1896.40276654     1.00002922        3
  1896.52535651     0.99989162        3
  1896.54578817     0.99990273        3
  1896.56621993     0.99985711        3
  1896.58665149     0.99984639        3
  1896.60708326     1.00020310        3
  1896.62751492     0.99991728        3
  1896.64794648     0.99990407        3
  1896.68880991     0.99999250        3
  1896.70924147     0.99987165        3
  1896.72967323     0.99983922        3
  1896.75010489     1.00008434        3
  1896.77053656     0.99982431        3
  1896.79096822     0.99982139        3
  1896.81139989     0.99997155        3
  1896.83183155     1.00005237        3
  1896.85226321     0.99996896        3
  1896.87269488     0.99999088        3
  1896.89312654     0.99993073        3
  1896.93398987     1.00015042        3
  1896.95442154     1.00019049        3
  1896.97485320     1.00017329        3
  1896.99528497     1.00011233        3
  1897.01571653     1.00042124        3
  1897.03614820     1.00054995        3
  1897.05657996     1.00023448        3
  1897.07701163     1.00003523        3
  1897.09744319     1.00007350        3
  1897.11787496     1.00000647        3
  1897.13830663     0.99999962        3
  1897.17916996     0.99996426        3
  1897.19960163     0.99992903        3
  1897.22003339     0.99996976        3
  1897.24046496     0.99986446        3
  1897.26089663     0.99995406        3
  1897.28132840     1.00030449        3
  1897.30175997     0.99998505        3
  1897.32219173     0.99984059        3
  1897.34262340     0.99996491        3
  1897.36305497     1.00003938        3
  1897.38348674     1.00040192        3
  1897.42434998     1.00005067        3
  1897.44478174     0.99989951        3
  1897.46521341     0.99999942        3
  1897.48564518     1.00016199        3
  1897.50607675     1.00007115        3
  1897.52650832     1.00001123        3
  1897.54694009     0.99986694        3
  1897.56737176     0.99997988        3
  1897.58780343     0.99987511        3
  1897.60823510     1.00012067        3
  1897.62866677     0.99997265        3
  1897.79212025     1.00003984        3
  1897.81255182     1.00010261        3
  1897.83298359     1.00001073        3
  1897.85341526     0.99984656        3
  1897.87384704     1.00001651        3
  1897.93514206     0.99998712        3
  1897.95557363     0.99995915        3
  1897.97600530     0.99990909        3
  1897.99643708     0.99991177        3
  1898.01686865     1.00018160        4
  1898.03730043     0.99997795        4
  1898.05773210     1.00002323        4
  1898.07816367     1.00006804        4
  1898.09859545     1.00013970        4
  1898.11902712     1.00001214        4
  1898.15989048     1.00001183        4
  1898.18032205     0.99992873        4
  1898.20075383     1.00001886        4
  1898.22118550     0.99995808        4
  1898.24161708     1.00005731        4
  1898.26204886     1.00014657        4
  1898.28248053     1.00009225        4
  1898.30291221     1.00008409        4
  1898.32334389     0.99993255        4
  1898.34377556     0.99999825        4
  1898.36420724     1.00009679        4
  1898.40507059     0.99993012        4
  1898.42550237     0.99988041        4
  1898.44593405     0.99997795        4
  1898.46636563     0.99988978        4
  1898.48679741     0.99984078        4
  1898.50722909     0.99986275        4
  1898.52766066     1.00003924        4
  1898.54809244     0.99994147        4
  1898.56852412     0.99999377        4
  1898.58895590     0.99977654        4
  1898.60938748     1.00009939        4
  1898.65025094     0.99976276        4
  1898.67068252     0.99988550        4
  1898.69111420     0.99982072        4
  1898.71154598     0.99967470        4
  1898.73197756     0.99984333        4
  1898.75240934     0.99987459        4
  1898.77284102     0.99991161        4
  1898.79327260     0.99966865        4
  1898.81370439     1.00005503        4
  1898.83413597     1.00007287        4
  1898.85456765     0.99975828        4
  1898.89543101     1.00006162        4
  1898.91586270     1.00016956        4
  1898.93629448     1.00025285        4
  1898.95672616     0.99996921        4
  1898.97715784     1.00012635        4
  1898.99758953     0.99991525        4
  1899.01802121     1.00037566        4
  1899.03845289     1.00023844        4
  1899.05888458     0.99996746        4
  1899.07931626     0.99984882        4
  1899.09974805     0.99993395        4
  1899.14061141     1.00004227        4
  1899.16104310     1.00020311        4
  1899.18147468     0.99991942        4
  1899.20190647     0.99991567        4
  1899.22233815     1.00005137        4
  1899.24276974     1.00002562        4
  1899.26320153     1.00014997        4
  1899.28363321     1.00021742        4
  1899.30406500     1.00002045        4
  1899.32449658     1.00010025        4
  1899.34492827     1.00025069        4
  1899.38579164     1.00002608        4
  1899.40622333     1.00029164        4
  1899.42665512     1.00009807        4
  1899.44708671     0.99997043        4
  1899.46751849     1.00005111        4
  1899.48795008     1.00007940        4
  1899.50838177     1.00002259        4
  1899.52881356     1.00019879        4
  1899.54924515     1.00004610        4
  1899.56967683     1.00024297        4
  1899.59010862     1.00015632        4
  1899.63097190     0.99998610        4
  1899.65140369     0.99995350        4
  1899.67183538     1.00003308        4
  1899.69226707     1.00018807        4
  1899.71269876     1.00027120        4
  1899.73313045     1.00006283        4
  1899.75356224     1.00001288        4
  1899.77399383     1.00007536        4
  1899.79442552     1.00009528        4
  1899.81485731     0.99998148        4
  1899.83528890     0.99994444        4
  1899.89658398     0.99995308        4
  1899.91701577     1.00028938        4
  1899.93744746     0.99987995        4
  1899.95787906     0.99995953        4
  1899.97831085     0.99996694        4
  1899.99874254     1.00003457        4
  1900.01917433     0.99997759        4
  1900.03960593     0.99979015        4
  1900.06003762     0.99984556        4
  1900.08046931     0.99993508        4
  1900.12133270     0.99992272        4
  1900.14176440     0.99982804        4
  1900.16219609     0.99978686        4
  1900.18262789     1.00016923        4
  1900.20305948     0.99991729        4
  1900.22349118     0.99997348        4
  1900.24392297     0.99999131        4
  1900.26435457     0.99980244        4
  1900.28478626     1.00010382        4
  1900.30521806     0.99986387        4
  1900.32564975     0.99991789        4
  1900.36651315     0.99992187        4
  1900.38694484     0.99980921        4
  1900.40737664     0.99983869        4
  1900.42780824     0.99977236        4
  1900.44823994     1.00006145        4
  1900.46867173     0.99975439        4
  1900.48910333     0.99979796        4
  1900.50953503     0.99987293        4
  1900.52996683     0.99999393        4
  1900.55039843     0.99989558        4
  1900.57083022     0.99982983        4
  1900.61169352     0.99984488        4
  1900.63212532     0.99974957        4
  1900.65255702     0.99981140        4
  1900.67298862     1.00001835        4
  1900.69342042     0.99971461        4
  1900.71385212     0.99990714        4
  1900.85687403     0.99989394        4
  1900.87730573     1.00003010        4
  1900.89773753     1.00015953        4
  1900.91816923     1.00003400        4
  1900.93860084     1.00008412        4
  1900.95903264     1.00008174        4
  1900.97946434     1.00034813        4
  1900.99989594     1.00006063        4
  1901.02032775     1.00003564        4
  1901.04075945     0.99986669        4
  1901.06119105     0.99990723        4
  1901.10205456     1.00010721        4
  1901.12248637     0.99997252        4
  1901.14291797     1.00016911        4
  1901.16334968     1.00008865        4
  1901.18378148     0.99995828        4
  1901.20421309     0.99990612        4
  1901.22464479     1.00010857        4
  1901.24507660     1.00016472        4
  1901.26550820     1.00007070        4
  1901.28594001     1.00025818        4
  1901.30637171     1.00010048        4
  1901.38809854     1.00016831        4
  1901.40853025     1.00008399        4
  1901.42896196     1.00008350        4
  1901.44939366     1.00013328        4
  1901.46982537     1.00021266        4
  1901.49025708     1.00004202        4
  1901.51068879     1.00009076        4
  1901.53112050     1.00011083        4
  1901.55155221     1.00021398        4
  1901.59241563     1.00011683        4
  1901.61284744     1.00017393        4
  1901.63327914     1.00000546        4
  1901.65371075     1.00004528        4
  1901.67414257     1.00014760        4
  1901.69457428     1.00010075        4
  1901.71500589     1.00003749        4
  1901.73543770     1.00000825        4
  1901.75586941     1.00001769        4
  1901.77630102     1.00007837        4
  1901.79673283     1.00010138        4
  1901.83759635     1.00012717        4
  1901.85802797     0.99984136        4
  1901.87845968     0.99991223        4
  1901.89889149     1.00015738        4
  1901.91932310     1.00003335        4
  1901.93975482     0.99995350        4
  1901.96018663     0.99997721        4
  1901.98061824     0.99993100        4
  1902.00105006     0.99996023        4
  1902.02148177     1.00001106        4
  1902.04191339     0.99979501        4
  1902.08277692     1.00009350        4
  1902.10320853     1.00004371        4
  1902.12364035     0.99982261        4
  1902.14407206     0.99977632        4
  1902.16450378     1.00010682        4
  1902.18493549     0.99995216        4
  1902.20536721     1.00009618        4
  1902.22579892     1.00010585        4
  1902.24623064     0.99986073        4
  1902.26666236     0.99996049        4
  1902.28709417     1.00025947        4
  1902.32795751     0.99976603        4
  1902.34838933     0.99983639        4
  1902.36882094     0.99992202        4
  1902.38925276     0.99981350        4
  1902.40968448     0.99991445        4
  1902.43011610     1.00001407        4
  1902.45054792     0.99999621        4
  1902.47097964     0.99983429        4
  1902.57313824     0.99984057        4
  1902.59356996     0.99974375        4
  1902.61400178     0.99979095        4
  1902.63443340     0.99974747        4
  1902.65486512     0.99974658        4
  1902.67529694     0.99977344        4
  1902.69572856     1.00005396        4
  1902.71616038     0.99982883        4
  1902.73659210     0.99993713        4
  1902.75702373     0.99980088        4
  1902.77745555     1.00014872        4
  1902.81831899     1.00038374        4
  1902.83875072     0.99985820        4
  1902.85918244     0.99973622        4
  1902.87961406     0.99989896        4
  1902.90004589     0.99984577        4
  1902.92047761     1.00005254        4
  1902.94090944     1.00023365        4
  1902.96134106     0.99997795        4
  1902.98177279     0.99999494        4
  1903.00220461     0.99991721        4
  1903.02263624     1.00017187        4
  1903.22695360     0.99986591        4
  1903.24738533     0.99998634        4
  1903.26781716     0.99999042        4
  1903.30868051     1.00008663        4
  1903.32911234     1.00006471        4
  1903.34954397     1.00024905        4
  1903.36997570     1.00000861        4
  1903.39040753     1.00026262        4
  1903.41083926     1.00000304        4
  1903.43127099     1.00040373        4
  1903.45170262     1.00011923        4
  1903.47213435     1.00016572        4
  1903.49256618     1.00025644        4
  1903.51299791     1.00022261        4
  1903.55386137     0.99999936        4
  1903.57429310     1.00010511        4
  1903.59472474     1.00017247        4
  1903.61515657     1.00009494        4
  1903.63558830     0.99990625        4
  1903.65602013     1.00000000        4
  1903.67645177     1.00001288        4
  1903.69688350     1.00001195        4
  1903.71731533     1.00010404        4
  1903.73774697     1.00008682        4
  1903.75817870     1.00009751        4
  1903.81947400     1.00018023        4
  1903.83990574     1.00012537        4
  1903.86033737     0.99990008        4
  1903.88076921     0.99994792        4
  1903.90120094     0.99985630        4
  1903.92163258     0.99989342        4
  1903.94206441     0.99997623        4
  1903.96249615     1.00004866        4
  1903.98292799     1.00005897        4
  1904.00335962     1.00002304        4
  1904.04422310     1.00019822        4
  1904.06465493     0.99995693        4
  1904.08508657     0.99990788        4
  1904.10551831     0.99995461        4
  1904.12595005     0.99987602        4
  1904.14638179     1.00003301        4
  1904.16681362     0.99984883        4
  1904.18724526     0.99995363        4
  1904.20767710     1.00003034        4
  1904.22810884     1.00002131        4
  1904.24854048     0.99997459        4
  1904.30983570     0.99990798        4
  1904.33026754     0.99991321        4
  1904.35069928     1.00009317        4
  1904.37113112     0.99990763        4
  1904.39156277     0.99992911        4
  1904.41199451     0.99988663        4
  1904.43242635     0.99990551        4
  1904.45285799     1.00037854        4
  1904.47328973     0.99990048        4
  1904.49372158     0.99987325        4
  1904.63674378     0.99995185        4
  1904.65717553     0.99991132        4
  1904.67760727     0.99985961        4
  1904.69803902     0.99975748        4
  1904.71847076     0.99989044        4
  1904.73890251     0.99997164        4
  1904.77976600     1.00005895        4
  1904.80019774     1.00013925        4
  1904.82062959     0.99999367        4
  1904.84106124     1.00011376        4
  1904.86149298     1.00006781        4
  1904.88192483     1.00026079        4
  1905.04537882     0.99999723        4
  1905.06581057     0.99992956        4
  1905.08624242     0.99993799        4
  1905.10667407     1.00009366        4
  1905.12710582     0.99998300        4
  1905.14753767     0.99997617        4
  1905.16796932     1.00005310        4
  1905.18840107     1.00005166        4
