  1835.65910127     1.00398190        0
  1835.67953343     0.99884703        0
  1835.80212637     0.99829488        0
  1835.82255862     0.99768224        0
  1835.84299068     0.99725271        0
  1835.86342283     1.00018263        0
  1835.88385508     1.00817589        0
  1835.90428714     1.01009172        0
  1835.92471929     1.00000000        0
  1835.94515154     0.99166566        0
  1835.96558359     0.99329072        0
  1835.98601574     1.00253365        0
  1836.00644799     1.00766263        0
  1836.02688004     1.00498727        0
  1836.04731219     0.99806495        0
  1836.06774444     0.99244944        0
  1836.08817649     0.99575067        0
  1836.10860864     1.00274243        0
  1836.12904088     1.00538948        0
  1836.14947303     1.00702361        0
  1836.16990508     1.00452484        0
  1836.19033732     0.99678455        0
  1836.21076947     0.99464264        0
  1836.23120171     0.99589520        0
  1836.25163376     0.99648150        0
  1836.27206590     0.99965445        0
  1836.31293019     1.00906600        0
  1836.33336233     1.00428163        0
  1836.35379457     0.99900011        0
  1836.37422661     0.99582086        0
  1836.39465875     0.99755387        0
  1836.41509089     1.00379132        0
  1836.43552303     1.00316875        0
  1836.45595517     0.99952018        0
  1836.47638731     0.99778953        0
  1836.49681945     0.99687556        0
  1836.51725159     0.99680325        0
  1836.53768372     1.00193158        0
  1836.55811586     1.00788956        0
  1836.57854800     1.00742376        0
  1836.59898023     1.00135343        0
  1836.61941227     0.99559629        0
  1836.63984440     0.99219187        0
  1836.66027664     0.99210965        0
  1836.68070867     0.99615251        0
  1836.70114081     1.00195341        0
  1836.72157304     1.00844571        0
  1836.74200507     1.00581411        0
  1836.76243720     1.00287262        0
  1836.78286943     1.00078765        0
  1836.80330147     0.99995889        0
  1836.82373370     0.99484647        0
  1836.84416583     0.99144687        0
  1836.86459786     1.00129584        0
  1836.88503008     1.00880352        0
  1836.90546221     1.00299983        0
  1836.92589424     0.99555263        0
  1836.94632647     0.99993926        0
  1836.96675860     1.01127070        0
  1836.98719072     1.00725604        0
  1837.00762285     0.99459175        0
  1837.02805497     0.98660107        0
  1837.04848710     0.98822327        0
  1837.08935135     1.00580722        0
  1837.10978347     1.00214577        0
  1837.13021559     0.99462170        0
  1837.15064772     0.99509691        0
  1837.17107984     1.00195205        0
  1837.19151196     1.00134131        0
  1837.21194408     0.99639793        0
  1837.23237620     0.99347239        0
  1837.25280832     1.00155279        0
  1837.27324044     1.01165954        0
  1837.29367246     1.00641155        0
  1837.31410468     0.99328843        0
  1837.33453680     0.98736471        0
  1837.35496892     0.99370977        0
  1837.37540103     1.00897475        0
  1837.39583315     1.01218460        0
  1837.41626527     1.00096987        0
  1837.43669748     0.99344125        0
  1837.45712950     0.99354553        0
  1837.47756171     0.99921193        0
  1837.49799383     1.00706557        0
  1837.51842584     1.00818755        0
  1837.53885806     0.99943625        0
  1837.55929017     0.99425336        0
  1837.57972218     0.99600112        0
  1837.60015439     0.99845004        0
  1837.62058651     0.99746244        0
  1837.64101852     0.99694315        0
  1837.66145073     1.00232638        0
  1837.68188284     1.00753584        0
  1837.70231485     1.00299961        0
  1837.72274706     0.99475403        0
  1837.74317916     0.99373205        0
  1837.76361117     1.00185921        0
  1837.78404338     1.00655073        0
  1837.80447549     1.00332158        0
  1837.82490759     0.99813484        0
  1837.84533970     0.99627429        0
  1837.86577181     1.00133477        0
  1837.88620381     1.00868035        0
  1837.90663602     1.00628207        0
  1837.92706812     0.99678278        0
  1837.94750022     0.99641829        0
  1837.96793233     1.00653128        0
  1837.98836443     1.00531984        0
  1838.00879643     0.99158352        0
  1838.02922864     0.98815883        0
  1838.04966074     1.00011146        0
  1838.07009294     1.01365661        0
  1838.09052494     1.01037750        0
  1838.11095704     0.99927382        0
  1838.13138924     0.99619196        0
  1838.15182124     0.99987659        0
  1838.17225334     1.00288376        0
  1838.19268553     1.00130208        0
  1838.21311753     1.00232317        0
  1838.29484592     0.99726252        0
  1838.31527811     1.00012614        0
  1838.33571021     1.00369461        0
  1838.35614220     1.00507870        0
  1838.37657440     1.00579919        0
  1838.39700649     1.00440576        0
  1838.41743848     0.99665511        0
  1838.43787067     0.99189964        0
  1838.45830277     0.99389636        0
  1838.47873476     1.00185506        0
  1838.49916695     1.01221030        0
  1838.51959904     1.01423855        0
  1838.54003103     1.00616870        0
  1838.56046322     0.99712933        0
  1838.58089531     0.99489581        0
  1838.60132730     1.00109177        0
  1838.62175949     1.00305872        0
  1838.64219157     0.99622089        0
  1838.66262356     0.99138583        0
  1838.68305575     0.99769597        0
  1838.70348783     1.01153466        0
  1838.72391992     1.01128094        0
  1838.74435200     0.99884061        0
  1838.76478409     0.98991860        0
  1838.78521617     0.99259735        0
  1838.80564826     1.00082626        0
  1838.82608034     1.00048890        0
  1838.84651252     0.99384186        0
  1838.86694451     0.99670594        0
  1838.88737659     1.00931396        0
  1838.90780877     1.01190297        0
  1838.92824075     1.00245146        0
  1838.94867283     0.99140596        0
  1838.96910501     0.98924343        0
  1838.98953699     0.99540642        0
  1839.07126531     0.99677601        0
  1839.09169748     1.00083032        0
  1839.11212956     0.99719045        0
  1839.13256154     0.99630139        0
  1839.15299371     0.99930170        0
  1839.17342579     1.00337837        0
  1839.19385776     1.00353659        0
  1839.21428994     1.00286648        0
  1839.23472201     1.00479029        0
  1839.25515399     1.00033833        0
  1839.27558616     0.99498944        0
  1839.29601823     0.99411411        0
  1839.31645040     0.99965709        0
  1839.33688238     1.00529615        0
  1839.35731445     1.00050529        0
  1839.37774652     0.99318175        0
  1839.39817859     0.99316587        0
  1839.41861056     1.00204667        0
  1839.43904273     1.00803637        0
  1839.45947480     1.00622199        0
  1839.47990677     1.00167040        0
  1839.50033893     0.99737340        0
  1839.52077100     0.99808586        0
  1839.54120307     1.00016416        0
  1839.56163514     1.00035438        0
  1839.58206720     1.00048836        0
  1839.60249927     0.99984512        0
  1839.62293133     1.00450273        0
  1839.64336340     1.00547635        0
  1839.72509165     1.00342759        0
  1839.74552382     1.00478765        0
  1839.76595578     0.99934967        0
  1839.78638784     0.99479548        0
  1839.80682000     0.99410499        0
  1839.82725196     0.99888692        0
  1839.84768402     1.00561745        0
  1839.86811618     1.00983015        0
  1839.88854814     1.00538136        0
  1839.90898020     0.99741226        0
  1839.92941236     0.99666163        0
  1839.94984442     0.99965158        0
  1839.97027647     0.99890065        0
  1839.99070853     0.99693366        0
  1840.03157264     1.00786177        0
  1840.29718933     1.00235918        0
  1840.31762128     1.00415834        0
  1840.33805343     1.00552666        0
  1840.35848548     0.99816292        0
  1840.37891753     0.98855364        0
  1840.39934958     0.98819270        0
  1840.41978162     0.99852131        0
  1840.44021367     1.01117098        0
  1840.46064572     1.00870930        0
  1840.48107776     0.99985915        0
  1840.50150981     0.99634264        0
  1840.52194196     0.99964289        0
  1840.54237390     1.00368864        0
  1840.56280604     0.99945805        0
  1840.58323809     0.99328764        0
  1840.60367003     0.99321944        0
  1840.62410218     1.00047528        0
  1840.64453422     1.00738540        0
  1840.66496616     1.00467819        0
  1840.68539830     0.99857851        0
  1840.70583034     0.99602426        0
  1840.72626228     0.99933767        0
  1840.74669442     1.00031312        0
  1840.76712646     0.99383194        0
  1840.78755850     0.99283847        0
  1840.80799054     0.99679765        0
  1840.82842248     1.00618105        0
  1840.84885462     1.00945425        0
  1840.86928666     1.00593592        0
  1840.88971869     1.00037162        0
  1840.91015063     0.99307187        0
  1840.93058277     0.99369578        0
  1840.95101480     1.00089428        0
  1840.97144674     1.00511869        0
  1840.99187887     1.00223625        0
  1872.00731552     1.00863928        1
  1872.02774714     0.99787854        1
  1872.04817876     0.99312673        1
  1872.06861038     0.99933177        1
  1872.08904199     1.00253825        1
  1872.10947361     0.99771357        1
  1872.12990533     0.99653421        1
  1872.17076846     1.00715474        1
  1872.19120018     1.00661085        1
  1872.21163179     1.00428536        1
  1872.23206331     0.99818913        1
  1872.25249502     0.99251732        1
  1872.27292664     0.99205352        1
  1872.29335816     0.99735282        1
  1872.31378987     1.00276899        1
  1872.33422149     1.00245802        1
  1872.35465300     0.99899128        1
  1872.37508472     1.00255626        1
  1872.45681118     0.99861113        1
  1872.47724290     0.99900279        1
  1872.49767441     1.00506439        1
  1872.51810603     1.01086749        1
  1872.53853774     0.99995621        1
  1872.55896926     0.99657196        1
  1872.57940087     1.00344944        1
  1872.59983259     1.00174825        1
  1872.62026410     0.99633004        1
  1872.66112743     0.99932607        1
  1872.68155894     1.00700666        1
  1872.70199066     1.00487885        1
  1872.72242227     0.99665059        1
  1872.74285379     0.99497212        1
  1872.76328550     1.00033064        1
  1872.78371711     1.00380773        1
  1872.80414863     1.00219018        1
  1872.82458034     0.99909901        1
  1872.84501195     0.99787419        1
  1872.86544347     0.99984581        1
  1872.90630680     0.99821913        1
  1872.92673831     0.99652535        1
  1872.94717002     1.00094323        1
  1872.96760163     1.00669869        1
  1872.98803335     1.00639075        1
  1873.00846486     0.99732433        1
  1873.02889647     0.98969391        1
  1873.04932819     0.99414629        1
  1873.06975970     1.00552279        1
  1873.09019131     1.00953421        1
  1873.11062302     1.00121303        1
  1873.15148615     0.99966625        1
  1873.17191786     1.00074299        1
  1873.19234947     1.00027939        1
  1873.21278109     1.00094144        1
  1873.23321270     1.00276645        1
  1873.25364431     1.00152926        1
  1873.27407592     0.99992244        1
  1873.29450753     0.99660571        1
  1873.31493914     0.99728149        1
  1873.33537076     1.00255573        1
  1873.35580237     1.00375315        1
  1873.39666559     0.99528478        1
  1873.41709720     0.99835653        1
  1873.43752871     1.00261779        1
  1873.45796042     0.99704825        1
  1873.47839203     0.99518159        1
  1873.49882375     1.00025107        1
  1873.51925526     1.01358478        1
  1873.53968687     1.01114737        1
  1873.56011858     0.99556310        1
  1873.58055009     0.98958866        1
  1873.60098170     0.99749048        1
  1873.80529790     1.01054166        1
  1873.88702434     0.99918601        1
  1873.90745605     1.00078907        1
  1873.92788756     1.00549068        1
  1873.94831917     1.01409710        1
  1873.96875088     1.00510779        1
  1873.98918239     0.99432975        1
  1874.00961409     0.99158005        1
  1874.03004560     0.99575589        1
  1874.05047721     1.00068138        1
  1874.07090892     0.99945077        1
  1874.09134043     0.99810460        1
  1874.29565661     0.99897389        1
  1874.31608822     1.00805805        1
  1874.33651983     1.01335012        1
  1874.37738305     0.99350729        1
  1874.39781465     0.99193013        1
  1874.41824636     0.99752605        1
  1874.43867787     1.00226070        1
  1874.45910948     1.00425134        1
  1874.47954118     1.00006520        1
  1874.49997269     0.99806014        1
  1874.52040440     1.00256699        1
  1874.54083601     1.00260620        1
  1874.56126751     0.99659832        1
  1874.58169922     0.99409802        1
  1874.62256233     1.00818966        1
  1874.64299404     1.00322419        1
  1874.66342565     0.99280815        1
  1874.68385725     0.99234107        1
  1874.70428886     1.00458534        1
  1874.72472047     1.00958443        1
  1874.74515197     0.99974089        1
  1874.76558368     0.99541808        1
  1874.78601529     0.99904418        1
  1874.80644689     1.00284905        1
  1874.82687850     0.99939256        1
  1874.86774181     0.99762207        1
  1874.88817332     1.00479959        1
  1874.90860492     1.00529186        1
  1874.92903663     1.00019591        1
  1874.94946814     0.99716934        1
  1874.96989974     0.99766515        1
  1874.99033145     0.99876839        1
  1875.01076295     0.99934138        1
  1875.03119466     1.00068429        1
  1875.05162627     1.00040261        1
  1875.07205777     0.99916957        1
  1875.11292108     1.00012662        1
  1875.13335259     1.00251230        1
  1875.15378429     1.00492618        1
  1875.17421590     1.00395554        1
  1875.19464750     0.99775624        1
  1875.21507911     0.99338604        1
  1875.23551071     0.99795537        1
  1875.25594242     1.00397835        1
  1875.27637392     1.00370621        1
  1875.29680553     1.00146168        1
  1875.35810034     1.00231290        1
  1875.37853205     0.99292782        1
  1875.39896355     0.99245175        1
  1875.41939516     1.00290414        1
  1875.43982686     1.01121909        1
  1875.46025837     1.00556192        1
  1875.48068997     0.99511222        1
  1875.50112168     0.99474602        1
  1875.52155318     1.00175660        1
  1875.54198488     1.00673065        1
  1875.56241649     1.00869924        1
  1875.60327970     1.00201882        1
  1875.62371130     0.99769765        1
  1875.64414280     0.99301153        1
  1875.66457451     0.99243801        1
  1875.68500611     0.99809811        1
  1875.70543772     1.00367596        1
  1875.72586932     1.00663143        1
  1875.74630092     1.00917414        1
  1875.76673263     1.00575387        1
  1875.78716413     0.99674333        1
  1875.80759573     0.98694026        1
  1875.84845904     1.00461068        1
  1875.86889054     1.00882292        1
  1875.88932225     1.00154405        1
  1875.90975385     0.99402550        1
  1875.93018535     0.99852443        1
  1875.95061706     1.00556920        1
  1875.97104866     1.00362699        1
  1875.99148036     0.99480515        1
  1876.01191187     0.99142603        1
  1876.03234347     0.99321043        1
  1876.05277507     0.99796238        1
  1876.09363828     1.00285634        1
  1876.11406988     1.00366370        1
  1876.13450148     1.00389180        1
  1876.15493299     1.00307566        1
  1876.17536469     0.99698958        1
  1876.19579629     0.99512754        1
  1876.21622790     0.99914799        1
  1876.23665950     1.00013724        1
  1876.25709110     1.00379928        1
  1876.27752280     1.00351019        1
  1876.29795431     0.99943415        1
  1876.37968071     0.99817722        1
  1876.40011242     0.99793655        1
  1876.42054402     1.00729421        1
  1876.44097552     1.00908293        1
  1876.46140722     0.99931031        1
  1876.48183882     0.99176501        1
  1876.50227053     0.99774235        1
  1876.52270203     1.00954551        1
  1876.54313363     1.00883479        1
  1876.58399683     0.99211212        1
  1876.60442844     0.99884872        1
  1876.62486014     1.00613432        1
  1876.64529164     1.00206873        1
  1876.66572324     0.99871352        1
  1876.68615494     0.99966791        1
  1876.70658644     1.00184243        1
  1876.72701815     0.99863140        1
  1876.74744975     0.99351922        1
  1876.82917605     0.99712502        1
  1876.84960775     0.99991563        1
  1876.87003925     1.00604732        1
  1876.89047086     1.00618817        1
  1876.91090256     1.00081545        1
  1876.93133416     0.99579744        1
  1876.95176566     0.99663712        1
  1876.97219736     1.00471424        1
  1876.99262896     1.00132356        1
  1877.01306056     0.98824540        1
  1877.03349216     0.98768328        1
  1877.07435546     1.01459090        1
  1877.09478696     1.00673281        1
  1877.11521857     0.99688746        1
  1877.13565027     0.99388122        1
  1877.15608177     0.99837517        1
  1877.17651337     0.99794455        1
  1877.19694507     0.99679912        1
  1877.21737657     1.00180229        1
  1877.23780827     1.01099493        1
  1877.25823987     1.00450331        1
  1877.27867137     0.99636780        1
  1877.31953467     1.00109282        1
  1877.33996627     1.00563902        1
  1877.36039787     1.00302032        1
  1877.38082947     0.99991829        1
  1877.40126107     0.99641721        1
  1877.42169267     0.99398383        1
  1877.44212427     0.99211521        1
  1877.46255587     0.99706040        1
  1877.48298747     1.00613941        1
  1877.50341907     1.00867382        1
  1877.52385067     1.00244265        1
  1877.60557707     1.00132106        1
  1877.62600867     0.99146670        1
  1877.64644037     0.99426593        1
  1877.66687187     1.00683333        1
  1877.68730357     1.01203387        1
  1877.70773517     1.00401921        1
  1877.72816667     0.99355765        1
  1877.74859837     0.98968472        1
  1877.76902997     0.99697291        1
  1877.80989317     1.01164703        1
  1877.83032477     0.99627108        1
  1877.85075627     0.98895304        1
  1877.87118797     1.00071808        1
  1877.89161957     1.01044614        1
  1877.91205117     1.00832405        1
  1877.93248277     0.99960311        1
  1877.95291437     0.99852186        1
  1877.97334607     1.00182938        1
  1877.99377767     0.99851561        1
  1878.01420917     0.99450034        1
  1878.05507246     1.00735931        1
  1878.07550396     1.01067289        1
  1878.09593566     1.00488024        1
  1878.11636726     0.99493987        1
  1878.13679876     0.99493235        1
  1878.15723046     1.00231648        1
  1878.17766196     1.00333272        1
  1878.19809366     0.99727660        1
  1878.21852526     0.99500354        1
  1878.23895676     1.00000000        1
  1878.25938846     1.00424261        1
  1878.30025155     0.99789005        1
  1878.32068325     0.99622817        1
  1878.34111485     1.00328866        1
  1878.36154635     1.00927762        1
  1878.38197805     1.00338903        1
  1878.40240965     0.99262561        1
  1878.42284135     0.99351724        1
  1878.44327285     1.00391930        1
  1878.46370444     1.01137781        1
  1878.48413614     1.00659720        1
  1878.50456764     0.99453912        1
  1878.54543094     0.99585855        1
  1878.56586254     0.99525216        1
  1878.58629404     1.00379931        1
  1878.60672574     1.00817168        1
  1878.62715733     1.00306019        1
  1878.64758893     0.99350372        1
  1878.66802053     0.99399089        1
  1878.68845213     1.00790035        1
  1878.70888383     1.00736425        1
  1878.72931533     0.99519665        1
  1878.74974693     0.98824641        1
  1878.79061012     1.00754701        1
  1878.81104172     1.00935331        1
  1878.83147332     1.00048570        1
  1878.85190492     0.99601080        1
  1878.87233662     1.00093156        1
  1878.89276812     1.00701343        1
  1878.91319971     0.99979972        1
  1878.93363141     0.99290400        1
  1878.95406291     0.99250092        1
  1878.97449451     0.99838022        1
  1878.99492621     1.00280273        1
  1879.09708420     0.99795436        1
  1879.11751580     1.00024226        1
  1879.13794740     1.00732975        1
  1879.15837899     1.00291742        1
  1879.17881059     0.99645820        1
  1879.19924219     0.99453766        1
  1879.21967389     0.99819492        1
  1879.24010539     1.00080185        1
  1879.40355827     0.99633431        1
  1879.42398977     1.00987620        1
  1879.44442147     1.01055813        1
  1879.46485307     1.00178496        1
  1879.48528456     0.99577028        1
  1879.52614776     0.99958712        1
  1879.54657946     1.00220876        1
  1879.56701106     0.99772590        1
  1879.58744265     0.99809856        1
  1879.60787425     1.00158774        1
  1879.62830585     1.00138531        1
  1879.64873745     0.99762264        1
  1879.66916904     0.99928002        1
  1879.68960064     1.00290655        1
  1879.71003224     1.00600000        1
  1879.73046384     0.99706486        1
  1879.77132713     0.99488345        1
  1879.79175873     1.00047996        1
  1879.81219023     1.00294001        1
  1879.83262193     1.00190684        1
  1879.85305353     1.00463821        1
  1879.87348502     1.00564437        1
  1879.89391672     0.99920314        1
  1879.91434832     0.99144633        1
  1879.93477982     0.98911515        1
  1879.95521152     0.99939395        1
  1879.97564311     1.00816588        1
  1880.09823270     1.00189762        2
  1880.11866430     0.99953463        2
  1880.13909590     1.00138329        2
  1880.15952749     1.00536237        2
  1880.17995919     1.00093651        2
  1880.20039069     0.99553303        2
  1880.22082239     0.99726088        2
  1880.26168548     1.00809611        2
  1880.28211718     1.00043457        2
  1880.30254878     0.99708557        2
  1880.32298028     0.99851653        2
  1880.34341198     0.99826590        2
  1880.36384357     0.99163217        2
  1880.38427507     0.99094075        2
  1880.40470677     1.00083880        2
  1880.42513837     1.01504095        2
  1880.44557006     1.01220200        2
  1880.46600156     0.99669214        2
  1880.50686486     0.99016648        2
  1880.52729636     1.00111454        2
  1880.54772795     1.00414593        2
  1880.56815965     0.99789210        2
  1880.58859115     0.99703272        2
  1880.60902275     1.00267505        2
  1880.62945445     1.00603879        2
  1880.64988594     1.00576029        2
  1880.67031764     1.00135049        2
  1880.69074924     0.99435693        2
  1880.71118084     0.99125285        2
  1880.75204403     1.00231811        2
  1880.77247563     1.00814683        2
  1880.79290723     1.00550606        2
  1880.81333883     0.99614640        2
  1880.83377042     0.99441079        2
  1880.85420202     0.99987162        2
  1880.87463362     1.00080180        2
  1880.89506522     0.99646443        2
  1880.91549682     0.99368291        2
  1880.93592841     0.99685640        2
  1880.95636011     1.00539900        2
  1881.03808640     1.00039798        2
  1881.05851800     1.01218190        2
  1881.07894970     1.01095509        2
  1881.09938120     0.99900653        2
  1881.11981290     0.99272042        2
  1881.14024449     0.99496040        2
  1881.16067599     0.99990404        2
  1881.18110769     0.99763216        2
  1881.20153929     0.99551434        2
  1881.24240248     1.00703523        2
  1881.26283408     1.00813275        2
  1881.28326568     0.99980066        2
  1881.30369728     0.99533456        2
  1881.32412888     0.99648479        2
  1881.34456058     1.00054127        2
  1881.36499207     1.00141575        2
  1881.38542367     0.99919606        2
  1881.40585537     0.99985365        2
  1881.42628697     1.00243112        2
  1881.44671847     1.00345836        2
  1881.48758166     1.00337550        2
  1881.50801336     1.00483463        2
  1881.52844496     1.00193740        2
  1881.54887656     0.99392658        2
  1881.56930816     0.99147480        2
  1881.58973975     0.99839268        2
  1881.61017125     1.01264199        2
  1881.63060295     1.01341238        2
  1881.65103455     0.99825144        2
  1881.67146605     0.99181588        2
  1881.69189775     0.99824043        2
  1881.73276104     1.00064045        2
  1881.75319254     0.99616702        2
  1881.77362414     0.99987266        2
  1881.79405584     1.00694042        2
  1881.81448734     1.00880167        2
  1881.83491894     0.99724700        2
  1881.85535063     0.98932499        2
  1881.87578213     0.99386768        2
  1881.89621373     1.00576186        2
  1881.91664543     1.00752667        2
  1881.93707703     1.00061663        2
  1881.97794023     0.99723600        2
  1881.99837182     0.99929135        2
  1882.01880342     1.00007695        2
  1882.03923502     1.00283683        2
  1882.05966662     1.00787616        2
  1882.08009832     1.00538712        2
  1882.10052982     0.99638142        2
  1882.12096142     0.98851583        2
  1882.14139312     0.99533023        2
  1882.16182461     1.00355026        2
  1882.18225631     1.00620301        2
  1882.22311941     1.00130539        2
  1882.24355111     0.99863091        2
  1882.26398261     0.99737378        2
  1882.28441421     0.99478554        2
  1882.30484591     0.99297365        2
  1882.32527741     0.99895189        2
  1882.34570910     1.00601368        2
  1882.36614070     1.00579374        2
  1882.38657220     1.00486209        2
  1882.40700390     1.00342424        2
  1882.42743550     0.99672357        2
  1882.46829870     0.99474264        2
  1882.48873030     1.00165586        2
  1882.50916190     1.00263650        2
  1882.52959350     0.99556918        2
  1882.55002510     0.99067340        2
  1882.57045679     0.99789216        2
  1882.59088839     1.01144327        2
  1882.63175159     0.99238563        2
  1882.65218319     0.98743378        2
  1882.67261469     0.99222447        2
  1882.79520449     1.00536243        2
  1882.81563599     1.00283513        2
  1882.83606759     0.99960864        2
  1882.85649929     0.99918690        2
  1882.87693079     1.00252095        2
  1882.89736229     1.00662934        2
  1882.91779399     1.00000000        2
  1883.04038359     1.00543587        2
  1883.06081519     1.00634775        2
  1883.08124689     1.00032177        2
  1883.10167849     0.99299048        2
  1883.12210999     0.99471389        2
  1883.14254169     1.00417898        2
  1883.16297329     1.00755424        2
  1883.20383649     0.99728042        2
  1883.22426809     1.00370153        2
  1883.24469979     1.00646760        2
  1883.26513129     1.00082226        2
  1883.28556289     0.99682895        2
  1883.30599459     1.00002353        2
  1883.32642609     1.00390388        2
  1883.34685769     0.99737447        2
  1883.36728939     0.99144073        2
  1883.38772089     0.99641301        2
  1883.40815259     1.00825593        2
  1883.44901569     1.00164768        2
  1883.46944739     0.99625072        2
  1883.48987899     0.99265584        2
  1883.51031049     0.99807129        2
  1883.53074219     1.00142301        2
  1883.55117369     0.99958559        2
  1883.57160540     0.99971339        2
  1883.59203700     1.00343611        2
  1883.61246850     1.00479352        2
  1883.63290020     0.99841377        2
  1883.65333180     0.99365114        2
  1883.73505820     1.00169317        2
  1883.75548980     0.99222677        2
  1883.77592141     0.99613315        2
  1883.79635311     1.00729761        2
  1883.81678471     1.00998136        2
  1883.83721621     1.00080212        2
  1883.85764791     0.99181359        2
  1883.87807951     0.99826530        2
  1883.89851101     1.00279159        2
  1883.98023752     1.01428829        2
  1884.00066912     1.01433606        2
  1884.02110082     0.99915377        2
  1884.04153233     0.98923853        2
  1884.06196393     0.98771483        2
  1884.08239563     0.99772315        2
  1884.10282713     1.00779021        2
  1884.12325873     1.00903079        2
  1884.14369043     1.00281306        2
  1884.24584844     0.99536830        2
  1884.26627995     0.99620028        2
  1884.28671155     1.00075890        2
  1884.30714325     1.00592957        2
  1884.32757485     1.00454303        2
  1884.34800636     1.00068995        2
  1884.36843806     0.99589782        2
  1884.38886966     0.99483682        2
  1884.47059617     0.99070215        2
  1884.49102767     0.99694117        2
  1884.51145928     1.00610173        2
  1884.53189098     1.00704941        2
  1884.55232248     0.99780351        2
  1884.57275409     0.99144328        2
  1884.59318579     0.99497114        2
  1884.61361729     1.00320155        2
  1884.63404899     1.00335711        2
  1884.67491210     1.00060929        2
  1884.69534380     1.00510959        2
  1884.71577541     1.00207355        2
  1884.73620701     0.99223142        2
  1884.75663861     0.99123467        2
  1884.77707022     1.00155527        2
  1884.79750182     1.01181792        2
  1884.81793342     1.00876051        2
  1884.83836503     0.99726301        2
  1884.85879663     0.99335408        2
  1884.87922823     0.99410766        2
  1884.92009144     0.99637883        2
  1884.94052305     1.00339204        2
  1884.96095465     1.00531036        2
  1884.98138635     1.00478626        2
  1885.00181786     0.99988439        2
  1885.02224956     0.99489079        2
  1885.04268117     0.99960674        2
  1885.06311267     1.00706143        2
  1885.08354437     1.00270324        2
  1885.10397598     0.99354889        2
  1885.12440748     0.99432976        2
  1885.20613400     1.00217887        2
  1885.22656561     1.00220368        2
  1885.24699731     1.00398912        2
  1885.26742881     1.00017443        2
  1885.28786042     0.99360110        2
  1885.30829212     0.99522856        2
  1885.32872363     1.00357910        2
  1885.34915523     1.00550151        2
  1885.36958694     1.00310539        2
  1885.45131336     1.00015898        2
  1885.47174496     0.99904496        2
  1885.49217657     0.99841782        2
  1885.51260818     1.00482208        2
  1885.53303978     1.00890967        2
  1885.55347139     1.00134106        2
  1885.57390289     0.99632508        2
  1885.59433460     0.99791206        2
  1885.61476620     1.00450516        2
  1885.65562941     1.00320899        2
  1885.67606102     0.99285243        2
  1885.69649273     0.99128439        2
  1885.71692423     0.99996181        2
  1885.73735584     1.01096103        2
  1885.75778754     1.01723036        2
  1885.77821905     1.00953977        2
  1885.79865066     0.99758778        2
  1885.81908236     0.99151991        2
  1885.83951387     0.99456612        2
  1885.85994558     0.99557570        2
  1885.92124040     1.01114607        2
  1885.94167200     1.01629555        2
  1885.96210361     1.00559105        2
  1885.98253522     0.99078475        2
  1886.00296682     0.98544462        2
  1886.02339843     0.99118398        2
  1886.04383004     1.00325570        2
  1886.06426164     1.00815904        2
  1886.08469335     1.00065583        2
  1886.10512496     0.99571276        2
  1886.18685129     0.99510386        2
  1886.20728299     0.98963889        2
  1886.22771450     0.99747468        2
  1886.24814621     1.01023827        2
  1886.26857782     1.00211485        2
  1886.28900932     0.99115287        2
  1886.30944103     0.99414598        2
  1886.32987264     1.00562852        2
  1886.35030415     1.00939089        2
  1886.39116746     0.98895023        2
  1886.41159897     0.99508251        2
  1886.43203068     1.00487347        2
  1886.45246229     1.00427384        2
  1886.47289400     1.00015382        2
  1886.49332551     0.99929732        2
  1886.51375711     0.99923497        2
  1886.53418882     0.99788148        2
  1886.55462033     0.99882207        2
  1886.57505194     1.00397442        2
  1886.59548365     1.00488822        2
  1886.63634687     0.99848876        2
  1886.65677848     1.00000262        2
  1886.67721009     1.00319301        2
  1886.69764169     0.99916931        2
  1886.71807330     0.99361932        2
  1886.73850491     0.99798363        2
  1886.77936813     1.01055591        2
  1886.79979974     1.00313932        2
  1886.82023135     0.99492724        2
  1886.84066296     0.99050511        2
  1886.88152618     1.00843961        2
  1886.90195779     1.00429208        2
  1886.92238950     0.99447314        2
  1886.94282101     0.99760833        2
  1886.96325262     1.01070988        2
  1887.00411584     1.00093135        2
  1887.02454745     0.99081354        2
  1887.04497916     0.99529957        2
  1887.06541067     1.00357116        2
  1887.08584238     1.00065023        2
  1887.18800044     1.00057010        2
  1887.20843205     0.99210395        2
  1887.22886366     0.99389888        2
  1887.24929537     1.00343162        2
  1887.26972688     1.00794021        2
  1887.29015849     1.00511591        2
  1887.31059020     0.99717468        2
  1887.33102182     0.99866168        2
  1887.37188504     1.00793663        2
  1887.39231665     0.99960360        2
  1887.41274816     0.99945821        2
  1887.43317987     1.00355228        2
  1887.45361149     1.00238220        2
  1887.47404310     0.99662785        2
  1887.49447471     0.99616425        2
  1887.51490632     1.00213160        2
  1887.53533803     1.00873566        2
  1887.55576955     1.00863327        2
  1887.57620116     1.00001245        2
  1887.61706438     0.99054737        2
  1887.63749610     0.99119758        2
  1887.65792761     0.99548612        2
  1887.67835922     1.00770238        2
  1887.69879094     1.01410859        2
  1887.71922245     1.00628556        2
  1887.73965406     0.99480990        2
  1887.76008578     0.99293291        2
  1887.78051729     0.99636047        2
  1887.80094890     0.99515617        2
  1887.82138062     0.99265374        2
  1887.86224384     1.00495140        2
  1887.88267546     1.00930273        2
  1887.90310707     1.00627992        2
  1887.92353868     0.99444416        2
  1887.94397030     0.99124800        2
  1887.96440191     0.99838427        2
  1887.98483363     1.00777551        2
  1891.00871430     1.00704268        3
  1891.04957755     1.00110457        3
  1891.07000918     1.00375567        3
  1891.09044091     1.00150388        3
  1891.11087244     0.99976491        3
  1891.13130407     1.00087458        3
  1891.15173580     1.00298804        3
  1891.17216733     0.99888939        3
  1891.19259906     0.99252412        3
  1891.21303070     0.99271655        3
  1891.25389396     1.01610815        3
  1891.29475712     0.99939199        3
  1891.31518885     0.99521169        3
  1891.33562048     0.99845158        3
  1891.35605221     0.99779645        3
  1891.37648374     0.99418479        3
  1891.39691538     0.99712761        3
  1891.41734711     1.00717668        3
  1891.43777864     1.01498834        3
  1891.47864200     1.00028454        3
  1891.49907364     0.99680590        3
  1891.53993690     0.99412445        3
  1891.56036843     0.99726296        3
  1891.58080017     1.00392262        3
  1891.60123180     1.00578612        3
  1891.62166333     0.99899823        3
  1891.64209507     0.99582686        3
  1891.66252670     1.00256419        3
  1891.70338997     1.00987307        3
  1891.72382160     0.99775119        3
  1891.74425333     0.99212475        3
  1891.78511650     1.00803032        3
  1891.80554824     1.00137230        3
  1891.82597977     0.99807589        3
  1891.84641141     1.00163162        3
  1891.86684314     1.00385647        3
  1891.88727467     1.00184897        3
  1891.90770631     0.99668687        3
  1891.92813804     0.99510330        3
  1891.94856958     0.99890149        3
  1891.96900131     1.00893127        3
  1891.98943295     1.01209861        3
  1892.03029622     0.98847568        3
  1892.05072786     0.99285432        3
  1892.07115949     1.00297214        3
  1892.11202276     1.00634637        3
  1892.13245450     1.00125448        3
  1892.15288614     0.99860940        3
  1892.17331767     0.99858949        3
  1892.19374941     0.99712637        3
  1892.21418095     0.99142177        3
  1892.23461258     0.99670056        3
  1892.27547586     1.01164613        3
  1892.29590760     1.00642953        3
  1892.31633923     0.99528895        3
  1892.33677077     0.99082515        3
  1892.35720251     0.99655896        3
  1892.37763415     1.00313134        3
  1892.39806568     1.00468345        3
  1892.41849742     1.00343026        3
  1892.43892906     1.00298852        3
  1892.45936060     0.99841022        3
  1892.47979234     0.99640472        3
  1892.52065572     1.00580180        3
  1892.54108725     1.00368152        3
  1892.56151889     0.99819947        3
  1892.58195063     0.99432101        3
  1892.60238217     0.99846535        3
  1892.62281381     1.00291439        3
  1892.64324555     1.00282253        3
  1892.66367719     1.00308207        3
  1892.68410883     1.00460145        3
  1892.70454047     1.00437193        3
  1892.72497211     1.00073632        3
  1892.80669867     0.99852406        3
  1892.82713031     0.99863967        3
  1892.84756196     1.00287252        3
  1892.86799370     1.00898943        3
  1892.88842524     1.00388325        3
  1892.90885698     0.99185662        3
  1892.92928852     0.98937644        3
  1892.94972016     0.99884684        3
  1892.97015190     1.00726070        3
  1893.01101509     0.99559018        3
  1893.03144683     0.99719622        3
  1893.05187837     1.00564025        3
  1893.07231012     1.01008823        3
  1893.09274176     1.00165359        3
  1893.13360504     0.99128458        3
  1893.15403669     0.99760647        3
  1893.17446823     1.00414155        3
  1893.21533162     1.01130460        3
  1893.33792148     1.00000877        3
  1893.35835323     0.99557293        3
  1893.37878487     0.99676190        3
  1893.39921642     1.00192654        3
  1893.41964816     1.00877280        3
  1893.44007981     1.00215875        3
  1893.46051155     0.99400237        3
  1893.50137474     1.00285605        3
  1893.52180649     1.00710311        3
  1893.54223803     0.99413060        3
  1893.56266958     0.98710929        3
  1893.58310133     0.99613047        3
  1893.60353297     1.01284773        3
  1893.64439627     0.99948223        3
  1893.66482791     0.99474792        3
  1893.68525966     0.99747158        3
  1893.70569121     1.00297306        3
  1893.74655460     0.99907159        3
  1893.76698615     0.99965111        3
  1893.78741780     1.00377973        3
  1893.80784954     1.00294359        3
  1893.82828109     0.99334303        3
  1893.84871284     0.98965832        3
  1893.86914449     0.99832654        3
  1893.88957614     1.01038715        3
  1893.91000779     1.01143640        3
  1893.93043943     0.99948136        3
  1893.95087108     0.98829847        3
  1894.01216613     1.00818209        3
  1894.03259778     1.00535668        3
  1894.05302933     1.00166034        3
  1894.07346108     0.99991390        3
  1894.09389273     1.00009855        3
  1894.11432428     0.99635351        3
  1894.13475603     0.99339356        3
  1894.15518768     0.99839038        3
  1894.17561933     1.00211922        3
  1894.19605098     1.00033843        3
  1894.23691428     1.00135716        3
  1894.25734593     0.99996089        3
  1894.27777749     0.99655126        3
  1894.29820924     0.99744738        3
  1894.31864089     1.00364723        3
  1894.33907244     1.00612563        3
  1894.35950419     1.00519882        3
  1894.37993584     0.99720084        3
  1894.40036760     0.99266091        3
  1894.42079915     0.99919843        3
  1894.44123080     1.00691951        3
  1894.48209411     0.99966120        3
  1894.50252576     0.99825961        3
  1894.52295751     1.00140515        3
  1894.54338917     0.99487944        3
  1894.56382082     0.98915735        3
  1894.58425247     0.99929459        3
  1894.64554744     0.99958339        3
  1894.66597909     0.99382594        3
  1894.72727405     1.00408426        3
  1894.74770581     0.99314847        3
  1894.76813736     0.99424160        3
  1894.78856912     1.00532025        3
  1894.80900077     1.00593879        3
  1894.82943233     1.00129048        3
  1894.84986409     1.00063315        3
  1894.87029564     0.99953647        3
  1894.89072730     0.99575297        3
  1894.91115905     0.99632842        3
  1894.93159061     1.00546351        3
  1894.97245402     0.99684776        3
  1894.99288558     0.99966384        3
  1895.01331734     1.00682732        3
  1895.03374899     1.01310804        3
  1895.05418065     1.00147647        3
  1895.07461231     0.98700539        3
  1895.09504397     0.98710303        3
  1895.11547572     1.00183220        3
  1895.13590728     1.01409080        3
  1895.15633894     1.01216893        3
  1895.17677070     1.00234523        3
  1895.21763392     1.00147890        3
  1895.23806567     1.00804553        3
  1895.25849733     1.00274955        3
  1895.27892889     0.99348796        3
  1895.29936065     0.99124667        3
  1895.31979231     1.00255968        3
  1895.34022407     1.01058766        3
  1895.36065563     1.00519511        3
  1895.38108729     0.99835021        3
  1895.40151905     0.99737997        3
  1895.42195061     1.00462772        3
  1895.48324559     0.99429945        3
  1895.50367735     0.99909807        3
  1895.52410892     1.00524878        3
  1895.54454058     1.00475550        3
  1895.56497234     0.99757801        3
  1895.58540390     0.99432769        3
  1895.60583556     0.99820025        3
  1895.62626732     1.00584662        3
  1895.64669889     1.00401310        3
  1895.66713065     0.99779465        3
  1895.70799397     1.00000196        3
  1895.72842564     1.00221647        3
  1895.74885730     0.99601724        3
  1895.76928896     0.99198967        3
  1895.78972063     0.99639031        3
  1895.81015229     1.00462295        3
  1895.83058395     1.00983388        3
  1895.85101572     1.00450252        3
  1895.87144728     0.99843736        3
  1895.89187904     0.99369689        3
  1895.91231071     0.99071991        3
  1895.95317404     1.00571249        3
  1895.97360570     1.00758711        3
  1895.99403727     0.99999615        3
  1896.05533246     0.99847993        3
  1896.07576403     1.00419237        3
  1896.09619570     1.00195608        3
  1896.11662736     0.99810442        3
  1896.13705903     1.00061267        3
  1896.15749069     1.00498279        3
  1896.19835403     0.99178966        3
  1896.21878579     0.99517154        3
  1896.23921736     1.00400030        3
  1896.25964903     1.00690049        3
  1896.28008080     0.99949638        3
  1896.30051236     0.99485385        3
  1896.32094403     0.99550606        3
  1896.34137580     1.00068293        3
  1896.36180737     1.00034611        3
  1896.40267081     1.00613173        3
  1896.50482915     0.99860237        3
  1896.52526082     1.00675898        3
  1896.54569249     1.00101997        3
  1896.56612426     0.99554595        3
  1896.58655583     0.99994168        3
  1896.60698760     1.00508532        3
  1896.62741927     1.00362864        3
  1896.64785084     0.99709505        3
  1896.68871428     0.99537449        3
  1896.70914585     0.99583905        3
  1896.72957763     0.99163902        3
  1896.75000930     0.99766609        3
  1896.77044097     1.01322533        3
  1896.81130431     1.00459367        3
  1896.83173599     0.99389366        3
  1896.85216766     0.99472455        3
  1896.87259933     1.00249764        3
  1896.89303100     1.00016144        3
  1896.93389435     0.99710534        3
  1896.95432602     1.01433383        3
  1896.97475770     1.01803416        3
  1896.99518947     1.00486157        3
  1897.01562104     0.99094307        3
  1897.03605272     0.98781194        3
  1897.05648449     0.99950649        3
  1897.07691617     1.00853005        3
  1897.09734774     1.00589873        3
  1897.11777952     1.00018223        3
  1897.13821119     0.99869985        3
  1897.17907454     0.99974985        3
  1897.19950622     1.00097255        3
  1897.21993799     0.99667747        3
  1897.24036957     0.99995087        3
  1897.26080125     1.00023751        3
  1897.30166460     0.99549877        3
  1897.32209638     0.99699820        3
  1897.34252805     1.00330870        3
  1897.36295963     1.00472642        3
  1897.38339141     1.00078892        3
  1897.42425466     0.99624006        3
  1897.44468644     1.00328092        3
  1897.46511812     1.00224202        3
  1897.48554990     0.99626002        3
  1897.50598147     0.99724249        3
  1897.52641305     0.99793517        3
  1897.54684483     0.99839271        3
  1897.56727651     1.00001862        3
  1897.58770819     1.00207953        3
  1897.60813987     1.00557373        3
  1897.62857155     1.00548212        3
  1897.77159341     0.99759215        3
  1897.79202509     1.00835127        3
  1897.81245667     1.00181452        3
  1897.83288845     0.99400909        3
  1897.85332014     0.99221379        3
  1897.87375192     1.00000000        3
  1897.91461518     1.00473296        3
  1897.93504696     0.99939651        3
  1897.95547855     0.99825336        3
  1897.97591023     1.00117822        3
  1897.99634201     1.00123208        3
  1898.01677360     1.00130102        4
  1898.03720538     1.00365382        4
  1898.05763706     0.99997260        4
  1898.07806865     0.99670642        4
  1898.09850043     0.99585109        4
  1898.11893211     0.99848103        4
  1898.18022707     1.00121801        4
  1898.20065885     1.00061068        4
  1898.22109054     1.00234485        4
  1898.24152212     0.99747383        4
  1898.26195391     0.99348490        4
  1898.28238559     0.99684990        4
  1898.30281728     1.00280680        4
  1898.32324897     1.00696288        4
  1898.34368065     1.00573413        4
  1898.36411234     1.00157191        4
  1898.40497571     0.99498201        4
  1898.42540750     0.99745689        4
  1898.44583919     1.00037721        4
  1898.46627078     1.00228336        4
  1898.50713425     0.99643956        4
  1898.52756584     0.99477858        4
  1898.54799763     1.00185369        4
  1898.56842932     1.00860867        4
  1898.60929269     1.00071299        4
  1898.65015617     0.98962474        4
  1898.67058776     0.99588026        4
  1898.69101945     1.00146820        4
  1898.71145124     1.00619833        4
  1898.73188283     1.00761975        4
  1898.75231462     1.00417066        4
  1898.77274631     1.00326417        4
  1898.79317790     1.00255264        4
  1898.81360969     0.99538796        4
  1898.83404128     0.98987168        4
  1898.85447298     0.99383094        4
  1898.89533636     1.01077441        4
  1898.91576805     1.00087154        4
  1898.93619984     0.99255188        4
  1898.95663153     0.99514048        4
  1898.97706323     1.00301660        4
  1898.99749492     1.00372974        4
  1899.01792661     0.99818470        4
  1899.03835831     0.99364401        4
  1899.05879000     0.99498238        4
  1899.07922169     0.99757182        4
  1899.09965349     0.99583176        4
  1899.14051687     1.00292894        4
  1899.16094857     1.00673291        4
  1899.18138016     1.00273000        4
  1899.20181196     0.99593122        4
  1899.22224365     0.99611225        4
  1899.24267525     1.00155676        4
  1899.26310704     1.00270197        4
  1899.28353874     0.99692320        4
  1899.30397053     0.99582217        4
  1899.32440213     0.99995275        4
  1899.34483383     1.00459743        4
  1899.38569722     0.99898962        4
  1899.40612892     0.99637046        4
  1899.42656071     1.00172810        4
  1899.44699231     1.00449522        4
  1899.46742411     0.99684219        4
  1899.48785571     0.99316356        4
  1899.50828740     1.00245862        4
  1899.56958250     0.99749099        4
  1899.59001430     0.99838772        4
  1899.63087760     0.99879663        4
  1899.65130940     0.99857621        4
  1899.67174109     1.00428739        4
  1899.69217279     1.00642041        4
  1899.71260449     1.00088704        4
  1899.73303619     0.99604258        4
  1899.75346799     0.99586126        4
  1899.77389960     1.00005975        4
  1899.79433130     1.00139078        4
  1899.81476310     0.99886366        4
  1899.83519470     1.00106297        4
  1899.87605820     1.00633926        4
  1899.89648980     0.99472059        4
  1899.93735331     0.99838041        4
  1899.95778491     1.01270890        4
  1899.97821671     1.01362312        4
  1899.99864842     0.99937026        4
  1900.01908022     0.99096229        4
  1900.03951182     0.99492127        4
  1900.05994353     1.00272103        4
  1900.08037523     1.00205057        4
  1900.12123864     1.00534930        4
  1900.14167034     1.00822508        4
  1900.16210205     1.00388457        4
  1900.18253385     0.99445758        4
  1900.20296546     0.99470604        4
  1900.22339716     1.00175710        4
  1900.24382897     1.00566093        4
  1900.26426057     1.00177172        4
  1900.28469228     0.99702585        4
  1900.30512409     1.00182191        4
  1900.32555579     1.00875150        4
  1900.36641921     1.00058905        4
  1900.38685091     0.99639226        4
  1900.40728272     0.99828250        4
  1900.42771433     1.00069624        4
  1900.44814604     0.99746718        4
  1900.46857784     0.99267542        4
  1900.48900945     0.99578744        4
  1900.50944116     1.00811913        4
  1900.57073639     0.98833372        4
  1900.61159970     0.99954715        4
  1900.63203151     1.00847754        4
  1900.65246322     1.00178369        4
  1900.67289483     0.99714702        4
  1900.69332664     1.00088718        4
  1900.71375836     1.00548443        4
  1900.73419007     1.00176497        4
  1900.75462178     0.99360426        4
  1900.77505349     0.99195760        4
  1900.79548530     0.99890608        4
  1900.81591691     1.00096753        4
  1900.85678034     0.99863083        4
  1900.87721205     0.99422234        4
  1900.89764386     0.99590444        4
  1900.91807557     1.00097779        4
  1900.93850719     1.00481374        4
  1900.95893900     1.00635008        4
  1900.97937071     1.00477429        4
  1900.99980233     0.99798072        4
  1901.02023414     0.99127368        4
  1901.04066585     0.99681485        4
  1901.10196100     1.00159469        4
  1901.12239281     0.99532116        4
  1901.14282443     1.00109329        4
  1901.16325614     1.00769184        4
  1901.18368796     1.00000878        4
  1901.20411958     0.99178240        4
  1901.22455129     0.99453563        4
  1901.24498311     1.00537191        4
  1901.28584654     0.99992455        4
  1901.30627826     0.99546996        4
  1901.34714169     1.00345260        4
  1901.36757341     0.99788211        4
  1901.40843685     0.99581968        4
  1901.42886857     0.99712856        4
  1901.44930028     0.99755643        4
  1901.46973200     1.00727222        4
  1901.49016372     1.00932317        4
  1901.51059544     1.00116580        4
  1901.53102716     0.99300244        4
  1901.55145888     0.99273894        4
  1901.59232232     1.00094890        4
  1901.61275414     1.00306551        4
  1901.63318586     1.00235409        4
  1901.65361748     1.00006852        4
  1901.67404930     0.99832740        4
  1901.69448103     0.99729520        4
  1901.71491265     0.99858655        4
  1901.73534447     1.00211200        4
  1901.75577619     1.00373163        4
  1901.77620781     1.00084796        4
  1901.79663964     0.99795410        4
  1901.83750318     0.99845067        4
  1901.85793481     1.00301827        4
  1901.87836653     1.00436430        4
  1901.89879835     1.00095609        4
  1901.91922998     0.99893642        4
  1901.93966170     1.00129668        4
  1901.96009353     1.00273775        4
  1901.98052515     0.99749972        4
  1902.00095697     0.99304998        4
  1902.02138870     0.99499234        4
  1902.04182033     1.00291853        4
  1902.08268388     0.99864958        4
  1902.10311550     0.99653184        4
  1902.12354733     1.00277964        4
  1902.16441078     1.00310680        4
  1902.18484251     0.99504173        4
  1902.20527424     0.99158576        4
  1902.22570596     0.99105733        4
  1902.24613769     1.00004328        4
  1902.26656942     1.00825785        4
  1902.28700125     1.00908840        4
  1902.32786460     1.00469279        4
  1902.34829643     1.00522322        4
  1902.36872806     0.99429000        4
  1902.38915989     0.98728695        4
  1902.40959162     0.98875116        4
  1902.43002325     0.99862674        4
  1902.45045508     1.00839330        4
  1902.47088681     1.00968807        4
  1902.49131844     1.00358375        4
  1902.51175027     0.99542126        4
  1902.53218200     0.99262249        4
  1902.57304547     1.00000000        4
  1902.59347720     1.00911563        4
  1902.61390903     1.00391061        4
  1902.63434066     0.99333453        4
  1902.65477240     0.98950693        4
  1902.67520423     0.99949436        4
  1902.69563586     1.01070258        4
  1902.71606769     1.00770693        4
  1902.73649943     0.99960586        4
  1902.75693106     0.99330050        4
  1902.77736290     0.99825817        4
  1902.85908983     0.99259976        4
  1902.87952147     1.00820609        4
  1902.89995330     1.01480496        4
  1902.96124851     0.98980122        4
  1902.98168025     1.00288756        4
  1903.02254372     1.00236684        4
  1903.20642936     0.99934904        4
  1903.22686120     1.00018661        4
  1903.24729294     0.99662169        4
  1903.30858816     1.00472712        4
  1903.32902000     1.00531465        4
  1903.34945164     0.99223695        4
  1903.36988339     0.98842441        4
  1903.39031523     0.99786387        4
  1903.41074697     1.00804326        4
  1903.43117871     1.00496634        4
  1903.45161035     0.99593916        4
  1903.47204209     0.99472096        4
  1903.49247394     0.99964693        4
  1903.51290568     1.00013137        4
  1903.55376917     0.99597944        4
  1903.57420091     1.00359362        4
  1903.59463255     1.00777072        4
  1903.61506440     1.00528278        4
  1903.63549614     0.99755986        4
  1903.65592799     0.99456908        4
  1903.67635963     1.00290628        4
  1903.69679138     1.01268010        4
  1903.71722322     1.00758657        4
  1903.73765487     0.99499343        4
  1903.75808661     0.99048657        4
  1903.83981370     0.99461282        4
  1903.86024535     0.99079492        4
  1903.88067719     1.00697168        4
  1903.90110894     1.01332945        4
  1903.92154059     1.00313267        4
  1903.94197244     0.99055140        4
  1903.96240418     0.99252288        4
  1903.98283603     1.00280123        4
  1904.00326768     1.00565463        4
  1904.04413118     0.99276862        4
  1904.06456303     1.00196800        4
  1904.08499468     1.01134129        4
  1904.10542643     1.00772768        4
  1904.12585818     0.99672659        4
  1904.14628993     0.99160896        4
  1904.16672178     0.99273380        4
  1904.18715343     0.99551150        4
  1904.20758528     1.00009027        4
  1904.22801704     1.00434627        4
  1904.24844869     1.00822562        4
  1904.28931229     0.99639866        4
  1904.30974394     0.99393160        4
  1904.33017580     0.99798040        4
  1904.35060755     1.00080062        4
  1904.37103940     0.99585971        4
  1904.39147106     0.99465091        4
  1904.41190281     1.00358161        4
  1904.43233467     1.00510051        4
  1904.45276632     0.99916556        4
  1904.47319807     0.99590241        4
  1904.49362993     0.99807345        4
  1904.61622046     1.00348868        4
  1904.63665222     1.00429096        4
  1904.65708398     1.00139337        4
  1904.67751574     0.99917070        4
  1904.69794749     1.00088034        4
  1904.71837925     1.00173087        4
  1904.73881101     0.99477944        4
  1904.77967453     0.99405167        4
  1904.80010628     1.00254924        4
  1904.82053814     1.00708837        4
  1904.84096980     1.00437839        4
  1904.86140156     0.99934102        4
  1904.88183342     0.99205183        4
  1904.90226508     0.99186095        4
  1904.92269694     0.99785898        4
  1904.94312870     1.00472454        4
  1904.96356037     1.00714724        4
  1904.98399223     0.99933927        4
  1905.04528751     1.00083525        4
  1905.06571927     1.00832870        4
  1905.08615114     0.99588416        4
  1905.10658280     0.99030171        4
  1905.12701456     0.99239980        4
  1905.14744643     0.99951616        4
  1905.16787809     1.00446841        4
  1905.18830985     1.00345253        4
