  1835.65880153     1.00114296        0
  1835.67923360     0.99940213        0
  1835.69966567     0.99950279        0
  1835.72009774     0.99996707        0
  1835.80182601     1.00023700        0
  1835.82225818     0.99971038        0
  1835.84269015     0.99997668        0
  1835.86312221     0.99968404        0
  1835.88355438     0.99958244        0
  1835.90398634     0.99980955        0
  1835.92441841     0.99897068        0
  1835.94485057     0.99955742        0
  1835.96528253     0.99965574        0
  1835.98571460     0.99966464        0
  1836.00614676     1.00020863        0
  1836.02657872     0.99994007        0
  1836.04701078     1.00062103        0
  1836.06744295     1.00072555        0
  1836.08787491     1.00029539        0
  1836.10830697     1.00027324        0
  1836.12873913     1.00068384        0
  1836.14917119     1.00002452        0
  1836.16960314     1.00018405        0
  1836.19003530     0.99947167        0
  1836.21046736     1.00065659        0
  1836.23089952     1.00001027        0
  1836.25133148     1.00086406        0
  1836.27176353     1.00066797        0
  1836.31262764     1.00027737        0
  1836.33305970     1.00105990        0
  1836.35349185     0.99982105        0
  1836.37392381     1.00001033        0
  1836.39435586     1.00018206        0
  1836.41478792     0.99970639        0
  1836.43521997     0.99939595        0
  1836.45565202     1.00083484        0
  1836.47608407     1.00015013        0
  1836.49651613     1.00056603        0
  1836.51694818     1.00122399        0
  1836.53738023     0.99973020        0
  1836.55781228     1.00014902        0
  1836.57824433     0.99985526        0
  1836.59867648     0.99990621        0
  1836.61910843     1.00027878        0
  1836.63954047     1.00026413        0
  1836.65997262     0.99990037        0
  1836.68040457     1.00005595        0
  1836.70083662     1.00062136        0
  1836.72126876     1.00021754        0
  1836.74170071     1.00101108        0
  1836.76213276     1.00048377        0
  1836.78256490     0.99991415        0
  1836.80299685     1.00007429        0
  1836.82342899     0.99974896        0
  1836.84386103     0.99896290        0
  1836.86429298     0.99927840        0
  1836.88472512     0.99931327        0
  1836.90515716     0.99985132        0
  1836.92558911     0.99914727        0
  1836.94602125     1.00033088        0
  1836.96645329     0.99988923        0
  1836.98688533     0.99987173        0
  1837.00731737     1.00068195        0
  1837.02774941     0.99977569        0
  1837.15034164     0.99984072        0
  1837.17077368     1.00036863        0
  1837.19120571     0.99934978        0
  1837.21163775     0.99942733        0
  1837.23206978     0.99963358        0
  1837.25250182     0.99910781        0
  1837.27293385     0.99913625        0
  1837.29336579     0.99900247        0
  1837.31379792     0.99992189        0
  1837.33422996     0.99897309        0
  1837.35466199     0.99891477        0
  1837.37509402     0.99972418        0
  1837.39552605     0.99992524        0
  1837.41595808     1.00038643        0
  1837.43639021     0.99978807        0
  1837.45682215     1.00031683        0
  1837.47725428     0.99976756        0
  1837.49768631     1.00017753        0
  1837.51811823     1.00032141        0
  1837.53855036     1.00067064        0
  1837.55898239     0.99996683        0
  1837.57941432     1.00049468        0
  1837.59984645     1.00034422        0
  1837.62027847     0.99991683        0
  1837.64071040     1.00024994        0
  1837.66114253     1.00033723        0
  1837.68157455     0.99976578        0
  1837.70200648     0.99971634        0
  1837.72243860     1.00048368        0
  1837.74287063     1.00066046        0
  1837.76330255     1.00041806        0
  1837.78373467     1.00028890        0
  1837.80416670     0.99980791        0
  1837.82459872     1.00073605        0
  1837.84503074     0.99993109        0
  1837.86546276     1.00025105        0
  1837.88589468     0.99970608        0
  1837.90632681     1.00031622        0
  1837.92675883     1.00027393        0
  1837.94719085     0.99998387        0
  1837.96762287     0.99988900        0
  1837.98805488     1.00023709        0
  1838.00848680     1.00026163        0
  1838.02891892     1.00034747        0
  1838.04935094     0.99983376        0
  1838.06978306     0.99930379        0
  1838.09021497     1.00073008        0
  1838.11064699     0.99955758        0
  1838.13107911     1.00032953        0
  1838.15151102     1.00042856        0
  1838.17194304     1.00036394        0
  1838.19237515     0.99989538        0
  1838.21280707     1.00020952        0
  1838.23323908     1.00073177        0
  1838.27410321     1.00033696        0
  1838.29453512     0.99971332        0
  1838.31496723     1.00082377        0
  1838.33539924     1.00048758        0
  1838.35583115     1.00051893        0
  1838.37626326     1.00040520        0
  1838.39669527     1.00025313        0
  1838.41712718     0.99956005        0
  1838.43755929     1.00044766        0
  1838.45799130     1.00123775        0
  1838.47842321     1.00012405        0
  1838.49885532     1.00008984        0
  1838.51928733     1.00000173        0
  1838.53971923     0.99981028        0
  1838.56015134     0.99998675        0
  1838.58058335     0.99935956        0
  1838.60101525     0.99867456        0
  1838.62144736     0.99868691        0
  1838.64187936     0.99943214        0
  1838.66231127     1.00107512        0
  1838.68274337     1.00099529        0
  1838.70317538     0.99974985        0
  1838.72360738     0.99984779        0
  1838.74403938     1.00061709        0
  1838.76447139     0.99997371        0
  1838.78490339     0.99958759        0
  1838.80533539     0.99892013        0
  1838.82576739     0.99932053        0
  1838.84619949     0.99941337        0
  1838.86663139     0.99961308        0
  1838.88706339     0.99953972        0
  1838.90749549     1.00050190        0
  1838.92792739     1.00072420        0
  1838.94835939     0.99949182        0
  1838.96879149     0.99975825        0
  1839.09138347     0.99965365        0
  1839.11181546     1.00051275        0
  1839.13224736     1.00365973        0
  1839.15267945     0.99993946        0
  1839.17311145     1.00025515        0
  1839.19354334     1.00080453        0
  1839.21397543     0.99940058        0
  1839.23440743     1.00022481        0
  1839.25483932     0.99989533        0
  1839.27527141     1.00037912        0
  1839.29570340     1.00001640        0
  1839.31613549     1.00002073        0
  1839.33656738     1.00018383        0
  1839.35699937     0.99989990        0
  1839.37743136     1.00362832        0
  1839.39786335     1.00024442        0
  1839.41829524     0.99991901        0
  1839.43872733     0.99970200        0
  1839.45915932     0.99950509        0
  1839.47959121     1.00042638        0
  1839.50002329     0.99985594        0
  1839.52045528     0.99987614        0
  1839.54088727     1.00049184        0
  1839.56131925     1.00011675        0
  1839.58175124     0.99954935        0
  1839.60218322     1.00019391        0
  1839.62261521     1.00033670        0
  1839.64304719     1.00013017        0
  1839.66347917     1.00069879        0
  1839.68391126     0.99937785        0
  1839.72477512     0.99919629        0
  1839.74520721     0.99991170        0
  1839.76563909     0.99990289        0
  1839.78607107     0.99987764        0
  1839.80650315     1.00061766        0
  1839.82693503     0.99987226        0
  1839.84736701     0.99966373        0
  1839.86779909     0.99954510        0
  1839.88823097     0.99950119        0
  1839.90866295     0.99991057        0
  1839.92909503     1.00016612        0
  1839.94952700     0.99937005        0
  1839.96995898     1.00024022        0
  1839.99039096     1.00033996        0
  1840.01082294     1.00046603        0
  1840.03125491     0.99967218        0
  1840.29687057     0.99979305        0
  1840.31730244     1.00035851        0
  1840.33773451     0.99940773        0
  1840.35816648     1.00012310        0
  1840.37859844     1.00071240        0
  1840.39903041     1.00117249        0
  1840.41946238     1.00070536        0
  1840.43989435     0.99969371        0
  1840.46032632     0.99957692        0
  1840.48075828     0.99897329        0
  1840.50119025     0.99960913        0
  1840.52162232     0.99960424        0
  1840.54205418     1.00069156        0
  1840.56248625     1.00101424        0
  1840.58291821     1.00052839        0
  1840.60335008     1.00000927        0
  1840.62378214     1.00093191        0
  1840.64421411     1.00000000        0
  1840.66464597     0.99987672        0
  1840.68507803     0.99983797        0
  1840.70551000     0.99918823        0
  1840.74637392     1.00020860        0
  1840.76680588     1.00050498        0
  1840.78723784     1.00078736        0
  1840.80766980     1.00011335        0
  1840.82810166     1.00044836        0
  1840.84853372     0.99981762        0
  1840.86896568     1.00052132        0
  1840.88939764     0.99997018        0
  1840.90982950     0.99957701        0
  1840.93026156     0.99975606        0
  1840.95069352     1.00019047        0
  1840.97112537     0.99981558        0
  1840.99155743     0.99959024        0
  1872.00692570     1.00009491        1
  1872.02735731     1.00042743        1
  1872.04778892     1.00077984        1
  1872.06822052     0.99891758        1
  1872.08865213     0.99976905        1
  1872.10908374     0.99971463        1
  1872.12951544     1.00086865        1
  1872.17037856     0.99937966        1
  1872.19081026     0.99994686        1
  1872.21124187     0.99978008        1
  1872.23167338     0.99995601        1
  1872.25210508     0.99975865        1
  1872.27253669     0.99995199        1
  1872.29296819     0.99974377        1
  1872.31339990     0.99970022        1
  1872.33383151     0.99936321        1
  1872.35426301     0.99945372        1
  1872.37469472     1.00014147        1
  1872.41555803     1.00116258        1
  1872.43598953     0.99998281        1
  1872.45642114     1.00017624        1
  1872.47685285     0.99985588        1
  1872.49728435     0.99974213        1
  1872.51771596     0.99978777        1
  1872.53814766     1.00012035        1
  1872.55857917     1.00015320        1
  1872.57901077     1.00002970        1
  1872.59944248     1.00001645        1
  1872.61987398     1.00008149        1
  1872.66073729     0.99982187        1
  1872.68116880     1.00056268        1
  1872.70160051     1.00009694        1
  1872.72203211     1.00016510        1
  1872.74246362     1.00018298        1
  1872.76289532     1.00037711        1
  1872.78332693     1.00087768        1
  1872.80375843     1.00082920        1
  1872.82419014     0.99978436        1
  1872.84462174     1.00014297        1
  1872.86505325     0.99974517        1
  1872.90591655     1.00030419        1
  1872.92634806     1.00092015        1
  1872.94677976     0.99999344        1
  1872.96721137     0.99992184        1
  1872.98764307     1.00063208        1
  1873.00807458     0.99983873        1
  1873.02850618     1.00015599        1
  1873.04893789     0.99957160        1
  1873.06936939     0.99964895        1
  1873.08980100     1.00020157        1
  1873.11023270     1.00053473        1
  1873.15109581     1.00003381        1
  1873.17152751     1.00031182        1
  1873.19195912     1.00066852        1
  1873.21239072     1.00018770        1
  1873.23282233     1.00048156        1
  1873.25325393     1.00034326        1
  1873.27368553     0.99952581        1
  1873.29411714     0.99943469        1
  1873.31454874     0.99981662        1
  1873.33498035     0.99982622        1
  1873.35541195     0.99988539        1
  1873.39627516     0.99886359        1
  1873.41670676     0.99991076        1
  1873.43713827     0.99964034        1
  1873.45756997     1.00018865        1
  1873.47800157     0.99981928        1
  1873.49843328     0.99942215        1
  1873.51886478     0.99931734        1
  1873.53929638     1.00013405        1
  1873.55972809     1.00063955        1
  1873.58015959     1.00024241        1
  1873.60059119     1.00006880        1
  1873.78447573     0.99983293        1
  1873.80490733     0.99967837        1
  1873.82533893     0.99950335        1
  1873.84577063     1.00014398        1
  1873.88663374     0.99995280        1
  1873.90706544     0.99955199        1
  1873.92749695     0.99984934        1
  1873.94792855     0.99941599        1
  1873.96836025     0.99990677        1
  1873.98879176     1.00005903        1
  1874.00922346     0.99997647        1
  1874.02965496     0.99927604        1
  1874.05008657     1.00003152        1
  1874.07051827     1.00000000        1
  1874.09094977     0.99974233        1
  1874.27483430     1.00036207        1
  1874.29526590     1.00013670        1
  1874.31569750     1.00039157        1
  1874.33612910     1.00017731        1
  1874.37699231     0.99993305        1
  1874.39742391     0.99946568        1
  1874.41785561     1.00033713        1
  1874.43828712     0.99982874        1
  1874.45871872     1.00071198        1
  1874.47915042     1.00031805        1
  1874.49958192     0.99993172        1
  1874.52001363     1.00209768        1
  1874.54044523     0.99983963        1
  1874.56087673     1.00059247        1
  1874.58130843     1.00029724        1
  1874.62217154     0.99978217        1
  1874.64260324     0.99982525        1
  1874.66303484     1.00006414        1
  1874.68346644     0.99958475        1
  1874.70389805     0.99889687        1
  1874.72432965     0.99994913        1
  1874.74476115     0.99937425        1
  1874.76519285     0.99954086        1
  1874.78562445     1.00024282        1
  1874.80605606     0.99936412        1
  1874.82648766     0.99969064        1
  1874.86735096     0.99987032        1
  1874.88778247     1.00024745        1
  1874.90821407     1.00058332        1
  1874.92864577     1.00029088        1
  1874.94907727     0.99964828        1
  1874.96950887     0.99979246        1
  1874.98994058     1.00022205        1
  1875.01037208     0.99942695        1
  1875.03080378     0.99959705        1
  1875.05123538     1.00005790        1
  1875.07166688     1.00022120        1
  1875.11253019     1.00010938        1
  1875.13296169     0.99985533        1
  1875.15339339     0.99949869        1
  1875.17382499     1.00037523        1
  1875.19425659     0.99958231        1
  1875.21468820     0.99991511        1
  1875.23511980     0.99993638        1
  1875.25555150     0.99945169        1
  1875.35770941     0.99977648        1
  1875.37814111     1.00044284        1
  1875.39857261     1.00045064        1
  1875.41900421     0.99961395        1
  1875.43943591     1.00035596        1
  1875.45986742     1.00031652        1
  1875.48029902     1.00026985        1
  1875.50073072     1.00020401        1
  1875.52116222     1.00068179        1
  1875.54159392     1.00091831        1
  1875.56202552     1.00105135        1
  1875.60288873     1.00014972        1
  1875.62332033     0.99962702        1
  1875.64375183     1.00024256        1
  1875.66418353     0.99998029        1
  1875.68461513     1.00013699        1
  1875.70504674     1.00008027        1
  1875.72547834     1.00061369        1
  1875.74590994     1.00065714        1
  1875.76634164     0.99990763        1
  1875.78677314     1.00061417        1
  1875.80720474     0.99999133        1
  1875.84806805     0.99943129        1
  1875.86849955     1.00020676        1
  1875.88893125     1.00003448        1
  1875.90936285     0.99964670        1
  1875.92979435     1.00007448        1
  1875.95022605     1.00029536        1
  1875.97065766     1.00041663        1
  1875.99108936     0.99964531        1
  1876.01152086     1.00017148        1
  1876.03195246     1.00079252        1
  1876.09324726     1.00024311        1
  1876.11367887     0.99999760        1
  1876.13411047     1.00039857        1
  1876.15454197     1.00025172        1
  1876.17497367     1.00080941        1
  1876.19540527     0.99986594        1
  1876.21583687     0.99951717        1
  1876.23626848     0.99940870        1
  1876.25670008     0.99979933        1
  1876.27713178     1.00014138        1
  1876.35885818     0.99969645        1
  1876.37928969     0.99953686        1
  1876.39972139     0.99936252        1
  1876.42015299     0.99931618        1
  1876.44058449     0.99941457        1
  1876.46101619     0.99971660        1
  1876.48144779     1.00027822        1
  1876.50187949     0.99980301        1
  1876.52231100     1.00114998        1
  1876.54274260     0.99951215        1
  1876.58360580     1.00044851        1
  1876.60403740     1.00030655        1
  1876.62446910     1.00082720        1
  1876.64490060     1.00040858        1
  1876.66533221     1.00133241        1
  1876.82878502     0.99987569        1
  1876.84921672     1.00000675        1
  1876.86964822     0.99989090        1
  1876.89007982     1.00026704        1
  1876.91051152     0.99984206        1
  1876.93094313     1.00007273        1
  1876.95137463     1.00008221        1
  1877.07396444     1.00004320        1
  1877.09439594     0.99981354        1
  1877.11482754     0.99966820        1
  1877.13525924     0.99938506        1
  1877.15569074     0.99934104        1
  1877.17612235     0.99960837        1
  1877.19655405     0.99948033        1
  1877.21698555     1.00702416        1
  1877.23741725     0.99973405        1
  1877.25784885     1.00037500        1
  1877.27828035     1.00119591        1
  1877.31914366     0.99996526        1
  1877.33957526     1.00029877        1
  1877.36000686     0.99945547        1
  1877.38043846     0.99984284        1
  1877.40087007     1.00018623        1
  1877.42130167     1.00026087        1
  1877.44173327     1.00008236        1
  1877.46216487     0.99994071        1
  1877.48259647     0.99976232        1
  1877.50302807     0.99983445        1
  1877.52345968     0.99941361        1
  1877.56432288     0.99865478        1
  1877.58475458     0.99979836        1
  1877.60518608     0.99983615        1
  1877.62561769     0.99937604        1
  1877.64604939     0.99941551        1
  1877.66648089     0.99960759        1
  1877.68691259     0.99972017        1
  1877.70734419     1.00013081        1
  1877.72777570     1.00012299        1
  1877.74820740     1.00047169        1
  1877.76863900     0.99983397        1
  1877.80950220     1.00040623        1
  1877.82993381     1.00037631        1
  1877.85036531     0.99985387        1
  1877.87079701     0.99966951        1
  1877.89122861     0.99971452        1
  1877.91166021     0.99942260        1
  1877.93209182     1.00060984        1
  1877.95252342     0.99996648        1
  1877.97295512     1.00040797        1
  1877.99338672     1.00060079        1
  1878.01381823     0.99995097        1
  1878.05468153     1.00011153        1
  1878.07511303     1.00026547        1
  1878.09554474     1.00052722        1
  1878.11597634     1.00006462        1
  1878.13640784     0.99968579        1
  1878.15683954     1.00018055        1
  1878.17727105     1.00022607        1
  1878.19770275     0.99960342        1
  1878.21813435     0.99980894        1
  1878.23856585     1.00009931        1
  1878.25899756     1.00003727        1
  1878.29986066     0.99976882        1
  1878.32029236     0.99976070        1
  1878.34072397     1.00030018        1
  1878.36115547     0.99969239        1
  1878.38158717     0.99931515        1
  1878.40201877     0.99963288        1
  1878.42245048     0.99979094        1
  1878.44288198     1.00055341        1
  1878.46331358     0.99950557        1
  1878.48374528     1.00010397        1
  1878.50417679     0.99998466        1
  1878.54504009     1.00018504        1
  1878.56547170     0.99986269        1
  1878.58590320     1.00004397        1
  1878.60633490     1.00023358        1
  1878.62676650     1.00011573        1
  1878.64719811     1.00020076        1
  1878.66762971     1.00057177        1
  1878.68806131     1.00025608        1
  1878.70849302     1.00083840        1
  1878.72892452     1.00101492        1
  1878.74935612     1.00111443        1
  1878.79021933     1.00027150        1
  1878.81065093     1.00015597        1
  1878.83108254     1.00028381        1
  1878.85151414     1.00026328        1
  1878.87194584     0.99997250        1
  1878.89237735     0.99997813        1
  1878.91280895     0.99982659        1
  1878.93324065     0.99966878        1
  1878.95367216     1.00014103        1
  1878.97410376     1.00018631        1
  1878.99453546     1.00013366        1
  1879.09669348     0.99925737        1
  1879.11712508     0.99980611        1
  1879.13755669     1.00050678        1
  1879.15798829     0.99949167        1
  1879.17841990     1.00025253        1
  1879.19885150     0.99995383        1
  1879.21928320     0.99964527        1
  1879.23971471     1.00001011        1
  1879.34187283     1.00009308        1
  1879.36230433     0.99952754        1
  1879.38273604     1.00029931        1
  1879.40316764     1.00014680        1
  1879.42359914     0.99963622        1
  1879.44403085     0.99994995        1
  1879.46446245     1.00000565        1
  1879.48489396     1.00044265        1
  1879.52575716     0.99991303        1
  1879.54618887     1.00003343        1
  1879.56662047     0.99960148        1
  1879.58705208     0.99904384        1
  1879.60748368     1.00047781        1
  1879.62791529     0.99968911        1
  1879.64834689     0.99939563        1
  1879.66877850     1.00010872        1
  1879.68921010     0.99983962        1
  1879.70964171     0.99897222        1
  1879.73007331     1.00032420        1
  1879.77093662     0.99962792        1
  1879.79136822     0.99968302        1
  1879.81179973     1.00038251        1
  1879.83223143     0.99980282        1
  1879.85266304     1.00040612        1
  1879.87309454     1.00075242        1
  1879.89352625     0.99923310        1
  1879.91395785     1.00042047        1
  1879.93438936     0.99959284        1
  1879.95482106     1.00012919        1
  1879.97525267     1.00073252        1
  1880.05697919     0.99985947        2
  1880.07741070     0.99924623        2
  1880.09784230     1.00030004        2
  1880.11827391     1.00007939        2
  1880.13870551     1.00013898        2
  1880.15913712     1.00086491        2
  1880.17956882     1.00085493        2
  1880.20000033     1.00022349        2
  1880.22043204     0.99968776        2
  1880.26129515     0.99978157        2
  1880.28172685     1.00002117        2
  1880.30215846     0.99999456        2
  1880.32258997     0.99924175        2
  1880.34302167     0.99946326        2
  1880.36345328     1.00022144        2
  1880.38388478     1.00036057        2
  1880.40431649     0.99956104        2
  1880.42474810     1.00003648        2
  1880.44517980     0.99937490        2
  1880.46561131     1.00032028        2
  1880.50647462     0.99981177        2
  1880.52690613     1.00010206        2
  1880.54733773     1.00001320        2
  1880.56776944     1.00041544        2
  1880.58820095     1.00051503        2
  1880.60863255     1.00021713        2
  1880.62906426     0.99968254        2
  1880.64949577     0.99966059        2
  1880.66992747     0.99959436        2
  1880.69035908     1.00029202        2
  1880.75165390     1.00052306        2
  1880.77208551     0.99990754        2
  1880.79251712     1.00027225        2
  1880.81294872     0.99988407        2
  1880.83338033     0.99962267        2
  1880.85381194     0.99988706        2
  1880.87424354     1.00006961        2
  1880.89467515     1.00037193        2
  1880.91510676     1.00025840        2
  1880.93553837     0.99958724        2
  1880.95597007     1.00026108        2
  1881.01726490     1.00079385        2
  1881.03769640     1.00014696        2
  1881.05812801     0.99965491        2
  1881.07855972     1.00053103        2
  1881.09899123     0.99982850        2
  1881.11942294     1.00001117        2
  1881.13985454     1.00059165        2
  1881.16028605     0.99963488        2
  1881.18071776     0.99954559        2
  1881.20114937     0.99968831        2
  1881.24201258     0.99948785        2
  1881.26244419     0.99968253        2
  1881.28287580     1.00006500        2
  1881.30330741     1.00017365        2
  1881.32373902     1.00000370        2
  1881.34417073     0.99953570        2
  1881.36460224     0.99976272        2
  1881.38503384     0.99933731        2
  1881.40546555     1.00000449        2
  1881.42589716     0.99955117        2
  1881.44632867     0.99951040        2
  1881.48719189     1.00018078        2
  1881.50762360     0.99994594        2
  1881.52805521     1.00000000        2
  1881.54848681     0.99962678        2
  1881.56891842     0.99991364        2
  1881.58935003     1.00049494        2
  1881.60978154     1.00041543        2
  1881.63021325     0.99999676        2
  1881.65064486     1.00087798        2
  1881.67107637     0.99964493        2
  1881.69150808     0.99996307        2
  1881.73237140     1.00038657        2
  1881.75280291     1.00052483        2
  1881.77323452     1.00022526        2
  1881.79366623     0.99994639        2
  1881.81409774     0.99943875        2
  1881.83452935     1.00021525        2
  1881.85496106     0.99997520        2
  1881.87539257     1.00052849        2
  1881.89582418     1.00040817        2
  1881.91625589     1.00073616        2
  1881.93668750     1.00021131        2
  1881.97755072     0.99941451        2
  1881.99798233     1.00002978        2
  1882.01841394     1.00017790        2
  1882.03884555     1.00026535        2
  1882.05927716     1.00066567        2
  1882.07970887     1.00048239        2
  1882.10014038     1.00044843        2
  1882.12057200     1.00078116        2
  1882.14100371     0.99968026        2
  1882.16143522     0.99985668        2
  1882.18186693     0.99986881        2
  1882.22273005     0.99997776        2
  1882.24316176     1.00014352        2
  1882.26359327     0.99958333        2
  1882.28402488     1.00038903        2
  1882.30445660     0.99999500        2
  1882.32488811     1.00717919        2
  1882.34531982     0.99986482        2
  1882.36575143     0.99981732        2
  1882.38618294     0.99928766        2
  1882.40661465     0.99961315        2
  1882.46790949     0.99988516        2
  1882.48834110     0.99966308        2
  1882.50877271     1.00014481        2
  1882.52920433     1.00000726        2
  1882.54963594     1.00015047        2
  1882.57006765     1.00036766        2
  1882.59049926     1.00027138        2
  1882.79481549     0.99945455        2
  1882.81524701     0.99959103        2
  1882.83567862     1.00000355        2
  1882.85611033     0.99982162        2
  1882.87654185     1.00013650        2
  1882.89697336     0.99973189        2
  1882.91740507     1.00033507        2
  1883.03999476     1.00020931        2
  1883.06042637     0.99982280        2
  1883.08085809     0.99962250        2
  1883.10128970     1.00054320        2
  1883.12172121     1.00013821        2
  1883.14215293     0.99954309        2
  1883.16258454     0.99967230        2
  1883.20344777     0.99996841        2
  1883.22387939     0.99987510        2
  1883.24431110     0.99965494        2
  1883.26474262     0.99921960        2
  1883.28517423     0.99983546        2
  1883.30560595     0.99981770        2
  1883.32603746     0.99959682        2
  1883.34646908     0.99897898        2
  1883.36690079     0.99928282        2
  1883.38733231     0.99939075        2
  1883.40776402     0.99971308        2
  1883.44862715     0.99898886        2
  1883.46905887     0.99985392        2
  1883.48949049     0.99953094        2
  1883.50992200     0.99995545        2
  1883.53035372     1.00057746        2
  1883.55078523     1.00026133        2
  1883.57121695     1.00064913        2
  1883.59164857     1.00053855        2
  1883.61208008     1.00042306        2
  1883.63251180     1.00047169        2
  1883.65294342     1.00027425        2
  1883.73466988     1.00029428        2
  1883.75510150     1.00036108        2
  1883.77553312     0.99988653        2
  1883.79596483     1.00024077        2
  1883.81639645     0.99988063        2
  1883.83682797     1.00080959        2
  1883.85725968     1.00071762        2
  1883.87769130     0.99998532        2
  1883.89812282     0.99994147        2
  1883.97984939     1.00062191        2
  1884.00028101     1.00030279        2
  1884.02071273     1.00039752        2
  1884.04114424     0.99977268        2
  1884.06157586     1.00006776        2
  1884.08200758     0.99983082        2
  1884.10243910     0.99971977        2
  1884.12287072     0.99947040        2
  1884.14330244     1.00011400        2
  1884.20459719     0.99911865        2
  1884.22502881     0.99947467        2
  1884.24546053     0.99888314        2
  1884.26589205     0.99962351        2
  1884.28632367     1.00083352        2
  1884.30675539     0.99966160        2
  1884.32718701     1.00011179        2
  1884.34761853     1.00029019        2
  1884.36805025     0.99993630        2
  1884.38848187     1.00059729        2
  1884.44977672     1.00068010        2
  1884.47020844     0.99997934        2
  1884.49063996     1.00051849        2
  1884.51107158     1.00014494        2
  1884.53150331     1.00028876        2
  1884.55193483     1.00027093        2
  1884.57236645     0.99998059        2
  1884.59279817     1.00006139        2
  1884.61322969     0.99989247        2
  1884.63366141     1.00014901        2
  1884.67452455     0.99968366        2
  1884.69495627     1.00063306        2
  1884.71538789     1.00075338        2
  1884.73581951     1.00084328        2
  1884.75625113     0.99971963        2
  1884.77668276     0.99956218        2
  1884.79711438     1.00009332        2
  1884.81754600     1.00010820        2
  1884.83797762     0.99986170        2
  1884.85840924     0.99985881        2
  1884.87884086     0.99989430        2
  1884.91970411     1.00036690        2
  1884.94013573     0.99982099        2
  1884.96056735     1.00009361        2
  1884.98099907     1.00021329        2
  1885.00143060     1.00010404        2
  1885.02186232     1.00003730        2
  1885.04229394     0.99997415        2
  1885.06272546     0.99957460        2
  1885.08315719     0.99999783        2
  1885.10358881     0.99950046        2
  1885.12402033     0.99963609        2
  1885.16488368     0.99736110        2
  1885.18531520     1.00010947        2
  1885.20574693     1.00057765        2
  1885.22617855     0.99990268        2
  1885.24661027     1.00015585        2
  1885.26704180     0.99963303        2
  1885.28747342     1.00025651        2
  1885.30790515     0.99997815        2
  1885.32833667     1.00027088        2
  1885.34876829     1.00039346        2
  1885.36920002     1.00054661        2
  1885.43049489     1.00011991        2
  1885.45092652     1.00038943        2
  1885.47135814     1.00021471        2
  1885.49178977     0.99995963        2
  1885.51222139     1.00002336        2
  1885.53265302     1.00054619        2
  1885.55308464     0.99965103        2
  1885.57351617     0.99989054        2
  1885.59394789     1.00009128        2
  1885.61437952     0.99987075        2
  1885.65524277     0.99979352        2
  1885.67567439     1.00008145        2
  1885.69610612     1.00549026        2
  1885.71653765     0.99956440        2
  1885.73696927     0.99990598        2
  1885.75740100     0.99948251        2
  1885.77783252     0.99925673        2
  1885.79826415     0.99991978        2
  1885.81869588     0.99986518        2
  1885.83912740     1.00001499        2
  1885.85955913     0.99970848        2
  1885.90042228     0.99979305        2
  1885.92085401     0.99946198        2
  1885.94128564     0.99972009        2
  1885.96171727     0.99975565        2
  1885.98214889     1.00019986        2
  1886.00258052     0.99969227        2
  1886.02301215     0.99964541        2
  1886.04344378     1.00009453        2
  1886.06387540     1.00048339        2
  1886.08430713     1.00005889        2
  1886.10473876     1.00006085        2
  1886.18646517     0.99874813        2
  1886.20689690     1.00001769        2
  1886.22732843     0.99975220        2
  1886.24776016     0.99977524        2
  1886.26819179     1.00031271        2
  1886.28862332     1.00017486        2
  1886.30905505     0.99940578        2
  1886.32948668     1.00040550        2
  1886.34991821     1.00034273        2
  1886.39078156     0.99948940        2
  1886.41121309     0.99906324        2
  1886.43164482     0.99971257        2
  1886.45207645     1.00058524        2
  1886.47250818     1.00061489        2
  1886.49293971     1.00022812        2
  1886.51337134     1.00004048        2
  1886.53380308     1.00011370        2
  1886.55423461     1.00023978        2
  1886.63596123     1.00036085        2
  1886.65639286     0.99966541        2
  1886.67682449     1.00089402        2
  1886.69725612     1.00095601        2
  1886.71768775     0.99987123        2
  1886.73811939     0.99960549        2
  1886.75855112     1.00009997        2
  1886.88114081     1.00061278        2
  1886.90157244     0.99981513        2
  1886.92200418     0.99960077        2
  1886.94243571     1.00005841        2
  1886.96286734     0.99909599        2
  1886.98329907     0.99987967        2
  1887.00373061     0.99977951        2
  1887.02416224     1.00062553        2
  1887.14675214     0.99984660        2
  1887.16718378     1.00019512        2
  1887.18761541     0.99960423        2
  1887.20804704     0.99974819        2
  1887.22847868     0.99997613        2
  1887.24891041     0.99970787        2
  1887.26934195     1.00010195        2
  1887.28977358     1.00029619        2
  1887.31020532     1.00015808        2
  1887.33063695     1.00036114        2
  1887.37150022     1.00017019        2
  1887.39193186     1.00083053        2
  1887.41236340     1.00034062        2
  1887.43279513     1.00037964        2
  1887.45322677     1.00053372        2
  1887.47365840     0.99993034        2
  1887.49409004     0.99979874        2
  1887.51452167     1.00027665        2
  1887.53495341     0.99971453        2
  1887.55538495     0.99971738        2
  1887.57581658     1.00090632        2
  1887.61667986     0.99926415        2
  1887.63711159     0.99998746        2
  1887.65754313     0.99977876        2
  1887.67797477     1.00012127        2
  1887.69840651     1.00020218        2
  1887.71883804     0.99960390        2
  1887.73926968     1.00013216        2
  1887.75970142     0.99917167        2
  1887.78013296     0.99978615        2
  1887.80056459     0.99972488        2
  1887.82099633     1.00058045        2
  1887.86185961     0.99970583        2
  1887.88229125     0.99958251        2
  1887.90272289     1.00090491        2
  1887.92315453     1.00000071        2
  1887.94358616     0.99992764        2
  1887.96401780     0.99960995        2
  1887.98444954     1.00039342        2
  1891.04919772     1.00033526        3
  1891.06962938     0.99946111        3
  1891.09006114     1.00013466        3
  1891.11049270     1.00024760        3
  1891.13092436     1.00012022        3
  1891.15135612     0.99985952        3
  1891.17178769     1.00034210        3
  1891.19221945     0.99977409        3
  1891.21265111     0.99992108        3
  1891.23308267     1.01744849        3
  1891.29437766     1.00004700        3
  1891.31480943     0.99982145        3
  1891.33524109     0.99891243        3
  1891.35567285     0.99936696        3
  1891.37610442     1.00016093        3
  1891.39653608     1.00061273        3
  1891.41696785     0.99988625        3
  1891.43739941     0.99964176        3
  1891.45783107     0.99993212        3
  1891.47826284     0.99950685        3
  1891.49869450     1.00017796        3
  1891.53955783     0.99988311        3
  1891.55998940     0.99987270        3
  1891.58042117     1.00042436        3
  1891.60085283     0.99996444        3
  1891.62128440     1.00058137        3
  1891.64171616     1.00052287        3
  1891.66214783     1.00235584        3
  1891.68257940     1.00028416        3
  1891.70301116     1.00028429        3
  1891.72344283     0.99996079        3
  1891.74387460     1.00023803        3
  1891.78473783     0.99998718        3
  1891.80516960     1.00012961        3
  1891.82560116     0.99994254        3
  1891.84603283     0.99975138        3
  1891.86646460     0.99962175        3
  1891.88689617     1.00042618        3
  1891.90732784     0.99955991        3
  1891.92775961     0.99945934        3
  1891.94819117     1.00020211        3
  1891.96862294     0.99980689        3
  1891.98905461     1.00021054        3
  1892.02991795     1.00006813        3
  1892.05034962     0.99963827        3
  1892.07078129     0.99964171        3
  1892.09121296     0.99961926        3
  1892.11164463     0.99967969        3
  1892.13207640     0.99993840        3
  1892.15250807     1.00028146        3
  1892.17293964     1.00011496        3
  1892.19337141     1.00000056        3
  1892.21380298     0.99969913        3
  1892.23423465     1.00061184        3
  1892.27509800     1.00009980        3
  1892.29552977     0.99983448        3
  1892.31596144     1.00026110        3
  1892.33639301     1.00059775        3
  1892.35682478     0.99991074        3
  1892.37725645     0.99975262        3
  1892.39768803     1.00001902        3
  1892.41811980     0.99992303        3
  1892.43855147     0.99964305        3
  1892.45898305     1.00011753        3
  1892.47941482     0.99998190        3
  1892.52027827     1.00029356        3
  1892.54070984     1.00018981        3
  1892.56114151     1.00017411        3
  1892.58157329     1.00018668        3
  1892.60200486     0.99985050        3
  1892.62243654     0.99984612        3
  1892.64286831     0.99971455        3
  1892.66329999     0.99934726        3
  1892.68373166     0.99957006        3
  1892.84718507     1.00007697        3
  1892.86761684     1.00020776        3
  1892.88804842     1.00004908        3
  1892.90848020     0.99974929        3
  1892.92891177     1.00022988        3
  1892.94934345     1.00071043        3
  1892.96977523     1.00069613        3
  1893.01063848     0.99978726        3
  1893.03107026     1.00063711        3
  1893.05150184     1.00004936        3
  1893.07193362     0.99945983        3
  1893.09236530     0.99952130        3
  1893.11279688     0.99961886        3
  1893.13322866     0.99972546        3
  1893.15366033     1.00024549        3
  1893.17409191     0.99982008        3
  1893.19452369     1.00011996        3
  1893.21495537     1.00076075        3
  1893.33754546     1.00058782        3
  1893.35797724     0.99997765        3
  1893.37840892     0.99992993        3
  1893.39884050     1.00065424        3
  1893.41927228     1.00074903        3
  1893.43970396     0.99986131        3
  1893.46013574     1.00049046        3
  1893.50099901     1.00031226        3
  1893.52143079     0.99996973        3
  1893.54186237     0.99983269        3
  1893.56229396     0.99974187        3
  1893.58272574     0.99965929        3
  1893.60315742     1.00021818        3
  1893.62358921     0.99981542        3
  1893.64402079     1.00039229        3
  1893.66445247     0.99974291        3
  1893.68488426     0.99952815        3
  1893.70531584     0.99942758        3
  1893.74617931     1.00061277        3
  1893.76661090     0.99976431        3
  1893.78704258     1.00002644        3
  1893.80747437     0.99948353        3
  1893.82790595     1.00000336        3
  1893.84833774     1.00004720        3
  1893.86876942     1.00036816        3
  1893.88920111     0.99974888        3
  1893.90963280     1.00003499        3
  1893.93006448     0.99984687        3
  1893.95049617     1.00021877        3
  1894.05265460     1.00015123        3
  1894.07308639     1.00029625        3
  1894.09351808     0.99998506        3
  1894.11394967     1.00031005        3
  1894.13438146     0.99974918        3
  1894.15481315     0.99966429        3
  1894.17524483     1.00031111        3
  1894.19567652     1.00249275        3
  1894.23653990     0.99972508        3
  1894.25697159     0.99957188        3
  1894.27740318     1.00002094        3
  1894.29783497     0.99912015        3
  1894.31826666     1.00013098        3
  1894.33869825     0.99952512        3
  1894.35913004     0.99946614        3
  1894.37956173     0.99972207        3
  1894.39999352     1.00001101        3
  1894.42042511     1.00021865        3
  1894.44085681     0.99985611        3
  1894.48172019     0.99994873        3
  1894.50215188     0.99992918        3
  1894.52258367     1.00020722        3
  1894.54301536     1.00015652        3
  1894.56344706     1.00050550        3
  1894.58387875     1.00002405        3
  1894.60431044     1.00039381        3
  1894.62474214     1.00035842        3
  1894.72690060     1.00057093        3
  1894.74733240     1.00058958        3
  1894.76776399     0.99968816        3
  1894.78819579     1.00027722        3
  1894.80862748     1.00009694        3
  1894.82905908     0.99965588        3
  1894.84949087     1.00003482        3
  1894.86992247     0.99970275        3
  1894.97208105     0.99856616        3
  1894.99251265     0.99887075        3
  1895.01294444     0.99871123        3
  1895.03337614     0.99896596        3
  1895.05380784     0.99914532        3
  1895.07423953     0.99995024        3
  1895.09467123     0.99942015        3
  1895.11510303     0.99993601        3
  1895.13553463     0.99986778        3
  1895.15596633     0.99947680        3
  1895.17639813     1.00004377        3
  1895.21726142     0.99972171        3
  1895.23769322     0.99987389        3
  1895.25812492     1.00081541        3
  1895.27855652     0.99963760        3
  1895.29898832     0.99994425        3
  1895.31942002     1.00029579        3
  1895.33985182     1.00049860        3
  1895.36028342     1.00026520        3
  1895.38071512     0.99981620        3
  1895.40114692     1.00020891        3
  1895.42157852     1.00033495        3
  1895.46244203     1.00074928        3
  1895.48287363     1.00053384        3
  1895.50330543     1.00029799        3
  1895.52373703     0.99996170        3
  1895.54416874     0.99960817        3
  1895.56460054     0.99947761        3
  1895.58503214     1.00019184        3
  1895.60546384     1.00010626        3
  1895.62589565     1.00003643        3
  1895.64632725     0.99960252        3
  1895.66675905     1.00030134        3
  1895.70762246     0.99967021        3
  1895.72805417     0.99957756        3
  1895.74848587     1.00262753        3
  1895.76891758     0.99988520        3
  1895.78934928     1.00030037        3
  1895.80978099     1.00015744        3
  1895.83021269     1.00000827        3
  1895.85064450     1.00040157        3
  1895.87107610     1.00066901        3
  1895.89150791     0.99992284        3
  1895.91193961     1.00005876        3
  1895.97323473     1.00012617        3
  1895.99366634     1.00058137        3
  1896.01409815     1.00031628        3
  1896.03452985     1.00037544        3
  1896.05496166     1.00012937        3
  1896.07539327     0.99994442        3
  1896.09582498     0.99976045        3
  1896.11625669     0.99988157        3
  1896.13668840     0.99974757        3
  1896.15712010     0.99977038        3
  1896.19798352     0.99993581        3
  1896.21841533     1.00001022        3
  1896.23884694     1.00044048        3
  1896.25927865     1.00003536        3
  1896.27971046     0.99985046        3
  1896.30014207     1.00040762        3
  1896.32057378     0.99998201        3
  1896.34100559     1.00049761        3
  1896.36143720     1.00051299        3
  1896.38186891     0.99930583        3
  1896.40230073     1.00045310        3
  1896.50445929     0.99961553        3
  1896.52489100     1.00009381        3
  1896.54532271     0.99954329        3
  1896.56575452     0.99968535        3
  1896.58618614     1.00005521        3
  1896.60661795     0.99995860        3
  1896.62704967     1.00003402        3
  1896.64748128     1.00001286        3
  1896.68834481     0.99984156        3
  1896.70877642     0.99926050        3
  1896.72920824     0.99999206        3
  1896.74963995     0.99944471        3
  1896.77007167     0.99975882        3
  1896.79050338     0.99982640        3
  1896.81093510     1.00052126        3
  1896.83136681     0.99940155        3
  1896.85179853     0.99979194        3
  1896.87223025     0.99960431        3
  1896.89266196     0.99989762        3
  1896.93352540     1.00035012        3
  1896.95395712     1.00041043        3
  1896.97438883     0.99986929        3
  1896.99482065     1.00000000        3
  1897.01525227     0.99955964        3
  1897.03568399     0.99936693        3
  1897.05611581     0.99980013        3
  1897.07654752     1.00008422        3
  1897.09697914     1.00060528        3
  1897.11741096     0.99967383        3
  1897.13784268     0.99980365        3
  1897.17870612     0.99985007        3
  1897.19913784     0.99966652        3
  1897.21956966     1.00004035        3
  1897.24000128     1.00058726        3
  1897.26043300     1.00029613        3
  1897.28086482     1.00000615        3
  1897.30129644     1.00036016        3
  1897.32172827     1.00018528        3
  1897.34215999     1.00030597        3
  1897.36259161     1.00013083        3
  1897.38302343     0.99978840        3
  1897.42388678     1.00047161        3
  1897.44431860     1.00007616        3
  1897.46475032     0.99949086        3
  1897.48518215     1.00018582        3
  1897.50561377     1.00035090        3
  1897.52604539     0.99963964        3
  1897.54647722     1.00043485        3
  1897.56690894     1.00067879        3
  1897.58734066     1.00017124        3
  1897.60777239     1.00095074        3
  1897.62820411     0.99973504        3
  1897.77122629     0.99981567        3
  1897.79165802     0.99963409        3
  1897.81208965     0.99961506        3
  1897.83252148     0.99928519        3
  1897.85295320     0.99987643        3
  1897.87338503     0.99999410        3
  1897.93468022     0.99985633        3
  1897.95511184     1.00025107        3
  1897.97554357     1.00021842        3
  1897.99597540     1.00016970        3
  1898.01640703     0.99962463        4
  1898.03683886     1.00009204        4
  1898.05727059     0.99993684        4
  1898.07770222     0.99990937        4
  1898.09813405     0.99981461        4
  1898.11856578     0.99992269        4
  1898.15942924     1.00059266        4
  1898.17986087     1.00002468        4
  1898.20029270     0.99931013        4
  1898.22072444     0.99964011        4
  1898.24115607     1.00062776        4
  1898.26158790     0.99992710        4
  1898.28201963     1.00043769        4
  1898.30245137     1.00014777        4
  1898.32288310     1.00023957        4
  1898.34331483     1.00012849        4
  1898.40461003     1.00098860        4
  1898.42504187     1.00029256        4
  1898.44547360     1.00052471        4
  1898.46590523     1.00057575        4
  1898.48633707     1.00025861        4
  1898.50676880     1.00001035        4
  1898.52720044     0.99936604        4
  1898.54763228     0.99973663        4
  1898.56806401     0.99979428        4
  1898.58849585     0.99955103        4
  1898.60892748     0.99935977        4
  1898.64979106     1.00027956        4
  1898.67022269     0.99972913        4
  1898.69065443     1.00035898        4
  1898.71108627     1.00005947        4
  1898.73151791     0.99995496        4
  1898.75194974     0.99973067        4
  1898.77238148     1.00023988        4
  1898.79281312     1.00046807        4
  1898.81324496     0.99994008        4
  1898.83367660     1.00026302        4
  1898.85410834     0.99980884        4
  1898.89497181     0.99973968        4
  1898.91540355     0.99995717        4
  1898.93583539     0.99982515        4
  1898.95626714     0.99997449        4
  1898.97669888     1.00001473        4
  1898.99713062     0.99985109        4
  1899.01756236     1.00029622        4
  1899.03799410     0.99959560        4
  1899.05842584     0.99946993        4
  1899.07885758     0.99947919        4
  1899.09928942     0.99956688        4
  1899.14015291     1.00054037        4
  1899.16058465     0.99961798        4
  1899.18101629     0.99983468        4
  1899.20144814     0.99997918        4
  1899.22187988     0.99947951        4
  1899.24231153     0.99948235        4
  1899.26274337     0.99972706        4
  1899.28317511     0.99936420        4
  1899.30360696     1.00014310        4
  1899.32403860     0.99971726        4
  1899.34447035     0.99925816        4
  1899.38533384     1.00009092        4
  1899.40576558     1.00033107        4
  1899.42619743     1.00035900        4
  1899.44662908     1.00077416        4
  1899.46706092     1.00041492        4
  1899.48749257     0.99995326        4
  1899.50792432     1.00057540        4
  1899.52835616     0.99985060        4
  1899.54878781     0.99982820        4
  1899.56921956     0.99966865        4
  1899.58965141     1.00002684        4
  1899.63051480     1.00073823        4
  1899.65094665     1.00058892        4
  1899.67137840     1.00091288        4
  1899.69181015     1.00081608        4
  1899.71224190     0.99954504        4
  1899.73267365     0.99990822        4
  1899.75310550     0.99992589        4
  1899.77353715     1.00013430        4
  1899.79396890     0.99973141        4
  1899.81440075     0.99958339        4
  1899.83483240     1.00024792        4
  1899.89612766     1.00107021        4
  1899.91655951     1.00077606        4
  1899.93699126     1.00066757        4
  1899.95742291     1.00080165        4
  1899.97785477     1.00074171        4
  1899.99828652     1.00115335        4
  1900.01871837     1.00067748        4
  1900.03915003     1.00002548        4
  1900.05958178     0.99959345        4
  1900.08001353     0.99962823        4
  1900.12087704     0.99982045        4
  1900.14130880     1.00061131        4
  1900.16174055     1.00009865        4
  1900.18217241     1.00016302        4
  1900.20260406     1.00000776        4
  1900.22303582     1.00015820        4
  1900.24346768     0.99963615        4
  1900.26389933     0.99982468        4
  1900.28433109     0.99996073        4
  1900.30476295     1.00032676        4
  1900.32519470     0.99986893        4
  1900.36605822     1.00040644        4
  1900.38648998     1.00046945        4
  1900.40692183     1.00013768        4
  1900.42735349     0.99993164        4
  1900.44778525     1.00012337        4
  1900.46821711     1.00017076        4
  1900.48864877     0.99968021        4
  1900.50908053     0.99953163        4
  1900.52951239     0.99941147        4
  1900.54994405     0.99941416        4
  1900.57037591     1.00012043        4
  1900.61123933     0.99981022        4
  1900.63167119     0.99968677        4
  1900.65210295     1.00009348        4
  1900.67253462     0.99950538        4
  1900.69296648     0.99974458        4
  1900.71339824     0.99944767        4
  1900.73383000     1.00027173        4
  1900.85642058     0.99987127        4
  1900.87685235     0.99992489        4
  1900.89728421     0.99973690        4
  1900.91771597     0.99972617        4
  1900.93814764     0.99934830        4
  1900.95857950     0.99996484        4
  1900.97901127     1.00023371        4
  1900.99944294     1.00042331        4
  1901.01987480     1.00008849        4
  1901.04030657     1.00032276        4
  1901.06073824     1.00043673        4
  1901.10160187     0.99996418        4
  1901.12203374     0.99983762        4
  1901.14246540     1.00023290        4
  1901.16289717     1.00000918        4
  1901.18332904     0.99993482        4
  1901.20376071     0.99981138        4
  1901.22419248     1.00013462        4
  1901.24462435     0.99962080        4
  1901.26505602     0.99962946        4
  1901.28548788     1.00008997        4
  1901.30591965     0.99978438        4
  1901.38764674     0.99958879        4
  1901.40807851     0.99949093        4
  1901.42851028     0.99990283        4
  1901.44894205     1.00014167        4
  1901.46937382     0.99962018        4
  1901.48980559     1.00018493        4
  1901.51023737     1.00016033        4
  1901.53066914     0.99996184        4
  1901.55110091     1.00006039        4
  1901.59196446     0.99990990        4
  1901.61239633     1.00011740        4
  1901.63282811     0.99940583        4
  1901.65325978     0.99961689        4
  1901.67369166     0.99942527        4
  1901.69412343     0.99960763        4
  1901.71455511     0.99923462        4
  1901.73498698     0.99926248        4
  1901.75541876     0.99990753        4
  1901.77585043     1.00019440        4
  1901.79628231     0.99994729        4
  1901.83714596     1.00033972        4
  1901.85757764     1.00021959        4
  1901.87800942     1.00085552        4
  1901.89844130     0.99979526        4
  1901.91887297     1.00010363        4
  1901.93930475     1.00008381        4
  1901.95973663     1.00043055        4
  1901.98016831     1.00056097        4
  1902.00060019     1.00064444        4
  1902.02103197     1.00005742        4
  1902.08232731     1.00041995        4
  1902.10275899     1.00033052        4
  1902.12319087     1.00045041        4
  1902.14362265     1.00020379        4
  1902.16405443     0.99953454        4
  1902.18448621     1.00043716        4
  1902.20491799     1.00020007        4
  1902.22534977     1.00059738        4
  1902.24578156     1.00038055        4
  1902.26621334     1.00026720        4
  1902.28664522     0.99986864        4
  1902.32750869     1.00040827        4
  1902.34794057     0.99999598        4
  1902.36837226     1.00002959        4
  1902.38880414     0.99986089        4
  1902.40923592     1.00019717        4
  1902.42966761     0.99994358        4
  1902.45009949     0.99959328        4
  1902.47053128     1.00025340        4
  1902.57269021     0.99997917        4
  1902.59312200     1.00035045        4
  1902.61355389     1.00028101        4
  1902.63398557     1.00071533        4
  1902.65441736     1.00119302        4
  1902.67484925     1.00035993        4
  1902.69528094     1.00065189        4
  1902.71571283     1.00035748        4
  1902.73614461     0.99956165        4
  1902.75657630     0.99987049        4
  1902.77700819     0.99932237        4
  1902.81787177     0.99849983        4
  1902.83830356     0.99976082        4
  1902.85873535     0.99990320        4
  1902.87916705     0.99974562        4
  1902.89959894     0.99985513        4
  1902.92003073     1.00000000        4
  1902.94046262     1.00032207        4
  1902.96089431     0.99968187        4
  1902.98132610     0.99959714        4
  1903.00175800     0.99978974        4
  1903.02218969     0.99950487        4
  1903.22650774     0.99975799        4
  1903.24693953     1.00004829        4
  1903.26737143     0.99985929        4
  1903.30823492     0.99906706        4
  1903.32866682     0.99948487        4
  1903.34909852     0.99961877        4
  1903.36953031     0.99976254        4
  1903.38996221     0.99977168        4
  1903.41039401     0.99977599        4
  1903.43082581     0.99948920        4
  1903.45125751     0.99984914        4
  1903.47168931     1.00112987        4
  1903.49212121     1.00029582        4
  1903.51255301     0.99996442        4
  1903.55341661     0.99964165        4
  1903.57384841     0.99965954        4
  1903.59428011     1.00030664        4
  1903.61471201     0.99968930        4
  1903.63514381     1.00025382        4
  1903.65557571     1.00023531        4
  1903.67600742     1.00076374        4
  1903.69643922     1.00070784        4
  1903.71687112     1.00076224        4
  1903.73730282     1.00034974        4
  1903.75773463     0.99984913        4
  1903.81903014     1.00025538        4
  1903.83946194     1.00036866        4
  1903.85989365     1.00001610        4
  1903.88032555     1.00042353        4
  1903.90075736     0.99946940        4
  1903.92118906     1.00000063        4
  1903.94162097     0.99994262        4
  1903.96205278     0.99919234        4
  1903.98248468     1.00014268        4
  1904.00291639     1.00004409        4
  1904.04378000     1.00036053        4
  1904.06421191     1.00032155        4
  1904.08464362     1.00024642        4
  1904.10507543     1.00014655        4
  1904.12550724     0.99990921        4
  1904.14593904     0.99954839        4
  1904.16637095     1.00049015        4
  1904.18680266     1.00037585        4
  1904.20723457     1.00083919        4
  1904.22766638     0.99984898        4
  1904.24809809     1.00038009        4
  1904.30939353     0.99977154        4
  1904.32982544     0.99989300        4
  1904.35025725     1.00014477        4
  1904.37068916     0.99923930        4
  1904.39112087     0.99938740        4
  1904.41155269     0.99975833        4
  1904.43198460     0.99931864        4
  1904.45241631     0.99948595        4
  1904.47284813     1.00033112        4
  1904.49328004     1.00016138        4
  1904.63630275     0.99923659        4
  1904.65673456     0.99939125        4
  1904.67716638     1.00013032        4
  1904.69759820     0.99995124        4
  1904.71803001     0.99989144        4
  1904.73846183     1.00007574        4
  1904.77932547     1.00036860        4
  1904.79975729     1.00046423        4
  1904.82018920     1.00032828        4
  1904.84062092     1.00050048        4
  1904.86105274     1.00033760        4
  1904.88148466     0.99965150        4
  1904.90191638     1.00043668        4
  1905.04493923     1.00010362        4
  1905.06537105     0.99957681        4
  1905.08580297     1.00025629        4
  1905.10623470     0.99925941        4
  1905.12666652     0.99968935        4
  1905.14709844     1.00000093        4
  1905.16753017     1.00045368        4
  1905.18796199     1.00005030        4
