  1835.65854303     0.99923389        0
  1835.67897502     1.00008574        0
  1835.80156693     1.00011015        0
  1835.82199901     1.00026104        0
  1835.84243089     1.00105535        0
  1835.86286288     1.00008414        0
  1835.88329496     0.99987797        0
  1835.90372684     1.00022320        0
  1835.92415882     1.00012861        0
  1835.94459090     0.99973076        0
  1835.96502278     1.00058901        0
  1835.98545476     1.00003083        0
  1836.00588684     0.99989834        0
  1836.02631872     0.99981966        0
  1836.04675070     0.99974008        0
  1836.06718278     1.00030787        0
  1836.08761466     0.99970838        0
  1836.10804663     1.00022825        0
  1836.12847871     1.00030858        0
  1836.14891069     0.99983992        0
  1836.16934256     1.00031329        0
  1836.18977464     1.00038313        0
  1836.21020662     1.00009426        0
  1836.23063869     1.00014139        0
  1836.25107056     1.00044343        0
  1836.27150254     0.99995438        0
  1836.31236649     0.99960626        0
  1836.33279846     0.99996252        0
  1836.35323053     1.00007665        0
  1836.37366240     0.99986257        0
  1836.39409437     1.00009028        0
  1836.41452635     1.00022950        0
  1836.43495832     1.00015988        0
  1836.45539029     1.00007249        0
  1836.47582226     0.99927224        0
  1836.49625423     1.00129854        0
  1836.51668619     0.99975993        0
  1836.53711816     1.00000000        0
  1836.55755013     1.00066011        0
  1836.57798210     1.00019877        0
  1836.59841417     0.99999191        0
  1836.61884603     0.99980601        0
  1836.63927800     0.99955386        0
  1836.65971007     0.99982633        0
  1836.68014193     0.99968401        0
  1836.70057390     0.99987617        0
  1836.72100596     0.99968821        0
  1836.74143783     0.99946875        0
  1836.76186979     0.99964940        0
  1836.78230185     0.99992631        0
  1836.80273372     0.99975019        0
  1836.82316578     0.99993424        0
  1836.84359774     0.99971394        0
  1836.86402960     1.00015129        0
  1836.88446167     1.00006853        0
  1836.90489363     0.99921364        0
  1836.92532549     0.99954571        0
  1836.94575755     0.99961777        0
  1836.96618951     1.00044171        0
  1836.98662147     1.00078313        0
  1837.00705343     1.00102288        0
  1837.02748538     0.99884601        0
  1837.06834940     0.99956230        0
  1837.08878126     0.99936509        0
  1837.10921321     0.99973046        0
  1837.12964517     1.00014253        0
  1837.15007713     0.99979189        0
  1837.17050908     0.99964608        0
  1837.19094104     0.99971813        0
  1837.21137299     1.00018702        0
  1837.23180495     1.00069036        0
  1837.25223690     1.00103495        0
  1837.27266885     1.00009614        0
  1837.29310071     0.99971370        0
  1837.31353276     1.00002621        0
  1837.33396471     0.99976679        0
  1837.35439666     1.00031349        0
  1837.37482862     0.99955274        0
  1837.39526057     0.99991522        0
  1837.41569252     0.99993483        0
  1837.43612457     0.99961175        0
  1837.45655642     1.00005649        0
  1837.47698847     0.99931263        0
  1837.49742042     0.99955252        0
  1837.51785227     0.99985765        0
  1837.53828431     1.00009736        0
  1837.55871626     1.00028047        0
  1837.57914811     1.00048421        0
  1837.59958016     0.99973937        0
  1837.62001210     1.00031379        0
  1837.64044395     1.00019959        0
  1837.66087600     1.00043902        0
  1837.68130794     1.00042445        0
  1837.70173979     1.00001094        0
  1837.72217183     0.99960891        0
  1837.74260377     1.00060754        0
  1837.76303562     1.00031763        0
  1837.78346766     1.00100340        0
  1837.80389960     1.00039933        0
  1837.82433155     1.00018524        0
  1837.84476349     1.00037356        0
  1837.86519543     1.00056565        0
  1837.88562727     0.99995576        0
  1837.90605931     0.99977928        0
  1837.92649125     1.00007839        0
  1837.94692319     0.99984206        0
  1837.96735513     0.99992668        0
  1837.98778707     1.00084255        0
  1838.00821891     0.99965266        0
  1838.02865095     1.00084457        0
  1838.04908289     1.00041771        0
  1838.06951493     1.00028060        0
  1838.08994676     1.00020598        0
  1838.11037870     0.99999050        0
  1838.13081074     0.99979130        0
  1838.15124257     0.99962282        0
  1838.17167451     1.00045879        0
  1838.19210654     0.99992787        0
  1838.27383428     1.00005840        0
  1838.29426611     1.00005040        0
  1838.31469815     0.99957716        0
  1838.33513008     0.99996129        0
  1838.35556191     1.00023823        0
  1838.37599394     1.00059022        0
  1838.39642587     1.00006779        0
  1838.41685771     1.00008996        0
  1838.43728974     1.00002994        0
  1838.45772167     0.99962964        0
  1838.47815350     1.00078299        0
  1838.49858553     0.99939229        0
  1838.51901745     0.99970665        0
  1838.53944928     1.00029564        0
  1838.55988131     0.99996903        0
  1838.58031324     0.99956169        0
  1838.60074507     0.99938368        0
  1838.62117709     0.99995437        0
  1838.64160902     0.99969246        0
  1838.66204085     0.99954319        0
  1838.68247287     0.99969459        0
  1838.70290480     0.99928640        0
  1838.72333672     0.99954567        0
  1838.74376865     0.99986913        0
  1838.76420057     0.99987834        0
  1838.78463249     0.99903127        0
  1838.80506442     0.99931156        0
  1838.82549634     0.99955305        0
  1838.84592836     0.99971780        0
  1838.86636018     0.99964077        0
  1838.88679211     0.99936003        0
  1838.90722413     1.00073149        0
  1838.92765595     0.99816895        0
  1838.94808787     1.00114546        0
  1838.96851989     1.00117107        0
  1838.98895171     0.99849684        0
  1839.05024747     1.00061335        0
  1839.07067938     1.00471083        0
  1839.09111140     0.99994527        0
  1839.11154332     1.00041750        0
  1839.13197514     1.00005444        0
  1839.15240715     1.00023694        0
  1839.17283907     1.00349820        0
  1839.19327089     0.99988606        0
  1839.21370290     0.99985870        0
  1839.23413482     0.99966785        0
  1839.25456663     0.99976185        0
  1839.27499865     1.00077455        0
  1839.29543056     1.00024300        0
  1839.31586257     1.00058474        0
  1839.33629439     1.00071107        0
  1839.35672630     1.00013315        0
  1839.37715821     1.00033177        0
  1839.39759012     1.00028448        0
  1839.41802193     1.00022294        0
  1839.43845395     0.99991143        0
  1839.45888586     0.99991005        0
  1839.47931767     1.00037395        0
  1839.49974968     1.00051850        0
  1839.52018159     1.00012712        0
  1839.54061350     1.00035655        0
  1839.56104540     0.99976656        0
  1839.58147731     1.00002240        0
  1839.60190922     0.99958208        0
  1839.62234113     1.00038294        0
  1839.72450066     0.99950921        0
  1839.74493267     0.99976507        0
  1839.76536447     1.00328058        0
  1839.78579638     0.99953538        0
  1839.80622838     1.00022366        0
  1839.82666019     1.00045464        0
  1839.84709209     0.99984290        0
  1839.86752409     1.00004913        0
  1839.88795589     0.99946145        0
  1839.90838780     1.00013338        0
  1839.92881980     0.99952624        0
  1839.94925170     1.00001819        0
  1839.96968360     0.99926478        0
  1839.99011550     0.99983885        0
  1840.27616207     1.00025450        0
  1840.29659397     1.00055561        0
  1840.31702576     1.00120458        0
  1840.33745776     1.00018985        0
  1840.35788965     1.00043412        0
  1840.37832155     1.00006039        0
  1840.39875344     1.00052719        0
  1840.41918533     0.99966164        0
  1840.43961722     0.99996725        0
  1840.46004912     0.99996100        0
  1840.48048101     0.99995296        0
  1840.50091290     0.99990489        0
  1840.52134489     1.00052818        0
  1840.54177668     1.00042617        0
  1840.56220867     0.99995412        0
  1840.58264056     1.00052500        0
  1840.60307235     0.99964645        0
  1840.62350434     0.99970328        0
  1840.64393623     1.00019361        0
  1840.66436802     0.99913278        0
  1840.68480000     0.99917391        0
  1840.70523189     0.99873034        0
  1840.72566368     0.99978742        0
  1840.74609567     0.99951730        0
  1840.76652755     0.99958868        0
  1840.78695944     1.00057739        0
  1840.80739132     0.99937765        0
  1840.82782311     1.00003718        0
  1840.84825509     0.99959672        0
  1840.86868698     1.00006270        0
  1840.88911886     1.00077671        0
  1840.90955065     0.99970664        0
  1840.92998263     0.99967795        0
  1840.95041451     1.00028665        0
  1840.97084630     1.00035342        0
  1840.99127828     1.00006167        0
  1872.00657830     0.99997484        1
  1872.02700990     1.00102149        1
  1872.04744149     1.00073618        1
  1872.06787308     1.00063323        1
  1872.08830468     1.00004792        1
  1872.10873627     1.00001712        1
  1872.12916796     1.00005873        1
  1872.17003105     1.00017618        1
  1872.19046274     0.99930158        1
  1872.21089433     1.00032110        1
  1872.23132583     0.99970925        1
  1872.25175752     1.00061834        1
  1872.27218911     0.99980336        1
  1872.29262060     0.99996221        1
  1872.31305230     0.99953804        1
  1872.33348389     0.99988023        1
  1872.35391538     1.00008283        1
  1872.37434707     0.99929323        1
  1872.41521036     0.99964612        1
  1872.43564185     0.99969304        1
  1872.45607345     0.99979410        1
  1872.47650514     0.99976511        1
  1872.49693663     1.00020512        1
  1872.51736822     1.00016807        1
  1872.53779992     0.99999772        1
  1872.55823141     0.99964162        1
  1872.57866300     0.99944650        1
  1872.59909470     1.00017832        1
  1872.61952619     0.99983590        1
  1872.66038947     0.99979396        1
  1872.68082097     0.99992034        1
  1872.70125266     1.00024297        1
  1872.72168425     1.00007282        1
  1872.74211574     1.00052180        1
  1872.76254744     0.99960061        1
  1872.78297903     1.00036476        1
  1872.80341052     0.99920936        1
  1872.82384222     0.99956496        1
  1872.84427381     0.99966294        1
  1872.86470530     0.99902928        1
  1872.90556859     0.99913686        1
  1872.92600008     1.00008931        1
  1872.94643177     0.99978741        1
  1872.96686336     0.99972015        1
  1872.98729506     0.99946582        1
  1873.00772655     0.99973548        1
  1873.02815814     0.99919848        1
  1873.04858984     0.99961468        1
  1873.06902133     0.99987390        1
  1873.08945292     1.00044596        1
  1873.15074770     0.99984448        1
  1873.17117939     1.00012847        1
  1873.19161099     1.00037248        1
  1873.21204258     1.00116026        1
  1873.23247417     1.00032501        1
  1873.25290576     1.00056250        1
  1873.27333736     1.00174869        1
  1873.29376895     1.00064494        1
  1873.31420054     1.00008110        1
  1873.33463214     0.99941952        1
  1873.35506373     1.00038619        1
  1873.39592691     0.99769880        1
  1873.41635851     1.00089035        1
  1873.43679000     1.00040648        1
  1873.45722169     0.99995521        1
  1873.47765329     1.00020810        1
  1873.49808498     1.00019059        1
  1873.51851647     0.99897379        1
  1873.53894806     0.99979922        1
  1873.55937976     0.99975338        1
  1873.57981125     0.99927091        1
  1873.60024284     0.99928714        1
  1873.74326409     1.00010748        1
  1873.76369569     1.00003354        1
  1873.78412728     0.99967251        1
  1873.80455887     1.00027715        1
  1873.82499047     1.00004565        1
  1873.84542216     1.00055941        1
  1873.88628525     1.00089944        1
  1873.90671694     1.00028883        1
  1873.92714843     1.00067406        1
  1873.94758003     0.99995562        1
  1873.96801172     0.99989792        1
  1873.98844321     1.00004084        1
  1874.00887491     0.99960521        1
  1874.02930640     1.00071832        1
  1874.04973799     1.00038646        1
  1874.07016969     1.00043085        1
  1874.09060118     1.00008904        1
  1874.23362233     1.00039033        1
  1874.25405403     1.00053176        1
  1874.27448562     1.00000303        1
  1874.29491721     1.00059695        1
  1874.31534881     1.00063554        1
  1874.33578040     1.00133266        1
  1874.37664359     1.00028296        1
  1874.39707518     1.00056311        1
  1874.41750687     1.00033853        1
  1874.43793837     0.99992437        1
  1874.45836996     1.00018993        1
  1874.47880165     1.00025589        1
  1874.49923315     0.99935345        1
  1874.51966484     1.00010359        1
  1874.54009644     1.00116575        1
  1874.56052793     1.00018406        1
  1874.58095962     0.99931880        1
  1874.62182271     1.00149603        1
  1874.64225440     1.00043384        1
  1874.66268600     0.99897448        1
  1874.68311759     0.99952563        1
  1874.70354919     1.00035895        1
  1874.72398078     0.99968904        1
  1874.74441227     0.99963850        1
  1874.76484397     1.00008322        1
  1874.78527556     0.99984903        1
  1874.80570716     1.00020351        1
  1874.86700204     0.99991070        1
  1874.88743353     0.99930105        1
  1874.90786513     0.99946365        1
  1874.92829682     0.99946644        1
  1874.94872831     1.00042019        1
  1874.96915991     1.00026174        1
  1874.98959160     0.99945396        1
  1875.01002310     0.99994077        1
  1875.03045479     1.00010415        1
  1875.05088639     1.00004510        1
  1875.11218117     0.99940917        1
  1875.13261266     0.99949553        1
  1875.15304436     0.99907651        1
  1875.17347595     0.99997133        1
  1875.19390755     0.99998966        1
  1875.21433914     1.00050474        1
  1875.23477074     1.00003096        1
  1875.35736030     0.99800336        1
  1875.37779200     0.99919300        1
  1875.39822349     0.99965221        1
  1875.41865509     1.00001927        1
  1875.43908678     0.99987357        1
  1875.45951828     0.99983009        1
  1875.47994987     0.99963363        1
  1875.50038157     0.99966472        1
  1875.52081306     0.99946266        1
  1875.54124476     1.00044488        1
  1875.56167635     0.99956756        1
  1875.60253954     1.00021738        1
  1875.62297114     0.99993864        1
  1875.64340263     0.99985060        1
  1875.66383433     0.99960441        1
  1875.68426593     0.99974502        1
  1875.70469752     0.99972339        1
  1875.72512912     1.00004551        1
  1875.74556071     1.00041240        1
  1875.76599241     1.00064283        1
  1875.78642390     0.99989595        1
  1875.80685550     1.00014747        1
  1875.84771879     0.99964940        1
  1875.86815028     0.99998063        1
  1875.88858198     1.00023663        1
  1875.90901358     1.00028310        1
  1875.92944507     1.00044765        1
  1875.94987677     0.99992782        1
  1875.97030836     0.99986218        1
  1875.99074006     1.00015759        1
  1876.09289794     0.99935693        1
  1876.11332954     1.00054168        1
  1876.13376113     0.99967258        1
  1876.15419263     1.00006039        1
  1876.17462432     1.00069162        1
  1876.19505592     0.99963440        1
  1876.21548752     0.99983293        1
  1876.23591911     1.00037559        1
  1876.25635071     1.00063967        1
  1876.27678241     0.99983827        1
  1876.33807719     0.99994537        1
  1876.35850879     0.99980374        1
  1876.37894029     1.00011145        1
  1876.39937198     0.99971655        1
  1876.41980358     0.99949799        1
  1876.44023508     0.99983564        1
  1876.46066677     0.99980190        1
  1876.48109837     0.99988907        1
  1876.50153007     0.99930402        1
  1876.52196157     1.00042142        1
  1876.54239316     0.99999766        1
  1876.58325636     1.00000983        1
  1876.60368795     1.00000898        1
  1876.62411965     1.00029009        1
  1876.64455115     0.99996762        1
  1876.66498274     0.99930959        1
  1876.82843552     1.00012700        1
  1876.84886722     1.00021219        1
  1876.86929872     1.00011965        1
  1876.88973032     0.99972504        1
  1876.91016202     1.00032873        1
  1876.93059361     1.00001638        1
  1877.07361490     0.99962282        1
  1877.09404640     0.99989835        1
  1877.11447800     0.99986950        1
  1877.13490969     1.00044830        1
  1877.15534119     1.00044947        1
  1877.17577279     0.99948743        1
  1877.19620449     0.99940885        1
  1877.21663599     1.00049881        1
  1877.23706769     1.00044891        1
  1877.25749929     1.00059000        1
  1877.27793078     1.00068387        1
  1877.31879408     1.00057666        1
  1877.33922568     0.99963743        1
  1877.35965728     0.99962106        1
  1877.38008888     0.99990052        1
  1877.40052048     0.99992985        1
  1877.42095208     0.99963235        1
  1877.44138368     0.99998217        1
  1877.46181528     1.00000714        1
  1877.48224687     0.99979501        1
  1877.50267847     0.99984845        1
  1877.52311007     0.99944393        1
  1877.56397327     1.00018294        1
  1877.58440497     1.00006204        1
  1877.60483647     1.00012645        1
  1877.62526807     0.99987284        1
  1877.64569977     0.99970387        1
  1877.66613127     1.00012813        1
  1877.68656297     0.99959605        1
  1877.70699457     0.99965786        1
  1877.72742607     1.00003423        1
  1877.74785777     1.00036714        1
  1877.76828937     1.00085451        1
  1877.80915257     1.00027516        1
  1877.82958417     1.00035565        1
  1877.85001567     1.00008617        1
  1877.87044737     0.99991857        1
  1877.89087897     1.00005118        1
  1877.91131057     1.00043083        1
  1877.93174217     1.00023107        1
  1877.95217377     1.00142728        1
  1877.97260547     1.00067131        1
  1877.99303707     1.00009335        1
  1878.01346858     1.00092913        1
  1878.05433188     0.99962247        1
  1878.07476338     1.00033570        1
  1878.09519508     1.00012021        1
  1878.11562668     1.00022866        1
  1878.13605818     1.00144091        1
  1878.15648988     0.99949052        1
  1878.17692138     1.00058517        1
  1878.19735309     0.99973022        1
  1878.21778469     1.00019720        1
  1878.23821619     1.00000610        1
  1878.25864789     0.99947869        1
  1878.29951099     1.00004914        1
  1878.31994269     1.00010471        1
  1878.34037430     1.00039838        1
  1878.36080580     1.00004361        1
  1878.38123750     1.00036913        1
  1878.40166910     0.99990313        1
  1878.42210080     1.00054994        1
  1878.44253231     0.99998093        1
  1878.46296391     1.00087058        1
  1878.48339561     1.00006352        1
  1878.54469042     1.00056372        1
  1878.56512202     1.00000799        1
  1878.58555352     0.99970089        1
  1878.60598523     0.99894584        1
  1878.62641683     0.99992467        1
  1878.64684843     1.00022861        1
  1878.66728003     1.00023451        1
  1878.68771164     1.00026462        1
  1878.70814334     0.99966793        1
  1878.72857484     0.99989487        1
  1878.74900645     0.99940218        1
  1878.78986965     0.99938297        1
  1878.81030126     0.99985560        1
  1878.83073286     0.99972953        1
  1878.85116446     0.99994102        1
  1878.87159617     1.00006504        1
  1878.89202767     1.00046707        1
  1878.91245927     0.99945603        1
  1878.93289098     0.99963839        1
  1878.95332248     1.00054143        1
  1878.97375408     0.99885552        1
  1878.99418579     0.99964299        1
  1879.07591221     1.00004954        1
  1879.09634381     0.99956276        1
  1879.11677541     0.99947600        1
  1879.13720702     0.99949207        1
  1879.15763862     0.99934579        1
  1879.17807023     0.99994852        1
  1879.19850183     1.00000000        1
  1879.21893354     0.99940511        1
  1879.23936504     1.00033205        1
  1879.30065986     0.99960567        1
  1879.32109156     0.99974279        1
  1879.34152317     0.99983039        1
  1879.36195467     0.99976022        1
  1879.38238638     0.99994644        1
  1879.40281798     1.00011226        1
  1879.42324949     0.99983636        1
  1879.44368120     1.00001775        1
  1879.46411280     0.99957624        1
  1879.48454431     0.99977752        1
  1879.52540752     1.00070749        1
  1879.54583922     1.00002384        1
  1879.56627083     1.00012039        1
  1879.58670244     0.99996149        1
  1879.60713404     0.99986663        1
  1879.62756565     1.00066785        1
  1879.64799725     1.00044868        1
  1879.66842886     1.00070889        1
  1879.68886047     0.99977789        1
  1879.70929207     0.99960149        1
  1879.72972368     1.00025256        1
  1879.77058700     1.00000850        1
  1879.79101860     1.00018696        1
  1879.81145011     0.99999012        1
  1879.83188182     1.00047189        1
  1879.85231342     1.00020024        1
  1879.87274493     1.00047234        1
  1879.89317664     0.99992589        1
  1879.91360825     0.99971001        1
  1879.93403975     1.00029630        1
  1879.95447146     0.99987181        1
  1879.97490307     0.99853200        1
  1880.03619789     0.99993472        2
  1880.05662960     0.99982937        2
  1880.07706111     1.00007533        2
  1880.09749272     1.00036748        2
  1880.11792433     0.99984617        2
  1880.13835593     1.00001179        2
  1880.15878754     0.99978521        2
  1880.17921925     1.00025910        2
  1880.19965076     1.00004436        2
  1880.22008247     0.99931517        2
  1880.26094559     0.99977454        2
  1880.28137729     0.99955070        2
  1880.30180890     0.99977580        2
  1880.32224041     0.99949834        2
  1880.34267212     1.00076327        2
  1880.36310373     1.00001029        2
  1880.38353524     1.00058200        2
  1880.40396695     1.00040879        2
  1880.42439856     0.99994302        2
  1880.44483027     0.99991595        2
  1880.46526178     0.99972336        2
  1880.50612510     1.00080841        2
  1880.52655661     1.00049935        2
  1880.54698822     1.00016723        2
  1880.56741993     1.00033343        2
  1880.58785144     1.00050877        2
  1880.60828305     1.00008882        2
  1880.62871476     1.00013844        2
  1880.64914627     0.99954641        2
  1880.66957798     0.99899506        2
  1880.75130443     1.00086588        2
  1880.77173604     1.00058962        2
  1880.79216765     1.00041616        2
  1880.81259926     0.99980829        2
  1880.83303087     1.00018599        2
  1880.85346248     0.99995156        2
  1880.87389409     1.00003015        2
  1880.89432571     1.00035586        2
  1880.91475732     1.00015865        2
  1880.93518893     0.99934851        2
  1880.95562064     0.99895634        2
  1881.01691548     1.00039583        2
  1881.03734699     0.99966248        2
  1881.05777860     1.00005379        2
  1881.07821032     1.00018607        2
  1881.09864183     0.99980717        2
  1881.11907354     1.00016885        2
  1881.13950515     1.00021036        2
  1881.15993667     1.00000000        2
  1881.18036838     0.99999624        2
  1881.20079999     0.99924566        2
  1881.24166322     1.00109814        2
  1881.26209483     1.00050785        2
  1881.28252645     0.99954023        2
  1881.30295806     0.99926302        2
  1881.32338967     0.99970513        2
  1881.34382139     1.00031419        2
  1881.36425290     1.00016874        2
  1881.38468452     0.99981075        2
  1881.40511623     0.99994290        2
  1881.42554784     0.99961497        2
  1881.44597936     0.99972546        2
  1881.48684259     0.99982635        2
  1881.50727430     1.00054226        2
  1881.52770592     0.99987992        2
  1881.54813753     0.99976178        2
  1881.56856915     1.00129222        2
  1881.58900076     0.99928151        2
  1881.60943228     0.99987651        2
  1881.62986399     0.99995957        2
  1881.65029561     1.00006667        2
  1881.67072712     0.99907809        2
  1881.69115884     1.00726754        2
  1881.73202217     0.99962379        2
  1881.75245369     1.00004914        2
  1881.77288530     1.00040139        2
  1881.79331702     1.00136067        2
  1881.81374853     0.99941996        2
  1881.83418015     0.99932343        2
  1881.85461187     0.99999678        2
  1881.87504338     0.99994850        2
  1881.89547500     0.99977412        2
  1881.91590672     0.99983391        2
  1881.93633833     0.99959256        2
  1881.97720157     0.99985711        2
  1881.99763318     0.99999729        2
  1882.01806480     1.00037256        2
  1882.03849642     1.00009647        2
  1882.05892804     1.00010071        2
  1882.07935975     0.99981878        2
  1882.09979127     1.00027415        2
  1882.12022289     1.00025272        2
  1882.14065461     0.99969578        2
  1882.16108612     1.00006449        2
  1882.22238098     0.99969314        2
  1882.24281270     0.99996323        2
  1882.26324422     0.99968877        2
  1882.28367583     0.99986674        2
  1882.30410755     0.99942217        2
  1882.32453907     0.99984777        2
  1882.34497079     1.00061029        2
  1882.36540241     0.99981760        2
  1882.38583393     1.00046861        2
  1882.46756051     1.00007215        2
  1882.48799213     1.00032388        2
  1882.50842375     1.00108509        2
  1882.52885537     1.00032954        2
  1882.54928699     0.99945459        2
  1882.56971871     1.00040138        2
  1882.59015033     1.00012476        2
  1882.77403491     0.99992533        2
  1882.79446664     1.00008151        2
  1882.81489816     1.00017704        2
  1882.83532978     1.00042354        2
  1882.85576150     0.99963265        2
  1882.87619302     1.00040410        2
  1882.89662455     1.00008643        2
  1882.91705627     0.99974469        2
  1883.01921448     1.00002326        2
  1883.03964600     1.00024412        2
  1883.06007763     1.00004702        2
  1883.08050935     1.00054414        2
  1883.10094097     1.00041207        2
  1883.12137249     1.00018043        2
  1883.14180422     0.99980383        2
  1883.16223584     1.00020019        2
  1883.20309909     0.99957056        2
  1883.22353071     0.99994172        2
  1883.24396244     1.00008570        2
  1883.26439396     0.99963110        2
  1883.28482559     1.00073137        2
  1883.30525731     0.99952053        2
  1883.32568883     1.00014810        2
  1883.34612046     0.99996060        2
  1883.36655218     0.99993784        2
  1883.38698371     1.00013945        2
  1883.40741543     1.00006114        2
  1883.44827858     0.99943475        2
  1883.46871031     0.99983037        2
  1883.48914193     1.00047077        2
  1883.50957346     0.99943152        2
  1883.53000519     1.00014918        2
  1883.55043671     0.99998698        2
  1883.57086844     1.00014490        2
  1883.59130006     0.99944665        2
  1883.61173159     0.99980622        2
  1883.63216332     0.99984423        2
  1883.65259494     1.00034876        2
  1883.71388982     0.99980380        2
  1883.73432145     1.00020456        2
  1883.75475308     1.00020378        2
  1883.77518470     1.00023799        2
  1883.79561643     0.99968246        2
  1883.81604806     0.99943578        2
  1883.83647959     1.00007702        2
  1883.85691131     1.00098860        2
  1883.87734294     1.00031957        2
  1883.89777447     0.99970726        2
  1883.97950108     1.00030931        2
  1883.99993271     1.00019132        2
  1884.02036444     1.00062016        2
  1884.04079597     0.99982583        2
  1884.06122760     1.00073549        2
  1884.08165933     0.99940582        2
  1884.10209086     1.00034921        2
  1884.12252249     0.99904692        2
  1884.14295421     0.99943008        2
  1884.20424900     0.99987087        2
  1884.22468063     1.00282470        2
  1884.24511236     1.00077997        2
  1884.26554389     1.00036350        2
  1884.28597553     1.00029540        2
  1884.30640726     1.00040031        2
  1884.32683889     1.00037656        2
  1884.34727042     1.00050155        2
  1884.36770215     1.00093016        2
  1884.38813378     0.99882487        2
  1884.42899704     0.99999631        2
  1884.44942867     1.00024538        2
  1884.46986040     1.00021922        2
  1884.49029194     1.00022225        2
  1884.51072357     0.99977146        2
  1884.53115530     1.00013032        2
  1884.55158683     1.00033332        2
  1884.57201846     0.99988885        2
  1884.59245020     1.00065106        2
  1884.61288173     1.00011173        2
  1884.63331346     1.00019980        2
  1884.67417663     1.00010426        2
  1884.69460836     1.00080649        2
  1884.71503999     1.00014341        2
  1884.73547163     0.99984576        2
  1884.75590326     0.99966252        2
  1884.77633489     0.99994548        2
  1884.79676653     0.99956579        2
  1884.81719816     1.00022833        2
  1884.83762980     1.00048958        2
  1884.85806143     0.99991414        2
  1884.91935633     1.00022470        2
  1884.93978797     1.00029685        2
  1884.96021960     0.99954858        2
  1884.98065134     0.99993132        2
  1885.00108287     0.99964199        2
  1885.02151461     1.00021884        2
  1885.04194624     0.99979967        2
  1885.06237778     0.99942518        2
  1885.08280952     0.99984219        2
  1885.10324115     0.99959920        2
  1885.12367269     0.99983919        2
  1885.16453606     0.99314565        2
  1885.18496760     1.00004347        2
  1885.20539933     0.99957965        2
  1885.22583097     0.99943838        2
  1885.24626271     0.99935396        2
  1885.26669424     0.99977876        2
  1885.28712588     0.99874604        2
  1885.30755762     0.99984123        2
  1885.32798915     1.00196998        2
  1885.34842079     0.99993463        2
  1885.36885253     0.99977145        2
  1885.40971571     0.99958390        2
  1885.43014744     0.99954591        2
  1885.45057908     0.99998554        2
  1885.47101072     0.99961545        2
  1885.49144236     0.99992582        2
  1885.51187400     0.99948808        2
  1885.53230564     0.99939592        2
  1885.55273728     0.99971100        2
  1885.57316881     0.99991473        2
  1885.59360055     0.99963177        2
  1885.61403219     0.99978509        2
  1885.65489547     1.00005794        2
  1885.67532711     0.99963938        2
  1885.69575885     0.99950255        2
  1885.71619039     0.99950909        2
  1885.73662203     1.00029747        2
  1885.75705377     1.00036710        2
  1885.77748531     1.00028812        2
  1885.79791695     0.99949631        2
  1885.81834870     0.99979513        2
  1885.83878024     1.00018350        2
  1885.85921198     1.00079026        2
  1885.90007516     1.00008564        2
  1885.92050690     0.99956527        2
  1885.94093854     1.00055898        2
  1885.96137019     1.00014676        2
  1885.98180183     1.00029466        2
  1886.00223347     1.00004043        2
  1886.02266511     1.00023400        2
  1886.04309676     0.99999987        2
  1886.06352840     0.99994429        2
  1886.08396014     0.99988699        2
  1886.10439178     1.00049344        2
  1886.16568671     1.00059474        2
  1886.18611826     0.99995029        2
  1886.20655000     0.99989389        2
  1886.22698154     1.00039716        2
  1886.24741329     1.00065455        2
  1886.26784493     1.00027916        2
  1886.28827648     1.00037966        2
  1886.30870822     1.00030950        2
  1886.32913987     1.00023227        2
  1886.34957141     0.99948196        2
  1886.39043480     0.99991180        2
  1886.41086635     1.00039907        2
  1886.43129809     1.00046685        2
  1886.45172974     1.00043646        2
  1886.47216148     1.00046820        2
  1886.49259303     1.00015739        2
  1886.51302468     1.00051644        2
  1886.53345642     0.99986858        2
  1886.63561465     1.00081672        2
  1886.65604630     1.00053130        2
  1886.67647795     1.00025841        2
  1886.69690960     1.00114128        2
  1886.71734124     0.99986533        2
  1886.73777289     1.00086643        2
  1886.88079443     1.00047714        2
  1886.90122608     1.00039920        2
  1886.92165783     0.99992864        2
  1886.94208938     0.99977492        2
  1886.96252103     0.99994448        2
  1886.98295278     0.99970815        2
  1887.00338433     1.00055482        2
  1887.12597433     0.99994125        2
  1887.14640598     1.00022468        2
  1887.16683763     0.99923383        2
  1887.18726928     0.99994461        2
  1887.20770093     0.99946384        2
  1887.22813259     0.99999258        2
  1887.24856434     1.00315936        2
  1887.26899589     0.99947632        2
  1887.28942754     0.99971270        2
  1887.30985929     1.00005560        2
  1887.33029095     0.99981223        2
  1887.37115425     0.99957917        2
  1887.39158591     0.99926189        2
  1887.41201746     0.99948387        2
  1887.43244921     1.00003657        2
  1887.45288086     0.99956556        2
  1887.47331252     1.00029111        2
  1887.49374417     0.99962696        2
  1887.51417583     0.99977615        2
  1887.53460758     1.00008124        2
  1887.55503913     0.99975944        2
  1887.57547079     0.99995128        2
  1887.61633410     1.00038557        2
  1887.63676585     0.99994085        2
  1887.65719741     0.99934279        2
  1887.67762906     0.99944990        2
  1887.69806082     0.99936291        2
  1887.71849237     0.99966051        2
  1887.73892403     0.99981704        2
  1887.75935579     1.00021678        2
  1887.77978734     0.99908821        2
  1887.80021900     1.00022223        2
  1887.86151407     1.00046587        2
  1887.88194573     1.00050240        2
  1887.90237738     1.00004387        2
  1887.92280904     1.00121082        2
  1887.94324070     1.00061514        2
  1887.96367235     1.00040573        2
  1887.98410411     1.00008130        2
  1891.04885554     1.00048403        3
  1891.06928723     0.99979620        3
  1891.08971902     0.99967287        3
  1891.11015060     1.00011733        3
  1891.13058229     0.99974122        3
  1891.15101408     0.99995889        3
  1891.17144566     1.00071292        3
  1891.19187745     0.99989491        3
  1891.21230914     0.99967914        3
  1891.23274073     0.99967709        3
  1891.25317252     1.00049559        3
  1891.29403579     1.00015801        3
  1891.31446758     1.00031506        3
  1891.33489927     1.00026911        3
  1891.35533106     1.00006996        3
  1891.37576265     0.99969668        3
  1891.39619434     1.00015603        3
  1891.41662613     0.99983308        3
  1891.43705772     0.99950923        3
  1891.45748941     1.00011801        3
  1891.47792120     0.99991392        3
  1891.49835289     1.00102086        3
  1891.53921627     0.99997503        3
  1891.55964786     0.99968604        3
  1891.58007965     0.99995912        3
  1891.60051134     0.99957047        3
  1891.62094293     1.00023180        3
  1891.64137473     1.00018831        3
  1891.66180642     0.99936904        3
  1891.68223801     1.00052638        3
  1891.70266980     0.99962242        3
  1891.72310150     1.00044516        3
  1891.74353329     1.00026215        3
  1891.78439657     0.99994886        3
  1891.80482837     0.99954765        3
  1891.82525996     0.99987204        3
  1891.84569166     0.99948107        3
  1891.86612345     1.00022533        3
  1891.88655504     1.00078363        3
  1891.90698674     1.00031896        3
  1891.92741853     1.00024552        3
  1891.94785013     0.99966879        3
  1891.96828192     1.00015458        3
  1891.98871362     0.99972374        3
  1892.02957701     0.99977447        3
  1892.05000871     0.99968900        3
  1892.07044040     0.99992240        3
  1892.09087210     1.00031650        3
  1892.11130380     0.99950400        3
  1892.13173559     1.00012581        3
  1892.15216729     0.99934478        3
  1892.17259889     1.00002940        3
  1892.19303069     1.00105051        3
  1892.21346229     0.99977789        3
  1892.23389398     0.99983755        3
  1892.27475738     0.99982999        3
  1892.29518918     1.00017213        3
  1892.31562088     0.99966200        3
  1892.33605248     1.00034836        3
  1892.35648428     0.99996542        3
  1892.37691598     0.99991307        3
  1892.39734758     1.00007954        3
  1892.41777938     1.00058519        3
  1892.43821108     1.00040861        3
  1892.45864268     0.99979131        3
  1892.47907448     1.00175639        3
  1892.51993798     0.99952971        3
  1892.54036958     1.00013913        3
  1892.56080128     1.00002615        3
  1892.58123308     0.99984220        3
  1892.60166469     1.00013083        3
  1892.62209639     1.00048660        3
  1892.64252819     0.99964118        3
  1892.66295989     0.99993810        3
  1892.84684523     1.00068893        3
  1892.86727703     1.00058740        3
  1892.88770864     0.99978817        3
  1892.90814044     1.00032276        3
  1892.92857205     1.00041513        3
  1892.94900375     1.00022922        3
  1892.96943556     1.00050825        3
  1893.01029887     0.99842732        3
  1893.03073068     0.99987070        3
  1893.05116229     1.00025073        3
  1893.07159409     0.99968179        3
  1893.09202580     1.00007490        3
  1893.11245741     1.00028767        3
  1893.13288921     0.99978532        3
  1893.15332092     0.99955199        3
  1893.17375253     1.00004953        3
  1893.19418434     0.99977956        3
  1893.21461605     1.00009800        3
  1893.33720631     1.00021434        3
  1893.35763812     1.00043137        3
  1893.37806983     1.00008313        3
  1893.39850144     0.99983093        3
  1893.41893325     0.99988918        3
  1893.43936496     1.00003636        3
  1893.45979677     1.00031480        3
  1893.50066009     1.00009607        3
  1893.52109191     0.99956658        3
  1893.54152352     0.99999554        3
  1893.56195513     1.00008104        3
  1893.58238694     0.99981071        3
  1893.60281866     0.99977411        3
  1893.62325047     1.00019363        3
  1893.64368208     0.99943596        3
  1893.66411380     0.99997153        3
  1893.68454561     1.00070800        3
  1893.70497722     0.99975213        3
  1893.74584075     1.00015016        3
  1893.76627237     1.00039760        3
  1893.78670408     0.99979245        3
  1893.80713590     0.99999116        3
  1893.82756751     0.99972364        3
  1893.84799933     0.99914797        3
  1893.86843105     0.99939094        3
  1893.88886276     1.00035922        3
  1893.90929448     0.99964267        3
  1893.92972620     1.00055597        3
  1893.95015791     0.99944390        3
  1894.03188488     1.00015039        3
  1894.05231650     1.00034587        3
  1894.07274832     0.99995150        3
  1894.09318004     1.00054961        3
  1894.11361166     0.99975064        3
  1894.13404348     1.00058853        3
  1894.15447519     1.00016135        3
  1894.17490691     0.99947608        3
  1894.19533863     0.99954209        3
  1894.23620207     0.99945108        3
  1894.25663379     1.00020328        3
  1894.27706542     1.00027308        3
  1894.29749724     0.99946657        3
  1894.31792896     0.99986768        3
  1894.33836058     1.00006184        3
  1894.35879240     1.00046084        3
  1894.37922412     1.00014035        3
  1894.39965594     0.99946974        3
  1894.42008757     0.99990567        3
  1894.44051929     0.99964258        3
  1894.48138274     1.00053814        3
  1894.50181446     1.00024753        3
  1894.52224628     0.99972119        3
  1894.54267801     0.99974054        3
  1894.56310973     0.99973681        3
  1894.58354145     0.99952475        3
  1894.60397318     0.99940291        3
  1894.62440490     1.00054082        3
  1894.72656353     1.00011409        3
  1894.74699536     0.99999353        3
  1894.76742698     0.99961921        3
  1894.78785881     0.99963105        3
  1894.80829054     1.00017279        3
  1894.82872216     1.00028426        3
  1894.84915399     1.00011613        3
  1894.86958562     0.99937907        3
  1894.97174436     0.99753315        3
  1894.99217599     1.00051965        3
  1895.01260782     1.00040772        3
  1895.03303955     1.00039158        3
  1895.05347128     1.00028036        3
  1895.07390301     1.00097667        3
  1895.09433474     0.99991321        3
  1895.11476657     0.99982976        3
  1895.13519820     0.99943272        3
  1895.15562993     0.99983748        3
  1895.17606176     1.00029544        3
  1895.21692513     0.99888996        3
  1895.23735696     1.00043872        3
  1895.25778869     1.00020856        3
  1895.27822032     1.00043780        3
  1895.29865216     0.99986622        3
  1895.31908389     1.00022206        3
  1895.33951572     1.00071442        3
  1895.35994736     1.00012649        3
  1895.38037909     1.00061237        3
  1895.40081092     0.99986864        3
  1895.42124256     1.00029611        3
  1895.46210613     1.00049197        3
  1895.48253776     1.00066618        3
  1895.50296960     1.00006110        3
  1895.52340123     1.00033786        3
  1895.54383297     1.00009885        3
  1895.56426480     0.99964492        3
  1895.58469644     0.99995082        3
  1895.60512818     1.00079349        3
  1895.62556001     1.00012817        3
  1895.64599165     1.00007969        3
  1895.66642349     0.99952872        3
  1895.70728696     1.00033528        3
  1895.72771870     1.00007990        3
  1895.74815044     0.99999930        3
  1895.76858218     0.99987404        3
  1895.78901392     1.00037093        3
  1895.80944566     1.00018463        3
  1895.82987740     0.99979654        3
  1895.85030923     0.99982189        3
  1895.87074087     1.00016755        3
  1895.89117271     0.99995648        3
  1895.91160445     0.99944143        3
  1895.97289968     0.99976955        3
  1895.99333132     1.00018376        3
  1896.01376316     0.99979114        3
  1896.03419490     0.99949072        3
  1896.05462674     0.99954234        3
  1896.07505839     0.99963596        3
  1896.09549013     1.00031019        3
  1896.11592187     1.00047368        3
  1896.13635361     1.00003220        3
  1896.15678536     1.00037530        3
  1896.19764885     0.99952401        3
  1896.21808069     1.00000121        3
  1896.23851233     0.99961585        3
  1896.25894408     0.99998488        3
  1896.27937592     0.99990916        3
  1896.29980757     0.99989828        3
  1896.32023931     1.00045335        3
  1896.34067116     1.00000168        3
  1896.36110281     1.00003178        3
  1896.38153455     0.99906512        3
  1896.50412513     0.99954843        3
  1896.52455688     0.99978697        3
  1896.54498863     1.00012451        3
  1896.56542048     0.99977661        3
  1896.58585213     0.99997651        3
  1896.60628398     0.99958571        3
  1896.62671573     0.99996455        3
  1896.64714737     1.00031637        3
  1896.68801097     0.99959875        3
  1896.70844262     0.99991137        3
  1896.72887448     0.99968126        3
  1896.74930623     0.99935560        3
  1896.76973798     1.00033445        3
  1896.79016973     0.99994291        3
  1896.81060148     1.00026931        3
  1896.83103323     1.00006706        3
  1896.85146498     0.99994231        3
  1896.87189674     1.00054390        3
  1896.89232849     1.00038879        3
  1896.93319200     1.00028395        3
  1896.95362375     1.00025242        3
  1896.97405550     0.99963463        3
  1896.99448736     0.99982457        3
  1897.01491901     0.99981529        3
  1897.03535076     0.99965540        3
  1897.05578262     0.99939096        3
  1897.07621437     0.99980484        3
  1897.09664603     1.00039163        3
  1897.11707789     1.00023017        3
  1897.13750964     1.00051347        3
  1897.17837315     1.00000000        3
  1897.19880491     0.99964390        3
  1897.21923677     0.99990382        3
  1897.23966842     1.00103193        3
  1897.26010018     0.99975614        3
  1897.28053204     0.99903054        3
  1897.30096370     1.00058348        3
  1897.32139556     1.00021719        3
  1897.34182731     1.00017039        3
  1897.36225897     1.00007097        3
  1897.38269083     1.00006637        3
  1897.42355425     1.00041758        3
  1897.44398611     0.99994015        3
  1897.46441787     1.00038358        3
  1897.48484973     1.00043336        3
  1897.50528139     1.00037567        3
  1897.52571305     0.99984391        3
  1897.54614491     1.00009590        3
  1897.56657667     1.00052287        3
  1897.58700844     0.99973759        3
  1897.60744020     1.00052725        3
  1897.62787196     1.00019643        3
  1897.77089440     0.99991577        3
  1897.79132617     0.99970217        3
  1897.81175783     0.99984305        3
  1897.83218970     0.99981852        3
  1897.85262146     1.00054321        3
  1897.87305333     0.99971536        3
  1897.93434863     0.99973285        3
  1897.95478029     0.99992093        3
  1897.97521206     1.00015206        3
  1897.99564393     1.00010350        3
  1898.01607559     0.99938629        4
  1898.03650746     0.99902549        4
  1898.05693923     0.99965579        4
  1898.07737090     0.99934181        4
  1898.09780277     0.99931624        4
  1898.11823454     1.00003915        4
  1898.15909807     1.00063030        4
  1898.17952974     1.00043754        4
  1898.19996161     1.00012607        4
  1898.22039338     0.99990655        4
  1898.24082505     0.99923477        4
  1898.26125692     0.99945355        4
  1898.28168870     0.99998079        4
  1898.30212047     1.00042637        4
  1898.32255224     1.00027438        4
  1898.34298401     1.00016267        4
  1898.40427933     1.00098082        4
  1898.42471120     1.00022551        4
  1898.44514297     1.00128445        4
  1898.46557465     1.00049324        4
  1898.48600652     1.00083485        4
  1898.50643829     1.00024725        4
  1898.52686997     1.00065535        4
  1898.54730184     1.00039663        4
  1898.56773362     0.99962718        4
  1898.58816549     1.00036903        4
  1898.60859717     1.00095270        4
  1898.64946082     1.00018021        4
  1898.66989250     1.00096193        4
  1898.69032427     1.00047806        4
  1898.71075615     1.00076503        4
  1898.73118783     1.00028851        4
  1898.75161970     1.00020035        4
  1898.77205148     1.00008950        4
  1898.79248316     0.99959639        4
  1898.81291504     0.99980598        4
  1898.83334672     0.99969660        4
  1898.85377850     0.99948147        4
  1898.89464205     0.99948992        4
  1898.91507383     0.99935035        4
  1898.93550571     0.99904304        4
  1898.95593749     1.00017095        4
  1898.97636927     1.00059323        4
  1898.99680105     1.00029745        4
  1899.01723284     0.99946861        4
  1899.03766462     0.99965043        4
  1899.05809640     0.99967587        4
  1899.07852818     1.00004247        4
  1899.09896006     0.99967999        4
  1899.13982363     0.99982649        4
  1899.16025541     0.99917768        4
  1899.18068709     1.00059363        4
  1899.20111898     1.00027703        4
  1899.22155076     0.99970437        4
  1899.24198245     0.99964195        4
  1899.26241433     0.99947695        4
  1899.28284611     0.99960077        4
  1899.30327800     0.99934129        4
  1899.32370968     0.99995247        4
  1899.34414147     0.99918195        4
  1899.38500504     1.00012582        4
  1899.40543683     0.99910723        4
  1899.42586872     0.99940797        4
  1899.44630040     1.00039199        4
  1899.46673229     1.00079721        4
  1899.48716398     0.99948775        4
  1899.50759577     1.00021357        4
  1899.52802765     0.99982496        4
  1899.54845934     0.99924589        4
  1899.56889113     0.99960939        4
  1899.58932302     0.99962141        4
  1899.63018650     1.00033529        4
  1899.65061839     1.00049172        4
  1899.67105018     1.00060378        4
  1899.69148197     0.99981770        4
  1899.71191376     0.99999730        4
  1899.73234555     0.99972449        4
  1899.75277744     0.99942975        4
  1899.77320913     0.99918158        4
  1899.79364093     0.99953574        4
  1899.81407282     0.99945829        4
  1899.83450451     0.99992612        4
  1899.89579989     1.00013496        4
  1899.91623178     0.99996999        4
  1899.93666358     1.00033583        4
  1899.95709527     1.00072151        4
  1899.97752717     1.00023086        4
  1899.99795896     1.00076410        4
  1900.01839086     1.00024799        4
  1900.03882255     1.00024043        4
  1900.05925435     1.00021435        4
  1900.07968614     1.00030171        4
  1900.12054974     1.00049668        4
  1900.14098153     1.00064271        4
  1900.16141333     1.00007670        4
  1900.18184523     0.99945313        4
  1900.20227693     1.00014105        4
  1900.22270872     0.99992463        4
  1900.24314062     0.99991230        4
  1900.26357232     1.00062546        4
  1900.28400412     0.99984503        4
  1900.30443602     1.00051842        4
  1900.32486782     0.99963324        4
  1900.36573142     1.00038470        4
  1900.38616322     1.00106553        4
  1900.40659512     1.00013217        4
  1900.42702682     1.00044642        4
  1900.44745862     1.00045105        4
  1900.46789052     1.00057212        4
  1900.48832223     0.99933234        4
  1900.50875403     0.99995485        4
  1900.52918593     1.00007043        4
  1900.54961763     1.00026799        4
  1900.57004954     1.00088959        4
  1900.61091304     1.00001893        4
  1900.63134495     1.00000000        4
  1900.65177675     0.99959159        4
  1900.67220846     0.99993115        4
  1900.69264036     0.99959924        4
  1900.71307217     0.99886723        4
  1900.85609481     0.99978095        4
  1900.87652662     0.99983996        4
  1900.89695853     0.99996829        4
  1900.91739034     1.00010482        4
  1900.93782205     0.99989145        4
  1900.95825395     1.00002764        4
  1900.97868576     1.00035133        4
  1900.99911747     1.00012180        4
  1901.01954938     0.99982098        4
  1901.03998119     0.99999849        4
  1901.06041290     0.99972608        4
  1901.10127662     0.99954342        4
  1901.12170854     1.00016256        4
  1901.14214025     0.99946132        4
  1901.16257206     0.99971133        4
  1901.18300397     1.00027280        4
  1901.20343568     1.00044016        4
  1901.22386750     0.99985521        4
  1901.24429941     0.99920161        4
  1901.26473112     1.00022782        4
  1901.28516304     0.99915791        4
  1901.30559485     1.00072968        4
  1901.38732211     0.99772004        4
  1901.40775392     0.99975918        4
  1901.42818574     1.00059563        4
  1901.44861756     0.99985803        4
  1901.46904937     0.99964548        4
  1901.48948119     1.00000680        4
  1901.50991301     0.99982671        4
  1901.53034482     0.99923611        4
  1901.55077664     1.00029596        4
  1901.59164028     0.99933695        4
  1901.61207220     1.00014130        4
  1901.63250402     1.00001833        4
  1901.65293573     0.99913458        4
  1901.67336765     0.99940910        4
  1901.69379947     0.99941393        4
  1901.71423119     0.99991929        4
  1901.73466311     1.00009598        4
  1901.75509494     1.00039676        4
  1901.77552666     0.99947113        4
  1901.79595858     0.99971249        4
  1901.83682232     1.00008910        4
  1901.85725404     0.99990315        4
  1901.87768587     0.99986691        4
  1901.89811779     1.00002795        4
  1901.91854951     1.00096102        4
  1901.93898134     1.00045848        4
  1901.95941326     1.00088053        4
  1901.97984498     1.00023572        4
  1902.00027691     0.99969724        4
  1902.02070873     0.99955242        4
  1902.08200421     1.00049448        4
  1902.10243594     1.00012984        4
  1902.12286786     1.00057606        4
  1902.14329969     1.00080287        4
  1902.16373152     1.00045803        4
  1902.18416334     1.00046080        4
  1902.20459517     1.00008563        4
  1902.22502700     0.99992780        4
  1902.24545883     1.00054968        4
  1902.26589066     1.00011845        4
  1902.28632258     1.00040815        4
  1902.32718614     1.00040018        4
  1902.34761807     1.00057290        4
  1902.36804980     1.00026073        4
  1902.38848173     1.00041897        4
  1902.40891356     1.00062958        4
  1902.42934529     1.00004270        4
  1902.44977723     0.99981003        4
  1902.57236822     0.99951249        4
  1902.59280005     1.00051818        4
  1902.61323199     1.00012457        4
  1902.63366372     1.00005459        4
  1902.65409556     0.99994227        4
  1902.67452749     1.00024792        4
  1902.69495923     1.00019977        4
  1902.71539116     1.00013188        4
  1902.73582300     0.99959505        4
  1902.75625473     0.99980706        4
  1902.77668667     0.99987542        4
  1902.81755034     0.99329524        4
  1902.83798218     0.99957771        4
  1902.85841402     1.00001957        4
  1902.87884576     0.99963633        4
  1902.89927770     0.99917325        4
  1902.91970953     0.99888230        4
  1902.94014147     0.99837385        4
  1902.96057321     0.99951018        4
  1902.98100505     0.99975274        4
  1903.00143699     0.99991564        4
  1903.02186873     0.99906286        4
  1903.20575531     1.00002400        4
  1903.22618725     1.00039357        4
  1903.24661910     0.99998241        4
  1903.26705104     0.99976697        4
  1903.30791463     0.99908148        4
  1903.32834658     0.99995187        4
  1903.34877832     1.00014993        4
  1903.36921017     0.99990759        4
  1903.38964211     0.99915380        4
  1903.41007396     0.99951982        4
  1903.43050581     0.99929141        4
  1903.45093755     1.00088958        4
  1903.47136940     0.99985092        4
  1903.49180135     0.99992755        4
  1903.51223320     1.00023558        4
  1903.55309689     1.00033717        4
  1903.57352874     0.99929385        4
  1903.59396049     1.00026155        4
  1903.61439244     0.99996822        4
  1903.63482429     0.99949831        4
  1903.65525624     1.00008561        4
  1903.67568799     1.00021968        4
  1903.69611984     1.00067037        4
  1903.71655180     1.00148362        4
  1903.73698355     1.00055553        4
  1903.75741540     1.00044388        4
  1903.81871106     0.99970405        4
  1903.83914291     1.00006616        4
  1903.85957466     0.99976598        4
  1903.88000662     1.00036952        4
  1903.90043847     0.99996313        4
  1903.92087023     0.99975812        4
  1903.94130218     0.99932786        4
  1903.96173404     0.99993749        4
  1903.98216599     1.00048255        4
  1904.00259775     0.99949857        4
  1904.04346146     0.99984953        4
  1904.06389342     0.99985752        4
  1904.08432517     0.99986255        4
  1904.10475703     1.00078006        4
  1904.12518889     1.00014707        4
  1904.14562075     1.00027849        4
  1904.16605271     1.00024175        4
  1904.18648447     1.00066359        4
  1904.20691642     1.00012001        4
  1904.22734828     1.00046984        4
  1904.24778004     0.99995594        4
  1904.28864387     1.00049931        4
  1904.30907563     0.99961514        4
  1904.32950759     1.00053433        4
  1904.34993945     0.99954816        4
  1904.37037141     0.99989560        4
  1904.39080317     0.99938282        4
  1904.41123504     0.99937152        4
  1904.43166700     0.99987502        4
  1904.45209876     1.00013301        4
  1904.47253063     1.00002329        4
  1904.49296259     1.00114178        4
  1904.61555378     1.00000957        4
  1904.63598565     0.99978640        4
  1904.65641751     0.99976665        4
  1904.67684938     0.99990872        4
  1904.69728125     0.99999077        4
  1904.71771311     1.00055390        4
  1904.73814498     1.00023338        4
  1904.77900872     0.99993513        4
  1904.79944059     1.00026345        4
  1904.81987256     1.00092126        4
  1904.84030433     0.99928328        4
  1904.86073620     1.00014589        4
  1904.88116817     0.99979067        4
  1905.04462314     1.00005500        4
  1905.06505501     0.99934997        4
  1905.08548699     1.00034449        4
  1905.10591876     0.99958398        4
  1905.12635064     1.00008810        4
  1905.14678261     1.00023632        4
  1905.16721439     0.99998946        4
  1905.18764626     0.99973222        4
