  1835.65907240     0.99876988        0
  1835.67950454     0.99981738        0
  1835.69993669     1.00007568        0
  1835.80209741     0.99906467        0
  1835.82252966     1.00003861        0
  1835.84296170     0.99973771        0
  1835.86339384     0.99999241        0
  1835.88382608     1.00009879        0
  1835.90425813     1.00005450        0
  1835.92469027     1.00021944        0
  1835.94512251     1.00018138        0
  1835.96555455     1.00006032        0
  1835.98598669     1.00023111        0
  1836.00641892     0.99977001        0
  1836.02685096     1.00007240        0
  1836.04728310     0.99975614        0
  1836.06771534     0.99999094        0
  1836.08814738     0.99977871        0
  1836.10857951     1.00008187        0
  1836.12901175     0.99984755        0
  1836.14944388     1.00043652        0
  1836.16987592     1.00018245        0
  1836.19030815     1.00069040        0
  1836.21074029     0.99976138        0
  1836.23117252     1.00018339        0
  1836.25160455     0.99969118        0
  1836.27203669     1.00006247        0
  1836.31290095     1.00005250        0
  1836.33333308     1.00023677        0
  1836.35376531     0.99980440        0
  1836.37419734     0.99987900        0
  1836.39462947     0.99967648        0
  1836.41506160     1.00005885        0
  1836.43549373     1.00000555        0
  1836.45592586     0.99993255        0
  1836.47635798     0.99986583        0
  1836.49679011     1.00001425        0
  1836.51722224     0.99977381        0
  1836.53765436     1.00041007        0
  1836.55808649     1.00009605        0
  1836.57851861     1.00005904        0
  1836.59895084     1.00036282        0
  1836.61938286     0.99974799        0
  1836.63981499     1.00011456        0
  1836.66024721     0.99998100        0
  1836.68067923     1.00019001        0
  1836.70111135     0.99991332        0
  1836.72154358     1.00003189        0
  1836.74197560     1.00011704        0
  1836.76240772     0.99988111        0
  1836.78283994     0.99945565        0
  1836.80327196     0.99979137        0
  1836.82370418     1.00009898        0
  1836.84413630     1.00001254        0
  1836.86456831     0.99976688        0
  1836.88500053     0.99984161        0
  1836.90543265     1.00004176        0
  1836.92586467     0.99989451        0
  1836.94629688     0.99989616        0
  1836.96672900     1.00025205        0
  1836.98716111     1.00056772        0
  1837.00759323     1.00047840        0
  1837.02802534     0.99958261        0
  1837.08932168     1.00021393        0
  1837.10975380     1.00002161        0
  1837.13018591     0.99980546        0
  1837.15061802     0.99982985        0
  1837.17105013     1.00002464        0
  1837.19148224     1.00021565        0
  1837.21191435     0.99973567        0
  1837.23234646     0.99990036        0
  1837.25277857     0.99986311        0
  1837.27321068     1.00070912        0
  1837.29364269     0.99998594        0
  1837.31407490     1.00006953        0
  1837.33450700     1.00035403        0
  1837.35493911     1.00042683        0
  1837.37537122     0.99980951        0
  1837.39580332     1.00020600        0
  1837.41623543     0.99958314        0
  1837.43666763     1.00019576        0
  1837.45709964     1.00007264        0
  1837.47753184     0.99959402        0
  1837.49796394     0.99975852        0
  1837.51839595     0.99984129        0
  1837.53882815     0.99984556        0
  1837.55926025     0.99975907        0
  1837.57969225     1.00024016        0
  1837.60012445     0.99972876        0
  1837.62055655     0.99964978        0
  1837.64098855     1.00029595        0
  1837.66142075     0.99987548        0
  1837.68185285     1.00024904        0
  1837.70228485     1.00003201        0
  1837.72271705     1.00019281        0
  1837.74314915     1.00014739        0
  1837.76358114     1.00020906        0
  1837.78401334     0.99961415        0
  1837.80444544     0.99973926        0
  1837.82487753     0.99995436        0
  1837.84530963     1.00025618        0
  1837.86574172     1.00075549        0
  1837.88617372     1.00008460        0
  1837.90660591     1.00012252        0
  1837.92703800     1.00026489        0
  1837.94747010     0.99952755        0
  1837.96790219     1.00018359        0
  1837.98833428     0.99993978        0
  1838.00876627     1.00011691        0
  1838.02919846     0.99986486        0
  1838.04963055     1.00001235        0
  1838.07006274     1.00003291        0
  1838.09049473     1.00034312        0
  1838.11092682     0.99968956        0
  1838.13135901     0.99991975        0
  1838.15179100     1.00010188        0
  1838.17222309     1.00011565        0
  1838.19265528     0.99993427        0
  1838.21308726     0.99982599        0
  1838.23351935     1.00209561        0
  1838.29481560     0.99985838        0
  1838.31524779     1.00004220        0
  1838.33567987     1.00011753        0
  1838.35611186     0.99967397        0
  1838.37654404     1.00012925        0
  1838.39697612     0.99994332        0
  1838.41740810     1.00000179        0
  1838.43784029     0.99993511        0
  1838.45827237     1.00013806        0
  1838.47870435     1.00008683        0
  1838.49913653     1.00041456        0
  1838.51956861     0.99988084        0
  1838.54000059     1.00003160        0
  1838.56043276     0.99988720        0
  1838.58086484     0.99956855        0
  1838.60129682     1.00009979        0
  1838.62172900     0.99982193        0
  1838.64216108     0.99999056        0
  1838.66259305     0.99990847        0
  1838.68302523     0.99989951        0
  1838.70345730     0.99980879        0
  1838.72388938     1.00040198        0
  1838.74432145     0.99994197        0
  1838.76475353     1.00056866        0
  1838.78518560     1.00011365        0
  1838.80561767     1.00004946        0
  1838.82604975     0.99988965        0
  1838.84648192     0.99972008        0
  1838.86691389     0.99983593        0
  1838.88734596     0.99998707        0
  1838.90777813     0.99980381        0
  1838.92821010     0.99982304        0
  1838.94864217     1.00023508        0
  1838.96907434     0.99986814        0
  1838.98950631     0.99929559        0
  1839.05080252     1.00011549        0
  1839.09166675     0.99972981        0
  1839.11209882     1.00003933        0
  1839.13253078     0.99976638        0
  1839.15296295     1.00002789        0
  1839.17339501     1.00002295        0
  1839.19382698     1.00007879        0
  1839.21425914     0.99967789        0
  1839.23469120     1.00038008        0
  1839.25512317     1.00024011        0
  1839.27555533     0.99980654        0
  1839.29598739     1.00034878        0
  1839.31641955     0.99991450        0
  1839.33685151     0.99997654        0
  1839.35728357     0.99986986        0
  1839.37771563     1.00022242        0
  1839.39814769     1.00007897        0
  1839.41857965     1.00010466        0
  1839.43901181     0.99997503        0
  1839.45944387     1.00036876        0
  1839.47987583     1.00005874        0
  1839.50030799     0.99994048        0
  1839.52074004     0.99992505        0
  1839.54117210     1.00016108        0
  1839.56160415     0.99983942        0
  1839.58203621     0.99989604        0
  1839.60246827     1.00037555        0
  1839.62290032     1.00025705        0
  1839.64333237     0.99996502        0
  1839.72506059     0.99915909        0
  1839.74549274     1.00003316        0
  1839.76592469     0.99988079        0
  1839.78635674     0.99985746        0
  1839.80678889     0.99980992        0
  1839.82722084     1.00003901        0
  1839.84765289     1.00007007        0
  1839.86808504     0.99990103        0
  1839.88851699     1.00011807        0
  1839.90894904     0.99991015        0
  1839.92938119     0.99979087        0
  1839.94981323     0.99991046        0
  1839.97024528     0.99985974        0
  1839.99067733     1.00004297        0
  1840.29715797     1.00007816        0
  1840.31758991     0.99974264        0
  1840.33802205     1.00042435        0
  1840.35845409     0.99983150        0
  1840.37888612     1.00013537        0
  1840.39931816     0.99974517        0
  1840.41975020     0.99983622        0
  1840.44018224     1.00004514        0
  1840.46061427     0.99996129        0
  1840.48104631     1.00012085        0
  1840.50147834     1.00022912        0
  1840.52191048     1.00005924        0
  1840.54234241     0.99993148        0
  1840.56277455     0.99987753        0
  1840.58320658     1.00019515        0
  1840.60363851     0.99972522        0
  1840.62407064     0.99988027        0
  1840.64450268     1.00012654        0
  1840.66493461     0.99992120        0
  1840.68536674     0.99959093        0
  1840.70579877     0.99900107        0
  1840.72623070     1.00024758        0
  1840.74666283     1.00022487        0
  1840.76709486     1.00000000        0
  1840.78752689     1.00022855        0
  1840.80795892     1.00014667        0
  1840.82839085     0.99995763        0
  1840.84882297     1.00015847        0
  1840.86925500     1.00012340        0
  1840.88968703     0.99992045        0
  1840.91011895     0.99995470        0
  1840.93055108     0.99994457        0
  1840.95098310     1.00008038        0
  1840.97141503     0.99974749        0
  1840.99184715     0.99994210        0
  1872.00727316     1.00054092        1
  1872.02770478     0.99927841        1
  1872.04813639     1.00021551        1
  1872.06856800     0.99980789        1
  1872.08899962     0.99987551        1
  1872.10943123     1.00021713        1
  1872.12986294     1.00114897        1
  1872.17072607     0.99972184        1
  1872.19115778     1.00007941        1
  1872.21158940     0.99914843        1
  1872.23202091     0.99994021        1
  1872.25245262     0.99965233        1
  1872.27288424     0.99996759        1
  1872.29331575     0.99977440        1
  1872.31374746     0.99950014        1
  1872.33417907     1.00033560        1
  1872.35461059     0.99958537        1
  1872.37504230     1.00067730        1
  1872.41590562     1.00028841        1
  1872.43633714     1.00027796        1
  1872.45676875     0.99996843        1
  1872.47720046     1.00041520        1
  1872.49763197     0.99990144        1
  1872.51806358     0.99931924        1
  1872.53849529     1.00049438        1
  1872.55892681     1.00047270        1
  1872.57935842     0.99990825        1
  1872.59979013     1.00036714        1
  1872.62022164     1.00083247        1
  1872.66108496     0.99983058        1
  1872.68151647     1.00046155        1
  1872.70194818     1.00051571        1
  1872.72237980     1.00034496        1
  1872.74281131     0.99908075        1
  1872.76324302     1.00122575        1
  1872.78367463     1.00039633        1
  1872.80410614     0.99975535        1
  1872.82453785     1.00067558        1
  1872.84496946     1.00031394        1
  1872.86540097     0.99933264        1
  1872.90626429     0.99940378        1
  1872.92669580     0.99981908        1
  1872.94712751     0.99950441        1
  1872.96755912     0.99948044        1
  1872.98799083     0.99990176        1
  1873.00842234     1.00096712        1
  1873.02885395     0.99905693        1
  1873.04928566     0.99999140        1
  1873.06971717     0.99990960        1
  1873.09014878     0.99964330        1
  1873.11058049     0.99993933        1
  1873.15144361     0.99996266        1
  1873.17187532     1.00117203        1
  1873.19230692     1.00005670        1
  1873.21273853     0.99972538        1
  1873.23317014     0.99939419        1
  1873.25360175     1.00017392        1
  1873.27403336     0.99996559        1
  1873.29446497     0.99993799        1
  1873.31489658     0.99964791        1
  1873.33532819     0.99950035        1
  1873.35575979     1.00001541        1
  1873.39662301     0.99947635        1
  1873.41705462     0.99831015        1
  1873.43748613     1.00229518        1
  1873.45791784     0.99979859        1
  1873.47834944     0.99923018        1
  1873.49878115     0.99990185        1
  1873.51921266     0.99880769        1
  1873.53964427     1.00012602        1
  1873.56007597     1.00030905        1
  1873.58050748     0.99993763        1
  1873.60093909     1.00065051        1
  1873.74396044     0.99975308        1
  1873.76439205     1.00020685        1
  1873.80525526     1.00025998        1
  1873.82568687     0.99979786        1
  1873.84611858     1.00038724        1
  1873.88698169     1.00062606        1
  1873.90741340     1.00029816        1
  1873.92784490     0.99956739        1
  1873.94827651     1.00018589        1
  1873.96870821     1.00001973        1
  1873.98913972     1.00362281        1
  1874.00957143     1.00144594        1
  1874.03000293     0.99956516        1
  1874.05043454     0.99994686        1
  1874.07086625     1.00004708        1
  1874.09129775     1.00028633        1
  1874.27518230     1.00006891        1
  1874.29561391     0.99989792        1
  1874.31604551     1.00034555        1
  1874.33647712     1.00048587        1
  1874.37734033     1.00044059        1
  1874.39777193     0.99993464        1
  1874.41820364     0.99999732        1
  1874.43863514     1.00038017        1
  1874.45906675     1.00031051        1
  1874.47949845     0.99934964        1
  1874.49992996     1.00046221        1
  1874.52036166     1.00052162        1
  1874.54079326     1.00035230        1
  1874.56122477     0.99978692        1
  1874.58165647     0.99986299        1
  1874.62251958     0.99998945        1
  1874.64295129     1.00011761        1
  1874.66338289     0.99968950        1
  1874.68381449     1.00024859        1
  1874.70424610     0.99973803        1
  1874.72467770     1.00001729        1
  1874.74510921     0.99944093        1
  1874.76554091     1.00061029        1
  1874.78597251     1.00029209        1
  1874.80640412     0.99986518        1
  1874.86769903     1.00000000        1
  1874.88813053     0.99933808        1
  1874.90856214     1.00008725        1
  1874.92899384     0.99951417        1
  1874.94942534     1.00001874        1
  1874.96985695     0.99982839        1
  1874.99028865     1.00029887        1
  1875.01072015     1.00031002        1
  1875.03115185     0.99954020        1
  1875.05158346     1.00009909        1
  1875.11287827     1.00051111        1
  1875.13330977     0.99984876        1
  1875.15374147     0.99983511        1
  1875.17417307     0.99984536        1
  1875.19460468     1.00040060        1
  1875.21503628     0.99978130        1
  1875.23546788     1.00007571        1
  1875.25589958     1.00001722        1
  1875.35805750     0.99965481        1
  1875.37848920     1.00186794        1
  1875.39892070     0.99967194        1
  1875.41935230     0.99937847        1
  1875.43978400     1.00013726        1
  1875.46021551     1.00033107        1
  1875.48064711     1.00022545        1
  1875.50107881     0.99990513        1
  1875.52151031     0.99966837        1
  1875.54194201     0.99989667        1
  1875.56237362     1.00070905        1
  1875.60323682     1.00125723        1
  1875.62366842     1.00034838        1
  1875.64409992     0.99990921        1
  1875.66453162     1.00037157        1
  1875.68496323     0.99961372        1
  1875.70539483     0.99961108        1
  1875.72582643     1.00126187        1
  1875.74625803     1.00091104        1
  1875.76668973     1.00023515        1
  1875.78712123     0.99990620        1
  1875.80755283     1.00021128        1
  1875.84841613     0.99948463        1
  1875.86884764     1.00044325        1
  1875.88927934     1.00015218        1
  1875.90971094     0.99939931        1
  1875.93014244     0.99945350        1
  1875.95057414     1.00043252        1
  1875.97100574     0.99926596        1
  1875.99143744     0.99957187        1
  1876.01186894     1.00087881        1
  1876.09359534     0.99920753        1
  1876.11402694     1.00005660        1
  1876.13445854     1.00030237        1
  1876.15489005     0.99979617        1
  1876.17532175     1.00024735        1
  1876.19575335     1.00082187        1
  1876.21618495     1.00044559        1
  1876.23661655     0.99997000        1
  1876.25704815     0.99988692        1
  1876.27747985     1.00027731        1
  1876.33877465     1.00016752        1
  1876.35920625     1.00005448        1
  1876.37963775     0.99996381        1
  1876.40006945     1.00006222        1
  1876.42050105     0.99995338        1
  1876.44093255     0.99984500        1
  1876.46136425     1.00014317        1
  1876.48179585     1.00060153        1
  1876.50222755     1.00005544        1
  1876.52265904     1.00010928        1
  1876.54309064     1.00102554        1
  1876.58395384     1.00044169        1
  1876.60438544     0.99979792        1
  1876.62481714     1.00005766        1
  1876.64524864     1.00011313        1
  1876.66568024     1.00022974        1
  1876.82913303     0.99988468        1
  1876.84956473     0.99997417        1
  1876.86999623     1.00017169        1
  1876.89042783     1.00010433        1
  1876.91085953     0.99959298        1
  1876.93129113     0.99956884        1
  1877.07431242     0.99995009        1
  1877.09474392     0.99965929        1
  1877.11517552     0.99943608        1
  1877.13560722     0.99999644        1
  1877.15603872     0.99991255        1
  1877.17647031     0.99989088        1
  1877.19690201     1.00007701        1
  1877.21733351     1.00013681        1
  1877.23776521     0.99970519        1
  1877.25819681     1.00003372        1
  1877.27862831     0.99957246        1
  1877.31949160     0.99962132        1
  1877.33992320     0.99973834        1
  1877.36035480     0.99916272        1
  1877.38078640     0.99980694        1
  1877.40121800     0.99996883        1
  1877.42164959     0.99973140        1
  1877.44208119     1.00048420        1
  1877.46251279     1.00059286        1
  1877.48294439     0.99925449        1
  1877.50337599     0.99952929        1
  1877.52380758     0.99917790        1
  1877.56467078     0.99981412        1
  1877.58510248     1.00055399        1
  1877.60553398     1.00007462        1
  1877.62596557     0.99939615        1
  1877.64639727     1.00040701        1
  1877.66682877     1.00071705        1
  1877.68726047     1.00028509        1
  1877.70769207     0.99992358        1
  1877.72812356     1.00033150        1
  1877.74855526     0.99959269        1
  1877.76898686     1.00083461        1
  1877.80985005     1.00045676        1
  1877.83028165     0.99949900        1
  1877.85071315     1.00057318        1
  1877.87114485     1.00075207        1
  1877.89157644     1.00084830        1
  1877.91200804     0.99978023        1
  1877.93243964     1.00049936        1
  1877.95287124     1.00012195        1
  1877.97330293     1.00021479        1
  1877.99373453     0.99962281        1
  1878.01416603     0.99989842        1
  1878.05502932     0.99962535        1
  1878.07546082     1.00076986        1
  1878.09589252     0.99937526        1
  1878.11632412     0.99986850        1
  1878.13675561     1.00014047        1
  1878.15718731     0.99992258        1
  1878.17761881     1.00050409        1
  1878.19805051     0.99999804        1
  1878.21848210     0.99972612        1
  1878.23891360     1.00091226        1
  1878.25934530     1.00003300        1
  1878.30020839     1.00052592        1
  1878.32064009     1.00024031        1
  1878.34107169     0.99978031        1
  1878.36150318     1.00022859        1
  1878.38193488     1.00048962        1
  1878.40236648     1.00051042        1
  1878.42279817     0.99984300        1
  1878.44322967     1.00033507        1
  1878.46366127     0.99947209        1
  1878.48409297     1.00047649        1
  1878.50452446     1.00017081        1
  1878.54538776     0.99939774        1
  1878.56581935     1.00041689        1
  1878.58625085     0.99963119        1
  1878.60668255     1.00016069        1
  1878.62711414     0.99993295        1
  1878.64754574     0.99991830        1
  1878.66797734     0.99924949        1
  1878.68840894     1.00000400        1
  1878.70884063     0.99972549        1
  1878.72927213     1.00032729        1
  1878.74970373     0.99998924        1
  1878.79056692     0.99997023        1
  1878.81099852     1.00023390        1
  1878.83143011     0.99992313        1
  1878.85186171     0.99942853        1
  1878.87229341     1.00038710        1
  1878.89272490     0.99952889        1
  1878.91315650     1.00041527        1
  1878.93358820     1.00020017        1
  1878.95401969     0.99992192        1
  1878.97445129     1.00000799        1
  1878.99488299     0.99998508        1
  1879.07660937     1.00021064        1
  1879.09704097     0.99963254        1
  1879.11747257     1.00012321        1
  1879.13790416     0.99964557        1
  1879.15833576     0.99990022        1
  1879.17876736     0.99962560        1
  1879.19919895     1.00007263        1
  1879.21963065     0.99958648        1
  1879.24006215     1.00010937        1
  1879.28092544     1.00066021        1
  1879.34222023     0.99940907        1
  1879.36265173     0.99976725        1
  1879.38308342     1.00092006        1
  1879.40351502     0.99949503        1
  1879.42394652     0.99986216        1
  1879.44437821     0.99920766        1
  1879.46480981     1.00026419        1
  1879.48524131     0.99983347        1
  1879.52610450     1.00042495        1
  1879.54653619     0.99961572        1
  1879.56696779     1.00067888        1
  1879.58739939     0.99931465        1
  1879.60783098     0.99972727        1
  1879.62826258     1.00099864        1
  1879.64869418     0.99949798        1
  1879.66912577     1.00033393        1
  1879.68955737     1.00011218        1
  1879.70998897     0.99974352        1
  1879.73042056     1.00008862        1
  1879.77128386     1.00044251        1
  1879.79171545     1.00031238        1
  1879.81214695     1.00634929        1
  1879.83257865     1.00070205        1
  1879.85301024     0.99984469        1
  1879.87344174     1.00031427        1
  1879.89387343     0.99971169        1
  1879.91430503     0.99983491        1
  1879.93473653     1.00021425        1
  1879.95516822     0.99961475        1
  1879.97559982     1.00050937        1
  1880.03689461     1.01213565        2
  1880.05732631     1.00008173        2
  1880.07775780     1.00019506        2
  1880.09818940     0.99976916        2
  1880.11862100     1.00036585        2
  1880.13905259     0.99998746        2
  1880.15948419     0.99974729        2
  1880.17991589     1.00017391        2
  1880.20034738     0.99978530        2
  1880.22077908     0.99995365        2
  1880.26164217     1.00034108        2
  1880.28207387     0.99995406        2
  1880.30250546     0.99950226        2
  1880.32293696     1.00005755        2
  1880.34336866     0.99973556        2
  1880.36380025     0.99993100        2
  1880.38423175     1.00099085        2
  1880.40466345     0.99979924        2
  1880.42509504     0.99980804        2
  1880.44552674     1.00003935        2
  1880.46595824     1.00010536        2
  1880.50682153     0.99985449        2
  1880.52725303     1.00005929        2
  1880.54768462     1.00027270        2
  1880.56811632     0.99992919        2
  1880.58854782     0.99980336        2
  1880.60897941     1.00033922        2
  1880.62941111     0.99989323        2
  1880.64984261     1.00004351        2
  1880.67027430     1.00010497        2
  1880.75200069     1.00019145        2
  1880.77243229     0.99979054        2
  1880.79286388     0.99985823        2
  1880.81329548     1.00000906        2
  1880.83372708     0.99993929        2
  1880.85415867     0.99984772        2
  1880.87459027     0.99977419        2
  1880.89502187     1.00014407        2
  1880.91545346     1.00014659        2
  1880.93588506     0.99986686        2
  1880.95631676     1.00060296        2
  1881.01761155     1.00014792        2
  1881.03804304     1.00026914        2
  1881.05847464     0.99974723        2
  1881.07890634     1.00014437        2
  1881.09933784     1.00003031        2
  1881.11976953     1.00013830        2
  1881.14020113     1.00010483        2
  1881.16063263     1.00015640        2
  1881.18106432     1.00022745        2
  1881.20149592     1.00116302        2
  1881.24235911     1.00028339        2
  1881.26279071     0.99982904        2
  1881.28322231     0.99957506        2
  1881.30365391     0.99998684        2
  1881.32408550     0.99985202        2
  1881.34451720     1.00000813        2
  1881.36494870     1.00006656        2
  1881.38538029     0.99975742        2
  1881.40581199     0.99987579        2
  1881.42624359     1.00022910        2
  1881.44667509     0.99963916        2
  1881.48753828     1.00000807        2
  1881.50796998     0.99977252        2
  1881.52840157     0.99978257        2
  1881.54883317     1.00002082        2
  1881.56926477     1.00023040        2
  1881.58969637     1.00023495        2
  1881.61012786     0.99991615        2
  1881.63055956     0.99978270        2
  1881.65099116     1.00022489        2
  1881.67142266     0.99984977        2
  1881.69185435     0.99981725        2
  1881.73271765     0.99982029        2
  1881.75314915     1.00057830        2
  1881.77358074     1.00002231        2
  1881.79401244     0.99996836        2
  1881.81444394     0.99974852        2
  1881.83487554     1.00032671        2
  1881.85530723     1.00041401        2
  1881.87573873     1.00036445        2
  1881.89617033     1.00002228        2
  1881.91660203     1.00006774        2
  1881.93703362     0.99992082        2
  1881.97789682     1.00003400        2
  1881.99832842     0.99979885        2
  1882.01876001     0.99993145        2
  1882.03919161     0.99978660        2
  1882.05962321     1.00016501        2
  1882.08005491     1.00000468        2
  1882.10048641     1.00023388        2
  1882.12091800     1.00019715        2
  1882.14134970     1.00004933        2
  1882.16178120     0.99998413        2
  1882.22307599     0.99974353        2
  1882.24350769     1.00011262        2
  1882.26393919     0.99992288        2
  1882.28437079     1.00017062        2
  1882.30480249     1.00032800        2
  1882.32523398     0.99972063        2
  1882.34566568     1.00006027        2
  1882.36609728     1.00019877        2
  1882.38652878     1.00009606        2
  1882.46825527     1.00012573        2
  1882.48868687     0.99962471        2
  1882.50911847     0.99960301        2
  1882.52955007     1.00014537        2
  1882.54998167     0.99997683        2
  1882.57041336     1.00001770        2
  1882.59084496     1.00021414        2
  1882.77472935     0.99999145        2
  1882.79516105     0.99959354        2
  1882.81559255     0.99993228        2
  1882.83602415     1.00001945        2
  1882.85645585     0.99972117        2
  1882.87688735     1.00009766        2
  1882.89731884     1.00006736        2
  1882.91775054     0.99966247        2
  1883.01990864     0.99988514        2
  1883.04034014     0.99994931        2
  1883.06077174     0.99994340        2
  1883.08120344     0.99983784        2
  1883.10163504     0.99963125        2
  1883.12206654     0.99951804        2
  1883.14249824     0.99996587        2
  1883.16292984     1.00014194        2
  1883.20379303     0.99980330        2
  1883.22422463     1.00018372        2
  1883.24465633     1.00022263        2
  1883.26508783     1.00008853        2
  1883.28551943     0.99988604        2
  1883.30595113     1.00008785        2
  1883.32638263     0.99993206        2
  1883.34681423     0.99974037        2
  1883.36724593     0.99986142        2
  1883.38767743     0.99987308        2
  1883.40810913     0.99991275        2
  1883.44897223     1.00020556        2
  1883.46940393     1.00058236        2
  1883.48983553     0.99981647        2
  1883.51026703     0.99994374        2
  1883.53069873     1.00020058        2
  1883.55113023     0.99997988        2
  1883.57156193     0.99992222        2
  1883.59199353     1.00035402        2
  1883.61242503     1.00005126        2
  1883.63285673     0.99963857        2
  1883.65328834     1.00005087        2
  1883.71458314     1.00002984        2
  1883.73501474     0.99990729        2
  1883.75544634     0.99993710        2
  1883.77587794     1.00009101        2
  1883.79630964     1.00008117        2
  1883.81674124     0.99980450        2
  1883.83717274     0.99999306        2
  1883.85760444     0.99975001        2
  1883.87803604     0.99964820        2
  1883.89846754     1.00012202        2
  1883.95976235     1.00010357        2
  1883.98019405     1.00011499        2
  1884.00062565     1.00039860        2
  1884.02105735     1.00002564        2
  1884.04148885     1.00045074        2
  1884.06192045     1.00046021        2
  1884.08235216     0.99998334        2
  1884.10278366     1.00030352        2
  1884.12321526     1.00011597        2
  1884.14364696     0.99989378        2
  1884.20494166     0.99956356        2
  1884.22537327     0.99956695        2
  1884.24580497     1.00058892        2
  1884.26623647     0.99996237        2
  1884.28666807     0.99977596        2
  1884.30709977     1.00001148        2
  1884.32753138     1.00020175        2
  1884.34796288     1.00027411        2
  1884.36839458     0.99998216        2
  1884.38882618     1.00007455        2
  1884.42968939     0.99984776        2
  1884.45012099     0.99980582        2
  1884.47055269     1.00047316        2
  1884.49098419     1.00020078        2
  1884.51141580     0.99973346        2
  1884.53184750     1.00027716        2
  1884.55227900     0.99979219        2
  1884.57271060     1.00011901        2
  1884.59314231     1.00003053        2
  1884.61357381     1.00001285        2
  1884.63400551     1.00012683        2
  1884.67486862     0.99996319        2
  1884.69530032     0.99994602        2
  1884.71573192     0.99992257        2
  1884.73616353     0.99977584        2
  1884.75659513     1.00033208        2
  1884.77702673     0.99997999        2
  1884.79745834     1.00013760        2
  1884.81788994     0.99995911        2
  1884.83832154     0.99994203        2
  1884.85875315     0.99969824        2
  1884.92004796     1.00013712        2
  1884.94047956     1.00009443        2
  1884.96091116     1.00008557        2
  1884.98134287     1.00008592        2
  1885.00177437     0.99978797        2
  1885.02220608     1.00020482        2
  1885.04263768     1.00006508        2
  1885.06306918     0.99958821        2
  1885.08350089     1.00005409        2
  1885.10393249     0.99991475        2
  1885.12436400     0.99999935        2
  1885.16522730     0.99903395        2
  1885.18565881     0.99995038        2
  1885.20609051     0.99993818        2
  1885.22652212     1.00026401        2
  1885.24695382     1.00014277        2
  1885.26738533     0.99997171        2
  1885.28781693     0.99988634        2
  1885.30824864     1.00012711        2
  1885.32868014     1.00006073        2
  1885.34911175     0.99989027        2
  1885.36954345     0.99995148        2
  1885.43083827     0.99998455        2
  1885.45126987     0.99977204        2
  1885.47170148     0.99964818        2
  1885.49213308     0.99961286        2
  1885.51256469     1.00046631        2
  1885.53299629     1.00020813        2
  1885.55342790     1.00009423        2
  1885.57385940     0.99994509        2
  1885.59429111     0.99972897        2
  1885.61472271     0.99989967        2
  1885.65558593     0.99991714        2
  1885.67601753     1.00008827        2
  1885.69644924     1.00002504        2
  1885.71688074     0.99985598        2
  1885.73731235     1.00025438        2
  1885.75774406     0.99983616        2
  1885.77817556     1.00036370        2
  1885.79860717     0.99996363        2
  1885.81903887     1.00038606        2
  1885.83947038     0.99992728        2
  1885.85990209     1.00004498        2
  1885.90076520     0.99974719        2
  1885.92119691     1.00044700        2
  1885.94162851     0.99982398        2
  1885.96206012     0.99972251        2
  1885.98249173     1.00012597        2
  1886.00292333     0.99990770        2
  1886.02335494     1.00035902        2
  1886.04378655     1.00042109        2
  1886.06421816     0.99970582        2
  1886.08464986     0.99978634        2
  1886.10508147     1.00001009        2
  1886.16637629     1.00032116        2
  1886.18680780     0.99991607        2
  1886.20723951     0.99988407        2
  1886.22767102     0.99975134        2
  1886.24810272     1.00008104        2
  1886.26853433     0.99992234        2
  1886.28896584     0.99979429        2
  1886.30939755     0.99977572        2
  1886.32982915     0.99979798        2
  1886.35026066     1.00003839        2
  1886.39112398     0.99984565        2
  1886.41155549     1.00012290        2
  1886.43198720     0.99991005        2
  1886.45241880     0.99990003        2
  1886.47285051     0.99996224        2
  1886.49328202     0.99972142        2
  1886.51371363     1.00009204        2
  1886.53414534     0.99973176        2
  1886.63630338     1.00006398        2
  1886.65673499     1.00012699        2
  1886.67716660     1.00020075        2
  1886.69759821     1.00000233        2
  1886.71802982     0.99999156        2
  1886.73846143     1.00013437        2
  1886.88148270     1.00006757        2
  1886.90191431     1.00006358        2
  1886.92234602     0.99978680        2
  1886.94277753     1.00000159        2
  1886.96320914     0.99967105        2
  1886.98364085     1.00032521        2
  1887.00407236     0.99967787        2
  1887.12666213     1.00010751        2
  1887.14709374     1.00026427        2
  1887.16752535     1.00027450        2
  1887.18795696     0.99989139        2
  1887.20838857     1.00009517        2
  1887.22882019     0.99971386        2
  1887.24925190     1.00027720        2
  1887.26968341     0.99966237        2
  1887.29011502     1.00024349        2
  1887.31054673     1.00042720        2
  1887.33097834     1.00053058        2
  1887.37184157     1.00008536        2
  1887.39227318     0.99973670        2
  1887.41270469     0.99966828        2
  1887.43313640     1.00038022        2
  1887.45356802     1.00004495        2
  1887.47399963     1.00050254        2
  1887.49443124     1.00027149        2
  1887.51486285     1.00000000        2
  1887.53529457     0.99963109        2
  1887.55572608     0.99986357        2
  1887.57615769     1.00011732        2
  1887.61702092     0.99991035        2
  1887.63745263     1.00007325        2
  1887.65788415     0.99978213        2
  1887.67831576     0.99988169        2
  1887.69874747     1.00028073        2
  1887.71917899     0.99985629        2
  1887.73961060     1.00017096        2
  1887.76004231     1.00013062        2
  1887.78047383     0.99966646        2
  1887.80090544     0.99984143        2
  1887.86220038     0.99985177        2
  1887.88263200     1.00006857        2
  1887.90306361     0.99974500        2
  1887.92349523     0.99983381        2
  1887.94392684     1.00047212        2
  1887.96435846     1.00035775        2
  1887.98479017     0.99976536        2
  1891.04953424     0.99995900        3
  1891.06996587     0.99950072        3
  1891.09039760     1.00023621        3
  1891.11082913     0.99965713        3
  1891.13126077     1.00011823        3
  1891.15169250     1.00043158        3
  1891.17212403     1.00034011        3
  1891.19255576     0.99998056        3
  1891.21298739     0.99993367        3
  1891.23341892     1.00016846        3
  1891.29471382     1.00000105        3
  1891.31514555     1.00016959        3
  1891.33557719     0.99998634        3
  1891.35600892     1.00013321        3
  1891.37644045     0.99964111        3
  1891.39687209     0.99968428        3
  1891.41730382     0.99999301        3
  1891.43773535     1.00019291        3
  1891.45816699     1.00020304        3
  1891.47859872     0.99969435        3
  1891.49903035     0.99972002        3
  1891.53989362     0.99991635        3
  1891.56032515     0.99979089        3
  1891.58075689     1.00018684        3
  1891.60118852     1.00022214        3
  1891.62162006     1.00005543        3
  1891.64205179     0.99981547        3
  1891.66248343     0.99965970        3
  1891.68291496     0.99997143        3
  1891.70334670     1.00006241        3
  1891.72377833     0.99992824        3
  1891.74421007     1.00007716        3
  1891.78507324     0.99978306        3
  1891.80550497     1.00018657        3
  1891.82593651     1.00036676        3
  1891.84636815     1.00071750        3
  1891.86679988     0.99997879        3
  1891.88723142     0.99984562        3
  1891.90766306     1.00031707        3
  1891.92809479     0.99978494        3
  1891.94852633     0.99975835        3
  1891.96895807     1.00014571        3
  1891.98938970     0.99970341        3
  1892.03025298     0.99993540        3
  1892.05068461     1.00007416        3
  1892.07111625     1.00002857        3
  1892.09154789     1.00038504        3
  1892.11197953     0.99976568        3
  1892.13241126     1.00005735        3
  1892.15284290     1.00020162        3
  1892.17327444     0.99988235        3
  1892.19370618     1.00012118        3
  1892.21413772     1.00008001        3
  1892.23456936     1.00004062        3
  1892.27543263     1.00003442        3
  1892.29586437     0.99981038        3
  1892.31629601     0.99996382        3
  1892.33672755     1.00017608        3
  1892.35715929     1.00034767        3
  1892.37759093     1.00035904        3
  1892.39802247     1.00029119        3
  1892.41845421     0.99988476        3
  1892.43888585     1.00018981        3
  1892.45931739     0.99964200        3
  1892.52061251     1.00012136        3
  1892.54104405     0.99992673        3
  1892.56147569     0.99965856        3
  1892.58190743     1.00041564        3
  1892.60233897     1.00017450        3
  1892.62277061     1.00005955        3
  1892.64320236     1.00012309        3
  1892.66363400     1.00032634        3
  1892.84751878     0.99969829        3
  1892.86795052     0.99957186        3
  1892.88838206     1.00028406        3
  1892.90881381     0.99975965        3
  1892.92924535     0.99976765        3
  1892.94967699     0.99986121        3
  1892.97010874     0.99997980        3
  1893.01097192     0.99942913        3
  1893.03140367     0.99992618        3
  1893.05183521     0.99995384        3
  1893.07226696     0.99999467        3
  1893.09269860     1.00006808        3
  1893.11313015     0.99976559        3
  1893.13356189     0.99997601        3
  1893.15399354     0.99955437        3
  1893.17442508     1.00028035        3
  1893.19485683     1.00055709        3
  1893.21528847     1.00007900        3
  1893.33787835     1.00019985        3
  1893.35831009     0.99999337        3
  1893.37874174     0.99977638        3
  1893.39917329     0.99969622        3
  1893.41960503     1.00000833        3
  1893.44003668     1.00008625        3
  1893.46046843     1.00002271        3
  1893.50133162     0.99975681        3
  1893.52176337     0.99972761        3
  1893.54219492     1.00189359        3
  1893.56262647     0.99990668        3
  1893.58305821     1.00006261        3
  1893.60348986     0.99988632        3
  1893.62392161     1.00001244        3
  1893.64435316     1.00023506        3
  1893.66478481     1.00010364        3
  1893.68521656     0.99983093        3
  1893.70564811     0.99978265        3
  1893.74651150     0.99960209        3
  1893.76694305     1.00012132        3
  1893.78737470     1.00001936        3
  1893.80780645     0.99973618        3
  1893.82823800     0.99980723        3
  1893.84866975     1.00006496        3
  1893.86910140     1.00008345        3
  1893.88953305     0.99994984        3
  1893.90996471     0.99955337        3
  1893.93039636     0.99998141        3
  1893.95082801     1.00006888        3
  1894.01212306     1.00027113        3
  1894.03255471     0.99986334        3
  1894.05298626     0.99997476        3
  1894.07341802     0.99984824        3
  1894.09384967     1.00018096        3
  1894.11428122     1.00017112        3
  1894.13471297     1.00011083        3
  1894.15514462     1.00027734        3
  1894.17557628     1.00023625        3
  1894.19600793     1.00004734        3
  1894.23687124     0.99999940        3
  1894.25730289     1.00036461        3
  1894.27773444     1.00061838        3
  1894.29816620     0.99960836        3
  1894.31859785     1.00015890        3
  1894.33902940     0.99960981        3
  1894.35946116     1.00023345        3
  1894.37989281     0.99999599        3
  1894.40032457     1.00027252        3
  1894.42075612     1.00002877        3
  1894.44118777     1.00000098        3
  1894.48205108     1.00038032        3
  1894.50248274     1.00043769        3
  1894.52291450     0.99963650        3
  1894.54334615     0.99985992        3
  1894.56377781     1.00017808        3
  1894.58420946     0.99982364        3
  1894.60464112     0.99993070        3
  1894.72723106     1.00005014        3
  1894.74766281     1.00055529        3
  1894.76809437     0.99977963        3
  1894.78852613     0.99998733        3
  1894.80895779     1.00004841        3
  1894.82938934     1.00028319        3
  1894.84982110     1.00040717        3
  1894.87025266     0.99952071        3
  1894.97241105     0.99919209        3
  1894.99284261     1.00001477        3
  1895.01327437     0.99993368        3
  1895.03370603     1.00012527        3
  1895.05413769     0.99977718        3
  1895.07456935     0.99990370        3
  1895.09500101     0.99972140        3
  1895.11543277     1.00040897        3
  1895.13586433     0.99997033        3
  1895.15629599     1.00039175        3
  1895.17672775     0.99993399        3
  1895.21759097     0.99971268        3
  1895.23802274     0.99980358        3
  1895.25845440     1.00016959        3
  1895.27888596     0.99989643        3
  1895.29931772     0.99982445        3
  1895.31974938     1.00020621        3
  1895.34018114     0.99992420        3
  1895.36061271     0.99988755        3
  1895.38104437     0.99970912        3
  1895.40147613     0.99983924        3
  1895.42190769     1.00024862        3
  1895.46277112     0.99963970        3
  1895.48320268     0.99991309        3
  1895.50363445     1.00017296        3
  1895.52406601     0.99988896        3
  1895.54449767     1.00005071        3
  1895.56492944     0.99981280        3
  1895.58536100     1.00066121        3
  1895.60579266     0.99993358        3
  1895.62622443     1.00026998        3
  1895.64665599     1.00022872        3
  1895.66708776     1.00004362        3
  1895.70795109     1.00001969        3
  1895.72838275     0.99994729        3
  1895.74881442     1.00013862        3
  1895.76924608     1.00011480        3
  1895.78967775     1.00033114        3
  1895.81010942     0.99993020        3
  1895.83054108     0.99985309        3
  1895.85097285     1.00037087        3
  1895.87140442     1.00020114        3
  1895.89183618     1.00036488        3
  1895.91226785     0.99981437        3
  1895.95313118     1.00221453        3
  1895.97356285     1.00033365        3
  1895.99399442     0.99996365        3
  1896.01442619     0.99995064        3
  1896.03485785     1.00041360        3
  1896.05528962     0.99986642        3
  1896.07572119     0.99962673        3
  1896.09615286     0.99984061        3
  1896.11658453     1.00023852        3
  1896.13701620     0.99970698        3
  1896.15744786     0.99950360        3
  1896.19831120     0.99966400        3
  1896.21874297     1.00002592        3
  1896.23917454     0.99979281        3
  1896.25960621     0.99938782        3
  1896.28003798     0.99938904        3
  1896.30046955     0.99991783        3
  1896.32090122     0.99954116        3
  1896.34133299     0.99956033        3
  1896.36176456     0.99953059        3
  1896.38219624     0.99953281        3
  1896.50478636     0.99998731        3
  1896.52521804     1.00017108        3
  1896.54564971     1.00008775        3
  1896.56608148     1.00003135        3
  1896.58651305     1.00005537        3
  1896.60694483     1.00078374        3
  1896.62737650     1.00022964        3
  1896.64780807     1.00022855        3
  1896.68867152     1.00035022        3
  1896.70910310     1.00016139        3
  1896.72953487     1.00008126        3
  1896.74996654     1.00041622        3
  1896.77039822     1.00015682        3
  1896.79082989     0.99950543        3
  1896.81126157     0.99971685        3
  1896.83169324     1.00001478        3
  1896.85212492     0.99999176        3
  1896.87255659     1.00049559        3
  1896.89298827     0.99987380        3
  1896.93385162     1.00000000        3
  1896.95428330     0.99952362        3
  1896.97471497     0.99959447        3
  1896.99514675     0.99977608        3
  1897.01557833     0.99986748        3
  1897.03601000     1.00010236        3
  1897.05644178     1.00003392        3
  1897.07687346     1.00007702        3
  1897.09730503     1.00001280        3
  1897.11773681     0.99990975        3
  1897.13816849     1.00014937        3
  1897.17903185     1.00039463        3
  1897.19946352     0.99980282        3
  1897.21989530     1.00031223        3
  1897.24032688     1.00000738        3
  1897.26075856     0.99985103        3
  1897.28119034     1.00044905        3
  1897.30162192     1.00015320        3
  1897.32205370     0.99989216        3
  1897.34248538     1.00015772        3
  1897.36291696     1.00009015        3
  1897.38334874     0.99985700        3
  1897.42421200     1.00033321        3
  1897.44464378     0.99988733        3
  1897.46507546     1.00009293        3
  1897.48550724     0.99960111        3
  1897.50593882     0.99974372        3
  1897.52637041     1.00037213        3
  1897.54680219     0.99964041        3
  1897.56723387     1.00001198        3
  1897.58766555     0.99978649        3
  1897.60809723     0.99991536        3
  1897.62852892     1.00058193        3
  1897.77155080     0.99990833        3
  1897.79198248     1.00012433        3
  1897.81241407     1.00042527        3
  1897.83284585     0.99947332        3
  1897.85327753     1.00004391        3
  1897.87370932     0.99995667        3
  1897.91457259     0.99945458        3
  1897.93500437     0.99983401        3
  1897.95543596     0.99979858        3
  1897.97586765     1.00024204        3
  1897.99629943     0.99998333        3
  1898.01673102     0.99997162        4
  1898.03716280     1.00029500        4
  1898.05759449     1.00066998        4
  1898.07802608     0.99949320        4
  1898.09845786     1.00019261        4
  1898.11888955     1.00003194        4
  1898.15975293     0.99971042        4
  1898.18018451     1.00028487        4
  1898.20061630     0.99990293        4
  1898.22104799     1.00000743        4
  1898.24147958     1.00032543        4
  1898.26191137     0.99997527        4
  1898.28234306     0.99998162        4
  1898.30277475     0.99984444        4
  1898.32320643     0.99968936        4
  1898.34363812     0.99981824        4
  1898.40493319     0.99967504        4
  1898.42536498     1.00035175        4
  1898.44579667     1.00035084        4
  1898.46622826     1.00001308        4
  1898.48666006     0.99993446        4
  1898.50709175     0.99979205        4
  1898.52752334     1.00004492        4
  1898.54795513     0.99977829        4
  1898.56838682     1.00001569        4
  1898.58881861     1.00017661        4
  1898.60925020     0.99959312        4
  1898.65011369     0.99966742        4
  1898.67054528     0.99995392        4
  1898.69097697     1.00033315        4
  1898.71140877     1.00048095        4
  1898.73184036     0.99988133        4
  1898.75227215     1.00005477        4
  1898.77270385     1.00027813        4
  1898.79313544     1.00003879        4
  1898.81356724     0.99975877        4
  1898.83399883     1.00002748        4
  1898.85443052     1.00016021        4
  1898.89529391     1.00013252        4
  1898.91572561     0.99999215        4
  1898.93615740     0.99999675        4
  1898.95658910     1.00059448        4
  1898.97702080     1.00020537        4
  1898.99745249     0.99995016        4
  1899.01788419     0.99963557        4
  1899.03831588     0.99981539        4
  1899.05874758     0.99998802        4
  1899.07917928     0.99999828        4
  1899.09961107     1.00000934        4
  1899.14047447     1.00034630        4
  1899.16090617     1.00041914        4
  1899.18133776     0.99990310        4
  1899.20176956     0.99978236        4
  1899.22220126     1.00020249        4
  1899.24263286     1.00019683        4
  1899.26306466     0.99993957        4
  1899.28349636     1.00007083        4
  1899.30392816     0.99984494        4
  1899.32435975     0.99977289        4
  1899.34479145     0.99983532        4
  1899.38565485     0.99988947        4
  1899.40608655     1.00017065        4
  1899.42651835     0.99956600        4
  1899.44694995     0.99999361        4
  1899.46738176     1.00014764        4
  1899.48781336     0.99978497        4
  1899.50824506     0.99977715        4
  1899.52867686     0.99983545        4
  1899.54910846     0.99991012        4
  1899.56954016     0.99973822        4
  1899.58997196     1.00013294        4
  1899.63083527     1.00021352        4
  1899.65126707     1.00029474        4
  1899.67169877     1.00015958        4
  1899.69213048     0.99959586        4
  1899.71256218     1.00020078        4
  1899.73299388     1.00030674        4
  1899.75342569     1.00007693        4
  1899.77385729     1.00027662        4
  1899.79428900     1.00003032        4
  1899.81472080     0.99999386        4
  1899.83515241     0.99997761        4
  1899.89644752     1.00030228        4
  1899.91687933     0.99981715        4
  1899.93731103     1.00027371        4
  1899.95774264     1.00001092        4
  1899.97817444     1.00032066        4
  1899.99860615     1.00002881        4
  1900.01903796     0.99954459        4
  1900.03946956     1.00037993        4
  1900.05990127     0.99995888        4
  1900.08033298     0.99998544        4
  1900.12119639     1.00012607        4
  1900.14162810     1.00012549        4
  1900.16205981     0.99988280        4
  1900.18249162     1.00000888        4
  1900.20292323     0.99997725        4
  1900.22335494     0.99974420        4
  1900.24378674     1.00012949        4
  1900.26421835     0.99974791        4
  1900.28465006     0.99975255        4
  1900.30508187     1.00001998        4
  1900.32551358     1.00047506        4
  1900.36637700     0.99988743        4
  1900.38680871     0.99994038        4
  1900.40724053     1.00000524        4
  1900.42767214     0.99995205        4
  1900.44810385     0.99994903        4
  1900.46853566     0.99973090        4
  1900.48896727     1.00030420        4
  1900.50939898     0.99984626        4
  1900.52983079     1.00001208        4
  1900.55026241     0.99984170        4
  1900.57069422     0.99990381        4
  1900.61155755     1.00021574        4
  1900.63198936     0.99990361        4
  1900.65242107     1.00006374        4
  1900.67285269     1.00005114        4
  1900.69328450     1.00036140        4
  1900.71371621     0.99973708        4
  1900.85673822     1.00048472        4
  1900.87716994     1.00023994        4
  1900.89760175     1.00000081        4
  1900.91803347     0.99981230        4
  1900.93846509     1.00009210        4
  1900.95889690     1.00016793        4
  1900.97932862     0.99989151        4
  1900.99976024     0.99997315        4
  1901.02019205     1.00002911        4
  1901.04062377     0.99994140        4
  1901.06105539     0.99997120        4
  1901.10191893     0.99984223        4
  1901.12235075     1.00001189        4
  1901.14278236     0.99973107        4
  1901.16321408     0.99983638        4
  1901.18364590     1.00018534        4
  1901.20407752     1.00011616        4
  1901.22450924     1.00024441        4
  1901.24494106     1.00037099        4
  1901.26537268     1.00005541        4
  1901.28580450     0.99963896        4
  1901.30623622     0.99989328        4
  1901.38796311     0.99989060        4
  1901.40839483     0.99992501        4
  1901.42882655     0.99976285        4
  1901.44925828     1.00018485        4
  1901.46969000     1.00019335        4
  1901.49012172     0.99992303        4
  1901.51055345     0.99990322        4
  1901.53098517     0.99975918        4
  1901.55141689     0.99958807        4
  1901.59228034     1.00005509        4
  1901.61271216     1.00024599        4
  1901.63314389     0.99987473        4
  1901.65357551     0.99963766        4
  1901.67400734     0.99989541        4
  1901.69443906     1.00000599        4
  1901.71487069     1.00003945        4
  1901.73530252     0.99996339        4
  1901.75573424     0.99975759        4
  1901.77616587     1.00033127        4
  1901.79659769     1.00002258        4
  1901.83746125     0.99974154        4
  1901.85789287     0.99986667        4
  1901.87832460     1.00019855        4
  1901.89875643     1.00030963        4
  1901.91918806     0.99980027        4
  1901.93961979     1.00034263        4
  1901.96005161     1.00011869        4
  1901.98048324     0.99965883        4
  1902.00091507     1.00017082        4
  1902.02134680     1.00015554        4
  1902.08264199     0.99970691        4
  1902.10307362     0.99995174        4
  1902.12350545     0.99992764        4
  1902.14393718     0.99993499        4
  1902.16436891     1.00025615        4
  1902.18480064     0.99984983        4
  1902.20523237     1.00011246        4
  1902.22566410     1.00015549        4
  1902.24609584     1.00024182        4
  1902.26652757     1.00079149        4
  1902.28695940     1.00117870        4
  1902.32782276     1.00030863        4
  1902.34825460     1.00035547        4
  1902.36868623     0.99990364        4
  1902.38911806     0.99996541        4
  1902.40954980     0.99990981        4
  1902.42998143     1.00004069        4
  1902.45041327     1.00013271        4
  1902.57300368     1.00013559        4
  1902.59343541     0.99981482        4
  1902.61386725     1.00024755        4
  1902.63429888     1.00012609        4
  1902.65473062     0.99970393        4
  1902.67516246     1.00016585        4
  1902.69559409     1.00009823        4
  1902.71602593     1.00017406        4
  1902.73645767     0.99998906        4
  1902.75688931     0.99986238        4
  1902.77732114     1.00017231        4
  1902.81818462     0.99892725        4
  1902.83861636     1.00035674        4
  1902.85904810     0.99991971        4
  1902.87947974     1.00022314        4
  1902.89991158     1.00027510        4
  1902.92034332     0.99985018        4
  1902.94077516     0.99947229        4
  1902.96120680     0.99979421        4
  1902.98163854     1.00008417        4
  1903.00207038     0.99989205        4
  1903.02250202     0.99980152        4
  1903.20638770     1.00024171        4
  1903.22681954     1.00019741        4
  1903.24725129     1.00013343        4
  1903.26768313     0.99972253        4
  1903.30854652     0.99942118        4
  1903.32897837     0.99950195        4
  1903.34941001     1.00016106        4
  1903.36984176     1.00010554        4
  1903.39027360     0.99955585        4
  1903.41070535     0.99966394        4
  1903.43113709     0.99979335        4
  1903.45156874     0.99964437        4
  1903.47200049     0.99982562        4
  1903.49243233     0.99985693        4
  1903.51286408     0.99983163        4
  1903.55372757     0.99986079        4
  1903.57415932     0.99993744        4
  1903.59459097     1.00023021        4
  1903.61502282     1.00026029        4
  1903.63545457     0.99992685        4
  1903.65588642     1.00028793        4
  1903.67631807     1.00021125        4
  1903.69674981     0.99989610        4
  1903.71718166     1.00003095        4
  1903.73761331     1.00030082        4
  1903.75804506     0.99980445        4
  1903.81934042     1.00028414        4
  1903.83977217     1.00037832        4
  1903.86020382     0.99951753        4
  1903.88063567     0.99986629        4
  1903.90106742     0.99988752        4
  1903.92149907     1.00009500        4
  1903.94193093     1.00038273        4
  1903.96236268     1.00009768        4
  1903.98279453     1.00006708        4
  1904.00322619     0.99979994        4
  1904.04408969     1.00011084        4
  1904.06452155     0.99997554        4
  1904.08495320     1.00002824        4
  1904.10538495     1.00008060        4
  1904.12581671     0.99990386        4
  1904.14624846     1.00032391        4
  1904.16668032     0.99998758        4
  1904.18711198     0.99986412        4
  1904.20754383     1.00056725        4
  1904.22797559     0.99997926        4
  1904.24840724     1.00021278        4
  1904.28927086     0.99994831        4
  1904.30970251     0.99985395        4
  1904.33013437     1.00013972        4
  1904.35056613     0.99973528        4
  1904.37099799     0.99982821        4
  1904.39142964     1.00001537        4
  1904.41186140     0.99999500        4
  1904.43229326     1.00029591        4
  1904.45272492     1.01210207        4
  1904.47315668     0.99985445        4
  1904.49358854     1.00003585        4
  1904.61617910     0.99984299        4
  1904.63661086     0.99987135        4
  1904.65704262     1.00005738        4
  1904.67747439     0.99960911        4
  1904.69790615     0.99984663        4
  1904.71833791     1.00007508        4
  1904.73876967     1.00022595        4
  1904.77963320     0.99985319        4
  1904.80006496     1.00007551        4
  1904.82049683     1.00000000        4
  1904.84092849     0.99996978        4
  1904.86136025     1.00037504        4
  1904.88179212     1.00010043        4
  1905.04524624     1.00004707        4
  1905.06567801     0.99978136        4
  1905.08610988     0.99962931        4
  1905.10654155     0.99975040        4
  1905.12697331     1.00003334        4
  1905.14740518     1.00010758        4
  1905.16783685     1.00003502        4
  1905.18826862     1.00063264        4
