  1835.65841616     1.00171741        0
  1835.67884811     0.99923901        0
  1835.69928006     1.00086548        0
  1835.80143979     0.99853772        0
  1835.82187184     1.00146136        0
  1835.84230368     1.00110001        0
  1835.86273563     0.99873605        0
  1835.88316767     1.00113857        0
  1835.90359951     0.99920615        0
  1835.92403146     1.00100865        0
  1835.94446350     0.99971324        0
  1835.96489534     0.99945867        0
  1835.98532728     0.99990438        0
  1836.00575932     1.00220498        0
  1836.02619116     1.00140591        0
  1836.04662311     1.00044753        0
  1836.06705515     0.99878970        0
  1836.08748699     1.00082582        0
  1836.10791892     0.99941858        0
  1836.12835096     0.99976500        0
  1836.14878290     1.00031238        0
  1836.16921474     1.00082353        0
  1836.18964678     0.99958793        0
  1836.21007872     0.99941949        0
  1836.23051075     1.00004615        0
  1836.25094259     0.99965923        0
  1836.27137452     1.00050341        0
  1836.31223840     0.99839122        0
  1836.33267033     0.99958449        0
  1836.35310236     0.99965907        0
  1836.37353420     1.00004159        0
  1836.39396613     1.00002116        0
  1836.41439807     0.99970169        0
  1836.43483000     1.00021188        0
  1836.45526193     0.99972113        0
  1836.47569386     0.99877597        0
  1836.49612579     0.99972390        0
  1836.51655773     1.00009557        0
  1836.53698966     1.00127479        0
  1836.55742159     1.00019650        0
  1836.57785352     1.00112956        0
  1836.59828555     1.00085726        0
  1836.61871738     0.99682654        0
  1836.63914930     0.99862369        0
  1836.65958133     1.00057224        0
  1836.68001316     0.99929505        0
  1836.70044509     0.99894658        0
  1836.72087712     1.00015703        0
  1836.74130894     0.99953250        0
  1836.76174087     0.99939824        0
  1836.78217289     0.99883836        0
  1836.80260472     1.00169014        0
  1836.82303675     0.99930545        0
  1836.84346867     0.99994850        0
  1836.86390049     0.99932739        0
  1836.88433252     0.99922664        0
  1836.90476444     0.99922377        0
  1836.92519627     1.00073000        0
  1836.94562829     0.99816266        0
  1836.96606021     1.00005470        0
  1836.98649213     0.99884606        0
  1837.00692405     0.99727693        0
  1837.02735598     0.99106887        0
  1837.10908366     1.00010749        0
  1837.12951558     1.00047527        0
  1837.14994749     1.00110102        0
  1837.17037941     1.00140210        0
  1837.19081133     0.99974213        0
  1837.21124325     1.00138077        0
  1837.23167516     0.99768971        0
  1837.25210708     0.99884677        0
  1837.27253900     1.00044494        0
  1837.29297081     1.00071732        0
  1837.31340283     0.99825203        0
  1837.33383474     1.00152665        0
  1837.35426666     1.00063627        0
  1837.37469857     0.99928946        0
  1837.39513049     1.00238915        0
  1837.41556240     0.99995496        0
  1837.43599441     1.00060148        0
  1837.45642623     0.99952876        0
  1837.47685824     0.99986444        0
  1837.49729015     0.99963203        0
  1837.51772196     0.99939202        0
  1837.53815398     0.99734882        0
  1837.55858589     1.00099336        0
  1837.57901770     1.00001775        0
  1837.59944971     0.99967062        0
  1837.61988162     0.99908864        0
  1837.64031343     0.99905256        0
  1837.66074543     1.00071962        0
  1837.68117734     0.99895962        0
  1837.70160915     1.00005534        0
  1837.72204116     0.99901687        0
  1837.74247307     0.99778781        0
  1837.76290487     1.00066759        0
  1837.78333688     1.00089167        0
  1837.80376879     1.00002351        0
  1837.82420069     1.00217398        0
  1837.84463260     0.99862033        0
  1837.86506450     0.99857237        0
  1837.88549631     1.00003906        0
  1837.90592831     1.00104204        0
  1837.92636021     1.00119796        0
  1837.94679212     1.00046263        0
  1837.96722402     0.99837095        0
  1837.98765592     1.00007216        0
  1838.00808773     0.99980406        0
  1838.02851973     1.00036249        0
  1838.04895163     0.99976146        0
  1838.06938363     1.00122113        0
  1838.08981543     1.00097087        0
  1838.11024733     0.99823088        0
  1838.13067933     0.99813435        0
  1838.15111113     1.00128218        0
  1838.17154303     0.99870060        0
  1838.19197503     1.00268931        0
  1838.21240683     1.00121660        0
  1838.23283873     0.99867426        0
  1838.27370262     1.00043422        0
  1838.29413442     0.99887037        0
  1838.31456641     1.00083263        0
  1838.33499831     0.99948304        0
  1838.35543011     1.00077274        0
  1838.37586210     1.00079493        0
  1838.39629400     1.00192176        0
  1838.41672579     1.00131748        0
  1838.43715778     0.99988632        0
  1838.45758968     1.00020951        0
  1838.47802147     1.00336790        0
  1838.49845346     0.99924719        0
  1838.51888536     0.99971851        0
  1838.53931715     1.00209441        0
  1838.55974914     1.00017545        0
  1838.58018103     1.00086759        0
  1838.60061282     1.00133109        0
  1838.62104481     1.00184117        0
  1838.64147670     1.00000000        0
  1838.66190849     0.99988433        0
  1838.68234048     1.00045126        0
  1838.70277237     0.99994994        0
  1838.72320426     1.00034744        0
  1838.74363615     0.99967739        0
  1838.76406804     0.99817090        0
  1838.78449993     0.99832927        0
  1838.80493181     1.00036345        0
  1838.82536370     1.00032008        0
  1838.84579569     0.99935410        0
  1838.86622747     0.99940330        0
  1838.88665936     1.00091614        0
  1838.90709134     0.99760725        0
  1838.92752313     1.00236922        0
  1838.94795501     0.99865613        0
  1838.96838700     0.99280761        0
  1839.07054631     1.00047703        0
  1839.09097830     0.99857990        0
  1839.11141018     1.00102953        0
  1839.13184196     0.99914153        0
  1839.15227394     1.00009405        0
  1839.17270582     1.00195222        0
  1839.19313760     0.99858784        0
  1839.21356958     0.99910745        0
  1839.23400146     0.99979373        0
  1839.25443324     0.99883065        0
  1839.27486522     0.99878828        0
  1839.29529710     1.00038775        0
  1839.31572907     1.00043381        0
  1839.33616085     0.99828046        0
  1839.35659273     0.99842791        0
  1839.37702460     1.00142032        0
  1839.39745648     0.99928807        0
  1839.41788826     1.00026101        0
  1839.43832023     1.00074812        0
  1839.45875211     0.99998525        0
  1839.47918388     1.00048890        0
  1839.49961586     0.99956915        0
  1839.52004773     1.00044117        0
  1839.54047960     1.00049109        0
  1839.56091148     1.00015207        0
  1839.58134335     0.99739811        0
  1839.60177522     1.00289110        0
  1839.62220710     1.00314304        0
  1839.64263897     1.00060700        0
  1839.66307084     0.99829773        0
  1839.72436645     1.00067929        0
  1839.74479842     0.99957654        0
  1839.76523019     0.99940314        0
  1839.78566206     0.99972911        0
  1839.80609403     1.00028610        0
  1839.82652580     1.00092773        0
  1839.84695767     1.00073486        0
  1839.86738964     0.99982833        0
  1839.88782140     1.00034530        0
  1839.90825327     1.00144387        0
  1839.92868524     0.99815513        0
  1839.94911710     1.00009181        0
  1839.96954897     1.00012524        0
  1839.98998083     1.00083838        0
  1840.01041270     0.99816559        0
  1840.31689054     0.99910876        0
  1840.33732250     1.00032206        0
  1840.35775435     0.99999461        0
  1840.37818621     0.99999996        0
  1840.39861807     0.99857753        0
  1840.41904993     0.99887891        0
  1840.43948179     1.00016919        0
  1840.45991364     1.00098972        0
  1840.48034550     1.00117792        0
  1840.50077736     0.99973766        0
  1840.52120931     0.99975365        0
  1840.54164107     1.00043105        0
  1840.56207303     1.00101678        0
  1840.58250488     1.00210035        0
  1840.60293664     1.00049190        0
  1840.62336859     1.00202726        0
  1840.64380044     1.00208982        0
  1840.66423220     0.99686113        0
  1840.68466415     1.00033174        0
  1840.70509600     0.98592442        0
  1840.72552776     0.99789416        0
  1840.74595971     0.99844588        0
  1840.76639156     1.00014010        0
  1840.78682341     0.99711991        0
  1840.80725526     1.00058291        0
  1840.82768701     0.99838698        0
  1840.84811896     0.99934078        0
  1840.86855082     0.99952918        0
  1840.88898266     1.00085247        0
  1840.90941441     0.99918987        0
  1840.92984636     0.99911987        0
  1840.95027821     0.99748641        0
  1840.97070996     1.00129024        0
  1840.99114191     0.99994126        0
  1872.00641013     0.99911227        1
  1872.02684171     0.99978831        1
  1872.04727330     0.99897357        1
  1872.06770488     1.00181930        1
  1872.08813647     0.99896777        1
  1872.10856806     1.00065413        1
  1872.12899974     0.99924394        1
  1872.16986282     1.00013447        1
  1872.19029450     1.00000873        1
  1872.21072609     1.00005296        1
  1872.23115757     0.99921984        1
  1872.25158926     1.00100125        1
  1872.27202085     1.00017945        1
  1872.29245233     0.99945270        1
  1872.31288402     0.99946674        1
  1872.33331560     1.00139031        1
  1872.35374709     1.00074291        1
  1872.37417878     0.99970355        1
  1872.41504205     0.99916558        1
  1872.43547354     0.99966294        1
  1872.45590512     0.99969154        1
  1872.47633681     0.99923202        1
  1872.49676830     0.99859770        1
  1872.51719988     1.00154883        1
  1872.53763157     1.00007100        1
  1872.55806305     0.99962736        1
  1872.57849464     1.00159562        1
  1872.59892633     1.00079897        1
  1872.61935781     1.00014817        1
  1872.66022109     0.99902675        1
  1872.68065257     0.99902854        1
  1872.70108426     0.99973446        1
  1872.72151585     1.00003544        1
  1872.74194733     1.00098827        1
  1872.76237902     1.00071051        1
  1872.78281061     1.00075291        1
  1872.80324209     0.99955599        1
  1872.82367378     0.99986908        1
  1872.84410537     1.00096808        1
  1872.86453685     0.99955933        1
  1872.90540013     1.00102321        1
  1872.92583161     1.00033054        1
  1872.94626330     1.00098648        1
  1872.96669489     0.99970409        1
  1872.98712657     1.00063439        1
  1873.00755806     0.99906507        1
  1873.02798965     1.00038138        1
  1873.04842133     1.00093047        1
  1873.06885282     1.00124132        1
  1873.08928441     1.00053402        1
  1873.15057917     0.99921448        1
  1873.17101086     1.00006542        1
  1873.19144244     1.00046204        1
  1873.21187403     1.00128024        1
  1873.23230562     1.00077559        1
  1873.25273720     0.99947865        1
  1873.27316879     1.00158183        1
  1873.29360038     0.99980369        1
  1873.31403197     0.99939099        1
  1873.33446355     0.99951977        1
  1873.35489514     0.99995768        1
  1873.39575832     0.99332357        1
  1873.41618990     1.00004336        1
  1873.43662139     0.99907756        1
  1873.45705308     0.99977116        1
  1873.47748466     1.00111270        1
  1873.49791635     1.00096108        1
  1873.51834784     0.99777831        1
  1873.53877943     0.99889274        1
  1873.55921111     1.00076100        1
  1873.57964260     0.99844805        1
  1873.60007419     0.99900717        1
  1873.74309540     1.00058799        1
  1873.76352699     1.00003458        1
  1873.78395858     1.00060166        1
  1873.80439017     1.00167961        1
  1873.82482176     1.00097022        1
  1873.84525344     0.99878396        1
  1873.88611652     1.00044490        1
  1873.90654821     0.99733472        1
  1873.92697970     1.00107458        1
  1873.94741128     1.00136673        1
  1873.96784297     0.99995149        1
  1873.98827446     1.00093303        1
  1874.00870615     1.00011878        1
  1874.02913764     1.00066496        1
  1874.04956923     0.99944013        1
  1874.07000091     1.00033596        1
  1874.09043240     0.99869838        1
  1874.25388521     1.00082334        1
  1874.27431680     0.99992575        1
  1874.29474839     0.99953816        1
  1874.31517998     0.99851525        1
  1874.33561157     1.00112876        1
  1874.37647474     1.00012727        1
  1874.39690633     0.99898517        1
  1874.41733802     0.99945900        1
  1874.43776951     0.99870799        1
  1874.45820110     0.99957520        1
  1874.47863279     0.99920248        1
  1874.49906428     1.00078724        1
  1874.51949597     1.00029631        1
  1874.53992756     0.99925153        1
  1874.56035905     1.00048415        1
  1874.58079074     0.99989801        1
  1874.62165381     0.99995115        1
  1874.64208550     1.00071515        1
  1874.66251709     0.99894237        1
  1874.68294868     0.99858513        1
  1874.70338027     1.00138393        1
  1874.72381186     1.00035055        1
  1874.74424335     1.00037078        1
  1874.76467504     1.00411969        1
  1874.78510663     0.99893463        1
  1874.80553822     0.99947737        1
  1874.86683309     1.00072472        1
  1874.88726458     0.99943989        1
  1874.90769617     1.00022945        1
  1874.92812786     1.00091837        1
  1874.94855935     0.99986008        1
  1874.96899094     1.00164401        1
  1874.98942263     0.99963627        1
  1875.00985412     1.00078133        1
  1875.03028581     1.00077594        1
  1875.05071740     1.00114976        1
  1875.11201217     0.99933028        1
  1875.13244366     1.00000000        1
  1875.15287535     0.99953941        1
  1875.17330694     0.99961066        1
  1875.19373853     1.00041414        1
  1875.21417013     0.99991543        1
  1875.23460172     1.00072257        1
  1875.25503341     0.99887217        1
  1875.35719126     0.99509145        1
  1875.37762295     1.00071610        1
  1875.39805444     1.00078657        1
  1875.41848604     1.00043000        1
  1875.43891773     0.99873311        1
  1875.45934922     0.99994082        1
  1875.47978081     1.00010432        1
  1875.50021250     1.00011218        1
  1875.52064399     1.00110497        1
  1875.54107568     0.99921288        1
  1875.56150728     1.00081269        1
  1875.60237046     1.00099731        1
  1875.62280205     0.99922941        1
  1875.64323354     1.00267244        1
  1875.66366523     1.00007438        1
  1875.68409683     1.00018801        1
  1875.70452842     1.00046576        1
  1875.72496001     1.00002278        1
  1875.74539160     0.99993103        1
  1875.76582329     0.99975306        1
  1875.78625479     0.99979425        1
  1875.80668638     0.99868294        1
  1875.84754966     0.99864138        1
  1875.86798116     0.99698532        1
  1875.88841285     1.00074346        1
  1875.90884444     0.99948050        1
  1875.92927593     0.99844874        1
  1875.94970763     0.99813165        1
  1875.97013922     0.99993406        1
  1875.99057091     0.99967709        1
  1876.01100240     1.00688338        1
  1876.09272878     0.99981076        1
  1876.11316037     0.99967419        1
  1876.13359196     1.00135090        1
  1876.15402345     1.00021457        1
  1876.17445515     0.99969269        1
  1876.19488674     0.99866841        1
  1876.21531833     1.00000970        1
  1876.23574993     1.00102522        1
  1876.25618152     0.99937556        1
  1876.27661321     0.99980432        1
  1876.33790800     0.99915195        1
  1876.35833959     0.99949058        1
  1876.37877108     0.99914726        1
  1876.39920278     0.99939768        1
  1876.41963437     0.99917713        1
  1876.44006587     1.00003878        1
  1876.46049756     1.00082339        1
  1876.48092915     1.00069303        1
  1876.50136085     0.99814614        1
  1876.52179234     1.00005327        1
  1876.54222394     0.99836592        1
  1876.58308713     0.99953621        1
  1876.60351872     0.99603580        1
  1876.62395041     0.99857787        1
  1876.64438191     1.00051264        1
  1876.66481350     0.99799931        1
  1876.82826626     1.00048036        1
  1876.84869796     0.99934708        1
  1876.86912945     1.00027838        1
  1876.88956105     1.00191740        1
  1876.90999275     1.00125817        1
  1876.93042434     1.00021850        1
  1877.07344561     1.00059937        1
  1877.09387711     1.00201051        1
  1877.11430870     1.00090976        1
  1877.13474040     1.00202690        1
  1877.15517190     1.00060359        1
  1877.17560349     1.00186968        1
  1877.19603519     1.00112278        1
  1877.21646669     1.00068197        1
  1877.23689838     0.99835775        1
  1877.25732998     0.99979754        1
  1877.27776148     1.00042961        1
  1877.31862477     1.00104047        1
  1877.33905637     0.99698699        1
  1877.35948797     1.00021421        1
  1877.37991956     0.99941830        1
  1877.40035116     1.00030516        1
  1877.42078276     0.99846551        1
  1877.44121435     0.99994544        1
  1877.46164595     1.00029164        1
  1877.48207755     1.00000539        1
  1877.50250915     0.99989375        1
  1877.52294074     1.00025703        1
  1877.56380394     0.99875277        1
  1877.58423564     0.99963643        1
  1877.60466714     1.00146991        1
  1877.62509873     0.99950441        1
  1877.64553043     1.00010839        1
  1877.66596193     1.00045552        1
  1877.68639363     1.00075646        1
  1877.70682523     1.00028891        1
  1877.72725673     1.00142596        1
  1877.74768842     1.00019708        1
  1877.76812002     1.00458412        1
  1877.80898322     1.00004851        1
  1877.82941482     1.00063623        1
  1877.84984632     0.99997685        1
  1877.87027802     0.99768735        1
  1877.89070962     0.99897235        1
  1877.91114121     0.99966771        1
  1877.93157281     0.99892386        1
  1877.95200441     0.99958636        1
  1877.97243611     1.00018469        1
  1877.99286771     1.00243712        1
  1878.01329921     1.00117577        1
  1878.05416251     0.99937976        1
  1878.07459401     0.99981882        1
  1878.09502571     1.00023173        1
  1878.11545731     1.00069967        1
  1878.13588881     1.00120655        1
  1878.15632051     0.99998271        1
  1878.17675201     0.99944224        1
  1878.19718371     0.99928963        1
  1878.21761531     0.99917284        1
  1878.23804681     0.99904576        1
  1878.25847851     1.00095711        1
  1878.29934161     0.99917108        1
  1878.31977331     0.99917826        1
  1878.34020491     0.99936603        1
  1878.36063642     0.99987171        1
  1878.38106812     1.00146103        1
  1878.40149972     1.00037142        1
  1878.42193142     0.99959091        1
  1878.44236292     0.99904990        1
  1878.46279452     0.99869794        1
  1878.48322622     1.00033199        1
  1878.50365772     0.99993271        1
  1878.54452103     0.99998486        1
  1878.56495263     0.99946410        1
  1878.58538413     0.99981760        1
  1878.60581583     0.99874671        1
  1878.62624744     1.00056215        1
  1878.64667904     0.99998641        1
  1878.66711064     1.00164077        1
  1878.68754224     1.00083283        1
  1878.70797394     1.00067634        1
  1878.72840545     0.99817621        1
  1878.74883705     0.99914835        1
  1878.78970026     0.99740623        1
  1878.81013186     1.00096883        1
  1878.83056346     1.00077464        1
  1878.85099506     1.00081542        1
  1878.87142677     1.00092194        1
  1878.89185827     1.00001446        1
  1878.91228987     1.00161032        1
  1878.93272158     0.99936073        1
  1878.95315308     1.00146425        1
  1878.97358468     0.99953863        1
  1878.99401639     0.99976448        1
  1879.07574280     0.99992015        1
  1879.09617441     1.00343474        1
  1879.11660601     1.00325866        1
  1879.13703762     1.00085498        1
  1879.15746922     0.99863162        1
  1879.17790082     0.99866578        1
  1879.19833243     1.00083209        1
  1879.21876413     0.99869074        1
  1879.23919564     0.99878233        1
  1879.34135376     1.00141603        1
  1879.36178527     0.99967577        1
  1879.38221697     0.99785501        1
  1879.40264858     0.99902157        1
  1879.42308009     0.99977291        1
  1879.44351179     0.99907785        1
  1879.46394340     1.00018643        1
  1879.48437490     0.99935726        1
  1879.52523811     1.00154104        1
  1879.54566982     0.99732216        1
  1879.56610143     1.00064852        1
  1879.58653303     1.00087528        1
  1879.60696464     1.00179063        1
  1879.62739625     1.00004254        1
  1879.64782785     1.00093104        1
  1879.66825946     0.99945083        1
  1879.68869107     1.00136217        1
  1879.70912267     1.00102441        1
  1879.72955428     0.99900050        1
  1879.77041760     1.00034287        1
  1879.79084920     0.99948746        1
  1879.81128071     0.99969759        1
  1879.83171242     0.99969746        1
  1879.85214403     0.99935746        1
  1879.87257553     1.00018668        1
  1879.89300724     0.99908146        1
  1879.91343885     1.00081051        1
  1879.93387036     0.99854170        1
  1879.95430207     0.99892097        1
  1879.97473367     1.00000596        1
  1880.03602850     1.00019161        2
  1880.05646021     0.99822946        2
  1880.07689172     1.00019375        2
  1880.09732333     0.99992417        2
  1880.11775494     1.00033649        2
  1880.13818654     1.00081109        2
  1880.15861815     1.00006541        2
  1880.17904986     0.99958492        2
  1880.19948137     0.99825608        2
  1880.21991308     0.99975232        2
  1880.26077620     1.00008616        2
  1880.28120791     0.99979520        2
  1880.30163952     1.00051013        2
  1880.32207103     0.99955011        2
  1880.34250274     0.99904683        2
  1880.36293435     1.00019042        2
  1880.38336586     1.00067035        2
  1880.40379757     0.99983410        2
  1880.42422918     1.00168808        2
  1880.44466089     1.00021213        2
  1880.46509240     0.99993789        2
  1880.50595573     0.99889771        2
  1880.52638724     1.00099856        2
  1880.54681885     1.00068128        2
  1880.56725056     1.00042063        2
  1880.58768207     0.99965513        2
  1880.60811368     0.99969307        2
  1880.62854540     0.99969701        2
  1880.64897691     1.00060226        2
  1880.66940862     1.00014452        2
  1880.75113507     0.99977142        2
  1880.77156668     1.00055439        2
  1880.79199829     1.00105854        2
  1880.81242991     1.00174993        2
  1880.83286152     0.99978795        2
  1880.85329313     1.00118389        2
  1880.87372474     1.00035826        2
  1880.89415636     1.00103357        2
  1880.91458797     1.00111635        2
  1880.93501958     0.99992219        2
  1880.95545130     1.00156691        2
  1881.01674614     1.00015287        2
  1881.03717765     0.99993031        2
  1881.05760927     1.00015008        2
  1881.07804098     1.00125713        2
  1881.09847250     1.00097635        2
  1881.11890421     1.00131907        2
  1881.13933582     1.00012137        2
  1881.15976734     1.00123836        2
  1881.18019905     0.99983607        2
  1881.20063067     0.99993274        2
  1881.24149390     0.99911462        2
  1881.26192551     0.99880944        2
  1881.28235713     0.99950268        2
  1881.30278874     1.00081167        2
  1881.32322036     1.00086217        2
  1881.34365208     0.99939022        2
  1881.36408359     1.00055106        2
  1881.38451521     0.99989698        2
  1881.40494692     1.00001657        2
  1881.42537854     0.99912954        2
  1881.44581006     0.99871360        2
  1881.48667329     0.99916128        2
  1881.50710501     0.99994835        2
  1881.52753662     0.99850802        2
  1881.54796824     0.99991914        2
  1881.56839986     0.99984470        2
  1881.58883147     0.99961567        2
  1881.60926299     0.99937577        2
  1881.62969471     0.99943827        2
  1881.65012632     0.99910783        2
  1881.67055784     1.00084717        2
  1881.69098956     1.00014834        2
  1881.73185290     1.00002437        2
  1881.75228441     0.99955819        2
  1881.77271603     0.99972710        2
  1881.79314775     0.99977205        2
  1881.81357927     0.99988711        2
  1881.83401089     0.99937337        2
  1881.85444261     1.00112476        2
  1881.87487413     1.00037018        2
  1881.89530574     0.99955279        2
  1881.91573746     1.00055026        2
  1881.93616908     0.99887203        2
  1881.97703232     0.99854874        2
  1881.99746394     0.99983485        2
  1882.01789556     0.99872353        2
  1882.03832718     0.99893955        2
  1882.05875880     1.00098514        2
  1882.07919052     1.00018113        2
  1882.09962204     0.99910240        2
  1882.12005366     0.99983685        2
  1882.14048538     0.99992751        2
  1882.16091690     1.01829525        2
  1882.22221176     1.00099700        2
  1882.24264349     1.00037121        2
  1882.26307501     1.00082832        2
  1882.28350663     0.99963981        2
  1882.30393835     1.00087221        2
  1882.32436987     1.00014387        2
  1882.34480159     1.00011773        2
  1882.36523321     1.00019399        2
  1882.38566474     1.00060220        2
  1882.46739133     0.99973873        2
  1882.48782295     1.00074585        2
  1882.50825457     1.00178682        2
  1882.52868619     1.00069583        2
  1882.54911782     0.99937339        2
  1882.56954954     0.99820741        2
  1882.58998116     0.99945891        2
  1882.77386578     0.99829683        2
  1882.79429750     1.00002319        2
  1882.81472903     0.99879817        2
  1882.83516065     0.99983080        2
  1882.85559238     1.00122633        2
  1882.87602390     0.99827208        2
  1882.89645543     0.99960052        2
  1882.91688715     1.00150827        2
  1883.03947691     1.00043769        2
  1883.05990854     1.00198232        2
  1883.08034026     0.99891696        2
  1883.10077189     1.00040027        2
  1883.12120342     1.00182319        2
  1883.14163514     1.00110965        2
  1883.16206677     1.00153904        2
  1883.20293002     0.99955973        2
  1883.22336165     0.99945824        2
  1883.24379338     0.99942275        2
  1883.26422491     1.00064368        2
  1883.28465653     1.00049000        2
  1883.30508826     0.99937688        2
  1883.32551979     0.99931343        2
  1883.34595142     0.99892800        2
  1883.36638315     0.99767971        2
  1883.38681468     0.99832525        2
  1883.40724641     0.99981949        2
  1883.44810956     1.00110122        2
  1883.46854129     0.99940550        2
  1883.48897292     1.00124907        2
  1883.50940445     1.00033572        2
  1883.52983618     1.00095821        2
  1883.55026771     1.00065962        2
  1883.57069944     1.00027891        2
  1883.59113107     1.00171609        2
  1883.61156260     1.00381631        2
  1883.63199433     1.00166913        2
  1883.65242596     1.00060136        2
  1883.71372085     0.99907729        2
  1883.73415248     0.99956051        2
  1883.75458412     0.99930252        2
  1883.77501575     1.00029445        2
  1883.79544748     0.99987024        2
  1883.81587911     1.00021727        2
  1883.83631064     0.99996298        2
  1883.85674237     0.99904654        2
  1883.87717400     1.00066468        2
  1883.89760554     1.00126119        2
  1883.97933217     1.00066738        2
  1883.99976380     1.00079214        2
  1884.02019553     1.00062734        2
  1884.04062707     1.00081686        2
  1884.06105870     1.00008745        2
  1884.08149043     1.00089694        2
  1884.10192197     1.00181858        2
  1884.12235360     0.99902298        2
  1884.14278533     1.00011536        2
  1884.20408014     1.00087419        2
  1884.22451177     0.99966747        2
  1884.24494351     0.99979608        2
  1884.26537504     1.00163085        2
  1884.28580668     1.00057875        2
  1884.30623841     1.00078921        2
  1884.32667005     1.00185742        2
  1884.34710158     1.00033795        2
  1884.36753332     0.99931388        2
  1884.38796495     1.00119545        2
  1884.42882823     0.99996379        2
  1884.44925986     0.99929582        2
  1884.46969160     1.00186536        2
  1884.49012313     1.00046901        2
  1884.51055477     0.99951205        2
  1884.53098651     0.99899733        2
  1884.55141804     0.99991497        2
  1884.57184968     0.99981232        2
  1884.59228142     0.99700057        2
  1884.61271296     0.99886334        2
  1884.63314469     0.99987032        2
  1884.67400787     1.00045772        2
  1884.69443961     0.99909220        2
  1884.71487125     0.99983205        2
  1884.73530288     1.00026307        2
  1884.75573452     0.99906820        2
  1884.77616616     1.00307539        2
  1884.79659780     0.99964168        2
  1884.81702944     1.00031853        2
  1884.83746108     0.99923966        2
  1884.85789272     0.99993154        2
  1884.87832436     0.99953245        2
  1884.91918764     1.00020135        2
  1884.93961928     1.00117025        2
  1884.96005092     1.00147043        2
  1884.98048266     0.99949752        2
  1885.00091420     1.00004228        2
  1885.02134594     1.00115744        2
  1885.04177758     0.99968963        2
  1885.06220912     1.00074361        2
  1885.08264086     1.00125395        2
  1885.10307250     0.99952286        2
  1885.12350404     0.99892578        2
  1885.16436742     0.98408317        2
  1885.18479897     0.99880248        2
  1885.20523071     1.00107658        2
  1885.22566235     0.99921029        2
  1885.24609409     0.99888754        2
  1885.26652564     1.00294525        2
  1885.28695728     1.00095414        2
  1885.30738902     0.99976796        2
  1885.32782056     0.99994713        2
  1885.34825221     1.00120099        2
  1885.36868395     1.00107513        2
  1885.40954714     1.00175376        2
  1885.42997888     1.00122483        2
  1885.45041052     0.99954721        2
  1885.47084217     0.99881117        2
  1885.49127381     0.99937002        2
  1885.51170546     0.99980115        2
  1885.53213710     0.99858785        2
  1885.55256875     0.99901923        2
  1885.57300029     0.99949657        2
  1885.59343204     1.00057121        2
  1885.61386368     0.99793291        2
  1885.65472697     0.99926620        2
  1885.67515862     1.00082370        2
  1885.69559036     0.99877319        2
  1885.71602191     0.99941660        2
  1885.73645356     1.00013067        2
  1885.75688530     1.00013277        2
  1885.77731685     0.99989924        2
  1885.79774850     0.99922394        2
  1885.81818024     0.99906149        2
  1885.83861179     1.00027035        2
  1885.85904354     0.99608428        2
  1885.89990673     0.99954809        2
  1885.92033848     1.00012371        2
  1885.94077013     1.00025701        2
  1885.96120177     0.99991123        2
  1885.98163342     1.00886894        2
  1886.00206507     1.01446404        2
  1886.02249672     1.00158872        2
  1886.04292837     0.99743243        2
  1886.06336002     0.99840183        2
  1886.08379177     0.99995703        2
  1886.10422342     1.00036626        2
  1886.18594991     0.99861534        2
  1886.20638166     1.00216299        2
  1886.22681321     1.00164049        2
  1886.24724496     0.99919393        2
  1886.26767662     0.99973034        2
  1886.28810817     1.00112591        2
  1886.30853992     0.99946163        2
  1886.32897157     0.99920637        2
  1886.34940312     1.00068339        2
  1886.39026652     0.99982432        2
  1886.41069807     0.99991050        2
  1886.43112983     1.00204871        2
  1886.45156148     1.00118360        2
  1886.47199323     1.00062351        2
  1886.49242478     1.00064803        2
  1886.51285644     1.00097289        2
  1886.53328819     0.99910910        2
  1886.63544646     1.00004305        2
  1886.65587811     1.00028389        2
  1886.67630976     0.99838880        2
  1886.69674142     1.00092412        2
  1886.71717307     1.00047317        2
  1886.73760473     1.00124383        2
  1886.75803648     1.00167462        2
  1886.88062631     1.00015445        2
  1886.90105797     1.00096765        2
  1886.92148973     1.00061052        2
  1886.94192128     0.99931723        2
  1886.96235294     0.99899678        2
  1886.98278469     0.99916510        2
  1887.00321625     0.99981595        2
  1887.12580630     1.00027659        2
  1887.14623796     1.00268286        2
  1887.16666961     1.00125357        2
  1887.18710127     1.00099020        2
  1887.20753293     0.99793836        2
  1887.22796459     0.99903901        2
  1887.24839635     0.99969709        2
  1887.26882791     0.99667928        2
  1887.28925957     1.00112458        2
  1887.30969133     1.00082549        2
  1887.33012299     0.99956650        2
  1887.37098631     1.00155898        2
  1887.39141797     1.00146602        2
  1887.41184953     1.00033622        2
  1887.43228129     0.99997249        2
  1887.45271295     1.00045892        2
  1887.47314461     0.99973529        2
  1887.49357627     0.99884478        2
  1887.51400793     1.00119428        2
  1887.53443969     0.99978349        2
  1887.55487126     0.99864477        2
  1887.57530292     0.99865713        2
  1887.61616624     0.99953486        2
  1887.63659801     1.00000000        2
  1887.65702957     0.99872162        2
  1887.67746123     1.00148808        2
  1887.69789299     0.99967054        2
  1887.71832456     1.00059053        2
  1887.73875622     0.99956472        2
  1887.75918798     0.99971787        2
  1887.77961955     1.00006677        2
  1887.80005121     0.99957913        2
  1887.86134631     1.00246024        2
  1887.88177797     1.00026243        2
  1887.90220964     0.99972526        2
  1887.92264130     0.99985731        2
  1887.94307297     1.00062498        2
  1887.96350463     0.99952484        2
  1887.98393640     0.99992541        2
  1891.04868923     1.00064076        3
  1891.06912093     1.00010748        3
  1891.08955272     1.00056623        3
  1891.10998432     1.00005470        3
  1891.13041602     0.99942318        3
  1891.15084782     0.99937829        3
  1891.17127941     1.00033273        3
  1891.19171121     1.00105241        3
  1891.21214291     1.00051764        3
  1891.23257451     0.99958916        3
  1891.25300631     0.99924357        3
  1891.29386961     0.99995940        3
  1891.31430141     0.99961003        3
  1891.33473310     1.00101062        3
  1891.35516490     1.00060497        3
  1891.37559650     1.00038771        3
  1891.39602821     0.99945025        3
  1891.41646001     0.99988168        3
  1891.43689161     0.99746620        3
  1891.45732331     0.99921076        3
  1891.47775511     0.99941449        3
  1891.49818681     1.00044861        3
  1891.53905021     0.99897151        3
  1891.55948182     0.99816074        3
  1891.57991362     0.99978418        3
  1891.60034532     1.00068383        3
  1891.62077692     1.00019056        3
  1891.64120873     0.99875651        3
  1891.66164043     0.99890479        3
  1891.68207203     0.99987148        3
  1891.70250384     0.99943902        3
  1891.72293554     0.99925907        3
  1891.74336735     0.99899143        3
  1891.78423066     0.99823325        3
  1891.80466246     1.00043376        3
  1891.82509407     1.00169690        3
  1891.84552577     0.99842184        3
  1891.86595758     1.00064987        3
  1891.88638918     1.00205586        3
  1891.90682089     1.00053809        3
  1891.92725270     0.99971008        3
  1891.94768430     0.99913488        3
  1891.96811611     1.00031599        3
  1891.98854782     1.00004233        3
  1892.02941123     1.00122155        3
  1892.04984294     0.99982387        3
  1892.07027465     1.00117687        3
  1892.09070635     0.99930633        3
  1892.11113806     1.00091066        3
  1892.13156987     1.00037151        3
  1892.15200158     0.99887554        3
  1892.17243319     1.00038579        3
  1892.19286500     1.00019035        3
  1892.21329661     0.99949236        3
  1892.23372832     0.99989920        3
  1892.27459174     1.00075687        3
  1892.29502355     0.99960363        3
  1892.31545526     1.00035215        3
  1892.33588687     0.99975404        3
  1892.35631868     1.00024798        3
  1892.37675039     0.99961468        3
  1892.39718201     1.00076540        3
  1892.41761382     0.99958117        3
  1892.43804553     0.99943841        3
  1892.45847714     1.00057601        3
  1892.47890895     1.00217503        3
  1892.51977248     1.00105951        3
  1892.54020409     0.99969544        3
  1892.56063581     1.00134499        3
  1892.58106762     1.00039897        3
  1892.60149924     1.00000116        3
  1892.62193095     1.00033881        3
  1892.64236276     0.99975183        3
  1892.66279448     0.99945604        3
  1892.68322619     0.99987718        3
  1892.84667992     0.99992352        3
  1892.86711174     1.00063098        3
  1892.88754336     1.00030141        3
  1892.90797518     0.99963434        3
  1892.92840679     1.00046421        3
  1892.94883851     1.00213409        3
  1892.96927033     0.99855708        3
  1893.01013367     0.99806189        3
  1893.03056549     1.00190215        3
  1893.05099711     0.99881732        3
  1893.07142893     1.00040345        3
  1893.09186065     0.99946527        3
  1893.11229227     0.99994810        3
  1893.13272409     1.00000441        3
  1893.15315581     0.99890798        3
  1893.17358743     0.99958997        3
  1893.19401925     1.00006397        3
  1893.21445097     0.99848306        3
  1893.33704130     1.00023772        3
  1893.35747313     0.99950413        3
  1893.37790485     0.99856315        3
  1893.39833647     0.99865654        3
  1893.41876830     1.00031297        3
  1893.43920002     0.99939859        3
  1893.45963184     0.99837896        3
  1893.50049519     1.00098560        3
  1893.52092702     0.99980516        3
  1893.54135864     0.99967487        3
  1893.56179027     1.00040075        3
  1893.58222209     0.99918846        3
  1893.60265382     0.99882310        3
  1893.62308565     1.00035365        3
  1893.64351727     1.00107922        3
  1893.66394900     0.99983291        3
  1893.68438083     0.99958825        3
  1893.70481245     0.99980798        3
  1893.74567601     1.00020345        3
  1893.76610764     1.00007829        3
  1893.78653937     1.00063850        3
  1893.80697119     0.99965901        3
  1893.82740282     1.00076191        3
  1893.84783465     1.00053737        3
  1893.86826638     1.00055907        3
  1893.88869811     0.99965491        3
  1893.90912984     1.00000354        3
  1893.92956157     0.99960932        3
  1893.94999330     0.99952931        3
  1894.05215195     1.00038075        3
  1894.07258379     1.00090317        3
  1894.09301552     0.99913740        3
  1894.11344715     0.99963291        3
  1894.13387898     0.99973773        3
  1894.15431072     1.00055012        3
  1894.17474245     1.00081357        3
  1894.19517418     0.99976310        3
  1894.23603765     1.00167111        3
  1894.25646938     1.00033379        3
  1894.27690102     1.00091861        3
  1894.29733285     0.99968451        3
  1894.31776459     1.00053511        3
  1894.33819622     1.00036879        3
  1894.35862806     1.00038818        3
  1894.37905979     0.99936676        3
  1894.39949163     1.00154371        3
  1894.41992326     0.99933065        3
  1894.44035500     1.00006630        3
  1894.48121847     0.99948313        3
  1894.50165021     1.00103742        3
  1894.52208205     0.99927482        3
  1894.54251379     1.00016559        3
  1894.56294552     0.99957717        3
  1894.58337726     0.99981357        3
  1894.60380900     0.99999026        3
  1894.62424074     1.00126213        3
  1894.72639944     1.00001876        3
  1894.74683128     0.99966562        3
  1894.76726292     1.00002984        3
  1894.78769476     1.00053212        3
  1894.80812650     1.00064223        3
  1894.82855814     1.00050805        3
  1894.84898998     0.99966515        3
  1894.86942162     1.00034587        3
  1894.97158043     0.99839127        3
  1894.99201208     0.99975704        3
  1895.01244392     0.99916052        3
  1895.03287567     1.00015339        3
  1895.05330741     0.99990995        3
  1895.07373915     1.00019852        3
  1895.09417090     0.99954401        3
  1895.11460274     0.99949124        3
  1895.13503439     0.99930102        3
  1895.15546613     0.99986334        3
  1895.17589798     0.99880169        3
  1895.21676137     0.99894584        3
  1895.23719322     0.99835578        3
  1895.25762496     1.00052827        3
  1895.27805661     0.99925775        3
  1895.29848846     0.99896887        3
  1895.31892021     0.99989822        3
  1895.33935205     1.00008119        3
  1895.35978370     1.00065909        3
  1895.38021545     1.00007389        3
  1895.40064730     1.00026747        3
  1895.42107895     1.00036973        3
  1895.46194255     0.99867178        3
  1895.48237420     0.99984482        3
  1895.50280605     0.99928788        3
  1895.52323770     1.00043611        3
  1895.54366945     1.00036278        3
  1895.56410130     0.99982568        3
  1895.58453295     1.00019020        3
  1895.60496470     0.99929028        3
  1895.62539655     0.99834471        3
  1895.64582820     1.00050650        3
  1895.66626005     1.00051534        3
  1895.70712356     0.99986083        3
  1895.72755531     0.99952068        3
  1895.74798706     0.99990898        3
  1895.76841882     1.00411037        3
  1895.78885057     1.00016533        3
  1895.80928233     0.99873588        3
  1895.82971408     1.00071632        3
  1895.85014593     0.99849281        3
  1895.87057759     0.99899490        3
  1895.89100944     1.00065692        3
  1895.91144120     0.99966749        3
  1895.97273647     0.99946303        3
  1895.99316812     1.00117447        3
  1896.01359998     1.00023677        3
  1896.03403174     0.99920864        3
  1896.05446359     1.00015789        3
  1896.07489525     0.99980930        3
  1896.09532701     0.99999039        3
  1896.11575877     0.99926800        3
  1896.13619053     0.99996209        3
  1896.15662228     1.00161579        3
  1896.19748580     1.00013122        3
  1896.21791766     1.00056054        3
  1896.23834932     1.00033318        3
  1896.25878108     1.00015808        3
  1896.27921294     1.00129594        3
  1896.29964460     1.00066087        3
  1896.32007636     1.00099698        3
  1896.34050822     1.00071615        3
  1896.36093988     1.00148391        3
  1896.38137165     0.99938748        3
  1896.50396232     1.00019852        3
  1896.52439408     1.00019102        3
  1896.54482585     1.00208104        3
  1896.56525771     1.00109263        3
  1896.58568938     1.00054136        3
  1896.60612124     0.99977889        3
  1896.62655301     1.00064228        3
  1896.64698467     0.99996796        3
  1896.68784830     0.99970641        3
  1896.70827997     0.99920532        3
  1896.72871183     1.00084335        3
  1896.74914360     1.00073513        3
  1896.76957537     1.00064170        3
  1896.79000713     0.99943074        3
  1896.81043890     0.99978430        3
  1896.83087067     1.00105467        3
  1896.85130244     1.00122543        3
  1896.87173421     1.00000000        3
  1896.89216597     0.99920029        3
  1896.93302951     0.99851370        3
  1896.95346128     0.99825478        3
  1896.97389305     1.00082043        3
  1896.99432492     0.99817630        3
  1897.01475659     0.99873873        3
  1897.03518836     0.99838224        3
  1897.05562023     0.99840070        3
  1897.07605200     1.00064848        3
  1897.09648367     0.99984649        3
  1897.11691555     1.00070891        3
  1897.13734732     0.99943146        3
  1897.17821086     0.99989954        3
  1897.19864263     1.00132025        3
  1897.21907451     1.00050381        3
  1897.23950618     0.99794108        3
  1897.25993795     1.00034536        3
  1897.28036983     0.99765923        3
  1897.30080150     1.00016740        3
  1897.32123338     1.00011822        3
  1897.34166515     1.00004713        3
  1897.36209683     0.99781336        3
  1897.38252870     0.99955269        3
  1897.42339215     0.99913264        3
  1897.44382403     1.00023534        3
  1897.46425581     0.99997518        3
  1897.48468768     0.99952987        3
  1897.50511936     1.00005898        3
  1897.52555104     0.99820659        3
  1897.54598291     1.00092330        3
  1897.56641469     1.00019011        3
  1897.58684647     1.00129409        3
  1897.60727825     1.00107858        3
  1897.62771003     1.00042367        3
  1897.77073259     0.99936399        3
  1897.79116437     0.99960011        3
  1897.81159605     1.00018029        3
  1897.83202793     0.99916956        3
  1897.85245971     1.00113889        3
  1897.87289159     0.99991555        3
  1897.93418694     1.00044651        3
  1897.95461863     0.99992357        3
  1897.97505041     1.00050221        3
  1897.99548229     1.00071610        3
  1898.01591398     0.99955966        4
  1898.03634586     1.00023275        4
  1898.05677765     0.99998713        4
  1898.07720933     1.00101330        4
  1898.09764122     1.00007445        4
  1898.11807300     0.99961030        4
  1898.15893657     1.00132252        4
  1898.17936826     1.00091968        4
  1898.19980015     1.00027156        4
  1898.22023194     1.00038284        4
  1898.24066362     1.00026139        4
  1898.26109551     0.99896732        4
  1898.28152730     0.99862336        4
  1898.30195909     0.99951186        4
  1898.32239087     0.99998621        4
  1898.34282266     0.99988901        4
  1898.36325445     1.00029617        4
  1898.40411803     1.00038851        4
  1898.42454992     0.99978788        4
  1898.44498171     1.00073710        4
  1898.46541340     1.00027414        4
  1898.48584529     1.00006540        4
  1898.50627709     0.99897226        4
  1898.52670878     0.99927728        4
  1898.54714067     1.00008855        4
  1898.56757246     1.00070920        4
  1898.58800435     0.99928426        4
  1898.60843605     0.99918832        4
  1898.64929973     0.99916306        4
  1898.66973143     1.00093025        4
  1898.69016322     0.99970961        4
  1898.71059511     0.99994139        4
  1898.73102681     0.99970307        4
  1898.75145870     0.99895973        4
  1898.77189050     1.00056360        4
  1898.79232219     1.00076985        4
  1898.81275409     0.99982714        4
  1898.83318579     1.00048192        4
  1898.85361758     1.00112332        4
  1898.89448118     1.00193567        4
  1898.91491297     0.99974697        4
  1898.93534487     0.99906123        4
  1898.95577667     0.99925374        4
  1898.97620847     0.99999950        4
  1898.99664026     1.00002776        4
  1899.01707206     1.00147903        4
  1899.03750386     0.99931761        4
  1899.05793566     0.99911436        4
  1899.07836746     0.99952166        4
  1899.09879936     0.99947575        4
  1899.13966296     0.99927448        4
  1899.16009476     0.99983667        4
  1899.18052646     1.00186589        4
  1899.20095836     1.00094036        4
  1899.22139017     0.99963305        4
  1899.24182187     1.00088096        4
  1899.26225377     1.00023106        4
  1899.28268557     0.99990705        4
  1899.30311748     1.00080150        4
  1899.32354918     1.00000034        4
  1899.34398098     0.99860396        4
  1899.38484459     0.99940619        4
  1899.40527640     0.99945646        4
  1899.42570830     0.99990722        4
  1899.44614001     1.00127283        4
  1899.46657191     0.99959406        4
  1899.48700362     1.00044077        4
  1899.50743542     1.00005938        4
  1899.52786733     0.99926105        4
  1899.54829903     0.99978380        4
  1899.56873084     0.99911307        4
  1899.58916275     0.99991975        4
  1899.63002626     1.00166057        4
  1899.65045817     1.00088931        4
  1899.67088998     1.00084671        4
  1899.69132179     0.99978231        4
  1899.71175360     1.00123798        4
  1899.73218541     1.00029229        4
  1899.75261732     1.00061824        4
  1899.77304903     0.99985274        4
  1899.79348084     0.99996150        4
  1899.81391275     1.00077641        4
  1899.83434446     0.99830480        4
  1899.91607181     1.00041441        4
  1899.93650362     1.00146298        4
  1899.95693533     1.00135770        4
  1899.97736724     1.00171933        4
  1899.99779906     1.00012504        4
  1900.01823097     1.00020389        4
  1900.03866268     0.99964557        4
  1900.05909450     0.99985667        4
  1900.07952631     1.00122633        4
  1900.12038994     0.99991326        4
  1900.14082176     1.00044947        4
  1900.16125358     1.00126125        4
  1900.18168549     0.99887632        4
  1900.20211721     1.00054115        4
  1900.22254902     0.99859118        4
  1900.24298094     0.99962756        4
  1900.26341266     1.00015420        4
  1900.28384448     1.00062445        4
  1900.30427639     1.00040111        4
  1900.32470821     0.99914747        4
  1900.36557185     1.00693830        4
  1900.38600367     0.99938866        4
  1900.40643559     1.00014499        4
  1900.42686731     0.99988740        4
  1900.44729913     1.00019643        4
  1900.46773105     1.00048896        4
  1900.48816277     1.00020573        4
  1900.50859459     1.00077292        4
  1900.52902651     0.99884713        4
  1900.54945824     0.99941175        4
  1900.56989016     0.99814357        4
  1900.61075370     0.99958904        4
  1900.63118563     1.00077037        4
  1900.65161745     0.99972535        4
  1900.67204917     1.00118782        4
  1900.69248110     0.99909733        4
  1900.71291292     1.00025562        4
  1900.73334475     1.00041868        4
  1900.85593570     1.00087830        4
  1900.87636753     1.00380094        4
  1900.89679945     0.99884521        4
  1900.91723128     0.99945071        4
  1900.93766301     0.99903069        4
  1900.95809494     1.00090264        4
  1900.97852677     1.00029296        4
  1900.99895850     0.99988410        4
  1901.01939042     0.99949139        4
  1901.03982225     0.99950459        4
  1901.06025398     1.00077813        4
  1901.10111774     0.99913760        4
  1901.12154967     0.99946505        4
  1901.14198141     0.99742737        4
  1901.16241324     0.99861513        4
  1901.18284517     0.99906456        4
  1901.20327690     1.00025887        4
  1901.22370873     0.99970550        4
  1901.24414067     0.99864757        4
  1901.26457240     0.99921303        4
  1901.28500433     0.99910573        4
  1901.30543617     0.99973669        4
  1901.38716350     0.99985159        4
  1901.40759534     0.99979985        4
  1901.42802717     0.99986985        4
  1901.44845901     1.00094640        4
  1901.46889085     1.00023116        4
  1901.48932268     1.00037561        4
  1901.50975452     0.99974214        4
  1901.53018636     0.99983852        4
  1901.55061819     0.99966983        4
  1901.59148187     1.00070162        4
  1901.61191381     1.00124393        4
  1901.63234565     1.00086036        4
  1901.65277739     0.99947640        4
  1901.67320932     1.00062020        4
  1901.69364116     0.99950732        4
  1901.71407290     0.99952815        4
  1901.73450484     1.00024928        4
  1901.75493669     0.99995619        4
  1901.77536843     0.99911269        4
  1901.79580037     0.99904620        4
  1901.83666415     1.00084081        4
  1901.85709589     0.99970665        4
  1901.87752774     0.99950920        4
  1901.89795968     1.00064530        4
  1901.91839142     0.99979258        4
  1901.93882327     1.00015881        4
  1901.95925521     1.00000000        4
  1901.97968695     1.00002370        4
  1902.00011890     1.00012356        4
  1902.02055074     1.00046977        4
  1902.08184628     0.99991961        4
  1902.10227803     1.00035524        4
  1902.12270997     1.00189275        4
  1902.14314182     1.00004453        4
  1902.16357367     0.99978303        4
  1902.18400552     1.00079468        4
  1902.20443736     0.99976199        4
  1902.22486921     0.99999696        4
  1902.24530106     1.00149309        4
  1902.26573291     1.00068180        4
  1902.28616486     0.99966434        4
  1902.32702846     1.00109243        4
  1902.34746041     1.00116869        4
  1902.36789216     1.00023523        4
  1902.38832411     1.00061815        4
  1902.40875596     1.00115010        4
  1902.42918771     1.00088327        4
  1902.44961967     0.99977728        4
  1902.47005152     0.99981134        4
  1902.57221078     1.00133716        4
  1902.59264264     1.00205194        4
  1902.61307459     1.00050013        4
  1902.63350635     1.00029576        4
  1902.65393820     1.00031500        4
  1902.67437016     0.99976335        4
  1902.69480191     1.00032392        4
  1902.71523387     1.00080959        4
  1902.73566573     1.00088532        4
  1902.75609748     1.00050389        4
  1902.77652944     1.00021198        4
  1902.81739316     0.99192508        4
  1902.83782501     0.99909328        4
  1902.85825687     0.99909775        4
  1902.87868863     0.99992039        4
  1902.89912059     1.00024729        4
  1902.91955245     0.99983595        4
  1902.93998441     0.99942550        4
  1902.96041617     0.99919292        4
  1902.98084803     0.99933198        4
  1903.00127999     0.99945137        4
  1903.02171175     0.99781290        4
  1903.22603049     1.00006558        4
  1903.24646235     0.99983776        4
  1903.26689432     1.00003634        4
  1903.30775795     0.99884646        4
  1903.32818991     0.99997739        4
  1903.34862168     0.99908745        4
  1903.36905355     0.99971641        4
  1903.38948552     0.99927943        4
  1903.40991738     0.99980601        4
  1903.43034925     0.99692114        4
  1903.45078102     1.00026530        4
  1903.47121289     0.99989231        4
  1903.49164486     1.00102443        4
  1903.51207673     0.99996266        4
  1903.55294047     1.00040280        4
  1903.57337234     1.00056291        4
  1903.59380411     0.99813303        4
  1903.61423608     1.00168856        4
  1903.63466795     1.00027185        4
  1903.65509992     0.99924843        4
  1903.67553170     0.99975539        4
  1903.69596357     1.00055117        4
  1903.71639554     0.99991869        4
  1903.73682731     0.99835890        4
  1903.75725919     1.00026412        4
  1903.81855491     1.00022044        4
  1903.83898679     0.99918827        4
  1903.85941856     0.99996017        4
  1903.87985054     1.00018585        4
  1903.90028241     1.00010505        4
  1903.92071419     1.00094275        4
  1903.94114617     1.00003956        4
  1903.96157804     0.99925724        4
  1903.98201002     0.99933778        4
  1904.00244180     0.99962752        4
  1904.04330555     1.00006272        4
  1904.06373753     1.00033454        4
  1904.08416931     0.99958495        4
  1904.10460119     0.99997496        4
  1904.12503307     0.99848118        4
  1904.14546495     1.00056219        4
  1904.16589693     1.00126103        4
  1904.18632871     1.00185434        4
  1904.20676069     1.00125953        4
  1904.22719258     1.00027174        4
  1904.24762436     0.99958674        4
  1904.30892000     1.00053200        4
  1904.32935199     0.99878048        4
  1904.34978387     0.99957349        4
  1904.37021586     0.99830283        4
  1904.39064764     1.00040829        4
  1904.41107952     1.00072439        4
  1904.43151151     1.00001596        4
  1904.45194330     1.00060807        4
  1904.47237518     1.00015144        4
  1904.49280717     1.00067372        4
  1904.63583038     0.99851264        4
  1904.65626227     0.99865665        4
  1904.67669416     0.99972730        4
  1904.69712605     1.00107109        4
  1904.71755794     1.00066495        4
  1904.73798983     1.00067421        4
  1904.77885361     1.00053803        4
  1904.79928550     1.00047399        4
  1904.81971749     0.99998338        4
  1904.84014928     1.00048939        4
  1904.86058118     1.00019684        4
  1904.88101317     0.99968185        4
  1904.90144496     1.00057044        4
  1905.04446832     1.00228129        4
  1905.06490022     0.99945267        4
  1905.08533222     0.99878106        4
  1905.10576401     0.99888601        4
  1905.12619591     0.99911975        4
  1905.14662791     1.00097123        4
  1905.16705971     0.99973592        4
  1905.18749160     1.00043062        4
