  1835.65844154     1.00075568        0
  1835.67887349     0.99838044        0
  1835.80146521     0.99976894        0
  1835.82189726     1.00057689        0
  1835.84232911     1.00027383        0
  1835.86276106     1.00125244        0
  1835.88319312     1.00026898        0
  1835.90362497     1.00063367        0
  1835.92405692     0.99859174        0
  1835.94448897     0.99859279        0
  1835.96492081     1.00067390        0
  1835.98535276     0.99995705        0
  1836.00578481     1.00000887        0
  1836.02621666     0.99967211        0
  1836.04664861     1.00000052        0
  1836.06708065     0.99962987        0
  1836.08751250     1.00093090        0
  1836.10794445     0.99991796        0
  1836.12837649     0.99914665        0
  1836.14880844     1.00035507        0
  1836.16924028     0.99986261        0
  1836.18967233     1.00097154        0
  1836.21010427     1.00033325        0
  1836.23053631     0.99912086        0
  1836.25096816     1.00033474        0
  1836.27140010     1.00047576        0
  1836.31226398     1.00041363        0
  1836.33269593     1.00157152        0
  1836.35312797     0.99927442        0
  1836.37355981     1.00029422        0
  1836.39399175     0.99994148        0
  1836.41442369     0.99810995        0
  1836.43485563     1.00040730        0
  1836.45528757     0.99980298        0
  1836.47571951     0.99945129        0
  1836.49615144     1.00037852        0
  1836.51658338     1.00081261        0
  1836.53701532     1.00065523        0
  1836.55744726     0.99969414        0
  1836.57787919     1.00010128        0
  1836.59831123     0.99915243        0
  1836.61874306     0.99939116        0
  1836.63917500     1.00000000        0
  1836.65960704     0.99970828        0
  1836.68003887     0.99990914        0
  1836.70047080     1.00044192        0
  1836.72090284     1.00024993        0
  1836.74133467     0.99981773        0
  1836.76176660     0.99912479        0
  1836.78219864     0.99897526        0
  1836.80263047     0.99995389        0
  1836.82306250     0.99804120        0
  1836.84349443     1.00036984        0
  1836.86392626     1.00005360        0
  1836.88435829     1.00086530        0
  1836.90479022     0.99893026        0
  1836.92522205     0.99989602        0
  1836.94565408     0.99976712        0
  1836.96608601     1.00007982        0
  1836.98651794     0.99990763        0
  1837.00694987     1.00271120        0
  1837.02738180     0.99837167        0
  1837.10910950     0.99975836        0
  1837.12954143     0.99997024        0
  1837.14997336     1.00192691        0
  1837.17040528     0.99974595        0
  1837.19083721     0.99997165        0
  1837.21126913     0.99932636        0
  1837.23170105     1.00011603        0
  1837.25213298     0.99954902        0
  1837.27256490     1.00043940        0
  1837.29299672     1.00073012        0
  1837.31342874     0.99970877        0
  1837.33386067     0.99923789        0
  1837.35429259     0.99979283        0
  1837.37472451     1.00011957        0
  1837.39515643     0.99846231        0
  1837.41558835     0.99936615        0
  1837.43602037     1.00041065        0
  1837.45645219     1.00053413        0
  1837.47688421     0.99875056        0
  1837.49731613     1.00105373        0
  1837.51774794     0.99998797        0
  1837.53817996     0.99954882        0
  1837.55861188     0.99933261        0
  1837.57904370     1.00088125        0
  1837.59947571     0.99973428        0
  1837.61990763     1.00082971        0
  1837.64033944     1.00222404        0
  1837.66077146     1.00118444        0
  1837.68120338     1.00174525        0
  1837.70163519     1.00249876        0
  1837.72206720     1.00019641        0
  1837.74249912     0.99975551        0
  1837.76293093     1.00009463        0
  1837.78336294     1.00059031        0
  1837.80379486     1.00014948        0
  1837.82422677     0.99910620        0
  1837.84465868     0.99952185        0
  1837.86509059     0.99936389        0
  1837.88552240     1.00016078        0
  1837.90595441     0.99880085        0
  1837.92638632     0.99939412        0
  1837.94681823     1.00126794        0
  1837.96725014     0.99926015        0
  1837.98768205     0.99884780        0
  1838.00811386     0.99847828        0
  1838.02854587     0.99985263        0
  1838.04897778     0.99924136        0
  1838.06940979     1.00090835        0
  1838.08984159     1.00190728        0
  1838.11027350     1.00001356        0
  1838.13070551     1.00060697        0
  1838.15113731     1.00116795        0
  1838.17156922     1.00044586        0
  1838.19200122     0.99962378        0
  1838.21243303     1.00253021        0
  1838.23286493     1.00029714        0
  1838.27372884     0.99772172        0
  1838.29416064     0.99933475        0
  1838.31459265     0.99881290        0
  1838.33502455     1.00059688        0
  1838.35545635     1.00207834        0
  1838.37588835     1.00123234        0
  1838.39632025     0.99994993        0
  1838.41675205     0.99936858        0
  1838.43718406     1.00028672        0
  1838.45761596     1.00089586        0
  1838.47804776     1.00050948        0
  1838.49847975     0.99807402        0
  1838.51891165     0.99961701        0
  1838.53934345     1.00097171        0
  1838.55977545     0.99897156        0
  1838.58020735     0.99965888        0
  1838.60063915     1.00046020        0
  1838.62107114     0.99838496        0
  1838.64150304     0.99932614        0
  1838.66193484     0.99990438        0
  1838.68236683     1.00141932        0
  1838.70279873     1.00103701        0
  1838.72323062     1.00059978        0
  1838.74366252     0.99889049        0
  1838.76409441     1.00164220        0
  1838.78452631     1.00088607        0
  1838.80495820     0.99981872        0
  1838.82539009     1.00244370        0
  1838.84582209     0.99914364        0
  1838.86625388     1.00061975        0
  1838.88668577     1.00117666        0
  1838.90711776     1.00085256        0
  1838.92754955     0.99722229        0
  1838.94798144     0.99948686        0
  1838.96841343     0.99917371        0
  1838.98884522     0.99797780        0
  1839.07057278     1.00076944        0
  1839.09100477     1.00072041        0
  1839.11143666     1.00067029        0
  1839.13186845     0.99973578        0
  1839.15230043     0.99953591        0
  1839.17273232     0.99967283        0
  1839.19316411     1.00016108        0
  1839.21359609     0.99993108        0
  1839.23402798     0.99875655        0
  1839.25445976     1.00116594        0
  1839.27489175     1.00037442        0
  1839.29532363     1.00131252        0
  1839.31575562     1.00022211        0
  1839.33618740     0.99887497        0
  1839.35661928     0.99957812        0
  1839.37705117     1.00115941        0
  1839.39748305     1.00153765        0
  1839.41791483     1.00079652        0
  1839.43834681     1.00126004        0
  1839.45877869     1.00162380        0
  1839.47921048     0.99984368        0
  1839.49964246     1.00094143        0
  1839.52007434     1.00078990        0
  1839.54050622     1.00005877        0
  1839.56093810     0.99837292        0
  1839.58136998     1.00130891        0
  1839.60180185     0.99968457        0
  1839.62223373     0.99925754        0
  1839.64266561     0.99950209        0
  1839.66309749     0.99963448        0
  1839.72439312     0.99767035        0
  1839.74482510     1.00093460        0
  1839.76525687     1.00120454        0
  1839.78568875     1.00019584        0
  1839.80612072     0.99947270        0
  1839.82655250     0.99943612        0
  1839.84698437     0.99919361        0
  1839.86741635     1.00001823        0
  1839.88784812     0.99980465        0
  1839.90827999     0.99803007        0
  1839.92871197     1.00045078        0
  1839.94914384     0.99972540        0
  1839.96957571     0.99910804        0
  1839.99000758     1.00076855        0
  1840.01043945     1.00065530        0
  1840.31691738     1.00064957        0
  1840.33734935     0.99993016        0
  1840.35778121     1.00105349        0
  1840.37821308     1.00006257        0
  1840.39864494     1.00111833        0
  1840.41907681     1.00147625        0
  1840.43950867     1.00118627        0
  1840.45994053     0.99994761        0
  1840.48037240     0.99982962        0
  1840.50080426     1.00095289        0
  1840.52123622     0.99874333        0
  1840.54166798     0.99977884        0
  1840.56209994     1.00009474        0
  1840.58253181     1.00082415        0
  1840.60296357     1.00030865        0
  1840.62339553     0.99897729        0
  1840.64382739     1.00112458        0
  1840.66425915     0.99871870        0
  1840.68469111     1.00019465        0
  1840.70512296     0.99612296        0
  1840.72555472     1.00076736        0
  1840.74598668     0.99986435        0
  1840.76641854     1.00164019        0
  1840.78685040     0.99815681        0
  1840.80728225     1.00010244        0
  1840.82771401     0.99903150        0
  1840.84814597     0.99937947        0
  1840.86857782     0.99942907        0
  1840.88900968     0.99955194        0
  1840.90944144     1.00011278        0
  1840.92987339     0.99969195        0
  1840.95030524     0.99963241        0
  1840.97073700     0.99958812        0
  1840.99116895     1.00037506        0
  1872.00644208     0.99982782        1
  1872.02687367     1.00028439        1
  1872.04730525     0.99998799        1
  1872.06773684     0.99976712        1
  1872.08816843     0.99938204        1
  1872.10860001     1.00064225        1
  1872.12903170     0.99994944        1
  1872.16989477     0.99938475        1
  1872.19032646     0.99989362        1
  1872.21075804     1.00061427        1
  1872.23118953     1.00170898        1
  1872.25162122     0.99955144        1
  1872.27205280     0.99865516        1
  1872.29248429     0.99991419        1
  1872.31291598     0.99992477        1
  1872.33334756     0.99979323        1
  1872.35377905     0.99841002        1
  1872.37421074     0.99986970        1
  1872.41507401     1.00037506        1
  1872.43550550     0.99966359        1
  1872.45593708     1.00162758        1
  1872.47636877     0.99955429        1
  1872.49680026     0.99849189        1
  1872.51723184     1.00078124        1
  1872.53766353     0.99748037        1
  1872.55809502     1.01009530        1
  1872.57852660     0.99901438        1
  1872.59895829     0.99964527        1
  1872.61938978     1.00000000        1
  1872.66025305     0.99928023        1
  1872.68068454     0.99972098        1
  1872.70111622     1.00141259        1
  1872.72154781     1.00173460        1
  1872.74197930     1.00166104        1
  1872.76241098     1.00019996        1
  1872.78284257     0.99891286        1
  1872.80327406     1.00036559        1
  1872.82370574     1.00005361        1
  1872.84413733     0.99971359        1
  1872.86456882     1.00016111        1
  1872.90543209     0.99951401        1
  1872.92586358     1.00052240        1
  1872.94629527     1.00056971        1
  1872.96672685     1.00068173        1
  1872.98715854     1.00016033        1
  1873.00759003     0.99989440        1
  1873.02802161     1.00007257        1
  1873.04845330     1.00002748        1
  1873.06888479     1.00088036        1
  1873.08931638     0.99952983        1
  1873.15061114     1.00162210        1
  1873.17104282     1.00115271        1
  1873.19147441     1.00006229        1
  1873.21190600     1.00093447        1
  1873.23233759     0.99995809        1
  1873.25276917     1.00010843        1
  1873.27320076     1.00118677        1
  1873.29363235     1.00098882        1
  1873.31406394     1.00096704        1
  1873.33449552     1.00009277        1
  1873.35492711     1.00136941        1
  1873.39579029     0.99463136        1
  1873.41622187     1.00103174        1
  1873.43665336     0.99895183        1
  1873.45708505     0.99913796        1
  1873.47751664     0.99883374        1
  1873.49794832     1.00056566        1
  1873.51837981     1.00184705        1
  1873.53881140     1.00001567        1
  1873.55924309     1.00000487        1
  1873.57967457     1.00327786        1
  1873.60010616     0.99849163        1
  1873.74312738     0.99992396        1
  1873.76355896     1.00037488        1
  1873.78399055     1.00099010        1
  1873.80442214     1.00078150        1
  1873.82485373     0.99971605        1
  1873.84528542     1.00013473        1
  1873.88614849     0.99865730        1
  1873.90658018     0.99988326        1
  1873.92701167     0.99883936        1
  1873.94744326     0.99948423        1
  1873.96787495     1.00103567        1
  1873.98830643     1.00024171        1
  1874.00873812     0.99769597        1
  1874.02916961     1.00022330        1
  1874.04960120     0.99982780        1
  1874.07003289     1.00011401        1
  1874.09046438     1.00130443        1
  1874.23348549     0.99877265        1
  1874.25391718     1.00021081        1
  1874.27434877     1.00041241        1
  1874.29478036     0.99904099        1
  1874.31521195     1.00010631        1
  1874.33564354     0.99939015        1
  1874.37650672     0.99792072        1
  1874.39693831     1.00111876        1
  1874.41736999     1.00061108        1
  1874.43780148     1.00028816        1
  1874.45823307     0.99948935        1
  1874.47866476     1.00040153        1
  1874.49909625     1.00051246        1
  1874.51952794     0.99983588        1
  1874.53995953     0.99954546        1
  1874.56039102     0.99868779        1
  1874.58082271     0.99971266        1
  1874.62168579     1.00153350        1
  1874.64211747     0.99977079        1
  1874.66254906     1.00000679        1
  1874.68298065     0.99978306        1
  1874.70341224     1.00033831        1
  1874.72384383     0.99979486        1
  1874.74427532     1.00054594        1
  1874.76470701     0.99976528        1
  1874.78513860     1.00016670        1
  1874.80557019     0.99999958        1
  1874.86686506     0.99972072        1
  1874.88729655     1.00159379        1
  1874.90772814     1.00115606        1
  1874.92815983     0.99950814        1
  1874.94859132     1.00083453        1
  1874.96902291     0.99993491        1
  1874.98945460     1.00026723        1
  1875.00988609     1.00075268        1
  1875.03031778     0.99884028        1
  1875.05074937     1.00078558        1
  1875.11204414     1.00051590        1
  1875.13247563     0.99949108        1
  1875.15290732     1.00041313        1
  1875.17333891     1.00017290        1
  1875.19377050     0.99954056        1
  1875.21420209     1.00162363        1
  1875.23463368     1.00041415        1
  1875.35722323     0.99569469        1
  1875.37765492     0.99837751        1
  1875.39808641     0.99989295        1
  1875.41851800     0.99993344        1
  1875.43894969     0.99979898        1
  1875.45938118     1.00066155        1
  1875.47981277     0.99990728        1
  1875.50024446     0.99968190        1
  1875.52067596     0.99920906        1
  1875.54110765     1.00056891        1
  1875.56153924     0.99933908        1
  1875.60240242     0.99903389        1
  1875.62283401     0.99888487        1
  1875.64326550     1.00024002        1
  1875.66369720     0.99876208        1
  1875.68412879     0.99998156        1
  1875.70456038     0.99911029        1
  1875.72499197     0.99878862        1
  1875.74542356     1.00010853        1
  1875.76585525     0.99919854        1
  1875.78628675     0.99940805        1
  1875.80671834     0.99948215        1
  1875.84758162     1.00011642        1
  1875.86801311     0.99913758        1
  1875.88844481     1.00016070        1
  1875.90887640     1.00038268        1
  1875.92930789     1.00002914        1
  1875.94973958     1.00007336        1
  1875.97017117     0.99892830        1
  1875.99060287     0.99918796        1
  1876.01103436     0.99911426        1
  1876.09276073     1.00017205        1
  1876.11319232     1.00082797        1
  1876.13362392     0.99912791        1
  1876.15405541     0.99980698        1
  1876.17448710     1.00013528        1
  1876.19491869     0.99995711        1
  1876.21535029     0.99872460        1
  1876.23578188     0.99932915        1
  1876.25621347     0.99985253        1
  1876.33793995     1.00006850        1
  1876.35837154     1.00025400        1
  1876.37880303     0.99959127        1
  1876.39923473     0.99963293        1
  1876.41966632     0.99863143        1
  1876.44009781     0.99997137        1
  1876.46052951     0.99988038        1
  1876.48096110     1.00075121        1
  1876.50139279     0.99972713        1
  1876.52182429     1.00054846        1
  1876.54225588     1.00038319        1
  1876.58311907     0.99968389        1
  1876.60355066     0.99950637        1
  1876.62398236     0.99923658        1
  1876.64441385     1.00019656        1
  1876.66484545     1.00032242        1
  1876.82829820     0.99906103        1
  1876.84872990     1.00002563        1
  1876.86916139     1.00000175        1
  1876.88959299     0.99949112        1
  1876.91002468     0.99971856        1
  1876.93045628     1.00005407        1
  1877.07347755     1.00088804        1
  1877.09390904     1.00089045        1
  1877.11434064     0.99982492        1
  1877.13477233     0.99983197        1
  1877.15520383     1.00587531        1
  1877.17563542     1.00061158        1
  1877.19606712     1.00086298        1
  1877.21649862     1.00051469        1
  1877.23693031     1.00149078        1
  1877.25736191     1.00143129        1
  1877.27779340     0.99946665        1
  1877.31865670     1.00051109        1
  1877.33908829     1.00147348        1
  1877.35951989     1.00047834        1
  1877.37995149     0.99949247        1
  1877.40038308     0.99909291        1
  1877.42081468     1.00042875        1
  1877.44124628     0.99873429        1
  1877.46167787     1.00522380        1
  1877.48210947     0.99976918        1
  1877.50254107     0.99985859        1
  1877.52297266     0.99866416        1
  1877.56383586     0.99863724        1
  1877.58426756     0.99926549        1
  1877.60469905     0.99962021        1
  1877.62513065     1.00029752        1
  1877.64556235     1.00046091        1
  1877.66599385     0.99683690        1
  1877.68642554     1.00002442        1
  1877.70685714     1.00082895        1
  1877.72728864     0.99919123        1
  1877.74772034     1.00043299        1
  1877.76815193     0.99953527        1
  1877.80901513     1.00081110        1
  1877.82944673     1.00127583        1
  1877.84987823     0.99854459        1
  1877.87030993     0.99888946        1
  1877.89074152     0.99890212        1
  1877.91117312     1.00107168        1
  1877.93160472     0.99847350        1
  1877.95203632     1.00000833        1
  1877.97246802     0.99953539        1
  1877.99289962     0.99984537        1
  1878.01333112     1.00036434        1
  1878.05419441     0.99964689        1
  1878.07462591     1.00053171        1
  1878.09505761     1.00300585        1
  1878.11548921     1.00099754        1
  1878.13592071     1.00174469        1
  1878.15635241     0.99922970        1
  1878.17678391     0.99853238        1
  1878.19721561     0.99939066        1
  1878.21764721     0.99941651        1
  1878.23807871     0.99928232        1
  1878.25851041     0.99920454        1
  1878.29937351     0.99871777        1
  1878.31980521     1.00090860        1
  1878.34023681     0.99919773        1
  1878.36066831     1.00051796        1
  1878.38110001     1.00103355        1
  1878.40153161     1.00183727        1
  1878.42196331     0.99996820        1
  1878.44239481     0.99972565        1
  1878.46282641     1.00139933        1
  1878.48325811     1.00044271        1
  1878.54455291     1.00023984        1
  1878.56498451     1.00038725        1
  1878.58541601     0.99998615        1
  1878.60584772     1.00224540        1
  1878.62627932     0.99972592        1
  1878.64671092     0.99961019        1
  1878.66714252     0.99831942        1
  1878.68757412     0.99919452        1
  1878.70800582     1.00007927        1
  1878.72843732     1.00144966        1
  1878.74886893     1.00110894        1
  1878.78973213     0.99942997        1
  1878.81016373     0.99969496        1
  1878.83059533     1.00202582        1
  1878.85102694     1.00019827        1
  1878.87145864     1.00128520        1
  1878.89189014     1.00079369        1
  1878.91232174     0.99971983        1
  1878.93275344     0.99885209        1
  1878.95318495     1.00005420        1
  1878.97361655     1.00073572        1
  1878.99404825     1.00015785        1
  1879.07577466     1.00046355        1
  1879.09620627     1.00161864        1
  1879.11663787     1.00020510        1
  1879.13706947     1.00007613        1
  1879.15750108     0.99877628        1
  1879.17793268     1.00108038        1
  1879.19836429     1.00026184        1
  1879.21879599     1.00111334        1
  1879.23922749     1.00063591        1
  1879.30052230     0.99942065        1
  1879.32095401     0.99984118        1
  1879.34138561     0.99997844        1
  1879.36181712     1.00204151        1
  1879.38224882     0.99960340        1
  1879.40268043     1.00052599        1
  1879.42311193     0.99878198        1
  1879.44354364     1.00073157        1
  1879.46397524     1.00029603        1
  1879.48440675     0.99835143        1
  1879.52526996     0.99968613        1
  1879.54570166     0.99961133        1
  1879.56613327     0.99852216        1
  1879.58656487     1.00017163        1
  1879.60699648     0.99837470        1
  1879.62742808     0.99835616        1
  1879.64785969     1.00118040        1
  1879.66829129     1.00142903        1
  1879.68872290     0.99944939        1
  1879.70915451     1.00080492        1
  1879.72958611     1.00130033        1
  1879.77044942     0.99930707        1
  1879.79088103     1.00027419        1
  1879.81131254     0.99901115        1
  1879.83174424     1.00014193        1
  1879.85217585     1.00071775        1
  1879.87260736     0.99992671        1
  1879.89303906     1.00057862        1
  1879.91347067     0.99895167        1
  1879.93390218     0.99872145        1
  1879.95433388     0.99952752        1
  1879.97476549     1.00016692        1
  1880.01562871     0.99887644        2
  1880.03606031     1.00090062        2
  1880.05649202     0.99977552        2
  1880.07692353     0.99870870        2
  1880.09735514     0.99964632        2
  1880.11778674     0.99939438        2
  1880.13821835     1.00009026        2
  1880.15864996     1.00030203        2
  1880.17908167     0.99954963        2
  1880.19951318     0.99954290        2
  1880.21994489     0.99982035        2
  1880.26080800     1.00128646        2
  1880.28123971     1.00045397        2
  1880.30167132     1.00039727        2
  1880.32210283     0.99961327        2
  1880.34253454     1.00010693        2
  1880.36296615     0.99967983        2
  1880.38339766     0.99967477        2
  1880.40382937     0.99894717        2
  1880.42426098     0.99940943        2
  1880.44469269     0.99851115        2
  1880.50598751     1.00024336        2
  1880.52641902     1.00003736        2
  1880.54685063     1.00154325        2
  1880.56728235     1.00061155        2
  1880.58771386     1.00117697        2
  1880.60814547     1.00053024        2
  1880.62857718     1.00156291        2
  1880.64900869     0.99863186        2
  1880.66944040     1.00057364        2
  1880.75116684     1.00033949        2
  1880.77159845     1.00081371        2
  1880.79203006     1.00139747        2
  1880.81246168     1.00068025        2
  1880.83289329     1.00169690        2
  1880.85332490     1.00016799        2
  1880.87375651     1.00002737        2
  1880.89418812     0.99867102        2
  1880.91461973     1.00006367        2
  1880.93505135     0.99898503        2
  1880.95548306     0.99959232        2
  1880.99634618     1.00017539        2
  1881.01677790     1.00075266        2
  1881.03720941     0.99918265        2
  1881.05764102     1.00006009        2
  1881.07807273     1.00068162        2
  1881.09850425     1.00090947        2
  1881.11893596     0.99969141        2
  1881.13936757     0.99937902        2
  1881.15979909     1.00111212        2
  1881.18023080     0.99976863        2
  1881.20066241     1.00066842        2
  1881.24152564     0.99923622        2
  1881.26195726     0.99937702        2
  1881.28238887     0.99969630        2
  1881.30282048     0.99975089        2
  1881.32325210     0.99893718        2
  1881.34368381     0.99955686        2
  1881.36411533     1.00053533        2
  1881.38454694     1.00144841        2
  1881.40497866     1.00079785        2
  1881.42541027     1.00032162        2
  1881.44584179     1.00126474        2
  1881.48670502     1.00160548        2
  1881.50713673     0.99848802        2
  1881.52756835     0.99877080        2
  1881.54799996     0.99779444        2
  1881.56843158     1.00038917        2
  1881.58886319     0.99915805        2
  1881.60929471     0.99881591        2
  1881.62972643     0.99948714        2
  1881.65015804     0.99816070        2
  1881.67058956     0.99856465        2
  1881.69102127     1.00031620        2
  1881.73188461     0.99930355        2
  1881.75231612     1.00283173        2
  1881.77274774     0.99933173        2
  1881.79317946     1.00060941        2
  1881.81361097     0.99896321        2
  1881.83404259     0.99804645        2
  1881.85447431     1.00293253        2
  1881.87490583     0.99971308        2
  1881.89533744     0.99961612        2
  1881.91576916     1.00010333        2
  1881.93620078     1.00092984        2
  1881.97706402     1.00022038        2
  1881.99749563     1.00017389        2
  1882.01792725     0.99967341        2
  1882.03835887     1.00034789        2
  1882.05879049     0.99973456        2
  1882.07922221     0.99938332        2
  1882.09965373     0.99873172        2
  1882.12008534     1.00118932        2
  1882.14051706     1.00038422        2
  1882.16094858     0.99975321        2
  1882.22224344     0.99794176        2
  1882.24267516     1.00074099        2
  1882.26310668     0.99891956        2
  1882.28353830     0.99932447        2
  1882.30397002     0.99962151        2
  1882.32440154     0.99914057        2
  1882.34483326     1.00239474        2
  1882.36526488     0.99997033        2
  1882.46742298     1.00007254        2
  1882.48785461     0.99996255        2
  1882.50828623     1.00001871        2
  1882.52871785     1.00025072        2
  1882.54914947     1.00076517        2
  1882.56958119     0.99981283        2
  1882.77389741     1.00057292        2
  1882.79432914     0.99966992        2
  1882.81476066     0.99875477        2
  1882.83519228     0.99985028        2
  1882.85562401     0.99958993        2
  1882.87605553     0.99991862        2
  1882.89648705     0.99849678        2
  1882.91691878     1.00008558        2
  1883.01907700     0.99972216        2
  1883.03950852     0.99936693        2
  1883.05994015     1.00024024        2
  1883.08037187     0.99925098        2
  1883.10080350     0.99986599        2
  1883.12123502     1.00124931        2
  1883.14166675     1.00023902        2
  1883.16209837     0.99986251        2
  1883.20296163     0.99930802        2
  1883.22339325     1.00200488        2
  1883.24382498     1.00283343        2
  1883.26425650     1.00085463        2
  1883.28468813     1.00131354        2
  1883.30511986     0.99928994        2
  1883.32555138     0.99901191        2
  1883.34598301     0.99861706        2
  1883.36641474     0.99862983        2
  1883.38684626     0.99848989        2
  1883.40727799     1.00137926        2
  1883.44814114     1.00004612        2
  1883.46857287     1.00114268        2
  1883.48900450     1.00041297        2
  1883.50943603     0.99961266        2
  1883.52986775     1.00120175        2
  1883.55029928     1.00106927        2
  1883.57073101     1.00080083        2
  1883.59116264     0.99869208        2
  1883.61159417     0.99855751        2
  1883.63202590     0.99866589        2
  1883.65245752     1.00089643        2
  1883.69332078     0.99893409        2
  1883.71375241     0.99954948        2
  1883.73418404     1.00144101        2
  1883.75461567     1.00066464        2
  1883.77504730     0.99998746        2
  1883.79547903     1.00027307        2
  1883.81591066     0.99917832        2
  1883.83634219     1.00057886        2
  1883.85677392     0.99926737        2
  1883.87720555     1.00022724        2
  1883.89763708     1.00016690        2
  1883.95893197     0.99962181        2
  1883.97936370     0.99974963        2
  1883.99979533     1.00035332        2
  1884.02022706     0.99894886        2
  1884.04065860     0.99960140        2
  1884.06109023     0.99928583        2
  1884.08152196     1.00053815        2
  1884.10195349     0.99962773        2
  1884.12238512     1.00053774        2
  1884.14281686     1.00083891        2
  1884.20411165     1.00089915        2
  1884.22454328     1.00050227        2
  1884.24497502     1.00085855        2
  1884.26540655     0.99978964        2
  1884.28583818     1.00003466        2
  1884.30626992     1.00092857        2
  1884.32670155     1.00067215        2
  1884.34713308     1.00002373        2
  1884.36756482     0.99856902        2
  1884.38799645     1.00036750        2
  1884.42885972     1.00019336        2
  1884.44929135     1.00048910        2
  1884.46972309     1.00060051        2
  1884.49015462     1.00121393        2
  1884.51058626     1.02478196        2
  1884.53101799     0.99892997        2
  1884.55144953     0.99936488        2
  1884.57188116     0.99958124        2
  1884.59231290     0.99908139        2
  1884.61274443     1.00023259        2
  1884.63317617     1.00008593        2
  1884.67403934     1.00003434        2
  1884.69447108     1.00041759        2
  1884.71490271     1.00139089        2
  1884.73533435     1.00020409        2
  1884.75576599     1.00066058        2
  1884.77619762     1.00058678        2
  1884.79662926     1.00123166        2
  1884.81706090     1.00115755        2
  1884.83749253     1.00055632        2
  1884.85792417     1.00040669        2
  1884.91921908     1.00083168        2
  1884.93965072     1.00107115        2
  1884.96008236     1.00023914        2
  1884.98051410     1.00142259        2
  1885.00094564     1.00168801        2
  1885.02137738     1.00031338        2
  1885.04180901     0.99919149        2
  1885.06224055     0.99926974        2
  1885.08267229     1.00002538        2
  1885.10310393     0.99980018        2
  1885.12353547     0.99892049        2
  1885.16439885     0.98020809        2
  1885.18483039     0.99968457        2
  1885.20526213     1.00003434        2
  1885.22569377     0.99901791        2
  1885.24612551     0.99964967        2
  1885.26655705     1.00001856        2
  1885.28698869     1.00034845        2
  1885.30742043     0.99905026        2
  1885.32785197     1.00066685        2
  1885.34828361     1.00135990        2
  1885.36871535     0.99911929        2
  1885.40957854     0.99967476        2
  1885.43001028     1.00023669        2
  1885.45044192     1.00020933        2
  1885.47087356     0.99993553        2
  1885.49130520     0.99951939        2
  1885.51173685     0.99942580        2
  1885.53216849     1.00031606        2
  1885.55260013     0.99967599        2
  1885.57303167     0.99994210        2
  1885.59346342     0.99762990        2
  1885.61389506     0.99826473        2
  1885.65475835     0.99879618        2
  1885.67518999     0.99978816        2
  1885.69562173     0.99963173        2
  1885.71605328     1.00017487        2
  1885.73648492     0.99858475        2
  1885.75691667     0.99900136        2
  1885.77734821     0.99885213        2
  1885.79777986     0.99993315        2
  1885.81821160     0.99922952        2
  1885.83864315     1.00026657        2
  1885.85907489     0.99813897        2
  1885.89993808     1.00077121        2
  1885.92036983     0.99927600        2
  1885.94080147     1.00002247        2
  1885.96123312     0.99905069        2
  1885.98166476     0.99801638        2
  1886.00209641     0.99850749        2
  1886.02252806     1.00058947        2
  1886.04295970     0.99931297        2
  1886.06339135     0.99835323        2
  1886.08382310     0.99919715        2
  1886.10425474     0.99885028        2
  1886.16554969     0.99818295        2
  1886.18598123     0.99971717        2
  1886.20641298     0.99922950        2
  1886.22684453     1.00063499        2
  1886.24727628     1.00035110        2
  1886.26770793     0.99990000        2
  1886.28813947     0.99939386        2
  1886.30857122     1.00042557        2
  1886.32900287     1.00019837        2
  1886.34943442     1.00126908        2
  1886.39029782     0.99985128        2
  1886.41072937     0.99949617        2
  1886.43116112     1.00012626        2
  1886.45159277     0.99893077        2
  1886.47202452     1.00151566        2
  1886.49245607     1.00069984        2
  1886.51288772     1.00168271        2
  1886.53331947     1.00000000        2
  1886.63547773     1.00097497        2
  1886.65590938     1.00051314        2
  1886.67634103     1.00018723        2
  1886.69677268     0.99992186        2
  1886.71720433     1.00083025        2
  1886.73763599     1.00128010        2
  1886.88065756     1.00071158        2
  1886.90108921     1.00079079        2
  1886.92152096     1.00140114        2
  1886.94195252     1.00059593        2
  1886.96238417     0.99982704        2
  1886.98281593     1.00023829        2
  1887.00324748     1.00003077        2
  1887.12583751     1.00116495        2
  1887.14626917     1.00359795        2
  1887.16670082     1.00218044        2
  1887.18713248     1.00217308        2
  1887.20756414     0.99989340        2
  1887.22799579     0.99969437        2
  1887.24842755     0.99960600        2
  1887.26885911     0.99820859        2
  1887.28929076     0.99937698        2
  1887.30972252     0.99881736        2
  1887.33015418     1.00074576        2
  1887.37101749     0.99886065        2
  1887.39144915     0.99974378        2
  1887.41188071     1.00077214        2
  1887.43231247     1.00025252        2
  1887.45274413     1.00049004        2
  1887.47317578     0.99970508        2
  1887.49360744     0.99953227        2
  1887.51403910     0.99924320        2
  1887.53447086     0.99975857        2
  1887.55490242     0.99965065        2
  1887.57533408     0.99991761        2
  1887.61619740     1.00018013        2
  1887.63662916     0.99968751        2
  1887.65706072     0.99977595        2
  1887.67749238     0.99919951        2
  1887.69792414     1.00035967        2
  1887.71835570     1.00052295        2
  1887.73878736     0.99912224        2
  1887.75921912     1.00057849        2
  1887.77965069     0.99922326        2
  1887.86137743     1.00091849        2
  1887.88180910     1.00051503        2
  1887.90224076     0.99962234        2
  1887.92267242     0.99856113        2
  1887.94310408     0.99975609        2
  1887.96353575     1.00018437        2
  1887.98396751     0.99953699        2
  1891.04871992     1.00154327        3
  1891.06915162     1.00026248        3
  1891.08958341     0.99968669        3
  1891.11001501     1.00007386        3
  1891.13044670     0.99998977        3
  1891.15087850     1.00032755        3
  1891.17131009     1.00082922        3
  1891.19174189     0.99909903        3
  1891.21217358     1.00022429        3
  1891.23260518     0.99822920        3
  1891.29390026     1.00035196        3
  1891.31433206     1.00003347        3
  1891.33476376     0.99888654        3
  1891.35519555     1.00051184        3
  1891.37562715     1.00041529        3
  1891.39605885     0.99996994        3
  1891.41649065     1.00031678        3
  1891.43692224     0.99859611        3
  1891.45735394     1.00111080        3
  1891.47778574     1.00025241        3
  1891.49821744     1.00030358        3
  1891.53908084     0.99939622        3
  1891.55951244     0.99925513        3
  1891.57994423     1.00006399        3
  1891.60037593     0.99935509        3
  1891.62080753     0.99946474        3
  1891.64123933     0.99862068        3
  1891.66167103     0.99886662        3
  1891.68210263     0.99966076        3
  1891.70253444     1.00025859        3
  1891.72296614     1.00017187        3
  1891.74339794     0.99870186        3
  1891.78426124     0.99928824        3
  1891.80469304     0.99917570        3
  1891.82512464     1.00045352        3
  1891.84555635     0.99889745        3
  1891.86598815     0.99937093        3
  1891.88641975     1.00079201        3
  1891.90685145     1.00036352        3
  1891.92728326     0.99868607        3
  1891.94771486     0.99812642        3
  1891.96814666     0.99984704        3
  1891.98857837     1.00013246        3
  1892.02944178     0.99990801        3
  1892.04987348     1.00086232        3
  1892.07030519     1.00033970        3
  1892.09073689     1.00019296        3
  1892.11116860     1.00135458        3
  1892.13160040     1.00105126        3
  1892.15203211     0.99993174        3
  1892.17246371     1.00057271        3
  1892.19289552     0.99918039        3
  1892.21332713     0.99998963        3
  1892.23375883     1.00043626        3
  1892.27462225     1.00070843        3
  1892.29505405     0.99979581        3
  1892.31548576     1.00080238        3
  1892.33591737     0.99956213        3
  1892.35634918     1.00033952        3
  1892.37678088     0.99902375        3
  1892.39721249     1.00174120        3
  1892.41764430     1.00072151        3
  1892.43807601     1.00034148        3
  1892.45850762     0.99917743        3
  1892.51980295     0.99981359        3
  1892.54023456     1.00078443        3
  1892.56066627     1.00077496        3
  1892.58109808     1.00193651        3
  1892.60152969     1.00031340        3
  1892.62196140     0.99990177        3
  1892.64239321     1.00031051        3
  1892.66282492     1.00004227        3
  1892.82627862     1.00052037        3
  1892.84671034     0.99857358        3
  1892.86714215     1.00021100        3
  1892.88757377     0.99959030        3
  1892.90800558     1.00049052        3
  1892.92843719     1.00200023        3
  1892.94886891     0.99940523        3
  1892.96930072     0.99889821        3
  1893.01016405     0.99576989        3
  1893.03059587     1.00155292        3
  1893.05102749     1.00230296        3
  1893.07145930     1.00011353        3
  1893.09189102     0.99933365        3
  1893.11232264     0.99983512        3
  1893.13275445     1.00116633        3
  1893.15318617     0.99889451        3
  1893.17361779     0.99810696        3
  1893.19404960     0.99774801        3
  1893.21448132     0.99909701        3
  1893.31663992     1.00071818        3
  1893.33707164     0.99997261        3
  1893.35750345     0.99879803        3
  1893.37793517     0.99908569        3
  1893.39836679     0.99971458        3
  1893.41879861     0.99949058        3
  1893.43923034     1.00108071        3
  1893.45966216     1.00031927        3
  1893.50052550     1.00012071        3
  1893.52095732     0.99972739        3
  1893.54138894     0.99905363        3
  1893.56182056     1.00001793        3
  1893.58225239     1.00140665        3
  1893.60268411     0.99855584        3
  1893.62311593     0.99947226        3
  1893.64354755     1.00075575        3
  1893.66397928     0.99966310        3
  1893.68441110     0.99965911        3
  1893.70484272     1.00024812        3
  1893.74570627     0.99930103        3
  1893.76613790     1.00101388        3
  1893.78656962     0.99886819        3
  1893.80700145     0.99920304        3
  1893.82743307     0.99918155        3
  1893.84786490     0.99955903        3
  1893.86829662     0.99963395        3
  1893.88872835     0.99980965        3
  1893.90916008     0.99924688        3
  1893.92959180     0.99965629        3
  1894.01131881     1.00040219        3
  1894.03175054     0.99963811        3
  1894.05218217     1.00085218        3
  1894.07261399     0.99992109        3
  1894.09304572     0.99932893        3
  1894.11347735     1.00042939        3
  1894.13390918     1.00019457        3
  1894.15434091     1.00012729        3
  1894.17477264     0.99966005        3
  1894.19520437     0.99991428        3
  1894.23606783     1.00001154        3
  1894.25649956     0.99971330        3
  1894.27693119     0.99977916        3
  1894.29736302     0.99888861        3
  1894.31779475     0.99976028        3
  1894.33822638     1.00154520        3
  1894.35865821     1.00052385        3
  1894.37908995     1.00086742        3
  1894.39952178     1.00055032        3
  1894.41995341     1.00066124        3
  1894.44038514     1.00000000        3
  1894.48124861     0.99895832        3
  1894.50168034     1.00102935        3
  1894.52211218     1.00104960        3
  1894.54254391     1.00053517        3
  1894.56297564     0.99946881        3
  1894.58340738     1.00037055        3
  1894.60383911     1.00081857        3
  1894.72642953     1.00080808        3
  1894.74686136     1.00041314        3
  1894.76729300     1.00079521        3
  1894.78772484     1.00168018        3
  1894.80815657     1.00088118        3
  1894.82858821     0.99994414        3
  1894.84902005     0.99871688        3
  1894.97161048     0.99570875        3
  1894.99204212     0.99951615        3
  1895.01247396     0.99942056        3
  1895.03290570     1.00166827        3
  1895.05333744     0.99974283        3
  1895.07376918     0.99909416        3
  1895.09420092     1.00043643        3
  1895.11463276     1.00015399        3
  1895.13506441     0.99801110        3
  1895.15549615     1.00047390        3
  1895.17592799     1.00003674        3
  1895.21679137     0.99797529        3
  1895.23722322     0.99912466        3
  1895.25765496     0.99948324        3
  1895.27808660     0.99983012        3
  1895.29851845     0.99921636        3
  1895.31895019     1.00032763        3
  1895.33938203     1.00032816        3
  1895.35981368     1.00011617        3
  1895.38024542     1.00055120        3
  1895.40067727     1.00087657        3
  1895.42110891     0.99988189        3
  1895.46197250     0.99751203        3
  1895.48240415     1.00087695        3
  1895.50283599     0.99985238        3
  1895.52326764     0.99908768        3
  1895.54369939     0.99862196        3
  1895.56413123     0.99892022        3
  1895.58456288     0.99849578        3
  1895.60499463     0.99971509        3
  1895.62542648     1.00027282        3
  1895.64585812     0.99863182        3
  1895.66628997     1.00028936        3
  1895.70715347     1.00009145        3
  1895.72758522     1.00023873        3
  1895.74801697     0.99942461        3
  1895.76844872     0.99931076        3
  1895.78888047     0.99920795        3
  1895.80931222     0.99883580        3
  1895.82974397     0.99926868        3
  1895.85017582     0.99976509        3
  1895.87060747     1.00055657        3
  1895.89103932     1.00005603        3
  1895.91147107     0.99996104        3
  1895.95233458     0.99951645        3
  1895.97276633     0.99946848        3
  1895.99319798     1.00055594        3
  1896.01362983     1.00141393        3
  1896.03406159     0.99905470        3
  1896.05449344     1.00002618        3
  1896.07492509     1.00008695        3
  1896.09535685     1.00003804        3
  1896.11578860     0.99945333        3
  1896.13622035     1.00062442        3
  1896.15665211     1.00049975        3
  1896.19751562     1.00130899        3
  1896.21794747     1.00115917        3
  1896.23837913     0.99961013        3
  1896.25881089     1.00027710        3
  1896.27924274     1.00038869        3
  1896.29967440     1.00032541        3
  1896.32010616     0.99968079        3
  1896.34053801     1.00056408        3
  1896.36096967     1.00020341        3
  1896.48356032     0.99959607        3
  1896.50399208     1.00044078        3
  1896.52442384     1.00097690        3
  1896.54485560     0.99991889        3
  1896.56528746     1.00097547        3
  1896.58571912     0.99999972        3
  1896.60615098     0.99992452        3
  1896.62658274     1.00024908        3
  1896.64701440     1.00017977        3
  1896.68787802     0.99889058        3
  1896.70830969     1.00034049        3
  1896.72874155     1.00188007        3
  1896.74917331     0.99980825        3
  1896.76960507     1.00047883        3
  1896.79003684     1.00204263        3
  1896.81046860     0.99899092        3
  1896.83090036     1.00013193        3
  1896.85133213     0.99954153        3
  1896.87176389     0.99939642        3
  1896.89219566     1.00038761        3
  1896.93305919     1.00068447        3
  1896.95349095     1.00000631        3
  1896.97392272     1.00073545        3
  1896.99435458     0.99993114        3
  1897.01478625     0.99861769        3
  1897.03521802     0.99768442        3
  1897.05564988     0.99832445        3
  1897.07608165     1.00069519        3
  1897.09651332     1.00074451        3
  1897.11694518     1.00005233        3
  1897.17824049     0.99970998        3
  1897.19867226     0.99999631        3
  1897.21910413     1.00030608        3
  1897.23953579     1.00044221        3
  1897.25996756     1.00057872        3
  1897.28039943     0.99870289        3
  1897.30083110     0.99895972        3
  1897.32126297     0.99988117        3
  1897.34169474     0.99927218        3
  1897.36212642     1.00041474        3
  1897.38255829     0.99909400        3
  1897.42342173     0.99963500        3
  1897.44385360     1.00049837        3
  1897.46428537     0.99957261        3
  1897.48471725     0.99905754        3
  1897.50514892     0.99986310        3
  1897.52558059     0.99928726        3
  1897.54601247     0.99969657        3
  1897.56644424     1.00146555        3
  1897.58687601     1.01082545        3
  1897.60730779     0.99877899        3
  1897.62773956     1.00017329        3
  1897.75033022     0.99980610        3
  1897.77076209     0.99914702        3
  1897.79119387     1.00032168        3
  1897.81162555     1.00002919        3
  1897.83205742     0.99993061        3
  1897.85248920     1.00033370        3
  1897.87292108     1.00016703        3
  1897.91378454     1.00031729        3
  1897.93421642     0.99957924        3
  1897.95464809     0.99977572        3
  1897.97507987     1.00105111        3
  1897.99551175     1.00073721        3
  1898.01594343     0.99973694        4
  1898.03637531     1.00079558        4
  1898.05680709     1.00050418        4
  1898.07723877     0.99826804        4
  1898.09767066     0.99957073        4
  1898.11810244     0.99942266        4
  1898.15896600     0.99985614        4
  1898.17939768     1.00117907        4
  1898.19982957     1.00066486        4
  1898.22026135     0.99996947        4
  1898.24069303     0.99973468        4
  1898.26112492     1.00017658        4
  1898.28155670     0.99943394        4
  1898.30198848     1.00071330        4
  1898.32242027     0.99973270        4
  1898.40414741     0.99990259        4
  1898.42457929     0.99948363        4
  1898.44501108     1.00001807        4
  1898.46544277     1.00080706        4
  1898.48587465     1.00082515        4
  1898.50630644     0.99947256        4
  1898.52673813     0.99965491        4
  1898.54717001     0.99951701        4
  1898.56760180     1.00052787        4
  1898.58803369     1.00004328        4
  1898.64932906     0.99935805        4
  1898.66976075     0.99971950        4
  1898.69019254     1.00063195        4
  1898.71062443     1.00035917        4
  1898.73105612     1.00034300        4
  1898.75148801     1.00124970        4
  1898.77191980     0.99998343        4
  1898.79235149     1.00009719        4
  1898.81278338     0.99928188        4
  1898.83321507     0.99896745        4
  1898.85364686     1.00080277        4
  1898.89451045     0.99880917        4
  1898.91494224     0.99896107        4
  1898.93537413     0.99866534        4
  1898.95580593     0.99861417        4
  1898.97623772     1.00117972        4
  1898.99666951     1.00128882        4
  1899.01710131     0.99880881        4
  1899.03753310     1.00060829        4
  1899.05796490     0.99962834        4
  1899.07839669     1.00000984        4
  1899.09882859     1.00014605        4
  1899.13969218     0.99882544        4
  1899.16012398     0.99884967        4
  1899.18055567     1.00137532        4
  1899.20098757     1.00044747        4
  1899.22141937     0.99921171        4
  1899.24185107     1.00064979        4
  1899.26228296     1.00045760        4
  1899.28271476     0.99988138        4
  1899.30314666     0.99966391        4
  1899.32357836     1.00114249        4
  1899.34401016     1.00059581        4
  1899.38487376     0.99906483        4
  1899.40530556     0.99812448        4
  1899.42573746     0.99833393        4
  1899.44616916     1.00130336        4
  1899.46660106     0.99993736        4
  1899.48703276     1.00041617        4
  1899.50746456     0.99947334        4
  1899.52789646     0.99992542        4
  1899.54832817     1.00059142        4
  1899.56875997     1.00139144        4
  1899.58919187     1.00015339        4
  1899.63005538     0.99974152        4
  1899.65048728     1.00086431        4
  1899.67091908     1.00135341        4
  1899.69135089     0.99981638        4
  1899.71178269     1.00016653        4
  1899.73221450     1.00033257        4
  1899.75264640     1.00035589        4
  1899.77307811     1.00072661        4
  1899.79350991     0.99851271        4
  1899.81394182     1.00066222        4
  1899.83437353     0.99967140        4
  1899.89566895     1.00002378        4
  1899.91610086     0.99821074        4
  1899.93653266     1.00079007        4
  1899.95696437     0.99976033        4
  1899.97739628     0.99947229        4
  1899.99782809     1.00060143        4
  1900.01826000     1.00032011        4
  1900.03869171     1.00098020        4
  1900.05912352     1.00005323        4
  1900.07955533     1.00013455        4
  1900.12041895     0.99991368        4
  1900.14085076     0.99994225        4
  1900.16128257     1.00012336        4
  1900.18171448     1.00008250        4
  1900.20214619     0.99988615        4
  1900.22257801     0.99998721        4
  1900.24300992     0.99987104        4
  1900.26344163     0.99974986        4
  1900.28387344     0.99957032        4
  1900.30430536     0.99964115        4
  1900.32473717     0.99904137        4
  1900.36560080     0.99919031        4
  1900.38603261     1.00052151        4
  1900.40646453     0.99953848        4
  1900.42689625     1.00070245        4
  1900.44732806     0.99936647        4
  1900.46775998     1.00078381        4
  1900.48819169     1.00008808        4
  1900.50862351     1.00054268        4
  1900.52905543     1.00019952        4
  1900.54948714     0.99940722        4
  1900.56991906     1.00044869        4
  1900.61078260     0.99961747        4
  1900.63121452     1.00002531        4
  1900.65164633     1.00000113        4
  1900.67207805     0.99989692        4
  1900.69250997     0.99990857        4
  1900.71294179     1.00087850        4
  1900.85596454     0.99992888        4
  1900.87639636     1.00020357        4
  1900.89682828     0.99864992        4
  1900.91726011     1.00005127        4
  1900.93769183     0.99905613        4
  1900.95812375     0.99865010        4
  1900.97855558     0.99969996        4
  1900.99898730     1.00020149        4
  1901.01941923     1.00097927        4
  1901.03985105     1.00054855        4
  1901.06028277     1.00028224        4
  1901.10114653     1.00031071        4
  1901.12157845     0.99982634        4
  1901.14201018     0.99858876        4
  1901.16244200     1.00012813        4
  1901.18287393     1.00038133        4
  1901.20330566     1.00121290        4
  1901.22373749     1.00069344        4
  1901.24416941     0.99906667        4
  1901.26460114     0.99949691        4
  1901.28503307     0.99872960        4
  1901.30546490     0.99906111        4
  1901.34632856     1.00045320        4
  1901.36676039     1.00016079        4
  1901.38719222     0.99772966        4
  1901.40762405     1.00052612        4
  1901.42805588     1.00004728        4
  1901.44848771     0.99974309        4
  1901.46891954     1.00062373        4
  1901.48935137     0.99988778        4
  1901.50978321     0.99913143        4
  1901.53021504     0.99994448        4
  1901.55064687     0.99950757        4
  1901.59151054     1.00162208        4
  1901.61194247     0.99956262        4
  1901.63237430     1.00042165        4
  1901.65280604     0.99903011        4
  1901.67323797     1.00030284        4
  1901.69366981     0.99949285        4
  1901.71410154     0.99960621        4
  1901.73453348     0.99943731        4
  1901.75496532     1.00053000        4
  1901.77539705     0.99842439        4
  1901.79582899     0.99930451        4
  1901.83669276     0.99870710        4
  1901.85712450     1.00057412        4
  1901.87755634     0.99931565        4
  1901.89798828     0.99939782        4
  1901.91842001     0.99983494        4
  1901.93885185     1.00040868        4
  1901.95928379     1.00022253        4
  1901.97971553     0.99986102        4
  1902.00014747     0.99918387        4
  1902.08187483     0.99942152        4
  1902.10230657     1.00151827        4
  1902.12273852     1.00188442        4
  1902.14317036     0.99989751        4
  1902.16360220     1.00125382        4
  1902.18403404     1.00134574        4
  1902.20446589     0.99939990        4
  1902.22489773     1.00115344        4
  1902.24532957     1.00042545        4
  1902.26576142     1.00014184        4
  1902.28619336     0.99802726        4
  1902.32705695     1.00036403        4
  1902.34748890     1.00017562        4
  1902.36792064     1.00007379        4
  1902.38835259     1.00024517        4
  1902.40878444     0.99984349        4
  1902.42921618     1.00038406        4
  1902.57223922     1.00069119        4
  1902.59267107     1.00131932        4
  1902.61310302     1.00073982        4
  1902.63353477     1.00076302        4
  1902.65396662     1.00080641        4
  1902.67439857     1.00050891        4
  1902.69483032     1.00111257        4
  1902.71526227     1.00029699        4
  1902.73569412     1.00183008        4
  1902.75612587     0.99998639        4
  1902.77655783     1.00011795        4
  1902.81742153     0.98959419        4
  1902.83785338     1.00057072        4
  1902.85828524     1.00087667        4
  1902.87871699     1.00000000        4
  1902.89914895     1.00075378        4
  1902.91958080     1.00044691        4
  1902.94001276     0.99935961        4
  1902.96044451     1.00000940        4
  1902.98087637     0.99927943        4
  1903.00130832     1.00046773        4
  1903.02174008     0.99807225        4
  1903.18519504     0.99998427        4
  1903.20562680     0.99953384        4
  1903.22605876     1.00111262        4
  1903.24649062     0.99974009        4
  1903.26692258     0.99908757        4
  1903.30778620     0.99850504        4
  1903.32821816     1.00078090        4
  1903.34864993     0.99968289        4
  1903.36908179     1.00037144        4
  1903.38951375     0.99840228        4
  1903.40994561     0.99924461        4
  1903.43037748     0.99876073        4
  1903.45080924     1.00004030        4
  1903.47124110     0.99929903        4
  1903.49167307     0.99938458        4
  1903.51210493     0.99858697        4
  1903.55296866     1.00066104        4
  1903.57340053     1.00090717        4
  1903.59383229     1.00021609        4
  1903.61426426     0.99954371        4
  1903.63469612     0.99964303        4
  1903.65512809     0.99930535        4
  1903.67555986     1.00010597        4
  1903.69599173     0.99905697        4
  1903.71642369     1.00190867        4
  1903.73685546     0.99992340        4
  1903.75728733     0.99962381        4
  1903.79815107     0.99979216        4
  1903.81858304     0.99983038        4
  1903.83901491     1.00028257        4
  1903.85944668     1.00008448        4
  1903.87987865     1.00056591        4
  1903.90031052     0.99876888        4
  1903.92074229     1.00028863        4
  1903.94117426     1.00000103        4
  1903.96160613     0.99953501        4
  1903.98203811     0.99859915        4
  1904.00246988     0.99927982        4
  1904.04333362     0.99960463        4
  1904.06376560     0.99904242        4
  1904.08419737     0.99976722        4
  1904.10462925     0.99941024        4
  1904.12506112     0.99909394        4
  1904.14549300     0.99945583        4
  1904.16592497     1.00012072        4
  1904.18635675     0.99995600        4
  1904.20678872     1.00113341        4
  1904.22722060     1.00063201        4
  1904.24765238     1.00022090        4
  1904.28851623     1.00081932        4
  1904.30894801     1.00143069        4
  1904.32937999     1.00117550        4
  1904.34981186     1.00003351        4
  1904.37024384     1.00081472        4
  1904.39067562     0.99986419        4
  1904.41110750     0.99923346        4
  1904.43153948     0.99994123        4
  1904.45197126     0.99859822        4
  1904.47240314     1.00078369        4
  1904.49283512     0.99991295        4
  1904.61542642     1.00091914        4
  1904.63585830     0.99954109        4
  1904.65629018     1.00136575        4
  1904.67672207     1.00099801        4
  1904.69715395     1.00122639        4
  1904.71758584     1.00007380        4
  1904.73801772     0.99974125        4
  1904.77888149     1.00045539        4
  1904.79931338     1.00102421        4
  1904.81974536     1.00097806        4
  1904.84017715     1.00080569        4
  1904.86060904     0.99968987        4
  1905.02406415     0.99931878        4
  1905.04449614     0.99982959        4
  1905.06492803     1.00057031        4
  1905.08536002     0.99891572        4
  1905.10579181     0.99920171        4
  1905.12622370     1.00014747        4
  1905.14665569     0.99985410        4
  1905.16708749     0.99923431        4
  1905.18751938     0.99996653        4
