  1835.65875447     0.99993718        0
  1835.80177883     0.99976349        0
  1835.82221098     0.99992290        0
  1835.84264293     0.99982364        0
  1835.86307498     0.99998982        0
  1835.88350713     1.00011915        0
  1835.90393908     0.99995098        0
  1835.92437113     1.00004669        0
  1835.94480327     0.99996896        0
  1835.96523522     1.00010274        0
  1835.98566726     0.99999745        0
  1836.00609941     1.00006067        0
  1836.02653136     0.99995936        0
  1836.04696340     0.99993099        0
  1836.06739554     0.99997343        0
  1836.08782749     0.99993047        0
  1836.10825953     0.99998318        0
  1836.12869167     1.00002235        0
  1836.14912372     1.00002711        0
  1836.16955566     1.00000001        0
  1836.18998780     1.00002813        0
  1836.21041984     0.99996788        0
  1836.23085198     1.00001141        0
  1836.25128392     0.99997908        0
  1836.27171596     0.99991219        0
  1836.31258004     0.99983960        0
  1836.33301208     0.99990811        0
  1836.35344422     0.99983846        0
  1836.37387615     0.99996058        0
  1836.39430819     0.99980811        0
  1836.41474023     0.99990818        0
  1836.43517226     0.99984521        0
  1836.45560430     0.99979859        0
  1836.47603633     0.99993218        0
  1836.49646837     1.00000818        0
  1836.51690040     0.99993307        0
  1836.53733244     1.00012067        0
  1836.55776447     1.00001698        0
  1836.57819650     0.99982348        0
  1836.59862864     1.00000566        0
  1836.61906057     0.99995004        0
  1836.63949260     1.00007146        0
  1836.65992473     1.00003164        0
  1836.68035666     1.00000184        0
  1836.70078869     1.00010644        0
  1836.72122082     1.00002125        0
  1836.74165275     1.00001283        0
  1836.76208478     1.00000000        0
  1836.78251691     0.99993058        0
  1836.80294884     0.99994412        0
  1836.82338096     0.99992916        0
  1836.84381299     0.99995576        0
  1836.86424492     0.99993624        0
  1836.88467704     1.00000016        0
  1836.90510907     1.00003171        0
  1836.92554100     1.00002744        0
  1836.94597312     1.00006005        0
  1836.96640515     1.00001648        0
  1836.98683717     0.99996578        0
  1837.00726919     0.99997687        0
  1837.02770122     0.99989135        0
  1837.06856536     0.99995669        0
  1837.08899728     1.00005470        0
  1837.10942930     1.00004413        0
  1837.12986133     0.99995868        0
  1837.15029335     0.99998489        0
  1837.17072537     0.99987605        0
  1837.19115739     0.99991053        0
  1837.21158941     1.00007970        0
  1837.23202142     1.00003148        0
  1837.25245344     1.00003717        0
  1837.27288546     0.99990427        0
  1837.29331738     1.00003559        0
  1837.31374949     1.00016055        0
  1837.33418151     0.99994680        0
  1837.35461353     0.99996017        0
  1837.37504554     1.00001872        0
  1837.39547756     0.99996225        0
  1837.41590957     0.99992907        0
  1837.43634169     1.00002026        0
  1837.45677360     1.00005634        0
  1837.47720571     0.99997702        0
  1837.49763773     1.00002170        0
  1837.51806964     0.99995662        0
  1837.53850175     1.00004451        0
  1837.55893376     0.99990639        0
  1837.57936568     1.00000102        0
  1837.59979779     1.00013271        0
  1837.62022980     0.99998040        0
  1837.64066171     1.00004934        0
  1837.66109382     1.00001879        0
  1837.68152583     0.99996396        0
  1837.70195773     1.00011405        0
  1837.72238984     1.00001197        0
  1837.74282185     1.00001260        0
  1837.76325376     1.00012087        0
  1837.78368587     0.99992431        0
  1837.80411787     1.00008674        0
  1837.82454988     1.00004829        0
  1837.84498188     0.99995251        0
  1837.86541389     0.99994633        0
  1837.88584579     1.00000969        0
  1837.90627790     1.00000362        0
  1837.92670990     1.00003976        0
  1837.94714191     0.99993302        0
  1837.96757391     0.99996922        0
  1837.98800591     0.99993718        0
  1838.00843781     1.00002204        0
  1838.02886992     0.99997588        0
  1838.04930192     1.00007983        0
  1838.06973402     1.00011412        0
  1838.09016592     1.00000381        0
  1838.11059792     1.00006932        0
  1838.13103002     1.00000742        0
  1838.15146192     1.00001643        0
  1838.17189392     0.99999618        0
  1838.19232601     1.00002190        0
  1838.21275791     0.99999800        0
  1838.23318991     0.99992530        0
  1838.27405400     1.00002806        0
  1838.29448590     0.99996031        0
  1838.31491799     0.99985657        0
  1838.33534999     1.00030744        0
  1838.35578188     0.99994568        0
  1838.37621398     0.99995378        0
  1838.39664597     0.99997021        0
  1838.41707787     0.99992284        0
  1838.43750996     0.99996258        0
  1838.45794195     1.00002840        0
  1838.47837384     1.00005752        0
  1838.49880594     1.00003160        0
  1838.51923793     1.00012310        0
  1838.53966982     0.99992376        0
  1838.56010191     1.00001536        0
  1838.58053390     1.00005269        0
  1838.60096579     1.00008263        0
  1838.62139788     1.00000757        0
  1838.64182987     1.00018914        0
  1838.66226176     1.00027361        0
  1838.68269384     1.00004359        0
  1838.70312583     1.00001173        0
  1838.72355782     1.00005579        0
  1838.74398981     0.99983095        0
  1838.76442179     0.99995410        0
  1838.78485378     1.00002916        0
  1838.80528576     0.99996072        0
  1838.82571775     0.99998489        0
  1838.84614983     1.00002375        0
  1838.86658172     0.99999411        0
  1838.88701370     0.99999486        0
  1838.90744578     1.00002061        0
  1838.92787767     0.99996420        0
  1838.94830965     1.00000538        0
  1838.96874173     1.00013571        0
  1838.98917361     0.99998670        0
  1839.07090154     1.00019674        0
  1839.09133362     1.00003815        0
  1839.11176560     1.00004008        0
  1839.13219747     1.00012427        0
  1839.15262955     1.00001107        0
  1839.17306153     1.00004349        0
  1839.19349341     0.99992062        0
  1839.21392548     1.00002950        0
  1839.23435746     1.00000899        0
  1839.25478934     0.99999968        0
  1839.27522141     1.00005795        0
  1839.29565339     1.00008417        0
  1839.31608546     1.00000306        0
  1839.33651734     1.00005259        0
  1839.35694931     0.99996741        0
  1839.37738129     0.99994926        0
  1839.39781326     0.99999160        0
  1839.41824513     1.00003067        0
  1839.43867720     0.99996090        0
  1839.45910918     0.99990949        0
  1839.47954105     0.99999239        0
  1839.49997312     1.00003460        0
  1839.52040509     1.00000126        0
  1839.54083706     1.00006114        0
  1839.56126903     0.99993412        0
  1839.58170100     1.00003190        0
  1839.60213297     0.99997395        0
  1839.62256494     0.99984459        0
  1839.64299691     1.00007781        0
  1839.72472478     0.99983812        0
  1839.74515684     1.00008895        0
  1839.76558871     1.00004614        0
  1839.78602067     0.99996913        0
  1839.80645274     1.00008071        0
  1839.82688460     1.00004013        0
  1839.84731657     0.99994284        0
  1839.86774863     1.00003541        0
  1839.88818049     0.99986791        0
  1839.90861246     0.99999196        0
  1839.92904452     0.99997058        0
  1839.94947648     0.99998797        0
  1839.96990844     0.99996187        0
  1839.99034040     1.00003292        0
  1840.29681977     0.99990742        0
  1840.31725163     1.00005149        0
  1840.33768368     1.00011917        0
  1840.35811564     1.00002450        0
  1840.37854759     1.00004992        0
  1840.39897954     0.99996385        0
  1840.41941150     1.00005066        0
  1840.43984345     0.99993894        0
  1840.46027540     1.00000288        0
  1840.48070735     1.00005174        0
  1840.50113930     1.00017723        0
  1840.52157135     1.00006323        0
  1840.54200320     0.99999116        0
  1840.56243525     1.00005772        0
  1840.58286720     0.99993994        0
  1840.60329905     0.99999319        0
  1840.62373110     0.99996559        0
  1840.64416305     0.99997996        0
  1840.66459490     0.99999683        0
  1840.68502694     0.99988992        0
  1840.70545889     0.99995613        0
  1840.72589074     0.99996403        0
  1840.74632278     1.00005846        0
  1840.76675473     0.99999080        0
  1840.78718667     1.00015483        0
  1840.80761862     0.99996432        0
  1840.82805046     0.99995084        0
  1840.84848251     1.00001424        0
  1840.86891445     0.99994490        0
  1840.88934640     0.99996491        0
  1840.90977824     1.00002256        0
  1840.93021028     1.00000677        0
  1840.95064222     0.99992976        0
  1840.97107407     0.99995568        0
  1840.99150611     0.99981677        0
  1872.00685903     1.00000664        1
  1872.02729063     0.99988647        1
  1872.04772223     0.99992904        1
  1872.06815384     0.99999324        1
  1872.08858544     1.00010351        1
  1872.10901704     0.99992190        1
  1872.12944874     1.00005183        1
  1872.17031185     0.99986245        1
  1872.19074355     0.99993084        1
  1872.21117515     0.99996832        1
  1872.23160665     0.99989370        1
  1872.25203835     0.99996622        1
  1872.27246996     1.00000000        1
  1872.29290146     1.00013406        1
  1872.31333316     1.00003813        1
  1872.33376476     0.99988193        1
  1872.35419626     0.99998646        1
  1872.37462796     1.00002464        1
  1872.41549127     1.00012475        1
  1872.43592277     1.00009049        1
  1872.45635437     1.00009644        1
  1872.47678607     1.00015116        1
  1872.49721757     0.99998554        1
  1872.51764918     0.99994514        1
  1872.53808088     0.99999650        1
  1872.55851238     1.00009613        1
  1872.57894398     1.00017294        1
  1872.59937568     1.00011077        1
  1872.61980718     1.00003352        1
  1872.66067048     1.00009711        1
  1872.68110199     1.00009358        1
  1872.70153369     1.00019094        1
  1872.72196529     1.00004304        1
  1872.74239679     1.00019422        1
  1872.76282849     1.00024998        1
  1872.78326009     0.99995812        1
  1872.80369159     1.00007929        1
  1872.82412329     1.00017015        1
  1872.84455489     0.99998741        1
  1872.86498639     1.00015547        1
  1872.90584970     0.99993000        1
  1872.92628120     1.00018721        1
  1872.94671290     0.99991773        1
  1872.96714450     0.99974625        1
  1872.98757620     0.99986023        1
  1873.00800770     0.99984333        1
  1873.02843930     0.99988678        1
  1873.04887100     0.99989785        1
  1873.06930250     0.99985220        1
  1873.08973410     1.00008672        1
  1873.15102890     0.99981592        1
  1873.17146060     0.99986448        1
  1873.19189220     0.99977785        1
  1873.21232380     0.99970148        1
  1873.23275540     0.99962752        1
  1873.25318700     0.99993009        1
  1873.27361860     0.99976220        1
  1873.29405020     0.99999557        1
  1873.31448180     0.99976793        1
  1873.33491340     0.99968420        1
  1873.35534500     0.99954755        1
  1873.39620821     0.99984059        1
  1873.41663981     1.00005301        1
  1873.43707131     1.00027424        1
  1873.45750301     1.00003421        1
  1873.47793461     0.99988434        1
  1873.49836630     0.99990077        1
  1873.51879780     1.00002513        1
  1873.53922940     1.00001257        1
  1873.55966110     0.99992419        1
  1873.58009260     0.99988358        1
  1873.60052420     1.00012580        1
  1873.74354550     0.99991886        1
  1873.76397710     1.00018299        1
  1873.78440870     1.00011104        1
  1873.80484030     1.00007027        1
  1873.82527190     1.00006542        1
  1873.84570360     1.00013386        1
  1873.88656670     1.00004822        1
  1873.90699840     1.00018259        1
  1873.92742990     1.00001652        1
  1873.94786150     1.00014451        1
  1873.96829320     1.00028304        1
  1873.98872470     1.00024179        1
  1874.00915640     1.00044103        1
  1874.02958790     0.99998857        1
  1874.05001949     1.00024805        1
  1874.07045119     0.99986284        1
  1874.09088269     0.99996243        1
  1874.23390389     0.99992166        1
  1874.25433559     1.00021586        1
  1874.27476719     0.99989692        1
  1874.29519879     1.00032265        1
  1874.31563039     1.00010220        1
  1874.33606198     0.99992180        1
  1874.37692518     0.99986044        1
  1874.39735678     0.99997760        1
  1874.41778848     1.00014908        1
  1874.43821998     1.00001443        1
  1874.45865158     1.00023011        1
  1874.47908328     1.00005457        1
  1874.49951478     1.00002286        1
  1874.51994648     0.99993770        1
  1874.54037807     1.00008149        1
  1874.56080957     1.00007091        1
  1874.58124127     0.99996842        1
  1874.62210437     0.99994715        1
  1874.64253607     1.00002712        1
  1874.66296767     0.99996202        1
  1874.68339927     0.99979017        1
  1874.70383087     0.99985059        1
  1874.72426247     0.99982576        1
  1874.74469396     1.00013009        1
  1874.76512566     0.99967737        1
  1874.78555726     0.99987793        1
  1874.80598886     1.00003266        1
  1874.86728376     0.99993198        1
  1874.88771526     0.99984329        1
  1874.90814685     0.99970980        1
  1874.92857855     0.99988259        1
  1874.94901005     0.99981199        1
  1874.96944165     0.99981687        1
  1874.98987335     0.99987158        1
  1875.01030485     0.99996942        1
  1875.03073655     1.00006126        1
  1875.05116815     0.99994150        1
  1875.11246294     0.99994276        1
  1875.13289444     0.99999687        1
  1875.15332614     0.99972260        1
  1875.17375774     0.99976944        1
  1875.19418934     1.00001590        1
  1875.21462094     0.99992615        1
  1875.23505253     0.99978743        1
  1875.35764213     0.99990793        1
  1875.37807383     1.00072250        1
  1875.39850532     1.00000738        1
  1875.41893692     0.99993167        1
  1875.43936862     0.99985418        1
  1875.45980012     1.00017556        1
  1875.48023172     1.00022031        1
  1875.50066342     1.00000487        1
  1875.52109492     1.00008887        1
  1875.54152662     1.00017258        1
  1875.56195821     1.00034118        1
  1875.60282141     1.00007437        1
  1875.62325301     1.00011715        1
  1875.64368451     1.00027271        1
  1875.66411621     1.00020795        1
  1875.68454781     0.99993588        1
  1875.70497940     1.00050714        1
  1875.72541100     1.00006953        1
  1875.74584260     1.00021927        1
  1875.76627430     1.00026398        1
  1875.78670580     1.00017761        1
  1875.80713740     1.00024314        1
  1875.84800070     1.00001092        1
  1875.86843219     1.00007234        1
  1875.88886389     1.00036531        1
  1875.90929549     1.00026273        1
  1875.92972699     1.00035049        1
  1875.95015869     1.00026640        1
  1875.97059029     1.00018777        1
  1875.99102199     1.00011024        1
  1876.01145348     1.00018550        1
  1876.09317988     0.99996556        1
  1876.11361148     1.00001766        1
  1876.13404308     1.00008055        1
  1876.15447458     1.00017124        1
  1876.17490627     0.99996817        1
  1876.19533787     1.00011563        1
  1876.21576947     1.00014836        1
  1876.23620107     1.00030835        1
  1876.25663267     1.00008433        1
  1876.27706437     1.00007139        1
  1876.33835916     0.99994302        1
  1876.35879076     0.99995161        1
  1876.37922226     0.99997240        1
  1876.39965396     1.00007258        1
  1876.42008556     0.99993989        1
  1876.44051706     0.99985160        1
  1876.46094876     1.00013851        1
  1876.48138036     1.00003979        1
  1876.50181206     0.99995676        1
  1876.52224355     0.99995056        1
  1876.54267515     1.00000735        1
  1876.58353835     0.99992778        1
  1876.60396995     1.00023346        1
  1876.62440165     0.99997123        1
  1876.64483315     0.99990029        1
  1876.66526475     0.99994299        1
  1876.82871754     0.99975258        1
  1876.84914924     0.99986443        1
  1876.86958074     0.99991990        1
  1876.89001234     0.99986131        1
  1876.91044404     0.99983733        1
  1876.93087563     0.99987493        1
  1877.07389693     0.99984242        1
  1877.09432843     0.99974656        1
  1877.11476003     0.99973856        1
  1877.13519173     0.99978795        1
  1877.15562323     0.99977794        1
  1877.17605483     0.99975254        1
  1877.19648652     0.99974256        1
  1877.21691802     0.99993382        1
  1877.23734972     0.99996338        1
  1877.25778132     0.99962693        1
  1877.27821282     0.99988479        1
  1877.31907612     0.99987300        1
  1877.33950772     0.99990031        1
  1877.35993932     1.00006676        1
  1877.38037092     0.99985352        1
  1877.40080252     0.99973558        1
  1877.42123412     0.99975879        1
  1877.44166572     0.99991065        1
  1877.46209732     0.99987727        1
  1877.48252892     1.00009954        1
  1877.50296052     0.99988009        1
  1877.52339212     1.00011821        1
  1877.56425532     0.99994949        1
  1877.58468702     1.00007652        1
  1877.60511852     0.99994249        1
  1877.62555012     0.99993867        1
  1877.64598182     1.00015661        1
  1877.66641332     1.00010808        1
  1877.68684502     1.00017555        1
  1877.70727662     0.99991763        1
  1877.72770812     1.00010029        1
  1877.74813982     1.00012639        1
  1877.76857142     1.00029490        1
  1877.80943462     0.99991781        1
  1877.82986622     0.99995664        1
  1877.85029772     1.00031234        1
  1877.87072942     1.00013225        1
  1877.89116102     1.00032997        1
  1877.91159262     1.00004554        1
  1877.93202422     1.00019786        1
  1877.95245582     1.00000924        1
  1877.97288752     1.00004888        1
  1877.99331912     1.00007643        1
  1878.01375062     1.00018951        1
  1878.05461392     1.00014416        1
  1878.07504542     0.99998309        1
  1878.09547712     1.00017105        1
  1878.11590872     1.00008191        1
  1878.13634022     1.00022052        1
  1878.15677192     0.99987692        1
  1878.17720342     0.99996944        1
  1878.19763512     1.00016284        1
  1878.21806672     0.99998964        1
  1878.23849822     1.00003319        1
  1878.25892992     1.00008159        1
  1878.29979302     1.00003298        1
  1878.32022472     1.00021371        1
  1878.34065632     1.00002204        1
  1878.36108783     1.00026295        1
  1878.38151953     1.00011488        1
  1878.40195113     1.00023831        1
  1878.42238283     1.00001992        1
  1878.44281433     1.00002119        1
  1878.46324593     1.00023935        1
  1878.48367763     1.00017514        1
  1878.50410913     1.00000289        1
  1878.54497243     1.00014278        1
  1878.56540403     0.99983154        1
  1878.58583554     0.99991677        1
  1878.60626724     1.00005582        1
  1878.62669884     0.99997255        1
  1878.64713044     1.00002396        1
  1878.66756204     1.00001623        1
  1878.68799364     0.99988756        1
  1878.70842534     1.00006609        1
  1878.72885684     1.00011078        1
  1878.74928845     0.99994462        1
  1878.79015165     0.99988453        1
  1878.81058325     0.99991694        1
  1878.83101485     0.99988556        1
  1878.85144645     0.99995446        1
  1878.87187816     0.99984909        1
  1878.89230966     1.00007621        1
  1878.91274126     0.99987157        1
  1878.93317296     0.99988439        1
  1878.95360446     1.00000587        1
  1878.97403606     0.99986409        1
  1878.99446777     0.99984461        1
  1879.07619417     0.99996596        1
  1879.09662578     0.99996967        1
  1879.11705738     0.99990792        1
  1879.13748898     0.99975611        1
  1879.15792058     0.99983144        1
  1879.17835218     0.99986788        1
  1879.19878379     0.99988982        1
  1879.21921549     0.99975291        1
  1879.23964699     0.99976145        1
  1879.34180510     0.99993284        1
  1879.36223661     1.00004611        1
  1879.38266831     0.99995903        1
  1879.40309991     0.99993222        1
  1879.42353141     1.00017592        1
  1879.44396312     0.99985129        1
  1879.46439472     0.99999055        1
  1879.48482622     1.00007377        1
  1879.52568943     1.00009629        1
  1879.54612113     1.00007214        1
  1879.56655273     0.99996763        1
  1879.58698434     1.00042828        1
  1879.60741594     1.00015218        1
  1879.62784754     1.00003653        1
  1879.64827915     1.00013756        1
  1879.66871075     0.99993936        1
  1879.68914235     1.00036691        1
  1879.70957396     1.00019466        1
  1879.73000556     1.00003840        1
  1879.77086887     1.00014861        1
  1879.79130047     0.99985121        1
  1879.81173197     1.00010225        1
  1879.83216368     1.00009670        1
  1879.85259528     0.99977624        1
  1879.87302678     0.99983394        1
  1879.89345849     0.99995053        1
  1879.91389009     1.00011277        1
  1879.93432160     1.00018732        1
  1879.95475330     0.99996904        1
  1879.97518490     0.99988019        1
  1880.01604811     0.99992799        2
  1880.03647972     1.00001010        2
  1880.05691142     0.99997151        2
  1880.07734292     1.00012124        2
  1880.09777453     0.99998885        2
  1880.11820613     1.00005282        2
  1880.13863774     0.99991476        2
  1880.15906934     1.00017908        2
  1880.17950105     1.00011060        2
  1880.19993255     0.99979759        2
  1880.22036426     0.99991402        2
  1880.26122736     1.00006687        2
  1880.28165907     1.00001182        2
  1880.30209067     0.99993510        2
  1880.32252218     1.00017335        2
  1880.34295388     0.99989461        2
  1880.36338549     1.00008648        2
  1880.38381699     0.99998678        2
  1880.40424870     1.00014066        2
  1880.42468030     1.00004006        2
  1880.44511201     1.00026172        2
  1880.50640682     1.00024559        2
  1880.52683833     1.00019230        2
  1880.54726994     1.00000990        2
  1880.56770164     1.00001794        2
  1880.58813315     1.00003714        2
  1880.60856475     0.99997534        2
  1880.62899646     1.00009039        2
  1880.64942796     1.00008646        2
  1880.66985967     0.99994404        2
  1880.75158609     0.99991974        2
  1880.77201770     1.00001947        2
  1880.79244931     0.99983669        2
  1880.81288091     0.99983343        2
  1880.83331252     0.99969966        2
  1880.85374412     0.99989276        2
  1880.87417573     0.99976967        2
  1880.89460734     0.99996373        2
  1880.91503894     0.99991375        2
  1880.93547055     0.99981391        2
  1880.99676537     0.99986625        2
  1881.01719708     0.99997934        2
  1881.03762858     0.99983073        2
  1881.05806019     0.99981035        2
  1881.07849190     0.99991308        2
  1881.09892340     0.99985442        2
  1881.11935511     0.99990765        2
  1881.13978672     0.99989125        2
  1881.16021823     0.99974348        2
  1881.18064993     0.99977268        2
  1881.20108154     0.99983850        2
  1881.24194476     0.99998911        2
  1881.26237636     0.99998101        2
  1881.28280797     1.00007934        2
  1881.30323958     1.00011286        2
  1881.32367119     0.99997877        2
  1881.34410289     1.00000364        2
  1881.36453440     0.99991655        2
  1881.38496601     1.00007623        2
  1881.40539772     1.00018317        2
  1881.42582933     1.00009623        2
  1881.44626083     0.99996932        2
  1881.48712405     1.00006340        2
  1881.50755576     1.00019987        2
  1881.52798737     1.00031807        2
  1881.54841898     1.00006264        2
  1881.56885058     1.00011507        2
  1881.58928219     1.00023485        2
  1881.60971370     1.00006939        2
  1881.63014541     1.00010194        2
  1881.65057702     1.00006307        2
  1881.67100853     1.00010139        2
  1881.69144024     0.99999630        2
  1881.73230356     1.00013831        2
  1881.75273506     1.00004277        2
  1881.77316667     0.99997964        2
  1881.79359838     0.99995405        2
  1881.81402989     1.00015534        2
  1881.83446150     1.00033641        2
  1881.85489321     0.99999825        2
  1881.87532472     0.99985366        2
  1881.89575633     1.00007952        2
  1881.91618804     0.99993039        2
  1881.93661965     1.00021202        2
  1881.97748287     1.00000197        2
  1881.99791448     1.00005063        2
  1882.01834609     0.99994358        2
  1882.03877770     0.99991299        2
  1882.05920931     1.00000901        2
  1882.07964102     1.00024510        2
  1882.10007253     1.00015414        2
  1882.12050414     0.99985997        2
  1882.14093585     0.99997697        2
  1882.16136736     0.99994512        2
  1882.22266220     0.99988105        2
  1882.24309391     1.00000000        2
  1882.26352542     0.99985003        2
  1882.28395703     1.00022396        2
  1882.30438874     1.00015720        2
  1882.32482025     0.99981755        2
  1882.34525196     1.00008517        2
  1882.36568357     1.00014993        2
  1882.46784163     1.00008356        2
  1882.48827324     1.00008595        2
  1882.50870485     0.99999263        2
  1882.52913647     0.99999599        2
  1882.54956808     1.00037547        2
  1882.56999979     0.99999560        2
  1882.77431592     1.00002248        2
  1882.79474763     0.99993560        2
  1882.81517914     0.99989807        2
  1882.83561076     1.00002259        2
  1882.85604247     0.99979137        2
  1882.87647398     0.99988703        2
  1882.89690550     0.99971221        2
  1882.91733721     0.99979872        2
  1883.01949538     0.99992244        2
  1883.03992689     0.99981526        2
  1883.06035851     0.99976461        2
  1883.08079022     0.99982462        2
  1883.10122183     0.99989266        2
  1883.12165335     0.99977452        2
  1883.14208506     0.99994252        2
  1883.16251668     1.00008246        2
  1883.20337991     1.00026492        2
  1883.22381152     0.99992772        2
  1883.24424324     1.00010789        2
  1883.26467475     0.99986247        2
  1883.28510637     0.99996266        2
  1883.30553808     0.99992485        2
  1883.32596960     0.99998977        2
  1883.34640121     1.00014618        2
  1883.36683293     1.00008233        2
  1883.38726444     0.99992396        2
  1883.40769616     0.99998055        2
  1883.44855929     1.00003350        2
  1883.46899101     0.99996475        2
  1883.48942262     1.00004861        2
  1883.50985414     1.00022421        2
  1883.53028585     1.00023146        2
  1883.55071737     1.00018658        2
  1883.57114909     0.99999485        2
  1883.59158070     1.00023786        2
  1883.61201222     1.00017278        2
  1883.63244394     0.99996291        2
  1883.65287555     1.00004467        2
  1883.69373879     0.99994075        2
  1883.71417040     1.00027327        2
  1883.73460202     1.00011195        2
  1883.75503364     1.00011307        2
  1883.77546525     1.00005922        2
  1883.79589697     1.00005058        2
  1883.81632859     1.00024436        2
  1883.83676011     1.00004413        2
  1883.85719182     1.00000739        2
  1883.87762344     1.00004998        2
  1883.89805496     1.00001611        2
  1883.95934981     0.99999426        2
  1883.97978153     0.99994352        2
  1884.00021315     0.99999145        2
  1884.02064487     0.99992105        2
  1884.04107639     1.00003495        2
  1884.06150800     0.99981574        2
  1884.08193972     1.00008425        2
  1884.10237124     1.00005075        2
  1884.12280286     0.99990270        2
  1884.14323458     1.00002198        2
  1884.20452934     1.00014871        2
  1884.22496096     0.99997311        2
  1884.24539268     1.00006778        2
  1884.26582419     1.00008001        2
  1884.28625581     0.99997608        2
  1884.30668753     1.00001713        2
  1884.32711915     1.00015466        2
  1884.34755067     1.00004247        2
  1884.36798239     0.99998598        2
  1884.38841401     1.00000313        2
  1884.42927725     1.00011197        2
  1884.44970887     1.00001926        2
  1884.47014059     1.00007093        2
  1884.49057212     0.99996811        2
  1884.51100374     1.00016474        2
  1884.53143546     1.00004440        2
  1884.55186698     0.99989052        2
  1884.57229860     1.00016799        2
  1884.59273032     1.00000864        2
  1884.61316184     0.99996310        2
  1884.63359356     0.99996195        2
  1884.67445671     0.99981388        2
  1884.69488843     0.99983842        2
  1884.71532005     0.99990465        2
  1884.73575167     0.99986422        2
  1884.75618329     0.99997840        2
  1884.77661491     0.99969157        2
  1884.79704654     0.99982963        2
  1884.81747816     0.99974636        2
  1884.83790978     0.99979162        2
  1884.85834140     0.99978299        2
  1884.91963627     0.99990462        2
  1884.94006789     0.99987861        2
  1884.96049952     0.99976970        2
  1884.98093124     0.99971188        2
  1885.00136276     0.99979089        2
  1885.02179449     0.99985413        2
  1885.04222611     0.99976279        2
  1885.06265763     0.99991880        2
  1885.08308936     0.99973140        2
  1885.10352098     1.00005559        2
  1885.12395250     0.99972739        2
  1885.16481585     1.00020847        2
  1885.18524738     1.00010146        2
  1885.20567910     0.99999704        2
  1885.22611072     0.99989176        2
  1885.24654245     1.00010119        2
  1885.26697397     0.99981662        2
  1885.28740560     0.99980122        2
  1885.30783732     1.00003223        2
  1885.32826885     0.99997174        2
  1885.34870047     0.99995237        2
  1885.36913220     0.99988166        2
  1885.40999535     0.99999570        2
  1885.43042707     1.00001564        2
  1885.45085870     1.00006385        2
  1885.47129032     1.00003395        2
  1885.49172195     1.00013560        2
  1885.51215358     1.00010281        2
  1885.53258520     0.99990901        2
  1885.55301683     1.00007562        2
  1885.57344835     0.99990705        2
  1885.59388008     1.00008692        2
  1885.61431171     1.00005979        2
  1885.65517496     1.00013321        2
  1885.67560659     0.99997128        2
  1885.69603831     1.00002301        2
  1885.71646984     1.00004824        2
  1885.73690147     0.99998027        2
  1885.75733319     1.00023153        2
  1885.77776472     1.00008629        2
  1885.79819635     1.00002261        2
  1885.81862808     0.99997236        2
  1885.83905960     0.99997468        2
  1885.85949133     1.00011589        2
  1885.90035449     1.00007661        2
  1885.92078622     0.99990561        2
  1885.94121784     1.00024194        2
  1885.96164947     1.00019761        2
  1885.98208110     1.00022305        2
  1886.00251273     1.00014367        2
  1886.02294436     0.99999009        2
  1886.04337599     1.00022493        2
  1886.06380762     1.00022164        2
  1886.08423935     1.00001289        2
  1886.10467097     1.00023496        2
  1886.16596586     1.00025850        2
  1886.18639739     1.00015371        2
  1886.20682912     1.00010428        2
  1886.22726065     1.00020913        2
  1886.24769238     1.00000806        2
  1886.26812401     1.00038484        2
  1886.28855554     1.00009086        2
  1886.30898727     1.00000888        2
  1886.32941890     0.99996989        2
  1886.34985043     1.00022927        2
  1886.39071380     1.00002209        2
  1886.41114533     1.00005372        2
  1886.43157706     1.00030928        2
  1886.45200869     1.00013232        2
  1886.47244042     1.00001933        2
  1886.49287195     1.00001091        2
  1886.51330358     1.00004055        2
  1886.53373531     1.00028568        2
  1886.63589348     0.99984596        2
  1886.65632511     1.00004161        2
  1886.67675674     0.99990571        2
  1886.69718837     0.99999229        2
  1886.71762001     0.99996578        2
  1886.73805164     0.99988322        2
  1886.88107307     0.99964103        2
  1886.90150471     0.99986389        2
  1886.92193644     0.99969107        2
  1886.94236797     0.99986857        2
  1886.96279961     0.99971582        2
  1886.98323134     0.99996252        2
  1887.00366288     0.99996200        2
  1887.12625279     0.99991568        2
  1887.14668442     0.99982235        2
  1887.16711606     0.99989157        2
  1887.18754770     0.99993456        2
  1887.20797933     0.99991866        2
  1887.22841097     0.99987926        2
  1887.24884270     0.99998859        2
  1887.26927424     1.00015446        2
  1887.28970588     1.00003052        2
  1887.31013761     1.00004437        2
  1887.33056925     0.99997228        2
  1887.37143252     1.00001268        2
  1887.39186416     1.00001677        2
  1887.41229570     0.99997499        2
  1887.43272743     0.99987997        2
  1887.45315907     0.99992522        2
  1887.47359071     0.99979952        2
  1887.49402235     1.00007324        2
  1887.51445398     0.99998911        2
  1887.53488572     0.99999484        2
  1887.55531726     0.99987467        2
  1887.57574890     0.99980211        2
  1887.61661218     1.00007758        2
  1887.63704391     0.99995529        2
  1887.65747545     1.00029408        2
  1887.67790709     1.00001698        2
  1887.69833883     0.99991289        2
  1887.71877037     0.99997648        2
  1887.73920201     1.00001848        2
  1887.75963375     0.99995155        2
  1887.78006529     0.99992047        2
  1887.80049693     0.99990215        2
  1887.86179195     1.00028426        2
  1887.88222359     1.00005567        2
  1887.90265523     1.00010184        2
  1887.92308687     1.00006452        2
  1887.94351851     1.00012931        2
  1887.96395015     1.00004437        2
  1887.98438189     1.00022325        2
  1891.04913043     0.99992606        3
  1891.06956209     0.99995383        3
  1891.08999386     0.99991264        3
  1891.11042542     0.99996085        3
  1891.13085709     0.99993426        3
  1891.15128885     0.99995358        3
  1891.17172042     1.00002144        3
  1891.19215218     1.00011564        3
  1891.21258385     1.00018568        3
  1891.23301541     1.00037661        3
  1891.29431041     0.99994160        3
  1891.31474218     0.99997470        3
  1891.33517385     1.00044223        3
  1891.35560561     1.00009735        3
  1891.37603718     0.99985005        3
  1891.39646885     0.99995364        3
  1891.41690061     0.99985002        3
  1891.43733218     1.00012732        3
  1891.45776385     1.00011174        3
  1891.47819562     1.00004989        3
  1891.49862729     1.00007345        3
  1891.53949062     1.00000382        3
  1891.55992219     0.99998382        3
  1891.58035396     1.00012103        3
  1891.60078563     1.00000606        3
  1891.62121720     1.00000415        3
  1891.64164897     1.00008379        3
  1891.66208064     1.00013702        3
  1891.68251221     0.99992495        3
  1891.70294397     0.99999268        3
  1891.72337564     0.99995793        3
  1891.74380741     1.00025687        3
  1891.78467066     1.00003727        3
  1891.80510243     1.00021059        3
  1891.82553400     1.00023233        3
  1891.84596567     1.00016468        3
  1891.86639744     1.00030616        3
  1891.88682901     1.00005999        3
  1891.90726068     0.99999120        3
  1891.92769245     1.00019256        3
  1891.94812403     1.00035096        3
  1891.96855580     1.00024797        3
  1891.98898747     1.00007335        3
  1892.02985082     0.99994212        3
  1892.05028249     0.99993395        3
  1892.07071416     0.99996124        3
  1892.09114583     1.00001021        3
  1892.11157751     1.00012157        3
  1892.13200928     1.00020644        3
  1892.15244096     0.99992612        3
  1892.17287253     0.99992013        3
  1892.19330430     1.00010083        3
  1892.21373588     0.99974076        3
  1892.23416755     0.99993627        3
  1892.27503090     0.99994438        3
  1892.29546268     0.99992185        3
  1892.31589435     1.00002901        3
  1892.33632593     0.99994286        3
  1892.35675770     1.00023492        3
  1892.37718938     0.99996970        3
  1892.39762095     0.99991783        3
  1892.41805273     0.99988381        3
  1892.43848441     1.00047694        3
  1892.45891598     0.99984229        3
  1892.52021121     0.99989615        3
  1892.54064279     0.99980985        3
  1892.56107447     0.99987697        3
  1892.58150625     0.99986453        3
  1892.60193782     0.99989337        3
  1892.62236950     0.99991793        3
  1892.64280128     0.99980613        3
  1892.82668639     0.99981555        3
  1892.84711807     1.00004675        3
  1892.86754985     0.99986706        3
  1892.88798143     1.00007737        3
  1892.90841321     0.99984328        3
  1892.92884480     0.99978005        3
  1892.94927648     0.99998104        3
  1892.96970826     1.00001798        3
  1893.01057152     0.99993417        3
  1893.03100330     0.99978031        3
  1893.05143488     0.99988697        3
  1893.07186667     0.99995772        3
  1893.09229835     1.00015361        3
  1893.11272993     0.99996916        3
  1893.13316171     0.99998607        3
  1893.15359340     1.00031927        3
  1893.17402498     1.00043682        3
  1893.19445676     1.00009412        3
  1893.21488845     1.00002929        3
  1893.29661528     1.00006100        3
  1893.31704687     0.99997571        3
  1893.33747855     0.99999514        3
  1893.35791034     0.99995079        3
  1893.37834202     1.00003534        3
  1893.39877361     0.99993081        3
  1893.41920539     0.99999013        3
  1893.43963708     1.00009816        3
  1893.46006886     1.00011296        3
  1893.50093214     1.00007645        3
  1893.52136392     1.00019776        3
  1893.54179551     1.00021858        3
  1893.56222710     0.99993789        3
  1893.58265888     1.00004644        3
  1893.60309057     1.00018094        3
  1893.62352236     1.00012828        3
  1893.64395395     1.00007304        3
  1893.66438563     1.00024452        3
  1893.68481742     1.00011399        3
  1893.70524901     0.99995627        3
  1893.74611249     1.00008147        3
  1893.76654408     1.00006725        3
  1893.78697577     1.00010155        3
  1893.80740756     0.99993545        3
  1893.82783914     0.99999312        3
  1893.84827093     0.99994661        3
  1893.86870262     0.99996294        3
  1893.88913431     1.00014353        3
  1893.90956600     1.00031076        3
  1893.92999769     1.00000857        3
  1894.01172456     1.00016092        3
  1894.03215625     1.00000033        3
  1894.05258784     1.00019254        3
  1894.07301963     1.00008089        3
  1894.09345133     1.00001973        3
  1894.11388292     0.99995590        3
  1894.13431471     1.00013890        3
  1894.15474640     0.99976020        3
  1894.17517810     0.99991317        3
  1894.19560979     1.00011555        3
  1894.23647318     1.00001939        3
  1894.25690487     0.99988990        3
  1894.27733646     0.99988176        3
  1894.29776826     1.00040873        3
  1894.31819995     1.00000426        3
  1894.33863155     0.99986348        3
  1894.35906334     1.00001418        3
  1894.37949504     0.99980684        3
  1894.39992683     0.99993645        3
  1894.42035843     1.00002546        3
  1894.44079012     1.00012699        3
  1894.48165351     0.99987940        3
  1894.50208521     0.99990358        3
  1894.52251701     0.99997838        3
  1894.54294870     0.99979822        3
  1894.56338040     0.99990587        3
  1894.58381210     1.00004138        3
  1894.60424379     0.99992430        3
  1894.72683398     0.99994196        3
  1894.74726578     0.99976898        3
  1894.76769738     0.99979087        3
  1894.78812918     0.99981882        3
  1894.80856088     0.99995874        3
  1894.82899248     1.00001919        3
  1894.84942428     0.99988169        3
  1894.97201448     0.99981503        3
  1894.99244608     0.99997321        3
  1895.01287788     0.99998228        3
  1895.03330958     1.00001732        3
  1895.05374129     1.00001009        3
  1895.07417299     1.00006859        3
  1895.09460469     1.00021830        3
  1895.11503649     1.00013492        3
  1895.13546809     1.00015113        3
  1895.15589980     1.00005157        3
  1895.17633160     0.99998266        3
  1895.21719491     1.00055020        3
  1895.23762671     1.00021600        3
  1895.25805842     1.00006567        3
  1895.27849002     0.99991120        3
  1895.29892182     0.99991476        3
  1895.31935353     0.99998692        3
  1895.33978533     1.00000609        3
  1895.36021694     1.00010692        3
  1895.38064864     1.00007509        3
  1895.40108045     0.99997687        3
  1895.42151205     1.00002679        3
  1895.46237557     1.00016309        3
  1895.48280717     0.99991716        3
  1895.50323898     1.00021354        3
  1895.52367059     1.00008648        3
  1895.54410229     1.00020874        3
  1895.56453410     1.00012330        3
  1895.58496571     1.00006815        3
  1895.60539742     1.00010405        3
  1895.62582922     1.00010354        3
  1895.64626083     1.00010734        3
  1895.66669264     0.99993185        3
  1895.70755606     1.00020595        3
  1895.72798777     1.00026517        3
  1895.74841948     1.00015576        3
  1895.76885119     0.99993318        3
  1895.78928289     1.00018969        3
  1895.80971460     1.00005032        3
  1895.83014631     1.00026771        3
  1895.85057813     1.00017547        3
  1895.87100974     1.00007585        3
  1895.89144155     0.99988906        3
  1895.91187326     0.99987304        3
  1895.95273668     1.00005147        3
  1895.97316839     0.99995721        3
  1895.99360000     1.00007234        3
  1896.01403182     0.99999410        3
  1896.03446353     1.00012437        3
  1896.05489534     1.00001718        3
  1896.07532695     1.00002866        3
  1896.09575867     0.99988661        3
  1896.11619038     0.99994326        3
  1896.13662209     0.99982480        3
  1896.15705381     0.99982549        3
  1896.19791723     0.99996130        3
  1896.21834905     1.00000867        3
  1896.23878066     0.99987120        3
  1896.25921238     0.99984805        3
  1896.27964419     0.99995316        3
  1896.30007581     1.00017572        3
  1896.32050752     0.99976229        3
  1896.34093934     0.99994554        3
  1896.36137095     0.99977890        3
  1896.48396135     0.99997187        3
  1896.50439307     1.00003074        3
  1896.52482479     1.00003274        3
  1896.54525651     0.99999403        3
  1896.56568833     0.99998191        3
  1896.58611994     0.99979263        3
  1896.60655176     0.99995677        3
  1896.62698348     0.99993148        3
  1896.64741510     0.99996154        3
  1896.68827864     0.99998496        3
  1896.70871026     1.00014068        3
  1896.72914208     0.99994564        3
  1896.74957380     0.99991070        3
  1896.77000552     0.99986187        3
  1896.79043724     0.99987172        3
  1896.81086896     0.99986907        3
  1896.83130068     0.99991429        3
  1896.85173240     0.99997794        3
  1896.87216413     0.99993567        3
  1896.89259585     0.99988450        3
  1896.93345929     1.00001676        3
  1896.95389101     0.99996685        3
  1896.97432274     1.00010407        3
  1896.99475456     1.00002981        3
  1897.01518618     1.00040596        3
  1897.03561791     1.00037531        3
  1897.05604973     1.00008301        3
  1897.07648145     0.99969000        3
  1897.09691308     1.00000635        3
  1897.11734490     0.99985795        3
  1897.17864008     0.99992357        3
  1897.19907180     1.00005598        3
  1897.21950363     0.99992644        3
  1897.23993525     1.00087018        3
  1897.26036698     0.99989454        3
  1897.28079881     1.00029168        3
  1897.30123043     1.00011174        3
  1897.32166226     1.00001497        3
  1897.34209399     0.99991280        3
  1897.36252561     1.00020605        3
  1897.38295744     1.00019977        3
  1897.42382080     1.00047072        3
  1897.44425262     1.00000941        3
  1897.46468435     1.00017658        3
  1897.48511618     0.99993529        3
  1897.50554781     1.00028860        3
  1897.52597944     1.00011744        3
  1897.54641127     0.99996941        3
  1897.56684300     0.99999851        3
  1897.58727473     1.00003551        3
  1897.60770646     0.99996092        3
  1897.62813819     0.99994521        3
  1897.75072858     1.00018207        3
  1897.77116041     1.00001734        3
  1897.79159214     1.00005246        3
  1897.81202377     1.00004249        3
  1897.83245561     1.00000000        3
  1897.85288734     0.99981409        3
  1897.87331917     0.99980757        3
  1897.91418254     0.99988659        3
  1897.93461437     0.99990465        3
  1897.95504601     0.99990391        3
  1897.97547774     0.99973121        3
  1897.99590958     0.99970230        3
  1898.01634121     1.00028291        4
  1898.03677305     0.99993099        4
  1898.05720478     0.99999512        4
  1898.07763642     0.99996074        4
  1898.09806825     1.00011677        4
  1898.11849999     0.99996451        4
  1898.15936346     0.99997696        4
  1898.17979510     0.99983585        4
  1898.20022693     1.00004270        4
  1898.22065867     0.99993935        4
  1898.24109031     0.99992493        4
  1898.26152215     1.00030261        4
  1898.28195389     1.00023018        4
  1898.30238562     1.00012977        4
  1898.32281736     1.00012468        4
  1898.40454432     1.00001355        4
  1898.42497616     0.99983235        4
  1898.44540790     0.99995340        4
  1898.46583954     0.99986254        4
  1898.48627138     0.99983495        4
  1898.50670312     0.99979627        4
  1898.52713476     1.00020822        4
  1898.54756660     0.99985995        4
  1898.56799834     0.99991530        4
  1898.58843019     1.00017295        4
  1898.64972541     0.99983338        4
  1898.67015706     0.99987367        4
  1898.69058880     1.00009668        4
  1898.71102064     0.99989898        4
  1898.73145228     0.99989701        4
  1898.75188413     1.00001047        4
  1898.77231587     0.99985457        4
  1898.79274752     0.99968681        4
  1898.81317936     1.00010371        4
  1898.83361101     1.00006060        4
  1898.85404275     1.00006689        4
  1898.89490624     1.00028854        4
  1898.91533799     1.00004751        4
  1898.93576983     0.99989640        4
  1898.95620158     1.00003662        4
  1898.97663333     1.00028227        4
  1898.99706507     0.99997340        4
  1899.01749682     1.00017140        4
  1899.03792857     1.00026382        4
  1899.05836031     1.00024774        4
  1899.07879206     0.99995864        4
  1899.09922391     0.99988325        4
  1899.14008741     1.00008129        4
  1899.16051916     1.00025194        4
  1899.18095080     0.99989879        4
  1899.20138265     0.99993005        4
  1899.22181440     1.00013677        4
  1899.24224605     1.00012696        4
  1899.26267790     1.00019554        4
  1899.28310965     1.00009612        4
  1899.30354150     1.00000257        4
  1899.32397316     1.00018873        4
  1899.34440491     1.00018524        4
  1899.38526841     0.99989230        4
  1899.40570016     1.00010211        4
  1899.42613201     1.00004462        4
  1899.44656367     0.99992061        4
  1899.46699552     0.99998778        4
  1899.48742717     1.00007863        4
  1899.50785892     0.99997429        4
  1899.52829078     1.00010646        4
  1899.54872243     0.99995006        4
  1899.56915418     1.00020988        4
  1899.58958604     1.00012631        4
  1899.63044945     0.99993419        4
  1899.65088130     0.99979395        4
  1899.67131306     0.99992494        4
  1899.69174481     1.00011519        4
  1899.71217657     1.00023013        4
  1899.73260833     1.00006869        4
  1899.75304018     0.99982335        4
  1899.77347184     0.99983126        4
  1899.79390359     0.99990644        4
  1899.81433545     0.99989129        4
  1899.83476711     1.00016391        4
  1899.87563072     0.99988926        4
  1899.89606238     0.99994014        4
  1899.91649424     1.00007943        4
  1899.93692600     0.99994333        4
  1899.95735766     0.99996779        4
  1899.97778952     0.99992719        4
  1899.99822128     1.00002443        4
  1900.01865314     0.99978510        4
  1900.03908480     0.99990975        4
  1900.05951656     0.99980143        4
  1900.07994832     0.99989625        4
  1900.12081184     0.99987553        4
  1900.14124360     0.99987484        4
  1900.16167536     0.99982055        4
  1900.18210722     1.00000466        4
  1900.20253888     0.99991353        4
  1900.22297065     0.99998920        4
  1900.24340251     0.99983884        4
  1900.26383417     0.99989453        4
  1900.28426594     1.00024400        4
  1900.30469780     1.00005732        4
  1900.32512956     0.99993336        4
  1900.36599309     1.00004387        4
  1900.38642485     0.99999570        4
  1900.40685672     0.99989747        4
  1900.42728838     0.99987064        4
  1900.44772015     1.00021621        4
  1900.46815201     0.99983687        4
  1900.48858368     0.99991900        4
  1900.50901545     0.99975917        4
  1900.52944731     1.00001207        4
  1900.54987898     0.99985915        4
  1900.57031085     1.00004815        4
  1900.61117428     1.00001930        4
  1900.63160615     0.99984958        4
  1900.65203792     0.99985245        4
  1900.67246958     1.00017534        4
  1900.69290145     1.00001156        4
  1900.71333322     0.99999676        4
  1900.85635561     0.99993005        4
  1900.87678738     0.99994686        4
  1900.89721925     1.00007424        4
  1900.91765102     0.99995341        4
  1900.93808269     1.00016939        4
  1900.95851457     1.00008711        4
  1900.97894634     1.00044641        4
  1900.99937801     1.00008864        4
  1901.01980988     1.00002934        4
  1901.04024166     0.99997079        4
  1901.06067333     1.00004602        4
  1901.10153698     1.00004356        4
  1901.12196885     0.99994519        4
  1901.14240053     1.00004085        4
  1901.16283230     1.00005663        4
  1901.18326417     1.00019660        4
  1901.20369585     1.00005302        4
  1901.22412763     1.00008555        4
  1901.24455950     1.00025360        4
  1901.26499118     1.00019885        4
  1901.28542305     0.99999648        4
  1901.30585483     1.00018253        4
  1901.34671838     1.00004728        4
  1901.36715016     1.00007643        4
  1901.38758194     1.00014087        4
  1901.40801372     0.99999639        4
  1901.42844550     0.99996046        4
  1901.44887727     1.00010745        4
  1901.46930905     1.00022052        4
  1901.48974083     1.00019113        4
  1901.51017261     1.00007545        4
  1901.53060439     1.00012834        4
  1901.55103617     1.00019699        4
  1901.59189973     1.00025491        4
  1901.61233161     0.99991795        4
  1901.63276339     1.00005997        4
  1901.65319507     0.99990089        4
  1901.67362696     1.00003738        4
  1901.69405874     1.00016207        4
  1901.71449042     1.00010029        4
  1901.73492230     0.99995295        4
  1901.75535408     1.00002783        4
  1901.77578577     1.00003047        4
  1901.79621765     1.00011104        4
  1901.83708132     0.99994582        4
  1901.85751300     1.00007023        4
  1901.87794479     1.00008213        4
  1901.89837667     1.00015752        4
  1901.91880836     1.00002460        4
  1901.93924014     1.00002238        4
  1901.95967203     0.99991203        4
  1901.98010371     1.00001522        4
  1902.00053560     0.99988806        4
  1902.08226274     0.99993168        4
  1902.10269443     1.00000617        4
  1902.12312632     0.99981760        4
  1902.14355811     0.99976397        4
  1902.16398990     1.00024558        4
  1902.18442168     0.99995308        4
  1902.20485347     1.00004280        4
  1902.22528526     0.99996067        4
  1902.24571705     0.99998197        4
  1902.26614884     0.99989085        4
  1902.32744421     0.99974498        4
  1902.34787610     0.99983989        4
  1902.36830779     0.99989940        4
  1902.38873969     1.00000000        4
  1902.40917148     0.99984246        4
  1902.42960317     0.99979047        4
  1902.57262582     0.99989396        4
  1902.59305761     0.99990214        4
  1902.61348951     0.99996336        4
  1902.63392120     0.99994268        4
  1902.65435300     0.99983923        4
  1902.67478489     0.99994840        4
  1902.69521659     1.00000077        4
  1902.71564849     0.99984745        4
  1902.73608028     0.99974015        4
  1902.75651198     0.99986856        4
  1902.77694388     1.00036258        4
  1902.81780747     0.99978704        4
  1902.83823927     0.99990451        4
  1902.85867107     0.99988388        4
  1902.87910276     1.00000677        4
  1902.89953466     0.99990309        4
  1902.91996646     0.99982773        4
  1902.94039836     0.99983629        4
  1902.96083006     1.00011002        4
  1902.98126186     0.99996295        4
  1903.00169376     0.99985219        4
  1903.02212546     1.00000029        4
  1903.18557997     0.99992713        4
  1903.20601168     0.99999192        4
  1903.22644358     1.00005774        4
  1903.24687538     1.00011423        4
  1903.26730729     1.00002936        4
  1903.30817080     1.00015474        4
  1903.32860270     1.00012045        4
  1903.34903441     1.00028285        4
  1903.36946621     1.00003585        4
  1903.38989812     0.99999049        4
  1903.41032992     1.00007594        4
  1903.43076173     1.00029993        4
  1903.45119344     0.99999853        4
  1903.47162524     1.00011697        4
  1903.49205715     0.99996988        4
  1903.51248896     1.00010881        4
  1903.55335257     1.00005244        4
  1903.57378438     0.99996386        4
  1903.59421609     1.00006762        4
  1903.61464800     1.00006399        4
  1903.63507981     1.00010701        4
  1903.65551172     1.00006148        4
  1903.67594343     1.00001064        4
  1903.69637524     1.00003975        4
  1903.71680715     1.00017083        4
  1903.73723886     1.00015040        4
  1903.75767067     1.00015313        4
  1903.79853429     1.00012590        4
  1903.81896620     1.00010832        4
  1903.83939801     1.00004696        4
  1903.85982973     1.00018553        4
  1903.88026164     0.99995830        4
  1903.90069345     1.00001616        4
  1903.92112517     0.99989905        4
  1903.94155708     1.00010350        4
  1903.96198889     0.99998810        4
  1903.98242081     1.00003725        4
  1904.00285252     1.00006040        4
  1904.04371615     0.99991439        4
  1904.06414807     1.00010420        4
  1904.08457978     0.99999046        4
  1904.10501160     0.99991971        4
  1904.12544342     0.99986738        4
  1904.14587523     0.99991011        4
  1904.16630715     0.99988373        4
  1904.18673887     0.99985291        4
  1904.20717078     0.99981785        4
  1904.22760260     0.99983597        4
  1904.24803432     0.99986853        4
  1904.28889806     0.99997759        4
  1904.30932978     0.99999687        4
  1904.32976170     0.99994028        4
  1904.35019352     1.00018204        4
  1904.37062544     1.00010003        4
  1904.39105716     1.00006671        4
  1904.41148898     0.99983574        4
  1904.43192090     0.99982739        4
  1904.45235262     1.00028415        4
  1904.47278444     0.99988408        4
  1904.49321636     0.99989322        4
  1904.61580730     0.99997201        4
  1904.63623912     1.00015824        4
  1904.65667095     0.99998682        4
  1904.67710277     1.00001797        4
  1904.69753460     0.99988083        4
  1904.71796642     1.00004351        4
  1904.73839825     0.99997416        4
  1904.77926190     1.00004209        4
  1904.79969373     1.00004136        4
  1904.82012565     0.99990940        4
  1904.84055738     0.99999341        4
  1904.86098921     0.99987579        4
  1905.02444384     0.99998652        4
  1905.04487577     1.00011954        4
  1905.06530760     0.99989942        4
  1905.08573953     1.00006620        4
  1905.10617126     1.00004407        4
  1905.12660309     1.00002484        4
  1905.14703502     0.99983959        4
  1905.16746675     1.00004472        4
  1905.18789859     1.00009358        4
