  1835.65890645     0.99993932        0
  1835.67933853     1.00012099        0
  1835.69977062     0.99999068        0
  1835.80193103     0.99958322        0
  1835.82236321     0.99979936        0
  1835.84279519     1.00007348        0
  1835.86322727     1.00000682        0
  1835.88365945     1.00003440        0
  1835.90409143     0.99995745        0
  1835.92452351     1.00008053        0
  1835.94495569     0.99993052        0
  1835.96538766     0.99993821        0
  1835.98581974     1.00012430        0
  1836.00625192     0.99981628        0
  1836.02668389     0.99976396        0
  1836.04711597     0.99988927        0
  1836.06754815     0.99998455        0
  1836.08798012     0.99993866        0
  1836.10841219     1.00011102        0
  1836.12884437     1.00004327        0
  1836.14927644     1.00000613        0
  1836.16970842     1.00003012        0
  1836.19014059     0.99998275        0
  1836.21057266     1.00009611        0
  1836.23100483     1.00012863        0
  1836.25143680     1.00005477        0
  1836.27186887     0.99996196        0
  1836.31273301     1.00014394        0
  1836.33316508     1.00005812        0
  1836.35359725     1.00006138        0
  1836.37402922     1.00001945        0
  1836.39446129     1.00001455        0
  1836.41489335     1.00012020        0
  1836.43532542     1.00010236        0
  1836.45575749     0.99995115        0
  1836.47618955     0.99992590        0
  1836.49662162     0.99977188        0
  1836.51705368     1.00004714        0
  1836.53748575     1.00011685        0
  1836.55791781     0.99991292        0
  1836.57834988     0.99993569        0
  1836.59878204     1.00006445        0
  1836.61921400     1.00000189        0
  1836.63964606     0.99994106        0
  1836.66007823     1.00006461        0
  1836.68051019     0.99993422        0
  1836.70094225     1.00003034        0
  1836.72137441     1.00003711        0
  1836.74180637     1.00005632        0
  1836.76223843     1.00001178        0
  1836.78267059     1.00006728        0
  1836.80310255     1.00015776        0
  1836.82353470     0.99997447        0
  1836.84396676     1.00003681        0
  1836.86439872     1.00002321        0
  1836.88483088     0.99984128        0
  1836.90526293     0.99981880        0
  1836.92569489     1.00006341        0
  1836.94612704     0.99985849        0
  1836.96655910     0.99986254        0
  1836.98699115     0.99999125        0
  1837.00742321     0.99996616        0
  1837.02785526     0.99979814        0
  1837.10958347     1.00013831        0
  1837.13001552     0.99993263        0
  1837.15044757     1.00003702        0
  1837.17087962     1.00000319        0
  1837.19131167     0.99994378        0
  1837.21174372     0.99989931        0
  1837.23217577     1.00000716        0
  1837.25260782     1.00003153        0
  1837.27303987     1.00005487        0
  1837.29347181     0.99997447        0
  1837.31390396     0.99992448        0
  1837.33433601     1.00010780        0
  1837.35476805     1.00014257        0
  1837.37520010     1.00005278        0
  1837.39563214     1.00058437        0
  1837.41606419     1.00015716        0
  1837.43649633     1.00002710        0
  1837.45692828     0.99996545        0
  1837.47736042     0.99999708        0
  1837.49779246     0.99998558        0
  1837.51822441     0.99979638        0
  1837.53865655     1.00010389        0
  1837.55908859     0.99989495        0
  1837.57952053     1.00004316        0
  1837.59995267     0.99994274        0
  1837.62038471     0.99997795        0
  1837.64081665     1.00001223        0
  1837.66124879     0.99998423        0
  1837.68168083     0.99996809        0
  1837.70211277     0.99988581        0
  1837.72254491     1.00013148        0
  1837.74297695     0.99998076        0
  1837.76340888     0.99994287        0
  1837.78384102     0.99989731        0
  1837.80427305     1.00008434        0
  1837.82470509     1.00009216        0
  1837.84513713     1.00001564        0
  1837.86556916     1.00013605        0
  1837.88600110     1.00001987        0
  1837.90643323     0.99994949        0
  1837.92686526     1.00013345        0
  1837.94729730     1.00003434        0
  1837.96772933     0.99995500        0
  1837.98816136     1.00012562        0
  1838.00859329     1.00019136        0
  1838.02902542     1.00012162        0
  1838.04945745     0.99997717        0
  1838.06988958     0.99992190        0
  1838.09032151     0.99998597        0
  1838.11075354     0.99996535        0
  1838.13118567     0.99999318        0
  1838.15161760     0.99989111        0
  1838.17204963     1.00009259        0
  1838.19248176     1.00002432        0
  1838.21291368     1.00008119        0
  1838.23334571     0.99995018        0
  1838.29464179     1.00009343        0
  1838.31507391     1.00001462        0
  1838.33550594     1.00003595        0
  1838.35593786     0.99992498        0
  1838.37636999     1.00011075        0
  1838.39680201     1.00004048        0
  1838.41723393     0.99998096        0
  1838.43766605     1.00012342        0
  1838.45809808     0.99994845        0
  1838.47853000     0.99991904        0
  1838.49896212     0.99987986        0
  1838.51939414     1.00005329        0
  1838.53982606     0.99992758        0
  1838.56025818     1.00008283        0
  1838.58069020     0.99999664        0
  1838.60112212     1.00000016        0
  1838.62155424     0.99989527        0
  1838.64198625     0.99995779        0
  1838.66241817     0.99993837        0
  1838.68285029     0.99991944        0
  1838.70328230     0.99996442        0
  1838.72371432     0.99989949        0
  1838.74414634     1.00011634        0
  1838.76457835     0.99991808        0
  1838.78501037     0.99995892        0
  1838.80544238     0.99993792        0
  1838.82587439     1.00003318        0
  1838.84630651     1.00003626        0
  1838.86673842     1.00000000        0
  1838.88717043     1.00007960        0
  1838.90760255     0.99989061        0
  1838.92803446     0.99977435        0
  1838.94846647     0.99997923        0
  1838.96889858     1.00007953        0
  1838.98933049     0.99954612        0
  1839.09149063     1.00006788        0
  1839.11192264     0.99997387        0
  1839.13235455     0.99989028        0
  1839.15278666     1.00001705        0
  1839.17321866     0.99994475        0
  1839.19365057     1.00005419        0
  1839.21408267     1.00014524        0
  1839.23451468     1.00019816        0
  1839.25494658     1.00004772        0
  1839.27537869     1.00009600        0
  1839.29581069     1.00001165        0
  1839.31624280     1.00008594        0
  1839.33667470     0.99995833        0
  1839.35710670     1.00003582        0
  1839.37753870     0.99985411        0
  1839.39797071     0.99995154        0
  1839.41840261     0.99990481        0
  1839.43883471     0.99997055        0
  1839.45926671     0.99987400        0
  1839.47969861     0.99986552        0
  1839.50013071     1.00000362        0
  1839.52056271     1.00004650        0
  1839.54099470     1.00001999        0
  1839.56142670     0.99996066        0
  1839.58185870     1.00002287        0
  1839.60229070     0.99984414        0
  1839.62272269     0.99997267        0
  1839.64315469     1.00009873        0
  1839.66358669     0.99998449        0
  1839.72488267     0.99976503        0
  1839.74531477     1.00010519        0
  1839.76574666     1.00009406        0
  1839.78617865     1.00012497        0
  1839.80661075     1.00010430        0
  1839.82704264     1.00007874        0
  1839.84747463     1.00009494        0
  1839.86790672     0.99989880        0
  1839.88833861     0.99999889        0
  1839.90877061     1.00009102        0
  1839.92920270     1.00010072        0
  1839.94963469     0.99996093        0
  1839.97006668     0.99998908        0
  1839.99049866     0.99993556        0
  1840.01093065     1.00003584        0
  1840.27654647     0.99999930        0
  1840.31741033     1.00001871        0
  1840.33784241     0.99987754        0
  1840.35827440     0.99985319        0
  1840.37870638     0.99992017        0
  1840.39913836     0.99987669        0
  1840.41957034     0.99997633        0
  1840.44000232     0.99990536        0
  1840.46043430     1.00004425        0
  1840.48086628     0.99997220        0
  1840.50129825     1.00001916        0
  1840.52173033     1.00000143        0
  1840.54216221     0.99999526        0
  1840.56259429     0.99999933        0
  1840.58302626     0.99996718        0
  1840.60345814     0.99997173        0
  1840.62389022     1.00019527        0
  1840.64432219     1.00008792        0
  1840.66475407     1.00016720        0
  1840.68518614     1.00010932        0
  1840.70561812     0.99970133        0
  1840.72604999     1.00009512        0
  1840.74648206     0.99997477        0
  1840.76691404     1.00013581        0
  1840.78734601     1.00000448        0
  1840.80777798     0.99999423        0
  1840.82820985     0.99993792        0
  1840.84864192     0.99995683        0
  1840.86907390     0.99999330        0
  1840.88950587     1.00014061        0
  1840.90993774     0.99989948        0
  1840.93036981     1.00003342        0
  1840.95080177     1.00010332        0
  1840.97123364     0.99992957        0
  1840.99166571     1.00000916        0
  1872.00703860     1.00001360        1
  1872.02747020     0.99995612        1
  1872.04790180     1.00005832        1
  1872.06833340     1.00032747        1
  1872.08876500     1.00003638        1
  1872.10919660     1.00004300        1
  1872.12962831     1.00012698        1
  1872.17049141     1.00006650        1
  1872.19092311     1.00009091        1
  1872.21135471     0.99988333        1
  1872.23178621     1.00010648        1
  1872.25221791     1.00009757        1
  1872.27264951     0.99976626        1
  1872.29308101     1.00008186        1
  1872.31351271     0.99986417        1
  1872.33394431     0.99994458        1
  1872.35437581     0.99988987        1
  1872.37480751     0.99996366        1
  1872.41567081     0.99985912        1
  1872.43610231     0.99995065        1
  1872.45653391     0.99976931        1
  1872.47696561     1.00002201        1
  1872.49739711     0.99995092        1
  1872.51782871     1.00015881        1
  1872.53826041     0.99998407        1
  1872.55869191     0.99996986        1
  1872.57912351     0.99996229        1
  1872.59955521     0.99989397        1
  1872.61998671     0.99991151        1
  1872.66085001     1.00007629        1
  1872.68128151     1.00014606        1
  1872.70171321     1.00002704        1
  1872.72214481     0.99999262        1
  1872.74257631     0.99999276        1
  1872.76300801     0.99994268        1
  1872.78343961     0.99993356        1
  1872.80387111     0.99992730        1
  1872.82430280     0.99990318        1
  1872.84473440     1.00008096        1
  1872.86516590     1.00004413        1
  1872.90602920     0.99996269        1
  1872.92646070     1.00026306        1
  1872.94689240     0.99995898        1
  1872.96732400     0.99999256        1
  1872.98775570     0.99994531        1
  1873.00818719     0.99989759        1
  1873.02861879     0.99983854        1
  1873.04905049     1.00007281        1
  1873.06948199     0.99998345        1
  1873.15120838     0.99992682        1
  1873.17164008     1.00003861        1
  1873.19207168     1.00001321        1
  1873.21250328     1.00005358        1
  1873.23293488     1.00003072        1
  1873.25336647     0.99989471        1
  1873.27379807     1.00011042        1
  1873.29422967     1.00001968        1
  1873.31466127     1.00007825        1
  1873.33509287     0.99994122        1
  1873.35552446     1.00001527        1
  1873.39638766     0.99932088        1
  1873.41681926     1.00000000        1
  1873.43725075     1.00011138        1
  1873.45768245     0.99992314        1
  1873.47811405     1.00012638        1
  1873.49854575     0.99996110        1
  1873.51897724     0.99981544        1
  1873.53940884     1.00002246        1
  1873.55984054     0.99992450        1
  1873.58027204     0.99983110        1
  1873.60070363     1.00002306        1
  1873.72329322     0.99998017        1
  1873.74372491     1.00003432        1
  1873.76415651     0.99997469        1
  1873.78458811     1.00016312        1
  1873.80501970     0.99990125        1
  1873.82545130     1.00001964        1
  1873.84588300     1.00027934        1
  1873.88674609     1.00013827        1
  1873.90717779     0.99995815        1
  1873.92760929     1.00010007        1
  1873.94804088     0.99995262        1
  1873.96847258     1.00010070        1
  1873.98890408     0.99999235        1
  1874.00933577     0.99979837        1
  1874.02976727     0.99996562        1
  1874.05019886     0.99979425        1
  1874.07063056     0.99995139        1
  1874.09106206     0.99989241        1
  1874.21365173     0.99993931        1
  1874.23408323     1.00005323        1
  1874.25451493     0.99994527        1
  1874.27494652     1.00011413        1
  1874.29537812     0.99995147        1
  1874.31580972     1.00003465        1
  1874.33624131     0.99995479        1
  1874.37710450     0.99993861        1
  1874.39753610     0.99994008        1
  1874.41796779     1.00048168        1
  1874.43839929     1.00001110        1
  1874.45883089     0.99998774        1
  1874.47926258     0.99991060        1
  1874.49969408     1.00002701        1
  1874.52012577     0.99987595        1
  1874.54055737     0.99996858        1
  1874.56098886     1.00003349        1
  1874.58142056     0.99998607        1
  1874.62228365     1.00007092        1
  1874.64271535     0.99991061        1
  1874.66314694     0.99983569        1
  1874.68357854     0.99993634        1
  1874.70401013     1.00008171        1
  1874.72444173     1.00002063        1
  1874.74487322     1.00003708        1
  1874.76530492     0.99999974        1
  1874.78573651     1.00004475        1
  1874.86746299     1.00002833        1
  1874.88789449     1.00006304        1
  1874.90832609     0.99987938        1
  1874.92875778     1.00008109        1
  1874.94918928     1.00020943        1
  1874.96962087     0.99993445        1
  1874.99005257     1.00003016        1
  1875.01048406     1.00000359        1
  1875.03091576     0.99992874        1
  1875.11264213     1.00016631        1
  1875.13307363     1.00008892        1
  1875.15350532     0.99999682        1
  1875.17393692     0.99995484        1
  1875.19436851     1.00001730        1
  1875.21480011     1.00004712        1
  1875.23523170     1.00003248        1
  1875.35782127     0.99943179        1
  1875.37825297     1.00021384        1
  1875.39868446     1.00006688        1
  1875.41911605     1.00006849        1
  1875.43954775     0.99990561        1
  1875.45997924     1.00005660        1
  1875.48041084     1.00005559        1
  1875.50084253     1.00020719        1
  1875.52127403     1.00013519        1
  1875.54170572     1.00025273        1
  1875.56213732     1.00006709        1
  1875.60300050     0.99986544        1
  1875.62343210     0.99988958        1
  1875.64386359     0.99998651        1
  1875.66429529     0.99999839        1
  1875.68472688     1.00011341        1
  1875.70515848     0.99996808        1
  1875.72559007     1.00000905        1
  1875.74602166     1.00009081        1
  1875.76645336     0.99987713        1
  1875.78688485     1.00008531        1
  1875.80731645     0.99992573        1
  1875.84817973     1.00008463        1
  1875.86861123     0.99981648        1
  1875.88904292     1.00006223        1
  1875.90947452     0.99987188        1
  1875.92990601     1.00007108        1
  1875.95033771     1.00001306        1
  1875.97076930     0.99989355        1
  1875.99120099     1.00000820        1
  1876.09335886     1.00000866        1
  1876.11379046     1.00013999        1
  1876.13422205     0.99991050        1
  1876.15465354     0.99991156        1
  1876.17508524     1.00013654        1
  1876.19551683     0.99976479        1
  1876.21594843     1.00008094        1
  1876.23638002     1.00005300        1
  1876.25681161     0.99996774        1
  1876.27724331     0.99999152        1
  1876.33853809     1.00000010        1
  1876.35896968     0.99997100        1
  1876.37940118     1.00000907        1
  1876.39983287     0.99999547        1
  1876.42026446     1.00001068        1
  1876.44069596     0.99991700        1
  1876.46112765     0.99998378        1
  1876.48155925     0.99996490        1
  1876.50199094     0.99990318        1
  1876.52242243     1.00006131        1
  1876.54285403     0.99997082        1
  1876.58371721     1.00000478        1
  1876.60414881     0.99998982        1
  1876.62458050     1.00008665        1
  1876.64501200     1.00000337        1
  1876.82889634     1.00010124        1
  1876.84932803     1.00001702        1
  1876.86975953     0.99990417        1
  1876.89019112     1.00000928        1
  1876.91062281     0.99995891        1
  1876.93105441     0.99999835        1
  1877.07407566     1.00008527        1
  1877.09450715     1.00015903        1
  1877.11493875     1.00003820        1
  1877.13537044     0.99991424        1
  1877.15580194     0.99998667        1
  1877.17623353     0.99996719        1
  1877.19666522     0.99999694        1
  1877.21709672     1.00006585        1
  1877.23752841     1.00011240        1
  1877.25796000     0.99988095        1
  1877.27839150     0.99986950        1
  1877.31925478     1.00010880        1
  1877.33968638     1.00001402        1
  1877.36011797     1.00018292        1
  1877.38054956     0.99994711        1
  1877.40098116     0.99990296        1
  1877.42141275     0.99981782        1
  1877.44184435     1.00003837        1
  1877.46227594     0.99980616        1
  1877.48270753     1.00010470        1
  1877.50313913     1.00019453        1
  1877.52357072     1.00007509        1
  1877.56443391     0.99997546        1
  1877.58486560     1.00000076        1
  1877.60529709     1.00015458        1
  1877.62572869     1.00012545        1
  1877.64616038     0.99992592        1
  1877.66659188     0.99979803        1
  1877.68702357     1.00007809        1
  1877.70745516     1.00004225        1
  1877.72788666     0.99999244        1
  1877.74831835     0.99993031        1
  1877.76874994     0.99996888        1
  1877.80961313     1.00012949        1
  1877.83004472     1.00019350        1
  1877.85047622     1.00010627        1
  1877.87090791     0.99989236        1
  1877.89133951     0.99997659        1
  1877.91177110     0.99989564        1
  1877.93220269     1.00000861        1
  1877.95263429     1.00009526        1
  1877.97306598     1.00003022        1
  1877.99349757     1.00014069        1
  1878.01392907     1.00005681        1
  1878.05479236     0.99999461        1
  1878.07522385     1.00015102        1
  1878.09565554     1.00006194        1
  1878.11608714     1.00010072        1
  1878.13651863     1.00008192        1
  1878.15695032     0.99998519        1
  1878.17738182     0.99997347        1
  1878.19781351     0.99996251        1
  1878.21824511     0.99988245        1
  1878.23867660     1.00015185        1
  1878.25910829     1.00013808        1
  1878.29997138     1.00009325        1
  1878.32040308     0.99998500        1
  1878.34083467     0.99992793        1
  1878.36126616     1.00009939        1
  1878.38169786     1.00013852        1
  1878.40212945     0.99990971        1
  1878.42256115     0.99999190        1
  1878.44299264     1.00005195        1
  1878.46342423     0.99998721        1
  1878.48385593     1.00001530        1
  1878.54515071     0.99980210        1
  1878.56558230     1.00006004        1
  1878.58601380     0.99994211        1
  1878.60644549     0.99987485        1
  1878.62687709     1.00006241        1
  1878.64730868     1.00002426        1
  1878.66774027     1.00002698        1
  1878.68817187     0.99982023        1
  1878.70860356     0.99992657        1
  1878.72903506     0.99996650        1
  1878.74946665     1.00001683        1
  1878.79032984     0.99981561        1
  1878.81076143     1.00015296        1
  1878.83119303     0.99996216        1
  1878.85162462     1.00000036        1
  1878.87205632     1.00007924        1
  1878.89248781     0.99996596        1
  1878.91291941     1.00000607        1
  1878.93335110     0.99990129        1
  1878.95378259     0.99982506        1
  1878.97421419     0.99988497        1
  1878.99464588     0.99995859        1
  1879.05594067     1.00010391        1
  1879.07637226     1.00008163        1
  1879.09680386     0.99987940        1
  1879.11723545     0.99991258        1
  1879.13766704     1.00004176        1
  1879.15809864     0.99987941        1
  1879.17853023     1.00006485        1
  1879.19896183     0.99980852        1
  1879.21939352     1.00000275        1
  1879.23982502     0.99987182        1
  1879.28068831     0.99960697        1
  1879.30111980     0.99998853        1
  1879.32155150     1.00004399        1
  1879.34198309     1.00003683        1
  1879.36241459     0.99987204        1
  1879.38284628     1.00000747        1
  1879.40327788     0.99997241        1
  1879.42370937     1.00005869        1
  1879.44414107     1.00005201        1
  1879.46457266     0.99987243        1
  1879.48500416     0.99999513        1
  1879.52586735     0.99988570        1
  1879.54629904     1.00026340        1
  1879.56673064     0.99998148        1
  1879.58716223     1.00009827        1
  1879.60759383     0.99991522        1
  1879.62802542     0.99995984        1
  1879.64845702     1.00012629        1
  1879.66888861     1.00018907        1
  1879.68932021     1.00018943        1
  1879.70975180     1.00017161        1
  1879.73018340     0.99985907        1
  1879.77104669     0.99989285        1
  1879.79147828     0.99997932        1
  1879.81190978     0.99992674        1
  1879.83234147     0.99992336        1
  1879.85277307     0.99987633        1
  1879.87320457     1.00007513        1
  1879.89363626     1.00009789        1
  1879.91406786     0.99996026        1
  1879.93449935     1.00007871        1
  1879.95493105     1.00015245        1
  1879.97536264     1.00009243        1
  1880.01622584     0.99999801        2
  1880.03665743     0.99992432        2
  1880.05708913     1.00015097        2
  1880.07752062     1.00011212        2
  1880.09795222     1.00000298        2
  1880.11838381     1.00001318        2
  1880.13881541     0.99989787        2
  1880.15924701     0.99992470        2
  1880.17967870     0.99989521        2
  1880.20011020     0.99998648        2
  1880.22054189     0.99983630        2
  1880.26140499     1.00000475        2
  1880.28183668     1.00001645        2
  1880.30226828     1.00002983        2
  1880.32269978     1.00002641        2
  1880.34313147     1.00017729        2
  1880.36356307     0.99994795        2
  1880.38399456     0.99993807        2
  1880.40442626     1.00000943        2
  1880.42485786     1.00003453        2
  1880.44528955     1.00001316        2
  1880.50658434     0.99996663        2
  1880.52701584     1.00002768        2
  1880.54744744     1.00003188        2
  1880.56787913     0.99994857        2
  1880.58831063     0.99985441        2
  1880.60874223     0.99983016        2
  1880.62917392     0.99983680        2
  1880.64960542     0.99998689        2
  1880.67003712     1.00000000        2
  1880.75176351     1.00011796        2
  1880.77219510     1.00001539        2
  1880.79262670     1.00002304        2
  1880.81305830     1.00005553        2
  1880.83348989     1.00003997        2
  1880.85392149     0.99999096        2
  1880.87435309     0.99978359        2
  1880.89478469     0.99979926        2
  1880.91521628     0.99999072        2
  1880.93564788     0.99986416        2
  1880.95607958     0.99993113        2
  1880.99694267     1.00011541        2
  1881.01737437     1.00023056        2
  1881.03780587     1.00013727        2
  1881.05823747     0.99998403        2
  1881.07866916     1.00012407        2
  1881.09910066     1.00009622        2
  1881.11953236     1.00008895        2
  1881.13996396     1.00001022        2
  1881.16039546     1.00010943        2
  1881.18082715     0.99998969        2
  1881.20125875     0.99995273        2
  1881.24212195     0.99991667        2
  1881.26255355     0.99965148        2
  1881.28298514     0.99999886        2
  1881.30341674     1.00008338        2
  1881.32384834     1.00023715        2
  1881.34428004     1.00004904        2
  1881.36471154     1.00010677        2
  1881.38514314     1.00010353        2
  1881.40557483     1.00015223        2
  1881.42600643     1.00026868        2
  1881.44643793     1.00003749        2
  1881.48730113     1.00000562        2
  1881.50773283     0.99998529        2
  1881.52816443     0.99997367        2
  1881.54859602     1.00004721        2
  1881.56902762     1.00013991        2
  1881.58945922     1.00001518        2
  1881.60989072     1.00005946        2
  1881.63032242     0.99993681        2
  1881.65075402     1.00002491        2
  1881.67118552     1.00010930        2
  1881.69161722     0.99996583        2
  1881.73248052     1.00003113        2
  1881.75291201     1.00005915        2
  1881.77334361     0.99998321        2
  1881.79377531     0.99991738        2
  1881.81420681     1.00002711        2
  1881.83463841     1.00003191        2
  1881.85507011     1.00006545        2
  1881.87550161     0.99999503        2
  1881.89593321     1.00004504        2
  1881.91636491     0.99995296        2
  1881.93679651     1.00011088        2
  1881.97765971     0.99997898        2
  1881.99809131     1.00003571        2
  1882.01852291     0.99995050        2
  1882.03895451     0.99988347        2
  1882.05938611     0.99990407        2
  1882.07981781     1.00022423        2
  1882.10024931     1.00018477        2
  1882.12068091     0.99991511        2
  1882.14111261     1.00013381        2
  1882.16154411     1.00008273        2
  1882.22283891     0.99990990        2
  1882.24327061     1.00007153        2
  1882.26370211     0.99983971        2
  1882.28413372     1.00001809        2
  1882.30456542     0.99992845        2
  1882.32499692     0.99976920        2
  1882.34542862     0.99995796        2
  1882.36586022     0.99999642        2
  1882.46801822     0.99988571        2
  1882.48844983     0.99990559        2
  1882.50888143     1.00015514        2
  1882.52931303     1.00012432        2
  1882.54974463     1.00007651        2
  1882.57017633     1.00006023        2
  1882.77449235     0.99986320        2
  1882.79492405     1.00003706        2
  1882.81535556     0.99993583        2
  1882.83578716     1.00002321        2
  1882.85621886     0.99999354        2
  1882.87665036     0.99994101        2
  1882.89708186     0.99988958        2
  1882.91751357     0.99999118        2
  1883.01967168     0.99999411        2
  1883.04010318     0.99985543        2
  1883.06053479     1.00005236        2
  1883.08096649     1.00002396        2
  1883.10139809     0.99997724        2
  1883.12182960     0.99997246        2
  1883.14226130     1.00006260        2
  1883.16269290     0.99997261        2
  1883.20355611     1.00009240        2
  1883.22398771     1.00005022        2
  1883.24441942     1.00000635        2
  1883.26485092     1.00025266        2
  1883.28528253     1.00000158        2
  1883.30571423     0.99981833        2
  1883.32614573     0.99975458        2
  1883.34657734     0.99993731        2
  1883.36700904     1.00009520        2
  1883.38744055     0.99983773        2
  1883.40787225     0.99983952        2
  1883.44873536     0.99998324        2
  1883.46916706     1.00012369        2
  1883.48959867     1.00005390        2
  1883.51003017     1.00017451        2
  1883.53046188     1.00004151        2
  1883.55089338     0.99998297        2
  1883.57132509     0.99998817        2
  1883.59175669     1.00008816        2
  1883.61218820     1.00001664        2
  1883.63261990     0.99989412        2
  1883.65305151     1.00003506        2
  1883.69391472     0.99996260        2
  1883.71434632     1.00005754        2
  1883.73477793     0.99985704        2
  1883.75520953     1.00005605        2
  1883.77564114     0.99989371        2
  1883.79607284     1.00011806        2
  1883.81650445     1.00011087        2
  1883.83693596     0.99982458        2
  1883.85736766     0.99994065        2
  1883.87779927     0.99998981        2
  1883.89823077     1.00004740        2
  1883.95952559     0.99967606        2
  1883.97995730     1.00006898        2
  1884.00038890     1.00006583        2
  1884.02082061     0.99998420        2
  1884.04125212     0.99986621        2
  1884.06168372     0.99989487        2
  1884.08211543     0.99993866        2
  1884.10254694     0.99995412        2
  1884.12297854     1.00003319        2
  1884.14341025     0.99983093        2
  1884.18427337     1.00012159        2
  1884.20470497     0.99999596        2
  1884.22513658     0.99998447        2
  1884.24556829     0.99989493        2
  1884.26599979     1.00003042        2
  1884.28643140     1.00004061        2
  1884.30686311     0.99993521        2
  1884.32729472     1.00003511        2
  1884.34772622     0.99996636        2
  1884.36815793     0.99994024        2
  1884.38858954     0.99993260        2
  1884.42945276     1.00005403        2
  1884.44988436     0.99993701        2
  1884.47031607     0.99998161        2
  1884.49074758     1.00004028        2
  1884.51117919     0.99996178        2
  1884.53161090     0.99996313        2
  1884.55204241     1.00010123        2
  1884.57247402     1.00006730        2
  1884.59290572     1.00001680        2
  1884.61333723     0.99997920        2
  1884.63376894     0.99998752        2
  1884.67463206     1.00010961        2
  1884.69506377     1.00004613        2
  1884.71549538     1.00002689        2
  1884.73592699     0.99988430        2
  1884.75635860     0.99990788        2
  1884.77679021     1.00020140        2
  1884.79722182     0.99998545        2
  1884.81765343     0.99989918        2
  1884.83808503     0.99994125        2
  1884.85851664     0.99989462        2
  1884.91981147     1.00010324        2
  1884.94024308     0.99985478        2
  1884.96067469     1.00000016        2
  1884.98110641     1.00001133        2
  1885.00153792     1.00001083        2
  1885.02196963     0.99991190        2
  1885.04240124     1.00007479        2
  1885.06283275     0.99997494        2
  1885.08326446     0.99996809        2
  1885.10369607     0.99985100        2
  1885.12412758     0.99990745        2
  1885.16499090     0.99826053        2
  1885.18542241     1.00015112        2
  1885.20585412     1.00007615        2
  1885.22628574     0.99995813        2
  1885.24671745     0.99980515        2
  1885.26714896     0.99983202        2
  1885.28758057     0.99986247        2
  1885.30801228     0.99987198        2
  1885.32844379     1.00005136        2
  1885.34887541     0.99988824        2
  1885.36930712     0.99985057        2
  1885.41017024     0.99999196        2
  1885.43060195     0.99990100        2
  1885.45103357     1.00021426        2
  1885.47146518     0.99993128        2
  1885.49189679     0.99990110        2
  1885.51232841     1.00008533        2
  1885.53276002     0.99999223        2
  1885.55319163     1.00006343        2
  1885.57362314     0.99994945        2
  1885.59405486     1.00005912        2
  1885.61448647     1.00018821        2
  1885.65534970     0.99986385        2
  1885.67578131     0.99998437        2
  1885.69621302     0.99993927        2
  1885.71664454     1.00014121        2
  1885.73707615     1.00001439        2
  1885.75750786     1.00009362        2
  1885.77793938     1.00003282        2
  1885.79837099     1.00006239        2
  1885.81880271     1.00002732        2
  1885.83923422     0.99988171        2
  1885.85966594     1.00027515        2
  1885.90052906     0.99988845        2
  1885.92096078     1.00004752        2
  1885.94139239     1.00009548        2
  1885.96182401     1.00013409        2
  1885.98225562     0.99991137        2
  1886.00268724     0.99992203        2
  1886.02311885     0.99987564        2
  1886.04355047     0.99998802        2
  1886.06398208     0.99992888        2
  1886.08441380     1.00003474        2
  1886.10484541     1.00024615        2
  1886.16614026     0.99985756        2
  1886.18657178     0.99992962        2
  1886.20700349     0.99990079        2
  1886.22743501     0.99997857        2
  1886.24786673     1.00020407        2
  1886.26829834     1.00012010        2
  1886.28872986     0.99987255        2
  1886.30916158     0.99996042        2
  1886.32959319     1.00000322        2
  1886.35002471     1.00007743        2
  1886.39088804     1.00014544        2
  1886.41131956     1.00006294        2
  1886.43175128     1.00003660        2
  1886.45218289     1.00029960        2
  1886.47261461     1.00004360        2
  1886.49304613     1.00003394        2
  1886.51347775     1.00003746        2
  1886.53390946     1.00019190        2
  1886.63606755     0.99992298        2
  1886.65649917     0.99983001        2
  1886.67693079     1.00003898        2
  1886.69736241     1.00002315        2
  1886.71779403     1.00011101        2
  1886.73822565     0.99998728        2
  1886.88124698     1.00010321        2
  1886.90167860     0.99991630        2
  1886.92211032     0.99982216        2
  1886.94254184     1.00001046        2
  1886.96297346     1.00026913        2
  1886.98340518     0.99983508        2
  1887.12642652     0.99990436        2
  1887.14685814     1.00000764        2
  1887.16728976     1.00003550        2
  1887.18772139     0.99998575        2
  1887.20815301     0.99991450        2
  1887.22858463     0.99986482        2
  1887.24901635     0.99974435        2
  1887.26944787     0.99983283        2
  1887.28987949     0.99995603        2
  1887.31031121     1.00013526        2
  1887.33074284     1.00009078        2
  1887.37160608     1.00005254        2
  1887.39203770     0.99998203        2
  1887.41246922     1.00003845        2
  1887.43290095     0.99997057        2
  1887.45333257     0.99994159        2
  1887.47376419     0.99991223        2
  1887.49419582     0.99983992        2
  1887.51462744     0.99994405        2
  1887.53505916     0.99989479        2
  1887.55549068     1.00001099        2
  1887.57592231     1.00003832        2
  1887.61678556     1.00005968        2
  1887.63721728     1.00005324        2
  1887.65764880     1.00021158        2
  1887.67808043     1.00002951        2
  1887.69851215     0.99994939        2
  1887.71894367     1.00006146        2
  1887.73937530     1.00018056        2
  1887.75980702     0.99995550        2
  1887.78023855     0.99998698        2
  1887.86196515     0.99990586        2
  1887.88239677     0.99997171        2
  1887.90282840     1.00016955        2
  1887.92326002     1.00000267        2
  1887.94369165     1.00000115        2
  1887.96412327     1.00018840        2
  1887.98455500     1.00017424        2
  1891.04930104     0.99991122        3
  1891.06973269     0.99991702        3
  1891.09016444     0.99998992        3
  1891.11059598     0.99996166        3
  1891.13102763     0.99999073        3
  1891.15145938     1.00011067        3
  1891.17189093     0.99990733        3
  1891.19232267     0.99976430        3
  1891.21275432     1.00004334        3
  1891.23318587     1.00009901        3
  1891.29448081     1.00000747        3
  1891.31491256     1.00010877        3
  1891.33534421     1.00018709        3
  1891.35577596     1.00013524        3
  1891.37620751     1.00007284        3
  1891.39663916     0.99996601        3
  1891.41707090     0.99997166        3
  1891.43750245     1.00012082        3
  1891.45793410     0.99990090        3
  1891.47836585     0.99998548        3
  1891.49879750     0.99982797        3
  1891.53966080     1.00005479        3
  1891.56009235     0.99992908        3
  1891.58052410     1.00007829        3
  1891.60095575     1.00010663        3
  1891.62138730     1.00011820        3
  1891.64181906     1.00012339        3
  1891.66225071     1.00008552        3
  1891.68268226     0.99987224        3
  1891.70311401     1.00000167        3
  1891.72354566     0.99984235        3
  1891.74397741     1.00023341        3
  1891.78484062     1.00018489        3
  1891.80527237     0.99995545        3
  1891.82570392     1.00002891        3
  1891.84613557     1.00002446        3
  1891.86656733     1.00031062        3
  1891.88699888     0.99997205        3
  1891.90743053     1.00014070        3
  1891.92786228     0.99988208        3
  1891.94829384     1.00005322        3
  1891.96872559     0.99988694        3
  1891.98915724     0.99993787        3
  1892.03002055     1.00011399        3
  1892.05045221     0.99992280        3
  1892.07088386     0.99984431        3
  1892.09131552     0.99998435        3
  1892.11174717     0.99994908        3
  1892.13217892     1.00004731        3
  1892.15261058     0.99995014        3
  1892.17304213     0.99992034        3
  1892.19347389     0.99996875        3
  1892.21390545     0.99988462        3
  1892.23433710     1.00017693        3
  1892.27520041     0.99988317        3
  1892.29563217     1.00011241        3
  1892.31606383     0.99977252        3
  1892.33649538     0.99984132        3
  1892.35692714     1.00004466        3
  1892.37735879     1.00017743        3
  1892.39779035     0.99969385        3
  1892.41822211     0.99991075        3
  1892.43865377     1.00012343        3
  1892.45908532     0.99995846        3
  1892.52038050     0.99992636        3
  1892.54081206     0.99997198        3
  1892.56124371     0.99980340        3
  1892.58167547     0.99999825        3
  1892.60210703     1.00005929        3
  1892.62253869     1.00001869        3
  1892.64297045     1.00004747        3
  1892.66340211     1.00001161        3
  1892.82685539     1.00004103        3
  1892.84728705     0.99997219        3
  1892.86771881     1.00005588        3
  1892.88815037     0.99998394        3
  1892.90858213     0.99993398        3
  1892.92901369     0.99988153        3
  1892.94944535     1.00002959        3
  1892.96987712     0.99983839        3
  1893.01074034     0.99939233        3
  1893.03117210     0.99975556        3
  1893.05160366     1.00007883        3
  1893.07203543     1.00025847        3
  1893.09246709     1.00031767        3
  1893.11289865     1.00012786        3
  1893.13333042     0.99982677        3
  1893.15376208     0.99986817        3
  1893.17419364     1.00022660        3
  1893.19462541     0.99993485        3
  1893.21505707     1.00665764        3
  1893.33764706     1.00012339        3
  1893.35807882     1.00008732        3
  1893.37851049     1.00008963        3
  1893.39894205     1.00008047        3
  1893.41937382     1.00022628        3
  1893.43980548     1.00002093        3
  1893.46023725     0.99991366        3
  1893.50110048     0.99987244        3
  1893.52153225     1.00000507        3
  1893.54196382     1.00003060        3
  1893.56239538     1.00002961        3
  1893.58282715     1.00004345        3
  1893.60325882     1.00009280        3
  1893.62369058     1.00009182        3
  1893.64412215     1.00014748        3
  1893.66455382     1.00000009        3
  1893.68498559     1.00004807        3
  1893.70541716     1.00002477        3
  1893.74628059     1.00007964        3
  1893.76671216     0.99991741        3
  1893.78714383     1.00005631        3
  1893.80757560     0.99992108        3
  1893.82800717     0.99993545        3
  1893.84843894     0.99998780        3
  1893.86887061     0.99987609        3
  1893.88930228     1.00009268        3
  1893.90973395     1.00008907        3
  1893.93016562     0.99984726        3
  1894.01189240     0.99997333        3
  1894.03232407     0.99991895        3
  1894.05275564     0.99993112        3
  1894.07318741     1.00004887        3
  1894.09361909     1.00009329        3
  1894.11405066     0.99995176        3
  1894.13448243     0.99993176        3
  1894.15491410     1.00011201        3
  1894.17534577     0.99998077        3
  1894.19577745     1.00012049        3
  1894.23664079     0.99988023        3
  1894.25707247     1.00152521        3
  1894.27750404     0.99999486        3
  1894.29793581     0.99985837        3
  1894.31836749     0.99999692        3
  1894.33879906     0.99991008        3
  1894.35923083     0.99973212        3
  1894.37966251     0.99982836        3
  1894.40009428     1.00002831        3
  1894.42052586     0.99987696        3
  1894.44095753     1.00000703        3
  1894.48182088     0.99985705        3
  1894.50225256     0.99994349        3
  1894.52268433     1.00000798        3
  1894.54311601     0.99990822        3
  1894.56354769     0.99989389        3
  1894.58397936     1.00000430        3
  1894.60441104     1.00001148        3
  1894.72700110     1.00003361        3
  1894.74743288     0.99986939        3
  1894.76786446     1.00001728        3
  1894.78829623     0.99992691        3
  1894.80872791     0.99982306        3
  1894.82915949     1.00006792        3
  1894.84959127     1.00019425        3
  1894.87002285     1.00003530        3
  1894.97218135     0.99911672        3
  1894.99261293     1.00017558        3
  1895.01304471     0.99992612        3
  1895.03347639     0.99987963        3
  1895.05390807     1.00015467        3
  1895.07433975     0.99987766        3
  1895.09477143     1.00016227        3
  1895.11520321     1.00020672        3
  1895.13563479     1.00019313        3
  1895.15606647     1.00000000        3
  1895.17649826     1.00011147        3
  1895.21736152     1.00007966        3
  1895.23779330     1.00009486        3
  1895.25822499     1.00051971        3
  1895.27865657     0.99997627        3
  1895.29908835     1.00005424        3
  1895.31952003     0.99992139        3
  1895.33995182     1.00009499        3
  1895.36038340     0.99997254        3
  1895.38081508     1.00000633        3
  1895.40124687     0.99988412        3
  1895.42167845     1.00006228        3
  1895.46254192     1.00010192        3
  1895.48297351     1.00008738        3
  1895.50340529     1.00008773        3
  1895.52383688     0.99978403        3
  1895.54426856     0.99989527        3
  1895.56470035     0.99988855        3
  1895.58513193     1.00000001        3
  1895.60556362     1.00004339        3
  1895.62599541     1.00006510        3
  1895.64642699     1.00014242        3
  1895.66685878     0.99989266        3
  1895.70772215     1.00002962        3
  1895.72815384     0.99990922        3
  1895.74858553     1.00000868        3
  1895.76901722     1.00009902        3
  1895.78944890     1.00006453        3
  1895.80988059     0.99995138        3
  1895.83031228     0.99978480        3
  1895.85074407     1.00009334        3
  1895.87117566     0.99999832        3
  1895.89160745     1.00008333        3
  1895.91203913     1.00013922        3
  1895.97333420     1.00006294        3
  1895.99376579     0.99986802        3
  1896.01419758     0.99999648        3
  1896.03462927     1.00001983        3
  1896.05506106     1.00005698        3
  1896.07549265     0.99986932        3
  1896.09592435     0.99983029        3
  1896.11635604     0.99980581        3
  1896.13678773     0.99998007        3
  1896.15721942     1.00040413        3
  1896.19808280     0.99979894        3
  1896.21851460     1.00006829        3
  1896.23894619     1.00001481        3
  1896.25937788     1.00004352        3
  1896.27980967     0.99990575        3
  1896.30024127     0.99999017        3
  1896.32067296     1.00011956        3
  1896.34110475     0.99997480        3
  1896.36153635     0.99999685        3
  1896.38196804     1.00053593        3
  1896.50455831     1.00002812        3
  1896.52499000     0.99992705        3
  1896.54542170     1.00006779        3
  1896.56585349     0.99987747        3
  1896.58628509     0.99998438        3
  1896.60671689     0.99994908        3
  1896.62714858     1.00001184        3
  1896.64758018     0.99997349        3
  1896.68844367     1.00015593        3
  1896.70887527     0.99993063        3
  1896.72930707     1.00001046        3
  1896.74973877     0.99981058        3
  1896.77017046     0.99996609        3
  1896.79060216     0.99980549        3
  1896.81103386     1.00003631        3
  1896.83146556     1.00004913        3
  1896.85189726     0.99995972        3
  1896.87232896     1.00002271        3
  1896.89276066     0.99993993        3
  1896.93362405     0.99993529        3
  1896.95405575     1.00012748        3
  1896.97448745     1.00009156        3
  1896.99491925     0.99994770        3
  1897.01535085     1.00021682        3
  1897.03578256     1.00021979        3
  1897.05621436     0.99971926        3
  1897.07664606     1.00001748        3
  1897.09707766     0.99993925        3
  1897.11750946     0.99995970        3
  1897.13794116     1.00001095        3
  1897.17880457     0.99991513        3
  1897.19923627     0.99999048        3
  1897.21966807     0.99984217        3
  1897.24009967     1.00003604        3
  1897.26053138     1.00017064        3
  1897.28096318     0.99999601        3
  1897.30139478     1.00002341        3
  1897.32182659     0.99979025        3
  1897.34225829     0.99995010        3
  1897.36268990     0.99990980        3
  1897.38312170     0.99959200        3
  1897.42398501     1.00014853        3
  1897.44441681     1.00006249        3
  1897.46484852     0.99998105        3
  1897.48528033     1.00012213        3
  1897.50571193     1.00007511        3
  1897.52614354     0.99992968        3
  1897.54657534     0.99998750        3
  1897.56700705     0.99993410        3
  1897.58743876     1.00012526        3
  1897.60787046     1.00014349        3
  1897.62830217     0.99996287        3
  1897.75089242     0.99999635        3
  1897.77132423     1.00002609        3
  1897.79175593     0.99995815        3
  1897.81218754     0.99993368        3
  1897.83261935     1.00002762        3
  1897.85305106     1.00001596        3
  1897.87348287     0.99998501        3
  1897.91434619     0.99990744        3
  1897.93477800     0.99973252        3
  1897.95520961     0.99980176        3
  1897.97564132     0.99989472        3
  1897.99607313     1.00009759        3
  1898.01650475     1.00014936        4
  1898.03693656     1.00007209        4
  1898.05736827     1.00000726        4
  1898.07779988     1.00004264        4
  1898.09823169     1.00005918        4
  1898.11866341     0.99993845        4
  1898.15952683     0.99996602        4
  1898.17995844     0.99989923        4
  1898.20039026     0.99996951        4
  1898.22082197     0.99995400        4
  1898.24125359     0.99994645        4
  1898.26168540     1.00001060        4
  1898.28211711     0.99992339        4
  1898.30254883     1.00022451        4
  1898.32298054     0.99996535        4
  1898.40470740     1.00004087        4
  1898.42513922     0.99991806        4
  1898.44557094     1.00010122        4
  1898.46600255     1.00005619        4
  1898.48643437     0.99982897        4
  1898.50686609     0.99999493        4
  1898.52729770     1.00006513        4
  1898.54772952     0.99993438        4
  1898.56816124     1.00001343        4
  1898.58859306     0.99993197        4
  1898.60902467     1.00011308        4
  1898.64988821     1.00013461        4
  1898.67031983     1.00048934        4
  1898.69075155     1.00019678        4
  1898.71118337     0.99985659        4
  1898.73161499     1.00000420        4
  1898.75204681     1.00000497        4
  1898.77247853     1.00001836        4
  1898.79291015     0.99981158        4
  1898.81334197     1.00003365        4
  1898.83377359     0.99997568        4
  1898.85420531     0.99983128        4
  1898.89506875     0.99998343        4
  1898.91550047     0.99979208        4
  1898.93593229     0.99973081        4
  1898.95636401     0.99995277        4
  1898.97679574     1.00008682        4
  1898.99722746     1.00003375        4
  1899.01765918     0.99996376        4
  1899.03809090     1.00000197        4
  1899.05852263     1.00016378        4
  1899.07895435     0.99987113        4
  1899.09938617     0.99988330        4
  1899.14024962     1.00016438        4
  1899.16068135     1.00006135        4
  1899.18111297     1.00004158        4
  1899.20154480     0.99998111        4
  1899.22197652     1.00004469        4
  1899.24240815     0.99976058        4
  1899.26283997     0.99995535        4
  1899.28327170     1.00032618        4
  1899.30370352     0.99992081        4
  1899.32413515     1.00001682        4
  1899.34456688     0.99998310        4
  1899.38543033     1.00003674        4
  1899.40586206     1.00005170        4
  1899.42629388     0.99990692        4
  1899.44672551     1.00006729        4
  1899.46715734     0.99998389        4
  1899.48758897     1.00008469        4
  1899.50802070     0.99989026        4
  1899.52845253     0.99988907        4
  1899.54888415     1.00002927        4
  1899.56931588     1.00018753        4
  1899.58974771     1.00006191        4
  1899.63061107     0.99991565        4
  1899.65104290     1.00013310        4
  1899.67147463     1.00010673        4
  1899.69190636     0.99984792        4
  1899.71233809     0.99984159        4
  1899.73276983     0.99995583        4
  1899.75320166     0.99997424        4
  1899.77363329     1.00003635        4
  1899.79406502     1.00009183        4
  1899.81449685     1.00001132        4
  1899.83492848     0.99989571        4
  1899.89622368     0.99989734        4
  1899.91665552     1.00006648        4
  1899.93708725     1.00022049        4
  1899.95751888     1.00006812        4
  1899.97795072     0.99995522        4
  1899.99838245     1.00011184        4
  1900.01881429     1.00013248        4
  1900.03924592     1.00001745        4
  1900.05967766     0.99997772        4
  1900.08010939     0.99988563        4
  1900.12097286     1.00017515        4
  1900.14140460     1.00000770        4
  1900.16183633     1.00001485        4
  1900.18226817     0.99989428        4
  1900.20269981     0.99995457        4
  1900.22313154     0.99989959        4
  1900.24356338     1.00009804        4
  1900.26399502     1.00003975        4
  1900.28442676     1.00002589        4
  1900.30485859     0.99969724        4
  1900.32529033     0.99997949        4
  1900.36615381     0.99988500        4
  1900.38658555     1.00004605        4
  1900.40701739     1.00025935        4
  1900.42744903     1.00002187        4
  1900.44788077     0.99995559        4
  1900.46831261     0.99997444        4
  1900.48874425     1.00014187        4
  1900.50917599     1.00006616        4
  1900.52960783     0.99996818        4
  1900.55003947     1.00002368        4
  1900.57047131     1.00000399        4
  1900.61133469     1.00013376        4
  1900.63176654     0.99999411        4
  1900.65219828     1.00018929        4
  1900.67262992     1.00000472        4
  1900.69306176     0.99996279        4
  1900.71349351     0.99998639        4
  1900.85651572     0.99990227        4
  1900.87694746     0.99973698        4
  1900.89737931     0.99989155        4
  1900.91781105     0.99981813        4
  1900.93824270     0.99994663        4
  1900.95867454     0.99980480        4
  1900.97910629     1.00007039        4
  1900.99953794     0.99989832        4
  1901.01996978     0.99995285        4
  1901.04040153     1.00007653        4
  1901.06083318     0.99988574        4
  1901.10169677     1.00016509        4
  1901.12212862     1.00008354        4
  1901.14256027     1.00014606        4
  1901.16299202     1.00005086        4
  1901.18342387     0.99992119        4
  1901.20385552     1.00011512        4
  1901.22428726     0.99990481        4
  1901.24471911     0.99981551        4
  1901.26515076     0.99991650        4
  1901.28558261     0.99986927        4
  1901.30601437     1.00000537        4
  1901.36730962     1.00019787        4
  1901.38774137     0.99986775        4
  1901.40817312     0.99987975        4
  1901.42860487     0.99967676        4
  1901.44903663     1.00027190        4
  1901.46946838     0.99998692        4
  1901.48990013     0.99999931        4
  1901.51033188     1.00084130        4
  1901.53076364     1.00034007        4
  1901.55119539     0.99988141        4
  1901.59205890     0.99998734        4
  1901.61249075     1.00004095        4
  1901.63292251     1.00013517        4
  1901.65335416     0.99993567        4
  1901.67378602     0.99997367        4
  1901.69421777     1.00003566        4
  1901.71464943     1.00002854        4
  1901.73508128     1.00016403        4
  1901.75551304     0.99996523        4
  1901.77594470     1.00002922        4
  1901.79637655     1.00000727        4
  1901.83724017     1.00000541        4
  1901.85767183     0.99984778        4
  1901.87810358     0.99990289        4
  1901.89853544     0.99998116        4
  1901.91896710     1.00010329        4
  1901.93939886     1.00001584        4
  1901.95983072     1.00001907        4
  1901.98026238     1.00004924        4
  1902.00069424     0.99998561        4
  1902.02112600     1.00016755        4
  1902.08242128     1.00002627        4
  1902.10285294     0.99995924        4
  1902.12328480     1.00002652        4
  1902.14371656     1.00011825        4
  1902.16414832     1.00000000        4
  1902.18458008     1.00010027        4
  1902.20501184     1.00007240        4
  1902.22544361     1.00011281        4
  1902.24587537     0.99999591        4
  1902.26630713     0.99982438        4
  1902.28673899     0.99993819        4
  1902.32760242     0.99982538        4
  1902.34803429     0.99981121        4
  1902.36846595     1.00008425        4
  1902.38889781     1.00021429        4
  1902.40932958     0.99987347        4
  1902.42976124     1.00015040        4
  1902.45019311     0.99988157        4
  1902.57278371     0.99993092        4
  1902.59321547     0.99984195        4
  1902.61364734     0.99979290        4
  1902.63407901     0.99998970        4
  1902.65451078     1.00004918        4
  1902.67494265     0.99996098        4
  1902.69537431     1.00014359        4
  1902.71580618     0.99986290        4
  1902.73623795     0.99978160        4
  1902.75666962     0.99996032        4
  1902.77710149     1.00012629        4
  1902.81796503     0.99922624        4
  1902.83839680     0.99989089        4
  1902.85882857     1.00000426        4
  1902.87926024     1.00011314        4
  1902.89969211     1.00010387        4
  1902.92012389     1.00002106        4
  1902.94055576     0.99994763        4
  1902.96098743     1.00012270        4
  1902.98141920     0.99975331        4
  1903.00185107     1.00025824        4
  1903.02228275     0.99950237        4
  1903.20616872     0.99987533        4
  1903.22660059     0.99991590        4
  1903.24703237     1.00000044        4
  1903.26746424     0.99997094        4
  1903.30832770     1.00025468        4
  1903.32875957     1.00004944        4
  1903.34919125     1.00002878        4
  1903.36962303     1.00001424        4
  1903.39005491     0.99976112        4
  1903.41048669     1.00002539        4
  1903.43091846     0.99981932        4
  1903.45135014     1.00024796        4
  1903.47178192     0.99995452        4
  1903.49221380     0.99999109        4
  1903.51264558     1.00008335        4
  1903.55350914     1.00002489        4
  1903.57394092     0.99984355        4
  1903.59437260     1.00008548        4
  1903.61480448     0.99995237        4
  1903.63523626     0.99991899        4
  1903.65566815     0.99997460        4
  1903.67609983     1.00013648        4
  1903.69653161     0.99994742        4
  1903.71696349     1.00007545        4
  1903.73739517     1.00035542        4
  1903.75782696     0.99994787        4
  1903.81912241     1.00015651        4
  1903.83955419     1.00003062        4
  1903.85998588     1.00004754        4
  1903.88041776     0.99993930        4
  1903.90084955     0.99996162        4
  1903.92128123     0.99997750        4
  1903.94171312     1.00011799        4
  1903.96214490     1.00001232        4
  1903.98257679     1.00017154        4
  1904.00300848     1.00002331        4
  1904.04387205     0.99963328        4
  1904.06430394     0.99990614        4
  1904.08473562     0.99995919        4
  1904.10516741     0.99994830        4
  1904.12559920     0.99999608        4
  1904.14603099     1.00013298        4
  1904.16646288     0.99987546        4
  1904.18689457     0.99991261        4
  1904.20732646     0.99998715        4
  1904.22775824     1.00007243        4
  1904.24818993     1.00007953        4
  1904.28905362     0.99975574        4
  1904.30948531     0.99996437        4
  1904.32991720     0.99980484        4
  1904.35034899     0.99990320        4
  1904.37078088     1.00009487        4
  1904.39121257     1.00010055        4
  1904.41164436     1.00004793        4
  1904.43207626     1.00001009        4
  1904.45250795     0.99984568        4
  1904.47293974     1.00003781        4
  1904.49337164     0.99990301        4
  1904.61596240     0.99995219        4
  1904.63639420     0.99996621        4
  1904.65682599     1.00010891        4
  1904.67725779     0.99987687        4
  1904.69768958     0.99989531        4
  1904.71812138     1.00001710        4
  1904.73855318     1.00002654        4
  1904.77941677     0.99991675        4
  1904.79984857     1.00001201        4
  1904.82028047     0.99985367        4
  1904.84071217     1.00006723        4
  1904.86114396     0.99994962        4
  1904.88157586     1.00003103        4
  1905.04503026     1.00024160        4
  1905.06546207     0.99992014        4
  1905.08589397     0.99999060        4
  1905.10632567     0.99993950        4
  1905.12675747     1.00003649        4
  1905.14718937     0.99991000        4
  1905.16762108     1.00001461        4
  1905.18805288     1.00012859        4
