  1835.65883984     1.00041368        0
  1835.80186439     0.99536323        0
  1835.82229656     1.00059365        0
  1835.84272854     1.00068883        0
  1835.86316062     0.99972717        0
  1835.88359279     1.00012617        0
  1835.90402477     1.00015823        0
  1835.92445684     1.00046169        0
  1835.94488901     0.99990058        0
  1835.96532099     0.99967636        0
  1835.98575306     0.99951609        0
  1836.00618523     1.00000000        0
  1836.02661720     1.00034672        0
  1836.04704928     0.99997145        0
  1836.06748145     0.99953450        0
  1836.08791342     0.99944589        0
  1836.10834549     1.00003904        0
  1836.12877766     1.00030262        0
  1836.14920973     0.99961946        0
  1836.16964169     0.99968403        0
  1836.19007386     0.99991424        0
  1836.21050593     1.00006006        0
  1836.23093810     1.00006158        0
  1836.25137006     0.99943805        0
  1836.27180213     0.99934905        0
  1836.31266626     0.99995602        0
  1836.33309833     0.99941518        0
  1836.35353049     0.99953133        0
  1836.37396246     1.00001052        0
  1836.39439452     1.00062114        0
  1836.41482658     0.99970776        0
  1836.43525865     0.99902557        0
  1836.45569071     0.99982813        0
  1836.47612277     1.00043981        0
  1836.49655483     0.99981273        0
  1836.51698689     0.99995946        0
  1836.53741895     1.00038559        0
  1836.55785101     1.00008592        0
  1836.57828307     0.99996419        0
  1836.59871523     1.00020569        0
  1836.61914719     1.00124265        0
  1836.63957925     1.00044462        0
  1836.66001141     0.99956130        0
  1836.68044336     1.00032567        0
  1836.70087542     1.00128524        0
  1836.72130758     1.00044530        0
  1836.74173953     0.99960801        0
  1836.76217159     1.00049781        0
  1836.78260374     1.00139881        0
  1836.80303570     1.00020730        0
  1836.82346785     0.99940190        0
  1836.84389990     1.00054115        0
  1836.86433186     1.00139474        0
  1836.88476401     0.99993327        0
  1836.90519606     0.99964321        0
  1836.92562801     1.00052421        0
  1836.94606016     1.00046902        0
  1836.96649222     0.99943794        0
  1836.98692427     0.99995446        0
  1837.00735632     1.00079329        0
  1837.02778837     0.99589225        0
  1837.06865256     0.99982920        0
  1837.08908451     1.00123889        0
  1837.10951656     1.00037926        0
  1837.12994861     0.99934397        0
  1837.15038065     0.99977234        0
  1837.17081270     1.00134007        0
  1837.19124474     1.00047369        0
  1837.21167679     0.99901293        0
  1837.23210884     0.99915471        0
  1837.25254088     1.00085379        0
  1837.27297292     1.00041172        0
  1837.29340487     0.99967147        0
  1837.31383701     0.99989108        0
  1837.33426905     1.00032662        0
  1837.35470110     0.99960116        0
  1837.37513314     0.99982743        0
  1837.39556518     1.00043746        0
  1837.41599722     1.00016541        0
  1837.43642936     0.99936984        0
  1837.45686130     1.00013521        0
  1837.47729344     1.00073394        0
  1837.49772548     0.99978593        0
  1837.51815742     0.99873174        0
  1837.53858956     0.99966358        0
  1837.55902159     1.00166750        0
  1837.57945353     0.99988244        0
  1837.59988567     0.99844356        0
  1837.62031770     0.99919212        0
  1837.64074964     1.00095668        0
  1837.66118178     0.99998274        0
  1837.68161381     0.99882211        0
  1837.70204575     0.99892534        0
  1837.72247788     1.00048709        0
  1837.74290991     1.00081740        0
  1837.76334185     0.99967856        0
  1837.78377398     0.99965337        0
  1837.80420601     0.99999649        0
  1837.82463804     0.99986116        0
  1837.84507007     1.00040740        0
  1837.86550211     1.00033933        0
  1837.88593404     0.99959727        0
  1837.90636617     0.99996707        0
  1837.92679820     1.00078071        0
  1837.94723023     1.00078138        0
  1837.96766225     1.00013877        0
  1837.98809428     0.99966331        0
  1838.00852621     1.00039689        0
  1838.02895834     1.00081245        0
  1838.04939037     0.99996508        0
  1838.06982249     0.99936140        0
  1838.09025442     1.00007918        0
  1838.11068644     1.00017791        0
  1838.13111857     1.00006743        0
  1838.15155049     0.99972251        0
  1838.17198252     0.99948109        0
  1838.19241464     0.99972494        0
  1838.21284657     1.00059042        0
  1838.27414273     0.99936486        0
  1838.29457466     1.00052645        0
  1838.31500678     1.00062350        0
  1838.33543880     0.99998124        0
  1838.35587072     0.99897594        0
  1838.37630284     0.99993655        0
  1838.39673486     1.00013111        0
  1838.41716678     0.99973191        0
  1838.43759890     0.99959002        0
  1838.45803091     0.99963435        0
  1838.47846283     0.99990139        0
  1838.49889495     1.00047869        0
  1838.51932697     1.00016973        0
  1838.53975888     1.00010834        0
  1838.56019100     0.99942759        0
  1838.58062301     1.00014386        0
  1838.60105493     1.00098985        0
  1838.62148704     1.00044869        0
  1838.64191906     0.99886520        0
  1838.66235097     0.99981121        0
  1838.68278309     1.00157911        0
  1838.70321510     1.00034562        0
  1838.72364711     0.99916452        0
  1838.74407912     0.99926547        0
  1838.76451113     1.00087279        0
  1838.78494315     1.00088531        0
  1838.80537516     0.99979601        0
  1838.82580717     0.99991664        0
  1838.84623928     1.00054407        0
  1838.86667119     1.00044331        0
  1838.88710320     0.99970836        0
  1838.90753530     1.00011816        0
  1838.92796721     1.00057596        0
  1838.94839922     0.99988013        0
  1838.96883133     0.99921415        0
  1838.98926323     0.99616924        0
  1839.05055925     0.99970799        0
  1839.07099126     1.00094869        0
  1839.09142336     1.00104017        0
  1839.11185537     0.99968574        0
  1839.13228727     1.00000592        0
  1839.15271937     1.00114110        0
  1839.17315138     1.00096005        0
  1839.19358328     0.99986404        0
  1839.21401538     1.00003432        0
  1839.23444738     1.00177318        0
  1839.25487928     1.00076140        0
  1839.27531139     0.99959580        0
  1839.29574339     1.00045043        0
  1839.31617549     1.00135883        0
  1839.33660739     1.00038923        0
  1839.35703938     0.99973449        0
  1839.37747138     0.99996062        0
  1839.39790338     1.00079706        0
  1839.41833528     0.99952323        0
  1839.43876738     0.99957691        0
  1839.45919937     1.00022149        0
  1839.47963127     1.00023563        0
  1839.50006337     0.99934312        0
  1839.52049536     0.99926213        0
  1839.54092736     1.00058748        0
  1839.56135935     1.00051195        0
  1839.58179135     0.99938921        0
  1839.60222334     0.99900966        0
  1839.62265533     1.00019257        0
  1839.64308733     1.00097538        0
  1839.72481530     0.99660697        0
  1839.74524739     0.99975080        0
  1839.76567928     0.99909439        0
  1839.78611127     0.99991896        0
  1839.80654336     0.99951548        0
  1839.82697525     0.99977328        0
  1839.84740724     0.99976474        0
  1839.86783932     1.00002930        0
  1839.88827121     0.99924120        0
  1839.90870320     1.00006953        0
  1839.92913529     1.00085916        0
  1839.94956727     1.00094946        0
  1839.96999926     1.00003308        0
  1839.99043125     0.99957147        0
  1840.29691098     1.00008309        0
  1840.31734286     0.99942462        0
  1840.33777494     0.99957753        0
  1840.35820692     1.00030304        0
  1840.37863890     1.00023749        0
  1840.39907088     1.00035398        0
  1840.41950285     1.00060300        0
  1840.43993483     1.00048383        0
  1840.46036681     0.99976077        0
  1840.48079878     0.99974988        0
  1840.50123076     1.00061125        0
  1840.52166283     1.00040246        0
  1840.54209471     0.99993556        0
  1840.56252678     0.99976828        0
  1840.58295875     1.00078954        0
  1840.60339063     1.00065421        0
  1840.62382270     0.99995065        0
  1840.64425467     0.99948032        0
  1840.66468655     1.00009530        0
  1840.68511862     1.00041759        0
  1840.70555059     0.99630867        0
  1840.72598246     0.99909500        0
  1840.74641453     1.00011455        0
  1840.76684650     1.00008203        0
  1840.78727847     0.99937769        0
  1840.80771044     0.99955749        0
  1840.82814231     1.00048718        0
  1840.84857438     1.00021276        0
  1840.86900634     0.99951523        0
  1840.88943831     0.99960658        0
  1840.90987018     1.00066192        0
  1840.93030225     1.00001070        0
  1840.95073421     0.99920810        0
  1840.97116608     1.00013349        0
  1840.99159814     1.00074863        0
  1872.00697319     1.00056368        1
  1872.02740479     0.99929861        1
  1872.04783640     0.99929866        1
  1872.06826801     1.00054526        1
  1872.08869961     1.00070059        1
  1872.10913122     0.99956191        1
  1872.12956293     0.99956892        1
  1872.17042604     1.00034246        1
  1872.19085775     0.99933500        1
  1872.21128935     0.99946867        1
  1872.23172086     1.00069340        1
  1872.25215257     0.99985947        1
  1872.27258417     0.99960297        1
  1872.29301568     1.00004477        1
  1872.31344738     1.00071080        1
  1872.33387899     0.99940676        1
  1872.35431050     0.99856503        1
  1872.37474220     1.00036137        1
  1872.41560551     0.99978645        1
  1872.43603702     0.99888010        1
  1872.45646863     1.00053298        1
  1872.47690033     1.00163558        1
  1872.49733184     0.99995484        1
  1872.51776344     0.99945422        1
  1872.53819515     1.00049403        1
  1872.55862665     1.00157347        1
  1872.57905826     1.00073900        1
  1872.59948997     0.99979681        1
  1872.61992147     1.00012301        1
  1872.66078478     1.00035934        1
  1872.68121629     1.00023693        1
  1872.70164799     1.00033557        1
  1872.72207960     0.99995740        1
  1872.74251110     0.99975154        1
  1872.76294281     1.00072644        1
  1872.78337441     1.00115046        1
  1872.80380592     0.99927637        1
  1872.82423762     0.99920013        1
  1872.84466923     1.00069299        1
  1872.86510073     1.00129904        1
  1872.90596404     0.99859988        1
  1872.92639555     1.00009913        1
  1872.94682725     1.00101355        1
  1872.96725886     0.99950709        1
  1872.98769056     0.99903920        1
  1873.00812206     1.00023212        1
  1873.02855367     1.00111848        1
  1873.04898537     1.00019081        1
  1873.06941688     0.99949228        1
  1873.08984848     0.99943959        1
  1873.11028019     0.99977325        1
  1873.15114329     1.00006786        1
  1873.17157500     0.99985099        1
  1873.19200660     0.99962572        1
  1873.21243821     1.00014725        1
  1873.23286981     1.00057686        1
  1873.25330141     1.00010498        1
  1873.27373302     0.99968170        1
  1873.29416462     0.99978945        1
  1873.31459623     1.00075896        1
  1873.33502783     1.00023648        1
  1873.35545943     0.99963318        1
  1873.39632264     0.99891517        1
  1873.41675425     1.00011397        1
  1873.43718575     0.99916126        1
  1873.45761745     0.99932384        1
  1873.47804906     0.99981681        1
  1873.49848076     1.00008288        1
  1873.51891226     0.99987255        1
  1873.53934387     0.99929877        1
  1873.55977557     0.99945108        1
  1873.58020707     0.99991708        1
  1873.60063868     0.99953837        1
  1873.76409160     1.00079137        1
  1873.78452321     1.00072649        1
  1873.80495481     1.00048462        1
  1873.82538641     1.00053303        1
  1873.84581811     1.00071356        1
  1873.88668122     1.00044515        1
  1873.90711292     1.00098129        1
  1873.92754443     1.00042963        1
  1873.94797603     0.99984497        1
  1873.96840773     1.00055081        1
  1873.98883923     1.00100444        1
  1874.00927094     1.00048431        1
  1874.02970244     1.00011709        1
  1874.05013404     1.00040237        1
  1874.07056574     1.00088571        1
  1874.09099725     0.99987249        1
  1874.25445017     0.99962865        1
  1874.27488177     0.99970232        1
  1874.29531337     1.00025215        1
  1874.31574497     0.99957809        1
  1874.33617657     0.99857474        1
  1874.37703978     1.00105083        1
  1874.39747138     1.00009841        1
  1874.41790308     0.99901536        1
  1874.43833458     0.99945167        1
  1874.45876619     1.00075372        1
  1874.47919789     1.00003846        1
  1874.49962939     0.99864319        1
  1874.52006109     0.99926732        1
  1874.54049269     1.00000928        1
  1874.56092420     0.99948510        1
  1874.58135590     0.99914138        1
  1874.62221900     0.99995446        1
  1874.64265070     0.99909219        1
  1874.66308230     0.99950272        1
  1874.68351391     1.00016625        1
  1874.70394551     0.99969795        1
  1874.72437711     0.99836420        1
  1874.74480861     0.99900998        1
  1874.76524031     1.00131548        1
  1874.78567191     1.00020559        1
  1874.80610352     0.99876147        1
  1874.86739842     1.00192091        1
  1874.88782992     0.99975716        1
  1874.90826152     1.00030788        1
  1874.92869322     1.00144638        1
  1874.94912473     1.00051590        1
  1874.96955633     0.99991953        1
  1874.98998803     1.00073748        1
  1875.01041953     1.00120494        1
  1875.03085123     1.00011768        1
  1875.05128283     1.00001874        1
  1875.11257764     1.00033551        1
  1875.13300914     0.99999426        1
  1875.15344084     1.00065580        1
  1875.17387244     1.00061954        1
  1875.19430404     0.99978424        1
  1875.21473564     0.99944782        1
  1875.23516724     0.99991974        1
  1875.25559894     0.99978255        1
  1875.35775685     0.99859042        1
  1875.37818855     0.99863939        1
  1875.39862005     0.99970035        1
  1875.41905165     0.99986685        1
  1875.43948335     0.99952163        1
  1875.45991486     0.99911422        1
  1875.48034646     0.99983775        1
  1875.50077816     0.99999555        1
  1875.52120966     1.00006718        1
  1875.54164136     0.99950624        1
  1875.56207296     0.99979083        1
  1875.60293616     1.00015870        1
  1875.62336776     0.99954727        1
  1875.64379926     0.99998262        1
  1875.66423096     1.00003879        1
  1875.68466256     1.00060829        1
  1875.70509417     0.99975767        1
  1875.72552577     1.00024637        1
  1875.74595737     1.00002495        1
  1875.76638907     0.99988629        1
  1875.78682057     1.00000326        1
  1875.80725217     1.00010916        1
  1875.84811547     0.99927246        1
  1875.86854697     1.00043428        1
  1875.88897867     1.00056910        1
  1875.90941027     1.00028497        1
  1875.92984177     0.99915536        1
  1875.95027347     0.99972111        1
  1875.97070507     1.00078292        1
  1875.99113677     1.00000715        1
  1876.01156828     0.99942332        1
  1876.03199988     0.99962368        1
  1876.09329468     1.00070531        1
  1876.11372628     1.00121255        1
  1876.13415788     1.00099452        1
  1876.15458938     0.99975109        1
  1876.17502108     0.99948609        1
  1876.19545268     1.00071109        1
  1876.21588428     1.00098411        1
  1876.23631588     0.99937935        1
  1876.25674748     0.99935049        1
  1876.27717918     1.00072850        1
  1876.35890558     1.00028184        1
  1876.37933709     1.00101329        1
  1876.39976879     0.99985916        1
  1876.42020039     0.99967777        1
  1876.44063189     1.00004672        1
  1876.46106359     1.00037897        1
  1876.48149519     1.00018605        1
  1876.50192689     1.00017762        1
  1876.52235839     1.00015654        1
  1876.54278999     0.99919096        1
  1876.58365319     1.00044470        1
  1876.60408479     0.99998853        1
  1876.62451649     0.99910320        1
  1876.64494799     0.99930325        1
  1876.66537959     1.00082777        1
  1876.82883240     1.00059245        1
  1876.84926410     1.00134144        1
  1876.86969560     1.00020206        1
  1876.89012720     0.99987366        1
  1876.91055890     1.00089880        1
  1876.93099050     1.00092023        1
  1877.07401180     1.00033602        1
  1877.09444330     0.99982740        1
  1877.11487490     1.00005308        1
  1877.13530660     1.00053968        1
  1877.15573810     1.00078129        1
  1877.17616970     0.99980029        1
  1877.19660140     0.99937647        1
  1877.21703290     1.00057525        1
  1877.23746460     1.00108814        1
  1877.25789620     1.00007894        1
  1877.27832771     0.99926157        1
  1877.31919101     1.00068548        1
  1877.33962261     1.00003033        1
  1877.36005421     0.99927194        1
  1877.38048581     0.99936514        1
  1877.40091741     0.99986044        1
  1877.42134901     1.00006729        1
  1877.44178061     0.99984245        1
  1877.46221221     0.99968758        1
  1877.48264381     0.99958432        1
  1877.50307541     1.00026059        1
  1877.52350701     0.99994278        1
  1877.56437021     0.99995831        1
  1877.58480191     0.99991101        1
  1877.60523341     0.99963771        1
  1877.62566501     0.99929826        1
  1877.64609672     0.99958910        1
  1877.66652822     0.99927386        1
  1877.68695992     0.99952298        1
  1877.70739152     1.00007052        1
  1877.72782302     0.99978230        1
  1877.74825472     0.99887158        1
  1877.76868632     0.99882447        1
  1877.80954952     1.00009123        1
  1877.82998112     0.99915001        1
  1877.85041262     0.99857294        1
  1877.87084432     1.00006424        1
  1877.89127592     1.00063241        1
  1877.91170752     0.99946083        1
  1877.93213913     0.99917502        1
  1877.95257073     1.00056711        1
  1877.97300243     1.00050248        1
  1877.99343403     0.99932577        1
  1878.01386553     0.99955635        1
  1878.05472883     1.00041533        1
  1878.07516033     1.00015634        1
  1878.09559203     1.00005915        1
  1878.11602363     1.00076857        1
  1878.13645513     0.99955419        1
  1878.15688684     0.99948610        1
  1878.17731834     1.00045055        1
  1878.19775004     1.00145394        1
  1878.21818164     0.99987182        1
  1878.23861314     0.99899403        1
  1878.25904484     1.00000941        1
  1878.29990794     0.99998039        1
  1878.32033964     0.99939216        1
  1878.34077124     1.00021839        1
  1878.36120275     1.00035483        1
  1878.38163445     0.99946171        1
  1878.40206605     0.99957579        1
  1878.42249775     1.00023029        1
  1878.44292925     1.00008296        1
  1878.46336085     0.99960717        1
  1878.48379255     1.00020965        1
  1878.50422405     1.00062336        1
  1878.54508736     0.99984255        1
  1878.56551896     1.00046871        1
  1878.58595046     1.00150538        1
  1878.60638216     0.99988562        1
  1878.62681376     0.99942053        1
  1878.64724536     1.00051761        1
  1878.66767696     1.00135454        1
  1878.68810857     1.00029959        1
  1878.70854027     0.99944843        1
  1878.72897177     1.00084130        1
  1878.74940337     1.00121523        1
  1878.79026657     0.99950734        1
  1878.81069818     1.00039116        1
  1878.83112978     1.00083075        1
  1878.85156138     1.00024789        1
  1878.87199308     1.00045565        1
  1878.89242458     1.00079324        1
  1878.91285618     1.00026744        1
  1878.93328789     1.00003975        1
  1878.95371939     0.99981912        1
  1878.97415099     1.00051311        1
  1878.99458269     0.99988369        1
  1879.07630910     0.99961400        1
  1879.09674070     0.99883240        1
  1879.11717230     0.99975222        1
  1879.13760390     1.00075730        1
  1879.15803551     1.00031480        1
  1879.17846711     0.99919557        1
  1879.19889871     0.99887027        1
  1879.21933041     0.99996238        1
  1879.23976191     0.99988820        1
  1879.34192003     0.99989792        1
  1879.36235153     0.99952884        1
  1879.38278323     0.99914514        1
  1879.40321483     0.99968204        1
  1879.42364633     1.00002509        1
  1879.44407804     0.99999916        1
  1879.46450964     1.00000000        1
  1879.48494114     0.99976031        1
  1879.52580435     1.00050537        1
  1879.54623605     1.00041955        1
  1879.56666765     1.00060629        1
  1879.58709925     0.99971101        1
  1879.60753086     1.00072968        1
  1879.62796246     1.00066943        1
  1879.64839406     1.00022502        1
  1879.66882566     0.99979255        1
  1879.68925727     1.00004629        1
  1879.70968887     1.00032258        1
  1879.73012047     0.99963650        1
  1879.77098378     0.99917934        1
  1879.79141538     1.00081272        1
  1879.81184688     0.99989573        1
  1879.83227859     0.99933178        1
  1879.85271019     0.99973655        1
  1879.87314169     1.00083598        1
  1879.89357340     1.00027918        1
  1879.91400500     0.99890476        1
  1879.93443650     1.00000402        1
  1879.95486821     0.99996544        1
  1879.97529981     0.99954741        1
  1880.03659462     1.00140779        2
  1880.05702632     1.00042074        2
  1880.07745783     0.99953255        2
  1880.09788943     1.00079704        2
  1880.11832103     1.00023394        2
  1880.13875264     0.99943314        2
  1880.15918424     0.99934775        2
  1880.17961594     1.00083082        2
  1880.20004745     1.00102788        2
  1880.22047915     0.99899073        2
  1880.26134226     0.99995231        2
  1880.28177396     1.00020900        2
  1880.30220557     0.99965170        2
  1880.32263707     0.99942526        2
  1880.34306877     1.00010714        2
  1880.36350038     0.99965868        2
  1880.38393188     0.99965925        2
  1880.40436359     1.00016154        2
  1880.42479519     1.00015932        2
  1880.44522690     0.99917180        2
  1880.46565840     0.99929547        2
  1880.50652171     1.00007506        2
  1880.52695321     0.99897000        2
  1880.54738482     0.99902844        2
  1880.56781652     1.00121356        2
  1880.58824803     1.00049631        2
  1880.60867963     0.99887039        2
  1880.62911133     0.99906862        2
  1880.64954284     1.00099896        2
  1880.66997454     1.00087498        2
  1880.75170096     1.00050830        2
  1880.77213257     1.00019405        2
  1880.79256417     1.00075225        2
  1880.81299578     0.99998264        2
  1880.83342738     0.99978268        2
  1880.85385899     1.00004183        2
  1880.87429059     1.00057188        2
  1880.89472220     1.00070965        2
  1880.91515380     0.99968300        2
  1880.93558541     1.00024028        2
  1880.95601711     1.00172285        2
  1881.01731193     0.99947786        2
  1881.03774343     1.00112286        2
  1881.05817504     1.00118959        2
  1881.07860675     0.99968071        2
  1881.09903825     0.99958403        2
  1881.11946996     1.00058028        2
  1881.13990156     1.00111360        2
  1881.16033307     1.00076799        2
  1881.18076477     0.99952169        2
  1881.20119638     0.99994108        2
  1881.24205959     0.99999867        2
  1881.26249120     0.99925044        2
  1881.28292280     0.99959328        2
  1881.30335441     0.99983592        2
  1881.32378602     1.00015095        2
  1881.34421772     1.00005147        2
  1881.36464923     0.99969572        2
  1881.38508083     0.99956598        2
  1881.40551254     1.00015939        2
  1881.42594415     0.99999166        2
  1881.44637565     1.00041334        2
  1881.48723887     0.99911173        2
  1881.50767057     0.99945308        2
  1881.52810218     0.99958615        2
  1881.54853379     0.99957358        2
  1881.56896539     0.99924658        2
  1881.58939700     0.99987930        2
  1881.60982851     1.00067990        2
  1881.63026021     1.00022675        2
  1881.65069182     0.99910802        2
  1881.67112333     0.99944942        2
  1881.69155504     1.00109484        2
  1881.73241835     0.99900246        2
  1881.75284986     0.99953470        2
  1881.77328146     1.00032414        2
  1881.79371317     1.00045828        2
  1881.81414468     0.99979899        2
  1881.83457629     0.99955201        2
  1881.85500799     1.00022074        2
  1881.87543950     0.99971567        2
  1881.89587111     0.99976650        2
  1881.91630282     1.00095557        2
  1881.93673443     1.00026259        2
  1881.97759764     0.99972619        2
  1881.99802925     1.00108618        2
  1882.01846086     1.00086899        2
  1882.03889247     0.99925734        2
  1882.05932407     0.99938917        2
  1882.07975578     1.00059983        2
  1882.10018729     1.00120194        2
  1882.12061890     0.99967062        2
  1882.14105061     0.99906985        2
  1882.16148212     1.00082664        2
  1882.22277694     0.99970691        2
  1882.24320865     1.00068115        2
  1882.26364016     1.00042713        2
  1882.28407177     0.99972137        2
  1882.30450348     0.99992722        2
  1882.32493499     0.99980278        2
  1882.34536669     0.99954067        2
  1882.36579830     0.99958670        2
  1882.38622981     0.99996087        2
  1882.46795635     1.00055440        2
  1882.48838796     1.00093403        2
  1882.50881957     1.00008227        2
  1882.52925118     0.99980656        2
  1882.54968279     1.00085754        2
  1882.57011450     1.00136903        2
  1882.59054611     0.99974165        2
  1882.77443060     0.99991448        2
  1882.79486231     1.00029696        2
  1882.81529382     0.99956745        2
  1882.83572543     0.99962767        2
  1882.85615714     1.00027724        2
  1882.87658865     1.00140108        2
  1882.89702016     1.00009104        2
  1882.91745187     0.99962533        2
  1883.04004154     1.00105590        2
  1883.06047315     1.00087129        2
  1883.08090486     1.00003091        2
  1883.10133647     1.00003041        2
  1883.12176799     1.00080925        2
  1883.14219970     1.00123629        2
  1883.16263131     1.00092229        2
  1883.20349453     0.99942216        2
  1883.22392614     1.00043104        2
  1883.24435786     1.00035694        2
  1883.26478937     0.99990328        2
  1883.28522098     0.99937751        2
  1883.30565269     0.99947583        2
  1883.32608421     1.00026612        2
  1883.34651582     1.00000374        2
  1883.36694753     0.99923263        2
  1883.38737904     0.99869346        2
  1883.40781076     0.99943044        2
  1883.44867388     0.99966351        2
  1883.46910559     0.99835678        2
  1883.48953721     0.99856349        2
  1883.50996872     1.00015178        2
  1883.53040043     1.00008539        2
  1883.55083195     0.99880833        2
  1883.57126366     0.99861907        2
  1883.59169527     0.99968088        2
  1883.61212679     1.00106889        2
  1883.63255850     0.99949277        2
  1883.65299011     0.99888759        2
  1883.71428495     0.99910232        2
  1883.73471657     0.99903975        2
  1883.75514818     0.99979080        2
  1883.77557980     1.00007987        2
  1883.79601151     0.99958205        2
  1883.81644312     0.99973446        2
  1883.83687464     1.00046614        2
  1883.85730635     0.99981823        2
  1883.87773797     0.99933467        2
  1883.89816948     1.00000000        2
  1883.97989604     1.00075761        2
  1884.00032765     1.00169941        2
  1884.02075937     1.00070003        2
  1884.04119088     0.99910583        2
  1884.06162250     1.00012113        2
  1884.08205422     1.00176072        2
  1884.10248573     1.00078376        2
  1884.12291735     0.99971465        2
  1884.14334906     1.00014643        2
  1884.20464381     1.00002687        2
  1884.22507542     1.00081048        2
  1884.24550714     1.00051009        2
  1884.26593866     1.00001740        2
  1884.28637027     1.00043506        2
  1884.30680199     1.00193281        2
  1884.32723360     1.00048471        2
  1884.34766512     0.99941666        2
  1884.36809684     1.00035931        2
  1884.38852845     1.00230238        2
  1884.42939169     0.99928350        2
  1884.44982330     0.99984168        2
  1884.47025502     1.00144886        2
  1884.49068654     1.00096485        2
  1884.51111815     0.99952970        2
  1884.53154987     1.00006440        2
  1884.55198139     1.00127260        2
  1884.57241301     1.00046642        2
  1884.59284472     1.00055432        2
  1884.61327624     1.00035534        2
  1884.63370796     1.00086131        2
  1884.67457109     1.00004342        2
  1884.69500281     1.00054147        2
  1884.71543443     1.00051662        2
  1884.73586605     0.99969271        2
  1884.75629766     0.99984023        2
  1884.77672928     1.00070332        2
  1884.79716090     0.99974271        2
  1884.81759252     0.99904595        2
  1884.83802414     0.99977545        2
  1884.85845576     1.00116259        2
  1884.91975061     0.99929152        2
  1884.94018223     1.00099930        2
  1884.96061385     1.00069817        2
  1884.98104557     0.99984855        2
  1885.00147709     0.99929330        2
  1885.02190881     0.99934891        2
  1885.04234043     1.00007951        2
  1885.06277195     1.00023321        2
  1885.08320367     0.99973371        2
  1885.10363529     0.99940230        2
  1885.12406680     0.99984341        2
  1885.16493014     0.99626315        2
  1885.18536166     0.99962448        2
  1885.20579338     0.99878924        2
  1885.22622500     0.99995889        2
  1885.24665672     1.00068015        2
  1885.26708825     0.99972775        2
  1885.28751987     0.99935310        2
  1885.30795159     0.99950835        2
  1885.32838311     1.00028235        2
  1885.34881473     1.00072469        2
  1885.36924645     0.99997497        2
  1885.41010959     0.99981549        2
  1885.43054131     1.00065982        2
  1885.45097293     1.00005920        2
  1885.47140455     0.99932939        2
  1885.49183618     0.99869626        2
  1885.51226780     1.00078488        2
  1885.53269942     1.00129879        2
  1885.55313104     0.99989358        2
  1885.57356256     0.99957352        2
  1885.59399428     1.00052203        2
  1885.61442591     1.00031700        2
  1885.65528915     0.99936238        2
  1885.67572077     0.99988315        2
  1885.69615250     0.99989140        2
  1885.71658402     1.00054339        2
  1885.73701564     1.00006010        2
  1885.75744736     0.99991949        2
  1885.77787889     0.99921169        2
  1885.79831051     0.99978512        2
  1885.81874223     1.00103938        2
  1885.83917376     1.00040554        2
  1885.85960548     0.99911243        2
  1885.90046863     1.00109641        2
  1885.92090035     1.00108578        2
  1885.94133197     0.99927210        2
  1885.96176360     0.99904495        2
  1885.98219522     1.00123033        2
  1886.00262684     1.00123914        2
  1886.02305847     0.99966524        2
  1886.04349009     0.99888474        2
  1886.06392172     1.00053539        2
  1886.08435344     1.00058271        2
  1886.10478506     0.99937585        2
  1886.18651146     0.99934651        2
  1886.20694319     1.00046762        2
  1886.22737471     1.00050339        2
  1886.24780644     0.99949725        2
  1886.26823806     0.99924136        2
  1886.28866959     1.00132873        2
  1886.30910132     1.00116247        2
  1886.32953294     0.99950638        2
  1886.34996447     0.99913515        2
  1886.39082782     1.00165110        2
  1886.41125934     0.99973020        2
  1886.43169107     0.99921865        2
  1886.45212270     1.00041734        2
  1886.47255442     1.00089122        2
  1886.49298595     1.00045064        2
  1886.51341758     0.99943810        2
  1886.53384930     1.00007778        2
  1886.55428083     0.99954151        2
  1886.63600744     0.99904922        2
  1886.65643907     0.99897354        2
  1886.67687069     1.00057181        2
  1886.69730232     1.00095872        2
  1886.71773395     0.99936611        2
  1886.73816558     0.99904670        2
  1886.75859730     1.00039205        2
  1886.88118697     1.00073966        2
  1886.90161860     0.99962828        2
  1886.92205033     0.99977890        2
  1886.94248186     1.00057580        2
  1886.96291349     1.00117694        2
  1886.98334522     1.00040512        2
  1887.00377675     0.99979753        2
  1887.12636663     1.00014480        2
  1887.14679826     1.00085543        2
  1887.16722989     1.00003839        2
  1887.18766152     0.99954523        2
  1887.20809315     0.99923981        2
  1887.22852478     0.99986917        2
  1887.24895651     1.00060823        2
  1887.26938804     0.99974338        2
  1887.28981967     0.99908638        2
  1887.31025140     0.99953705        2
  1887.33068303     1.00074371        2
  1887.37154630     0.99961536        2
  1887.39197793     0.99913063        2
  1887.41240946     1.00028488        2
  1887.43284119     1.00098483        2
  1887.45327282     1.00010870        2
  1887.47370445     0.99952045        2
  1887.49413609     1.00022160        2
  1887.51456772     1.00051238        2
  1887.53499945     1.00034337        2
  1887.55543098     0.99968517        2
  1887.57586262     0.99956471        2
  1887.61672588     1.00059125        2
  1887.63715761     1.00034787        2
  1887.65758915     1.00020298        2
  1887.67802078     0.99948962        2
  1887.69845251     0.99975133        2
  1887.71888405     1.00106634        2
  1887.73931568     1.00153512        2
  1887.75974741     1.00005794        2
  1887.78017895     0.99938914        2
  1887.80061058     1.00055960        2
  1887.86190559     0.99859191        2
  1887.88233722     0.99964383        2
  1887.90276885     1.00057037        2
  1887.92320049     1.00009386        2
  1887.94363212     0.99926210        2
  1887.96406376     0.99965071        2
  1887.98449549     1.00024422        2
  1891.04924300     1.00017404        3
  1891.06967465     1.00028403        3
  1891.09010641     1.00006554        3
  1891.11053797     0.99971135        3
  1891.13096962     1.00009104        3
  1891.15140138     1.00025872        3
  1891.17183294     1.00023403        3
  1891.19226469     1.00003100        3
  1891.21269635     0.99979325        3
  1891.23312791     0.99980847        3
  1891.29442288     0.99985257        3
  1891.31485464     0.99975172        3
  1891.33528630     0.99960911        3
  1891.35571806     1.00026389        3
  1891.37614962     0.99997216        3
  1891.39658128     1.00021843        3
  1891.41701304     0.99996616        3
  1891.43744460     0.99989166        3
  1891.45787626     1.00036294        3
  1891.47830802     1.00004800        3
  1891.49873968     0.99989824        3
  1891.53960300     1.00011001        3
  1891.56003456     0.99975491        3
  1891.58046632     0.99926476        3
  1891.60089798     0.99950875        3
  1891.62132954     0.99952081        3
  1891.64176130     0.99961870        3
  1891.66219296     0.99985622        3
  1891.68262452     0.99992239        3
  1891.70305628     1.00008083        3
  1891.72348794     1.00003549        3
  1891.74391971     0.99984491        3
  1891.78478293     1.00009937        3
  1891.80521469     0.99999782        3
  1891.82564626     0.99980434        3
  1891.84607792     0.99977014        3
  1891.86650968     0.99996544        3
  1891.88694124     1.00022316        3
  1891.90737291     0.99975537        3
  1891.92780467     0.99997758        3
  1891.94823623     1.00029012        3
  1891.96866800     1.00077285        3
  1891.98909966     1.00068290        3
  1892.02996299     1.00032439        3
  1892.05039465     1.00067492        3
  1892.07082632     1.00033600        3
  1892.09125798     1.00035078        3
  1892.11168965     1.00039579        3
  1892.13212141     1.00014309        3
  1892.15255308     0.99985748        3
  1892.17298464     0.99971158        3
  1892.19341641     0.99933618        3
  1892.21384797     0.99967520        3
  1892.23427964     0.99976653        3
  1892.27514297     1.00019701        3
  1892.29557474     1.00044567        3
  1892.31600641     1.00053819        3
  1892.33643797     1.00017658        3
  1892.35686974     0.99998442        3
  1892.37730141     0.99999304        3
  1892.39773297     0.99987282        3
  1892.41816474     0.99989858        3
  1892.43859641     0.99988031        3
  1892.45902798     0.99969908        3
  1892.52032318     0.99991601        3
  1892.54075475     1.00015946        3
  1892.56118642     1.00022991        3
  1892.58161819     1.00002936        3
  1892.60204976     1.00023464        3
  1892.62248142     1.00003871        3
  1892.64291319     1.00030953        3
  1892.66334486     1.00024626        3
  1892.82679823     1.00027836        3
  1892.84722990     1.00011636        3
  1892.86766167     0.99999341        3
  1892.88809324     0.99995661        3
  1892.90852501     0.99999789        3
  1892.92895658     1.00024659        3
  1892.94938825     0.99979149        3
  1892.96982003     0.99953562        3
  1893.01068327     0.99914504        3
  1893.03111504     1.00005025        3
  1893.05154662     0.99955534        3
  1893.07197839     0.99968796        3
  1893.09241006     0.99982233        3
  1893.11284164     1.00021918        3
  1893.13327341     1.00013933        3
  1893.15370508     0.99984892        3
  1893.17413666     0.99954225        3
  1893.19456843     0.99993995        3
  1893.21500011     0.99981123        3
  1893.33759016     0.99968344        3
  1893.35802193     1.00007235        3
  1893.37845361     0.99967983        3
  1893.39888518     1.00000000        3
  1893.41931696     1.00015622        3
  1893.43974864     1.00010367        3
  1893.46018041     0.99989355        3
  1893.50104367     1.00018740        3
  1893.52147544     0.99988053        3
  1893.54190702     1.00018882        3
  1893.56233860     1.00041684        3
  1893.58277038     1.00035455        3
  1893.60320205     0.99987968        3
  1893.62363383     0.99968215        3
  1893.64406541     1.00002572        3
  1893.66449709     0.99985299        3
  1893.68492887     0.99979236        3
  1893.70536045     1.00007787        3
  1893.74622390     1.00029108        3
  1893.76665548     1.00091772        3
  1893.78708716     1.00000225        3
  1893.80751894     1.00028073        3
  1893.82795052     0.99999676        3
  1893.84838230     1.00034282        3
  1893.86881398     1.00017295        3
  1893.88924566     1.00001464        3
  1893.90967734     0.99946207        3
  1893.93010902     0.99958674        3
  1894.03226753     0.99955420        3
  1894.05269911     0.99974269        3
  1894.07313089     0.99948346        3
  1894.09356258     0.99943604        3
  1894.11399416     0.99965378        3
  1894.13442594     0.99948248        3
  1894.15485762     0.99998430        3
  1894.17528931     1.00005347        3
  1894.19572099     0.99975599        3
  1894.23658436     0.99972058        3
  1894.25701604     1.00016298        3
  1894.27744763     1.00029644        3
  1894.29787941     1.00005339        3
  1894.31831109     0.99982056        3
  1894.33874268     1.00000189        3
  1894.35917446     0.99984833        3
  1894.37960615     1.00025353        3
  1894.40003793     1.00010367        3
  1894.42046952     1.00043099        3
  1894.44090120     1.00037620        3
  1894.48176458     1.00034936        3
  1894.50219626     1.00027314        3
  1894.52262805     1.00029056        3
  1894.54305974     1.00037554        3
  1894.56349142     1.00018441        3
  1894.58392311     1.00028808        3
  1894.60435480     1.00001039        3
  1894.62478648     0.99989369        3
  1894.72694492     0.99968331        3
  1894.74737671     0.99977035        3
  1894.76780830     1.00035262        3
  1894.78824009     1.00077296        3
  1894.80867178     1.00014110        3
  1894.82910337     1.00022425        3
  1894.84953516     1.00028977        3
  1894.86996675     1.00014356        3
  1894.97212530     0.99887500        3
  1894.99255689     0.99989104        3
  1895.01298868     0.99945506        3
  1895.03342037     0.99936827        3
  1895.05385206     0.99927941        3
  1895.07428375     0.99968376        3
  1895.09471545     1.00010674        3
  1895.11514724     1.00040884        3
  1895.13557883     1.00012437        3
  1895.15601052     1.00027120        3
  1895.17644232     1.00018418        3
  1895.21730560     0.99943742        3
  1895.23773739     1.00009742        3
  1895.25816909     0.99996700        3
  1895.27860068     1.00032907        3
  1895.29903248     1.00031263        3
  1895.31946417     0.99995254        3
  1895.33989596     0.99983789        3
  1895.36032756     1.00002249        3
  1895.38075925     1.00005014        3
  1895.40119105     1.00017761        3
  1895.42162264     1.00035830        3
  1895.46248613     0.99993537        3
  1895.48291773     0.99993161        3
  1895.50334953     0.99983785        3
  1895.52378112     0.99978792        3
  1895.54421282     0.99997787        3
  1895.56464461     1.00012547        3
  1895.58507621     0.99976483        3
  1895.60550791     0.99985086        3
  1895.62593971     0.99967061        3
  1895.64637130     0.99988665        3
  1895.66680310     0.99994302        3
  1895.70766650     0.99979524        3
  1895.72809819     0.99977985        3
  1895.74852989     0.99978874        3
  1895.76896159     1.00014542        3
  1895.78939329     1.00009451        3
  1895.80982499     1.00046224        3
  1895.83025669     0.99993856        3
  1895.85068849     0.99959710        3
  1895.87112009     0.99957283        3
  1895.89155189     1.00009016        3
  1895.91198359     1.00030324        3
  1895.95284699     0.99976703        3
  1895.97327869     1.00021582        3
  1895.99371029     1.00048093        3
  1896.01414209     1.00049894        3
  1896.03457379     1.00041215        3
  1896.05500559     0.99996930        3
  1896.07543720     0.99987545        3
  1896.09586890     0.99984751        3
  1896.11630060     0.99985637        3
  1896.13673230     1.00018319        3
  1896.15716400     1.00004392        3
  1896.19802741     1.00006790        3
  1896.21845921     0.99989807        3
  1896.23889082     1.00013328        3
  1896.25932252     1.00018292        3
  1896.27975432     0.99965887        3
  1896.30018593     0.99991173        3
  1896.32061763     0.99993178        3
  1896.34104944     0.99982880        3
  1896.36148104     0.99964219        3
  1896.50450308     1.00003122        3
  1896.52493479     1.00006049        3
  1896.54536649     1.00010170        3
  1896.56579830     0.99998078        3
  1896.58622991     1.00021973        3
  1896.60666172     0.99981124        3
  1896.62709342     0.99973885        3
  1896.64752503     0.99971581        3
  1896.68838855     0.99983295        3
  1896.70882015     1.00014026        3
  1896.72925196     0.99996986        3
  1896.74968367     0.99997675        3
  1896.77011538     1.00031586        3
  1896.79054709     1.00046691        3
  1896.81097880     0.99998230        3
  1896.83141051     1.00008768        3
  1896.85184222     1.00028833        3
  1896.87227393     1.00000069        3
  1896.89270564     0.99978884        3
  1896.93356906     0.99976339        3
  1896.95400077     1.00004209        3
  1896.97443248     0.99988599        3
  1896.99486429     1.00013953        3
  1897.01529591     0.99953005        3
  1897.03572762     0.99935629        3
  1897.05615943     0.99988663        3
  1897.07659114     1.00005233        3
  1897.09702276     0.99989452        3
  1897.11745457     1.00004937        3
  1897.13788628     0.99975672        3
  1897.17874971     1.00076258        3
  1897.19918142     1.00019810        3
  1897.21961324     1.00010684        3
  1897.24004485     1.00038213        3
  1897.26047656     1.00042967        3
  1897.28090838     1.00008511        3
  1897.30133999     1.00003127        3
  1897.32177181     1.00028824        3
  1897.34220352     1.00037432        3
  1897.36263514     1.00010894        3
  1897.38306695     0.99998022        3
  1897.42393029     1.00017883        3
  1897.44436210     1.00007512        3
  1897.46479382     1.00001526        3
  1897.48522564     0.99965319        3
  1897.50565725     0.99975533        3
  1897.52608887     0.99984602        3
  1897.54652069     0.99981116        3
  1897.56695240     0.99998498        3
  1897.58738412     1.00010897        3
  1897.60781584     0.99983103        3
  1897.62824756     0.99980691        3
  1897.75083787     0.99995262        3
  1897.77126969     0.99976185        3
  1897.79170141     0.99990540        3
  1897.81213303     1.00009339        3
  1897.83256486     0.99988746        3
  1897.85299658     1.00047935        3
  1897.87342840     1.00020861        3
  1897.91429174     1.00026966        3
  1897.93472356     1.00019817        3
  1897.95515518     1.00010078        3
  1897.97558691     0.99983829        3
  1897.99601873     0.99984683        3
  1898.01645035     1.00032676        4
  1898.03688217     1.00001845        4
  1898.05731390     1.00034423        4
  1898.07774552     1.00012676        4
  1898.09817734     0.99989011        4
  1898.11860907     0.99979545        4
  1898.15947252     1.00038265        4
  1898.17990414     0.99962898        4
  1898.20033597     0.99949740        4
  1898.22076769     0.99999781        4
  1898.24119932     0.99992895        4
  1898.26163114     0.99974628        4
  1898.28206287     0.99974439        4
  1898.30249459     0.99978548        4
  1898.32292632     0.99997547        4
  1898.34335805     0.99981544        4
  1898.40465323     0.99972277        4
  1898.42508505     0.99996124        4
  1898.44551678     0.99995439        4
  1898.46594841     0.99976181        4
  1898.48638024     1.00005837        4
  1898.50681196     1.00015387        4
  1898.52724359     1.00027923        4
  1898.54767542     1.00039341        4
  1898.56810715     1.00034176        4
  1898.58853898     1.00028919        4
  1898.64983417     1.00089252        4
  1898.67026580     1.00057581        4
  1898.69069753     1.00014644        4
  1898.71112936     0.99990658        4
  1898.73156099     1.00053748        4
  1898.75199282     1.00016756        4
  1898.77242455     0.99972927        4
  1898.79285619     0.99952848        4
  1898.81328802     0.99989440        4
  1898.83371965     0.99971964        4
  1898.85415138     0.99963547        4
  1898.89501485     0.99952136        4
  1898.91544658     1.00023453        4
  1898.93587841     0.99984119        4
  1898.95631015     1.00003262        4
  1898.97674188     0.99996670        4
  1898.99717361     1.00019354        4
  1899.01760535     1.00007430        4
  1899.03803708     1.00026224        4
  1899.05846882     0.99998661        4
  1899.07890055     1.00023130        4
  1899.09933239     1.00038310        4
  1899.14019586     0.99997078        4
  1899.16062759     0.99978695        4
  1899.18105923     1.00010015        4
  1899.20149107     1.00028924        4
  1899.22192280     1.00002730        4
  1899.24235444     1.00028567        4
  1899.26278628     1.00029786        4
  1899.28321802     0.99998850        4
  1899.30364985     1.00012878        4
  1899.32408149     0.99994549        4
  1899.34451323     1.00004634        4
  1899.38537671     0.99965722        4
  1899.40580844     0.99967067        4
  1899.42624028     0.99988347        4
  1899.44667192     1.00003299        4
  1899.46710376     1.00003964        4
  1899.48753540     1.00013690        4
  1899.50796714     1.00019183        4
  1899.52839898     1.00027239        4
  1899.54883062     1.00004431        4
  1899.56926236     1.00039042        4
  1899.58969420     1.00034139        4
  1899.63055759     0.99991629        4
  1899.65098943     0.99990014        4
  1899.67142117     1.00076089        4
  1899.69185291     0.99950352        4
  1899.71228466     0.99943246        4
  1899.73271640     0.99979660        4
  1899.75314824     0.99967548        4
  1899.77357989     1.00011589        4
  1899.79401163     1.00014986        4
  1899.81444347     0.99982165        4
  1899.83487512     0.99992467        4
  1899.89617035     1.00011978        4
  1899.91660219     0.99995671        4
  1899.93703394     0.99982578        4
  1899.95746559     1.00012004        4
  1899.97789743     0.99994349        4
  1899.99832918     0.99992902        4
  1900.01876102     0.99986140        4
  1900.03919267     0.99959904        4
  1900.05962442     0.99980444        4
  1900.08005616     0.99968484        4
  1900.12091966     0.99979521        4
  1900.14135141     0.99952573        4
  1900.16178315     0.99969787        4
  1900.18221500     0.99965407        4
  1900.20264665     1.00005710        4
  1900.22307840     0.99942086        4
  1900.24351025     0.99952557        4
  1900.26394190     0.99953891        4
  1900.28437365     0.99959000        4
  1900.30480550     0.99953662        4
  1900.32523725     0.99977771        4
  1900.36610075     1.00042198        4
  1900.38653250     1.00017629        4
  1900.40696435     1.00019691        4
  1900.42739600     1.00014531        4
  1900.44782775     0.99984644        4
  1900.46825960     1.00016099        4
  1900.48869126     0.99980614        4
  1900.50912301     1.00035317        4
  1900.52955486     1.00005917        4
  1900.54998651     1.00023906        4
  1900.57041837     1.00023556        4
  1900.61128177     1.00034822        4
  1900.63171363     1.00031825        4
  1900.65214538     1.00046396        4
  1900.67257704     1.00056242        4
  1900.69300889     1.00079221        4
  1900.71344065     1.00067952        4
  1900.85646294     1.00061260        4
  1900.87689469     1.00044050        4
  1900.89732655     1.00010704        4
  1900.91775831     1.00025835        4
  1900.93818997     0.99984540        4
  1900.95862182     0.99995527        4
  1900.97905358     0.99972576        4
  1900.99948524     1.00001044        4
  1901.01991710     1.00048505        4
  1901.04034886     1.00005375        4
  1901.06078052     0.99968122        4
  1901.10164414     1.00048740        4
  1901.12207600     1.00029259        4
  1901.14250766     0.99985280        4
  1901.16293942     0.99942904        4
  1901.18337128     0.99962585        4
  1901.20380294     0.99989208        4
  1901.22423470     0.99998943        4
  1901.24466656     0.99960454        4
  1901.26509823     0.99954043        4
  1901.28553009     0.99991935        4
  1901.30596185     0.99986634        4
  1901.36725714     1.00027177        4
  1901.38768890     0.99989931        4
  1901.40812067     1.00067051        4
  1901.42855243     0.99966735        4
  1901.44898419     1.00014763        4
  1901.46941596     0.99969701        4
  1901.48984772     1.00006281        4
  1901.51027949     1.00021124        4
  1901.53071125     0.99990127        4
  1901.55114302     0.99962796        4
  1901.59200655     1.00022664        4
  1901.61243842     1.00027099        4
  1901.63287018     1.00030631        4
  1901.65330185     1.00006637        4
  1901.67373372     0.99993386        4
  1901.69416549     0.99985102        4
  1901.71459715     1.00017217        4
  1901.73502902     1.00017779        4
  1901.75546079     0.99989104        4
  1901.77589246     0.99990927        4
  1901.79632433     0.99973838        4
  1901.83718796     0.99993018        4
  1901.85761963     1.00018533        4
  1901.87805140     1.00010068        4
  1901.89848327     1.00005659        4
  1901.91891494     1.00041088        4
  1901.93934672     1.00043925        4
  1901.95977859     1.00035616        4
  1901.98021026     1.00003979        4
  1902.00064213     0.99996769        4
  1902.02107390     1.00027611        4
  1902.08236922     0.99977994        4
  1902.10280089     0.99983678        4
  1902.12323276     1.00011247        4
  1902.14366454     1.00018935        4
  1902.16409631     1.00024525        4
  1902.18452808     1.00027879        4
  1902.20495986     0.99999383        4
  1902.22539163     0.99981150        4
  1902.24582341     0.99976864        4
  1902.26625518     1.00003974        4
  1902.28668706     0.99989771        4
  1902.32755051     1.00001374        4
  1902.34798238     0.99987498        4
  1902.36841406     0.99994334        4
  1902.38884594     0.99998445        4
  1902.40927771     0.99986400        4
  1902.42970939     0.99965636        4
  1902.45014127     0.99991667        4
  1902.57273194     1.00040459        4
  1902.59316372     1.00034280        4
  1902.61359560     1.00027444        4
  1902.63402728     1.00379735        4
  1902.65445906     0.99999974        4
  1902.67489094     0.99993989        4
  1902.69532262     0.99970543        4
  1902.71575450     0.99983847        4
  1902.73618628     0.99952970        4
  1902.75661796     0.99960492        4
  1902.77704985     0.99974815        4
  1902.81791341     0.99804369        4
  1902.83834519     0.99946253        4
  1902.85877698     1.00012846        4
  1902.87920866     0.99981039        4
  1902.89964054     0.99971156        4
  1902.92007233     0.99972516        4
  1902.94050421     1.00018212        4
  1902.96093589     1.00004581        4
  1902.98136768     1.00026069        4
  1903.00179956     1.00015386        4
  1903.02223125     0.99958927        4
  1903.20611733     0.99978209        4
  1903.22654922     0.99963431        4
  1903.24698100     0.99995851        4
  1903.26741289     1.00000141        4
  1903.30827637     1.00004379        4
  1903.32870826     0.99977122        4
  1903.34913995     1.00003527        4
  1903.36957174     1.00001818        4
  1903.39000363     0.99956127        4
  1903.41043542     0.99971563        4
  1903.43086721     0.99979297        4
  1903.45129890     0.99998608        4
  1903.47173069     1.00008214        4
  1903.49216259     1.00025628        4
  1903.51259438     1.00002692        4
  1903.55345796     0.99976140        4
  1903.57388975     0.99951243        4
  1903.59432145     0.99993871        4
  1903.61475334     0.99996032        4
  1903.63518513     1.00005010        4
  1903.65561703     1.00000731        4
  1903.67604872     1.00031274        4
  1903.69648052     1.00040125        4
  1903.71691241     1.00012003        4
  1903.73734411     0.99994605        4
  1903.75777590     1.00042408        4
  1903.79863949     1.00040000        4
  1903.81907139     1.00036604        4
  1903.83950319     1.00040575        4
  1903.85993488     1.00011393        4
  1903.88036678     1.00016761        4
  1903.90079858     1.00033311        4
  1903.92123028     1.00044382        4
  1903.94166217     1.00016783        4
  1903.96209397     1.00029423        4
  1903.98252587     1.00046528        4
  1904.00295757     1.00052557        4
  1904.04382117     1.00017452        4
  1904.06425307     0.99995907        4
  1904.08468477     1.00023403        4
  1904.10511657     1.00037441        4
  1904.12554837     1.00067569        4
  1904.14598017     1.00007429        4
  1904.16641207     0.99984245        4
  1904.18684377     1.00035003        4
  1904.20727567     1.00000000        4
  1904.22770747     1.00002810        4
  1904.24813918     0.99961894        4
  1904.30943459     0.99982325        4
  1904.32986649     0.99973773        4
  1904.35029829     0.99972875        4
  1904.37073020     0.99960644        4
  1904.39116190     0.99911585        4
  1904.41159371     0.99956773        4
  1904.43202561     0.99993456        4
  1904.45245732     0.99991971        4
  1904.47288912     1.00007665        4
  1904.49332103     0.99950886        4
  1904.61591187     0.99932844        4
  1904.63634368     0.99949163        4
  1904.65677548     0.99955579        4
  1904.67720729     0.99981606        4
  1904.69763910     0.99965714        4
  1904.71807091     0.99976031        4
  1904.73850272     1.00026676        4
  1904.77936634     0.99978684        4
  1904.79979815     1.00003228        4
  1904.82023006     1.00090984        4
  1904.84066177     1.00091380        4
  1904.86109358     1.00046207        4
  1904.88152549     1.00008649        4
  1905.04497999     1.00011726        4
  1905.06541181     1.00011525        4
  1905.08584372     1.00039848        4
  1905.10627544     1.00043799        4
  1905.12670725     0.99989835        4
  1905.14713917     1.00005853        4
  1905.16757088     0.99964636        4
  1905.18800270     0.99982989        4
