  1835.65902904     1.00100909        0
  1835.67946119     1.00172759        0
  1835.69989333     1.00027550        0
  1835.80205404     0.99169956        0
  1835.82248627     0.99995768        0
  1835.84291831     0.99930626        0
  1835.86335045     0.99990130        0
  1835.88378269     1.00013260        0
  1835.90421473     0.99895071        0
  1835.92464687     0.99994598        0
  1835.94507910     1.00058599        0
  1835.96551114     0.99989131        0
  1835.98594328     1.00018416        0
  1836.00637551     0.99963810        0
  1836.02680755     0.99964809        0
  1836.04723968     1.00022519        0
  1836.06767191     0.99928676        0
  1836.08810395     0.99960639        0
  1836.10853608     0.99983172        0
  1836.12896831     1.00070009        0
  1836.14940045     0.99955426        0
  1836.16983248     1.00060647        0
  1836.19026471     0.99884250        0
  1836.21069684     1.00078325        0
  1836.23112907     1.00019390        0
  1836.25156110     1.00106258        0
  1836.27199323     1.00082508        0
  1836.31285748     0.99999271        0
  1836.33328961     1.00022565        0
  1836.35372184     1.00062352        0
  1836.37415386     0.99992378        0
  1836.39458599     1.00015822        0
  1836.41501812     0.99970754        0
  1836.43545024     0.99925147        0
  1836.45588237     0.99972861        0
  1836.47631449     0.99990346        0
  1836.49674661     1.00057933        0
  1836.51717874     1.00030428        0
  1836.53761086     0.99964706        0
  1836.55804298     0.99953325        0
  1836.57847510     1.00038721        0
  1836.59890733     0.99950059        0
  1836.61933935     1.00050139        0
  1836.63977147     1.00133249        0
  1836.66020369     1.00071571        0
  1836.68063571     0.99980957        0
  1836.70106782     1.00017646        0
  1836.72150004     1.00066026        0
  1836.74193206     1.00010025        0
  1836.76236418     0.99929863        0
  1836.78279639     1.00096519        0
  1836.80322841     0.99934812        0
  1836.82366063     1.00026062        0
  1836.84409274     0.99925816        0
  1836.86452476     0.99956078        0
  1836.88495697     1.00089279        0
  1836.90538909     1.00021379        0
  1836.92582110     0.99932285        0
  1836.94625331     0.99940599        0
  1836.96668543     0.99959123        0
  1836.98711754     0.99992968        0
  1837.00754965     1.00141369        0
  1837.02798176     0.99260279        0
  1837.15057442     0.99992945        0
  1837.17100653     0.99994035        0
  1837.19143863     0.99964259        0
  1837.21187074     1.00007369        0
  1837.23230285     0.99930725        0
  1837.25273495     1.00024473        0
  1837.27316706     0.99951525        0
  1837.29359906     0.99980433        0
  1837.31403127     0.99948642        0
  1837.33446337     1.00074703        0
  1837.35489547     1.00018957        0
  1837.37532758     1.00075961        0
  1837.39575968     1.00049490        0
  1837.41619178     1.00050199        0
  1837.43662398     1.00053619        0
  1837.45705599     1.00149547        0
  1837.47748819     1.00021550        0
  1837.49792029     0.99979477        0
  1837.51835229     0.99972014        0
  1837.53878449     1.00015350        0
  1837.55921658     1.00007857        0
  1837.57964858     0.99996091        0
  1837.60008078     0.99987715        0
  1837.62051288     0.99949042        0
  1837.64094487     0.99994998        0
  1837.66137707     1.00016145        0
  1837.68180917     0.99954485        0
  1837.70224116     1.00003603        0
  1837.72267336     0.99982356        0
  1837.74310545     0.99966521        0
  1837.76353745     1.00026253        0
  1837.78396964     0.99903745        0
  1837.80440173     1.00044814        0
  1837.82483383     1.00111088        0
  1837.84526592     1.00030064        0
  1837.86569801     0.99978625        0
  1837.88613000     1.00069205        0
  1837.90656219     1.00010938        0
  1837.92699428     0.99988892        0
  1837.94742637     1.00061391        0
  1837.96785846     0.99999345        0
  1837.98829055     0.99999465        0
  1838.00872254     1.00040668        0
  1838.02915473     0.99975245        0
  1838.04958681     1.00009440        0
  1838.07001900     0.99999680        0
  1838.09045099     1.00054470        0
  1838.11088307     0.99967040        0
  1838.13131526     0.99943676        0
  1838.15174724     0.99992860        0
  1838.17217933     1.00022610        0
  1838.19261151     0.99864545        0
  1838.21304350     1.00030312        0
  1838.23347558     0.99993403        0
  1838.27433985     0.99970691        0
  1838.29477183     1.00003148        0
  1838.31520401     0.99912408        0
  1838.33563609     0.99990246        0
  1838.35606807     1.00037718        0
  1838.37650025     1.00248283        0
  1838.39693233     0.99996780        0
  1838.41736431     1.00000000        0
  1838.43779649     1.00021375        0
  1838.45822857     1.00100099        0
  1838.47866054     1.00057322        0
  1838.49909272     0.99963576        0
  1838.51952480     0.99907933        0
  1838.53995677     1.00043539        0
  1838.56038895     1.00079893        0
  1838.58082102     1.00014425        0
  1838.60125300     0.99983181        0
  1838.62168517     1.00003705        0
  1838.64211725     0.99979233        0
  1838.66254922     0.99922968        0
  1838.68298139     1.00013380        0
  1838.70341347     1.00040180        0
  1838.72384554     1.00029462        0
  1838.74427761     1.00028407        0
  1838.76470968     1.00024268        0
  1838.78514175     0.99945569        0
  1838.80557382     1.00055820        0
  1838.82600589     1.00012044        0
  1838.84643806     0.99938926        0
  1838.86687003     0.99975418        0
  1838.88730210     1.00181790        0
  1838.90773427     0.99971961        0
  1838.92816624     0.99960862        0
  1838.94859830     1.00029123        0
  1838.96903047     0.99959224        0
  1839.07119069     1.00113486        0
  1839.09162286     0.99976316        0
  1839.11205492     1.00071631        0
  1839.13248689     0.99986041        0
  1839.15291905     1.00011253        0
  1839.17335111     0.99984959        0
  1839.19378307     1.00140108        0
  1839.21421523     1.00071890        0
  1839.23464729     0.99969318        0
  1839.25507925     1.00028288        0
  1839.27551141     1.00089927        0
  1839.29594347     0.99995498        0
  1839.31637563     0.99987139        0
  1839.33680759     0.99984383        0
  1839.35723965     1.00014073        0
  1839.37767170     1.00016704        0
  1839.39810376     1.00041883        0
  1839.41853572     0.99989286        0
  1839.43896787     0.99978645        0
  1839.45939993     1.00008727        0
  1839.47983189     1.00067073        0
  1839.50026404     0.99995888        0
  1839.52069609     0.99903206        0
  1839.54112815     0.99991654        0
  1839.56156020     1.00011017        0
  1839.58199225     0.99999763        0
  1839.60242431     1.00000396        0
  1839.62285636     1.00094298        0
  1839.64328841     0.99969919        0
  1839.66372046     0.99966946        0
  1839.72501661     0.99252999        0
  1839.74544876     0.99976205        0
  1839.76588071     1.00010346        0
  1839.78631276     0.99975650        0
  1839.80674491     1.00013285        0
  1839.82717685     1.00028769        0
  1839.84760890     1.00033764        0
  1839.86804105     1.00060852        0
  1839.88847299     1.00025132        0
  1839.90890504     1.00008726        0
  1839.92933718     0.99981363        0
  1839.94976923     0.99928597        0
  1839.97020127     1.00075976        0
  1839.99063332     0.99974619        0
  1840.01106536     1.00038415        0
  1840.03149740     0.99971425        0
  1840.29711392     1.00026388        0
  1840.31754586     0.99990521        0
  1840.33797800     0.99957224        0
  1840.35841003     1.00347007        0
  1840.37884207     0.99938284        0
  1840.39927410     1.00016654        0
  1840.41970614     0.99965495        0
  1840.44013817     1.00088330        0
  1840.46057020     0.99999235        0
  1840.48100224     1.00028231        0
  1840.50143427     0.99968219        0
  1840.52186640     1.00018124        0
  1840.54229833     0.99955579        0
  1840.56273046     1.00049491        0
  1840.58316250     0.99991178        0
  1840.60359443     1.00026069        0
  1840.62402656     0.99982903        0
  1840.64445859     1.00011116        0
  1840.66489052     0.99991596        0
  1840.68532264     1.00071402        0
  1840.70575467     0.99343928        0
  1840.72618660     1.00113760        0
  1840.74661873     1.00083934        0
  1840.76705075     0.99986553        0
  1840.78748278     1.00004822        0
  1840.80791481     1.00009976        0
  1840.82834673     0.99979929        0
  1840.84877886     0.99953332        0
  1840.86921088     1.00003674        0
  1840.88964291     0.99962316        0
  1840.91007483     0.99957747        0
  1840.93050695     1.00099862        0
  1840.95093898     0.99971982        0
  1840.97137090     1.00020546        0
  1840.99180302     0.99963825        0
  1872.00723071     1.00023772        1
  1872.02766233     0.99960260        1
  1872.04809395     1.00007457        1
  1872.06852557     1.00011962        1
  1872.08895718     1.00021071        1
  1872.10938880     0.99911251        1
  1872.12982052     1.00100080        1
  1872.17068366     0.99980223        1
  1872.19111537     0.99876056        1
  1872.21154699     1.00121468        1
  1872.23197851     1.00013549        1
  1872.25241023     0.99956245        1
  1872.27284184     0.99978522        1
  1872.29327336     1.00000206        1
  1872.31370508     0.99890817        1
  1872.33413669     0.99916515        1
  1872.35456821     0.99991729        1
  1872.37499993     1.00034407        1
  1872.41586326     1.00057287        1
  1872.43629478     1.00083354        1
  1872.45672640     0.99974017        1
  1872.47715811     0.99974841        1
  1872.49758963     1.00058998        1
  1872.51802125     1.00034601        1
  1872.53845296     0.99950775        1
  1872.55888448     0.99994377        1
  1872.57931609     0.99871168        1
  1872.59974781     1.00072224        1
  1872.62017933     1.00698358        1
  1872.66104266     0.99960745        1
  1872.68147417     1.00001946        1
  1872.70190589     0.99955625        1
  1872.72233750     0.99955962        1
  1872.74276902     1.00025717        1
  1872.76320073     0.99975142        1
  1872.78363235     1.00087763        1
  1872.80406387     0.99957909        1
  1872.82449558     1.00151193        1
  1872.84492720     1.00363980        1
  1872.86535871     1.00186708        1
  1872.90622204     0.99960299        1
  1872.92665356     0.99961750        1
  1872.94708527     0.99933690        1
  1872.96751688     0.99985302        1
  1872.98794860     0.99960085        1
  1873.00838011     1.00042599        1
  1873.02881173     0.99987894        1
  1873.04924344     0.99885593        1
  1873.06967496     0.99999742        1
  1873.09010657     0.99951875        1
  1873.11053828     0.99954304        1
  1873.15140141     0.99962820        1
  1873.17183313     1.00023164        1
  1873.19226474     1.00066156        1
  1873.21269635     0.99979900        1
  1873.23312797     1.00035795        1
  1873.25355958     1.00056790        1
  1873.27399119     1.00143870        1
  1873.29442281     0.99966598        1
  1873.31485442     0.99929095        1
  1873.33528603     1.00046798        1
  1873.35571765     1.00029055        1
  1873.39658087     0.99620123        1
  1873.41701249     0.99992952        1
  1873.43744400     0.99885544        1
  1873.45787571     0.99989907        1
  1873.47830733     1.00010846        1
  1873.49873904     0.99907865        1
  1873.51917055     0.99994316        1
  1873.53960216     0.99895761        1
  1873.56003388     0.99961394        1
  1873.58046539     0.99980302        1
  1873.60089700     0.99724224        1
  1873.76435000     0.99970173        1
  1873.78478161     0.99884489        1
  1873.80521322     0.99991123        1
  1873.82564483     0.99896949        1
  1873.84607654     1.00021168        1
  1873.88693967     1.00052992        1
  1873.90737138     1.00122574        1
  1873.92780289     0.99977186        1
  1873.94823450     1.00058703        1
  1873.96866621     1.00088613        1
  1873.98909772     0.99957382        1
  1874.00952943     1.00093731        1
  1874.02996095     1.00163345        1
  1874.05039256     1.00053687        1
  1874.07082427     1.00097631        1
  1874.09125578     1.00005623        1
  1874.25470876     1.00075437        1
  1874.27514037     1.00105164        1
  1874.29557198     0.99958305        1
  1874.31600359     0.99993010        1
  1874.33643520     0.99963069        1
  1874.37729842     0.99972964        1
  1874.39773003     0.99918942        1
  1874.41816174     1.00046652        1
  1874.43859325     0.99955110        1
  1874.45902486     1.00023847        1
  1874.47945657     0.99966795        1
  1874.49988808     0.99980962        1
  1874.52031979     0.99991033        1
  1874.54075140     0.99872518        1
  1874.56118291     1.00060502        1
  1874.58161462     0.99936533        1
  1874.62247774     0.99926121        1
  1874.64290945     1.00037309        1
  1874.66334106     1.00017413        1
  1874.68377267     0.99997939        1
  1874.70420427     0.99946782        1
  1874.72463588     0.99984749        1
  1874.74506739     0.99978899        1
  1874.76549910     0.99984843        1
  1874.78593071     1.00030481        1
  1874.80636232     0.99948089        1
  1874.86765725     1.00024131        1
  1874.88808875     1.00079874        1
  1874.90852036     0.99988660        1
  1874.92895207     1.00052116        1
  1874.94938358     0.99955856        1
  1874.96981519     1.00063232        1
  1874.99024690     1.00000082        1
  1875.01067840     0.99980947        1
  1875.03111011     1.00043106        1
  1875.05154172     1.00010990        1
  1875.11283654     0.99956417        1
  1875.13326805     0.99973997        1
  1875.15369976     0.99996750        1
  1875.17413137     1.00066470        1
  1875.19456298     1.00050537        1
  1875.21499458     0.99951239        1
  1875.23542619     0.99932166        1
  1875.25585790     1.00008914        1
  1875.35801584     0.99583210        1
  1875.37844754     0.99841725        1
  1875.39887905     1.00022191        1
  1875.41931066     1.00011144        1
  1875.43974237     1.00396985        1
  1875.46017387     1.00202469        1
  1875.48060548     1.00016727        1
  1875.50103719     1.00020092        1
  1875.52146869     1.00014175        1
  1875.54190040     0.99965800        1
  1875.56233201     1.00094723        1
  1875.60319522     0.99888078        1
  1875.62362683     1.00004151        1
  1875.64405833     0.99992037        1
  1875.66449004     0.99983724        1
  1875.68492165     0.99985439        1
  1875.70535325     0.99945282        1
  1875.72578486     0.99933437        1
  1875.74621647     1.00149437        1
  1875.76664817     1.00004058        1
  1875.78707968     0.99969643        1
  1875.80751129     0.99904614        1
  1875.84837460     0.99874254        1
  1875.86880611     1.00069585        1
  1875.88923781     0.99994799        1
  1875.90966942     1.00026308        1
  1875.93010092     0.99911907        1
  1875.95053263     0.99908830        1
  1875.97096424     0.99950845        1
  1875.99139594     0.99947699        1
  1876.01182745     1.00032752        1
  1876.03225905     1.00028030        1
  1876.09355387     1.00018284        1
  1876.11398548     1.00095703        1
  1876.13441708     1.00019154        1
  1876.15484859     1.00084309        1
  1876.17528029     1.00101103        1
  1876.19571190     1.00044089        1
  1876.21614351     1.00024441        1
  1876.23657511     1.00036775        1
  1876.25700672     0.99964609        1
  1876.27743842     0.99937998        1
  1876.35916484     1.00021890        1
  1876.37959635     1.00126226        1
  1876.40002805     1.00047526        1
  1876.42045966     1.00047593        1
  1876.44089116     1.00041086        1
  1876.46132287     0.99996850        1
  1876.48175447     1.00075858        1
  1876.50218618     1.00002458        1
  1876.52261768     1.00053683        1
  1876.54304929     0.99902308        1
  1876.58391250     1.00082891        1
  1876.60434410     1.00027011        1
  1876.62477581     1.00038933        1
  1876.64520731     1.00127783        1
  1876.66563892     1.00031957        1
  1876.82909176     0.99936102        1
  1876.84952346     1.00164716        1
  1876.86995497     0.99924816        1
  1876.89038657     1.00032954        1
  1876.91081827     1.00073869        1
  1876.93124988     1.00194493        1
  1877.07427121     0.99952665        1
  1877.09470271     1.00025573        1
  1877.11513432     1.00010364        1
  1877.13556602     0.99942523        1
  1877.15599752     1.00070306        1
  1877.17642913     1.00058263        1
  1877.19686083     1.00085705        1
  1877.21729234     1.00078236        1
  1877.23772404     1.00010456        1
  1877.25815564     1.00027139        1
  1877.27858715     0.99965733        1
  1877.31945046     1.00024183        1
  1877.33988206     0.99942229        1
  1877.36031366     0.99903656        1
  1877.38074527     1.00056226        1
  1877.40117687     1.00003134        1
  1877.42160848     1.00070411        1
  1877.44204008     0.99929736        1
  1877.46247168     1.00009991        1
  1877.48290329     0.99956565        1
  1877.50333489     0.99985483        1
  1877.52376649     0.99948066        1
  1877.56462970     0.99953172        1
  1877.58506140     1.00038516        1
  1877.60549291     1.00027757        1
  1877.62592451     0.99897763        1
  1877.64635621     0.99902372        1
  1877.66678772     1.00021534        1
  1877.68721942     1.00000000        1
  1877.70765102     1.00021739        1
  1877.72808253     0.99992588        1
  1877.74851423     1.00051418        1
  1877.76894584     0.99956833        1
  1877.80980904     1.00039727        1
  1877.83024064     1.00007810        1
  1877.85067215     0.99922879        1
  1877.87110385     0.99952876        1
  1877.89153545     0.99878424        1
  1877.91196706     1.00024699        1
  1877.93239866     0.99920819        1
  1877.95283026     0.99982968        1
  1877.97326197     0.99951206        1
  1877.99369357     0.99911139        1
  1878.01412507     0.99982718        1
  1878.05498838     1.00012252        1
  1878.07541988     1.00058788        1
  1878.09585159     0.99909396        1
  1878.11628319     0.99940596        1
  1878.13671469     0.99900013        1
  1878.15714640     0.99904276        1
  1878.17757790     1.00018590        1
  1878.19800960     1.00016789        1
  1878.21844120     1.00006764        1
  1878.23887271     0.99923382        1
  1878.25930441     0.99951432        1
  1878.30016752     0.99988182        1
  1878.32059922     0.99944639        1
  1878.34103082     0.99971470        1
  1878.36146232     0.99910019        1
  1878.38189403     1.00072194        1
  1878.40232563     0.99958089        1
  1878.42275733     0.99932564        1
  1878.44318884     1.00112437        1
  1878.46362044     0.99977007        1
  1878.48405214     1.00057340        1
  1878.50448364     1.00065558        1
  1878.54534695     0.99943133        1
  1878.56577855     1.00041394        1
  1878.58621006     0.99990761        1
  1878.60664176     1.00003846        1
  1878.62707336     1.00004978        1
  1878.64750496     1.00038683        1
  1878.66793657     1.00022524        1
  1878.68836817     0.99950167        1
  1878.70879987     1.00127564        1
  1878.72923137     0.99982273        1
  1878.74966298     0.99964542        1
  1878.79052618     1.00004175        1
  1878.81095778     0.99948353        1
  1878.83138939     1.00081507        1
  1878.85182099     0.99966474        1
  1878.87225269     1.00014242        1
  1878.89268420     1.00082027        1
  1878.91311580     0.99960861        1
  1878.93354750     1.00009601        1
  1878.95397900     1.00022843        1
  1878.97441061     1.00019241        1
  1878.99484231     1.00119325        1
  1879.07656872     1.00034813        1
  1879.09700032     0.99991433        1
  1879.11743192     1.00012786        1
  1879.13786353     0.99975852        1
  1879.15829513     1.00070957        1
  1879.17872673     0.99946808        1
  1879.19915833     0.99986285        1
  1879.21959004     1.00019989        1
  1879.24002154     1.00014754        1
  1879.34217965     1.00028918        1
  1879.36261115     0.99915315        1
  1879.38304286     0.99871646        1
  1879.40347446     0.99992783        1
  1879.42390596     1.00055416        1
  1879.44433766     0.99943184        1
  1879.46476927     1.00052871        1
  1879.48520077     1.00001710        1
  1879.52606397     0.99995578        1
  1879.54649568     1.00027161        1
  1879.56692728     1.00119273        1
  1879.58735888     0.99899150        1
  1879.60779048     0.99964885        1
  1879.62822209     1.00024341        1
  1879.64865369     1.00024970        1
  1879.66908529     0.99975344        1
  1879.68951689     0.99933494        1
  1879.70994850     0.99909201        1
  1879.73038010     1.00167017        1
  1879.77124340     1.00054282        1
  1879.79167501     1.00015710        1
  1879.81210651     0.99987681        1
  1879.83253821     1.00038986        1
  1879.85296981     0.99951850        1
  1879.87340132     1.00068447        1
  1879.89383302     0.99973928        1
  1879.91426462     0.99978395        1
  1879.93469612     0.99943308        1
  1879.95512783     0.99954673        1
  1879.97555943     1.00035136        1
  1880.03685424     0.99930755        2
  1880.05728594     1.00020331        2
  1880.07771744     1.00036291        2
  1880.09814904     1.00023604        2
  1880.11858065     0.99979670        2
  1880.13901225     0.99972271        2
  1880.15944385     1.00004152        2
  1880.17987555     1.00032660        2
  1880.20030706     0.99947576        2
  1880.22073876     0.99987743        2
  1880.26160186     1.00045302        2
  1880.28203357     0.99944685        2
  1880.30246517     1.00009182        2
  1880.32289667     0.99942583        2
  1880.34332837     0.99969975        2
  1880.36375998     1.00022508        2
  1880.38419148     1.00078250        2
  1880.40462318     0.99996831        2
  1880.42505479     1.00058395        2
  1880.44548649     0.99918790        2
  1880.46591799     1.00004692        2
  1880.50678130     0.99927150        2
  1880.52721280     1.00030670        2
  1880.54764440     1.00098278        2
  1880.56807610     0.99995306        2
  1880.58850761     1.00003603        2
  1880.60893921     1.00049828        2
  1880.62937091     1.00045015        2
  1880.64980242     0.99853162        2
  1880.67023412     1.00012853        2
  1880.69066572     1.00069903        2
  1880.75196053     1.00037941        2
  1880.77239213     1.00071701        2
  1880.79282374     1.00102776        2
  1880.81325534     0.99974919        2
  1880.83368694     0.99989787        2
  1880.85411854     1.00035810        2
  1880.87455015     0.99990646        2
  1880.89498175     1.00030759        2
  1880.91541335     1.00077998        2
  1880.93584496     0.99993009        2
  1880.95627666     0.99957512        2
  1881.01757147     1.00027765        2
  1881.03800297     1.00026417        2
  1881.05843458     1.00060273        2
  1881.07886628     1.00105696        2
  1881.09929778     0.99968673        2
  1881.11972948     1.00041323        2
  1881.14016109     1.00055772        2
  1881.16059259     0.99992871        2
  1881.18102429     0.99976228        2
  1881.20145590     0.99940499        2
  1881.24231910     0.99945079        2
  1881.26275071     0.99967819        2
  1881.28318231     0.99963618        2
  1881.30361391     0.99947384        2
  1881.32404552     1.00044476        2
  1881.34447722     1.00129561        2
  1881.36490872     1.00023672        2
  1881.38534033     0.99868850        2
  1881.40577203     1.00011947        2
  1881.42620363     1.00034195        2
  1881.44663514     1.00072060        2
  1881.48749835     1.00059746        2
  1881.50793005     0.99863574        2
  1881.52836165     0.99912033        2
  1881.54879326     0.99920571        2
  1881.56922486     1.00025117        2
  1881.58965646     0.99989236        2
  1881.61008797     0.99960165        2
  1881.63051967     1.00157544        2
  1881.65095127     1.00092887        2
  1881.67138278     0.99997959        2
  1881.69181448     0.99962234        2
  1881.73267779     1.00009577        2
  1881.75310929     0.99945104        2
  1881.77354090     0.99955976        2
  1881.79397260     0.99989167        2
  1881.81440411     0.99965410        2
  1881.83483571     1.00016813        2
  1881.85526741     1.00022596        2
  1881.87569892     0.99995396        2
  1881.89613052     0.99974246        2
  1881.91656223     1.00076783        2
  1881.93699383     0.99979248        2
  1881.97785704     0.99976276        2
  1881.99828864     0.99996743        2
  1882.01872025     1.00101432        2
  1882.03915185     0.99901020        2
  1882.05958345     1.00026223        2
  1882.08001516     0.99927652        2
  1882.10044666     0.99991224        2
  1882.12087827     1.00026643        2
  1882.14130997     0.99988413        2
  1882.16174148     1.00025812        2
  1882.22303629     0.99857203        2
  1882.24346799     1.00021839        2
  1882.26389950     0.99941746        2
  1882.28433110     0.99981508        2
  1882.30476281     0.99990164        2
  1882.32519431     0.99977171        2
  1882.34562602     0.99986181        2
  1882.36605762     1.00221296        2
  1882.38648913     0.99969461        2
  1882.46821565     1.00033572        2
  1882.48864725     1.00018328        2
  1882.50907886     1.00088616        2
  1882.52951046     1.00018714        2
  1882.54994207     0.99948702        2
  1882.57037377     0.99957191        2
  1882.59080538     1.00034907        2
  1882.77468982     0.99984463        2
  1882.79512153     1.00099472        2
  1882.81555303     0.99901836        2
  1882.83598464     1.00057157        2
  1882.85641635     0.99963438        2
  1882.87684785     1.00072320        2
  1882.89727936     1.00089142        2
  1882.91771106     1.00046277        2
  1883.04030070     1.00010719        2
  1883.06073230     1.00408317        2
  1883.08116401     1.00034692        2
  1883.10159562     0.99943669        2
  1883.12202712     1.00102357        2
  1883.14245883     1.00000000        2
  1883.16289043     1.00110920        2
  1883.20375365     0.99991543        2
  1883.22418525     1.00055393        2
  1883.24461696     1.00025527        2
  1883.26504847     1.00016594        2
  1883.28548007     1.00049729        2
  1883.30591178     1.00061129        2
  1883.32634328     0.99964105        2
  1883.34677489     0.99910012        2
  1883.36720660     0.99970610        2
  1883.38763810     1.00032501        2
  1883.40806981     1.00082302        2
  1883.44893292     1.00009977        2
  1883.46936463     1.00007264        2
  1883.48979624     0.99972824        2
  1883.51022775     0.99904580        2
  1883.53065945     0.99882108        2
  1883.55109096     0.99992563        2
  1883.57152267     0.99927176        2
  1883.59195427     0.99974129        2
  1883.61238578     0.99837924        2
  1883.63281749     0.99966003        2
  1883.65324909     1.00040895        2
  1883.71454392     0.99970605        2
  1883.73497552     1.00129387        2
  1883.75540713     0.99998158        2
  1883.77583874     1.00013873        2
  1883.79627045     1.00054111        2
  1883.81670205     1.00020599        2
  1883.83713356     1.00068284        2
  1883.85756527     0.99994986        2
  1883.87799688     1.00017276        2
  1883.89842838     1.00059414        2
  1883.98015492     0.99953148        2
  1884.00058652     1.00082179        2
  1884.02101823     1.00043854        2
  1884.04144974     1.00013450        2
  1884.06188135     1.00040463        2
  1884.08231306     0.99909261        2
  1884.10274457     1.00034216        2
  1884.12317617     0.99992044        2
  1884.14360788     0.99946194        2
  1884.20490261     1.00051564        2
  1884.22533422     1.00035491        2
  1884.24576592     1.00027964        2
  1884.26619743     1.00114938        2
  1884.28662904     0.99906163        2
  1884.30706075     0.99908595        2
  1884.32749236     0.99922396        2
  1884.34792387     0.99980848        2
  1884.36835558     0.99974659        2
  1884.38878719     1.00235608        2
  1884.45008201     1.00054342        2
  1884.47051372     0.99948586        2
  1884.49094523     0.99983369        2
  1884.51137684     1.00011663        2
  1884.53180855     1.00108739        2
  1884.55224006     1.00037635        2
  1884.57267167     0.99978625        2
  1884.59310338     0.99940777        2
  1884.61353489     0.99935866        2
  1884.63396660     0.99992991        2
  1884.67482972     1.00047465        2
  1884.69526143     1.00039122        2
  1884.71569304     0.99947933        2
  1884.73612465     0.99979669        2
  1884.75655626     1.00066988        2
  1884.77698787     0.99996387        2
  1884.79741948     0.99983881        2
  1884.81785109     1.00027316        2
  1884.83828270     1.00033367        2
  1884.85871431     1.00087864        2
  1884.92000914     1.00013950        2
  1884.94044075     1.00005821        2
  1884.96087236     1.00027432        2
  1884.98130407     0.99912741        2
  1885.00173558     1.00035774        2
  1885.02216730     0.99986334        2
  1885.04259891     0.99986280        2
  1885.06303042     1.00050799        2
  1885.08346213     1.00070313        2
  1885.10389374     0.99955501        2
  1885.12432525     1.00016664        2
  1885.16518857     0.99077763        2
  1885.18562008     0.99936207        2
  1885.20605180     0.99966271        2
  1885.22648341     0.99956180        2
  1885.24691512     1.00065782        2
  1885.26734663     1.00058097        2
  1885.28777824     0.99996676        2
  1885.30820995     1.00073677        2
  1885.32864147     0.99924145        2
  1885.34907308     1.00046828        2
  1885.36950479     1.00076426        2
  1885.41036791     1.00017790        2
  1885.43079963     0.99990468        2
  1885.45123124     0.99962229        2
  1885.47166285     0.99899362        2
  1885.49209446     0.99874925        2
  1885.51252608     1.00012248        2
  1885.53295769     0.99957902        2
  1885.55338930     1.00036583        2
  1885.57382081     1.00096954        2
  1885.59425253     0.99997365        2
  1885.61468414     0.99905638        2
  1885.65554736     0.99887782        2
  1885.67597898     0.99989546        2
  1885.69641069     1.00034790        2
  1885.71684220     1.00079343        2
  1885.73727382     1.00072669        2
  1885.75770553     0.99962309        2
  1885.77813704     0.99827625        2
  1885.79856866     0.99919903        2
  1885.81900037     0.99986660        2
  1885.83943188     1.00064871        2
  1885.85986360     0.99933320        2
  1885.90072672     0.99931909        2
  1885.92115844     1.00025911        2
  1885.94159005     1.00061134        2
  1885.96202167     0.99982526        2
  1885.98245328     0.99953257        2
  1886.00288489     1.00140585        2
  1886.02331651     0.99995468        2
  1886.04374812     1.00024793        2
  1886.06417974     0.99943688        2
  1886.08461145     0.99989298        2
  1886.10504307     1.00000264        2
  1886.18676942     1.00077806        2
  1886.20720114     0.99931456        2
  1886.22763265     0.99994385        2
  1886.24806437     0.99949259        2
  1886.26849598     0.99932002        2
  1886.28892750     1.00085933        2
  1886.30935921     1.00156382        2
  1886.32979083     1.00063240        2
  1886.35022234     0.99988524        2
  1886.39108568     1.00049955        2
  1886.41151719     1.00123994        2
  1886.43194891     1.00051276        2
  1886.45238052     1.00046098        2
  1886.47281224     0.99963700        2
  1886.49324375     0.99897055        2
  1886.51367537     0.99995344        2
  1886.53410709     0.99863170        2
  1886.55453860     0.99976994        2
  1886.63626517     1.00024090        2
  1886.65669678     1.00106616        2
  1886.67712840     0.99973403        2
  1886.69756002     1.00040073        2
  1886.71799163     0.99936130        2
  1886.73842325     1.00081471        2
  1886.75885497     1.00077938        2
  1886.88144457     1.00056501        2
  1886.90187619     1.00016860        2
  1886.92230791     1.00028791        2
  1886.94273942     0.99944501        2
  1886.96317104     1.00072651        2
  1886.98360276     0.99973896        2
  1887.00403428     0.99986179        2
  1887.12662409     0.99994219        2
  1887.14705571     1.00057988        2
  1887.16748732     1.00133956        2
  1887.18791894     0.99988617        2
  1887.20835056     0.99994671        2
  1887.22878218     1.00032651        2
  1887.24921390     1.00030021        2
  1887.26964542     0.99916304        2
  1887.29007704     0.99849443        2
  1887.31050876     1.00064781        2
  1887.33094038     1.00060277        2
  1887.37180362     0.99960386        2
  1887.39223523     1.00001896        2
  1887.41266675     0.99953742        2
  1887.43309847     0.99972733        2
  1887.45353009     0.99843802        2
  1887.47396171     1.00053582        2
  1887.49439333     1.00034843        2
  1887.51482495     0.99931532        2
  1887.53525667     0.99957583        2
  1887.55568819     0.99960742        2
  1887.57611981     0.99993263        2
  1887.61698306     0.99979225        2
  1887.63741478     1.00132053        2
  1887.65784630     0.99975016        2
  1887.67827792     0.99990044        2
  1887.69870964     1.00095586        2
  1887.71914116     1.00100715        2
  1887.73957278     1.00086177        2
  1887.76000450     1.00041098        2
  1887.78043602     0.99991999        2
  1887.80086765     0.99983865        2
  1887.86216261     0.99899589        2
  1887.88259423     0.99946725        2
  1887.90302585     1.00058292        2
  1887.92345748     0.99976513        2
  1887.94388910     0.99976998        2
  1887.96432072     1.00014866        2
  1887.98475244     1.00056213        2
  1891.04949768     0.99961612        3
  1891.06992932     1.00034291        3
  1891.09036106     1.00084771        3
  1891.11079259     1.00027093        3
  1891.13122423     0.99954755        3
  1891.15165597     0.99932791        3
  1891.17208751     0.99948541        3
  1891.19251925     0.99962898        3
  1891.21295089     0.99940696        3
  1891.23338243     0.99952473        3
  1891.29467735     1.00033515        3
  1891.31510910     1.00068272        3
  1891.33554074     1.00035274        3
  1891.35597248     1.00037248        3
  1891.37640402     1.00136075        3
  1891.39683566     1.00029148        3
  1891.41726740     0.99993639        3
  1891.43769894     0.99928348        3
  1891.45813058     1.05180747        3
  1891.47856233     1.00129685        3
  1891.49899397     1.00117657        3
  1891.53985725     0.99955253        3
  1891.56028879     1.00020926        3
  1891.58072054     0.99950269        3
  1891.60115218     1.00025518        3
  1891.62158372     0.99966253        3
  1891.64201546     0.99947508        3
  1891.66244711     0.99886759        3
  1891.68287865     0.99925679        3
  1891.70331039     1.00010737        3
  1891.72374204     1.00014818        3
  1891.74417378     0.99995116        3
  1891.78503697     1.00003633        3
  1891.80546871     1.00008259        3
  1891.82590026     1.00036951        3
  1891.84633190     0.99981077        3
  1891.86676364     1.00088128        3
  1891.88719519     0.99944800        3
  1891.90762683     1.00026051        3
  1891.92805858     1.00031212        3
  1891.94849012     0.99853681        3
  1891.96892187     0.99950210        3
  1891.98935351     0.99945395        3
  1892.03021680     1.00088141        3
  1892.05064845     0.99934886        3
  1892.07108009     1.00053925        3
  1892.09151174     0.99949523        3
  1892.11194339     0.99901766        3
  1892.13237513     0.99926082        3
  1892.15280678     1.00058339        3
  1892.17323832     0.99964729        3
  1892.19367007     1.00152525        3
  1892.21410162     0.99982765        3
  1892.23453326     1.00040820        3
  1892.27539656     0.99898883        3
  1892.29582831     0.99901581        3
  1892.31625995     0.99866814        3
  1892.33669150     1.00040619        3
  1892.35712325     1.00073794        3
  1892.37755490     0.99923812        3
  1892.39798644     1.00076180        3
  1892.41841819     1.00603112        3
  1892.43884984     0.99953645        3
  1892.45928139     0.99958046        3
  1892.47971314     1.00119681        3
  1892.52057653     0.99994824        3
  1892.54100808     1.00005386        3
  1892.56143973     1.00123610        3
  1892.58187148     1.00008351        3
  1892.60230303     1.00048552        3
  1892.62273468     1.00209465        3
  1892.64316643     1.00040811        3
  1892.66359808     1.00017578        3
  1892.68402973     1.00000874        3
  1892.84748293     0.99995614        3
  1892.86791468     1.00018296        3
  1892.88834624     0.99881148        3
  1892.90877799     1.00055132        3
  1892.92920954     1.00119722        3
  1892.94964119     0.99947109        3
  1892.97007294     0.99971862        3
  1893.01093615     0.99609718        3
  1893.03136790     0.99998570        3
  1893.05179945     0.99986551        3
  1893.07223121     1.00008004        3
  1893.09266286     0.99969364        3
  1893.11309441     1.00023907        3
  1893.13352616     1.00076710        3
  1893.15395782     0.99818719        3
  1893.17438937     0.99914782        3
  1893.19482112     0.99891480        3
  1893.21525278     0.99937741        3
  1893.33784270     1.00015814        3
  1893.35827446     1.00008890        3
  1893.37870611     1.00154589        3
  1893.39913767     1.00038942        3
  1893.41956942     0.99998779        3
  1893.44000108     1.00056477        3
  1893.46043284     0.99933882        3
  1893.50129605     1.00002864        3
  1893.52172780     0.99844509        3
  1893.54215936     1.00044406        3
  1893.56259092     0.99924804        3
  1893.58302267     0.99931300        3
  1893.60345433     0.99868822        3
  1893.62388609     1.00084544        3
  1893.64431764     1.00016199        3
  1893.66474930     0.99978826        3
  1893.68518106     1.00110524        3
  1893.70561262     0.99905209        3
  1893.74647603     0.99965743        3
  1893.76690759     0.99927217        3
  1893.78733925     1.00053175        3
  1893.80777101     0.99994599        3
  1893.82820256     1.00061342        3
  1893.84863432     1.00068857        3
  1893.86906598     0.99985345        3
  1893.88949764     0.99956245        3
  1893.90992930     0.99922804        3
  1893.93036096     1.00018895        3
  1893.95079262     0.99934932        3
  1894.03251936     0.99969008        3
  1894.05295092     1.00013379        3
  1894.07338268     0.99942603        3
  1894.09381434     1.00069405        3
  1894.11424590     1.00092252        3
  1894.13467766     0.99976027        3
  1894.15510932     1.00225520        3
  1894.17554098     1.00037963        3
  1894.19597264     1.00089776        3
  1894.23683597     0.99966240        3
  1894.25726763     1.00022363        3
  1894.27769919     1.00005859        3
  1894.29813095     1.00000406        3
  1894.31856261     0.99921221        3
  1894.33899418     1.00010323        3
  1894.35942594     0.99997998        3
  1894.37985760     1.00016080        3
  1894.40028936     1.00007924        3
  1894.42072093     1.00043679        3
  1894.44115259     0.99975019        3
  1894.48201592     1.00091629        3
  1894.50244758     1.00144354        3
  1894.52287935     0.99995083        3
  1894.54331101     1.00030089        3
  1894.56374267     1.00000314        3
  1894.58417434     1.00019787        3
  1894.60460600     0.99931953        3
  1894.62503767     1.00015740        3
  1894.72719599     0.99992397        3
  1894.74762776     1.00034489        3
  1894.76805933     1.00088781        3
  1894.78849109     1.00038831        3
  1894.80892276     1.00068519        3
  1894.82935432     0.99979397        3
  1894.84978609     0.99796107        3
  1894.87021766     1.00020759        3
  1894.97237609     0.99641227        3
  1894.99280766     0.99959311        3
  1895.01323943     0.99934492        3
  1895.03367110     0.99964394        3
  1895.05410277     0.99989449        3
  1895.07453443     1.00001212        3
  1895.09496610     1.00069789        3
  1895.11539787     1.00013307        3
  1895.13582944     0.99832273        3
  1895.15626111     1.00029681        3
  1895.17669288     0.99992784        3
  1895.21755612     0.99785250        3
  1895.23798789     0.99893570        3
  1895.25841956     0.99914493        3
  1895.27885113     0.99957774        3
  1895.29928290     0.99919996        3
  1895.31971457     0.99922213        3
  1895.34014634     1.00010895        3
  1895.36057791     1.00054739        3
  1895.38100958     0.99977791        3
  1895.40144135     0.99995533        3
  1895.42187292     0.99810278        3
  1895.46273637     0.99853442        3
  1895.48316794     1.00143753        3
  1895.50359971     1.00020483        3
  1895.52403128     0.99860538        3
  1895.54446296     0.99872743        3
  1895.56489473     0.99894030        3
  1895.58532630     0.99956804        3
  1895.60575797     1.00016026        3
  1895.62618975     1.00008764        3
  1895.64662132     0.99936501        3
  1895.66705309     0.99996482        3
  1895.70791644     0.99908448        3
  1895.72834812     0.99969741        3
  1895.74877979     1.00073457        3
  1895.76921146     1.00014919        3
  1895.78964314     1.00081372        3
  1895.81007481     0.99838901        3
  1895.83050649     0.99969973        3
  1895.85093826     0.99941026        3
  1895.87136984     1.00045813        3
  1895.89180161     1.00121302        3
  1895.91223329     1.00082173        3
  1895.97352832     0.99985914        3
  1895.99395989     0.99999967        3
  1896.01439167     0.99953413        3
  1896.03482335     1.00067208        3
  1896.05525513     1.00023454        3
  1896.07568670     1.00080610        3
  1896.09611838     1.00019055        3
  1896.11655006     1.00019692        3
  1896.13698173     1.00088448        3
  1896.15741341     1.00134002        3
  1896.19827677     1.00022067        3
  1896.21870855     1.00002149        3
  1896.23914013     1.00028359        3
  1896.25957180     1.00025246        3
  1896.28000358     1.00061207        3
  1896.30043516     0.99911889        3
  1896.32086684     0.99953175        3
  1896.34129862     0.99995618        3
  1896.36173020     1.00037612        3
  1896.38216188     0.99896670        3
  1896.50475206     1.00004362        3
  1896.52518374     1.00039906        3
  1896.54561543     1.00017116        3
  1896.56604721     1.00171215        3
  1896.58647879     0.99965671        3
  1896.60691057     1.00105011        3
  1896.62734225     0.99956443        3
  1896.64777383     0.99916176        3
  1896.68863730     1.00073770        3
  1896.70906888     1.00003932        3
  1896.72950067     1.00055598        3
  1896.74993235     1.00065811        3
  1896.77036403     1.00071084        3
  1896.79079572     0.99967616        3
  1896.81122740     1.00047212        3
  1896.83165908     1.00000847        3
  1896.85209077     0.99894938        3
  1896.87252245     1.00000000        3
  1896.89295414     1.00062876        3
  1896.93381751     1.00102770        3
  1896.95424919     0.99964739        3
  1896.97468088     0.99904136        3
  1896.99511266     0.99971017        3
  1897.01554425     0.99818673        3
  1897.03597593     0.99716151        3
  1897.05640772     0.99793301        3
  1897.07683941     1.00034523        3
  1897.09727099     1.00050332        3
  1897.11770278     1.00068062        3
  1897.13813447     1.00059812        3
  1897.17899784     0.99997788        3
  1897.19942953     0.99954039        3
  1897.21986131     1.00038234        3
  1897.24029290     1.00015107        3
  1897.26072459     0.99933146        3
  1897.28115638     0.99865300        3
  1897.30158797     0.99996385        3
  1897.32201976     1.00006548        3
  1897.34245144     0.99982086        3
  1897.36288303     0.99905697        3
  1897.38331482     0.99940627        3
  1897.42417810     0.99992854        3
  1897.44460989     1.00019655        3
  1897.46504158     0.99953894        3
  1897.48547337     0.99972826        3
  1897.50590496     0.99866293        3
  1897.52633655     0.99838761        3
  1897.54676834     0.99945526        3
  1897.56720003     1.00100695        3
  1897.58763172     1.00132551        3
  1897.60806342     0.99934659        3
  1897.62849511     0.99969968        3
  1897.77151705     0.99967553        3
  1897.79194875     0.99962595        3
  1897.81238034     0.99969784        3
  1897.83281213     0.99925656        3
  1897.85324383     0.99954411        3
  1897.87367562     1.00010284        3
  1897.93497070     0.99992785        3
  1897.95540230     1.00049691        3
  1897.97583399     1.00134202        3
  1897.99626579     1.00019318        3
  1898.01669738     1.00056925        4
  1898.03712918     0.99991657        4
  1898.05756087     0.99971049        4
  1898.07799247     1.00035626        4
  1898.09842427     0.99939438        4
  1898.11885596     0.99953417        4
  1898.15971936     0.99947747        4
  1898.18015095     0.99959448        4
  1898.20058275     1.00000315        4
  1898.22101445     1.00062137        4
  1898.24144604     1.00016621        4
  1898.26187784     0.99968224        4
  1898.28230954     0.99898556        4
  1898.30274124     0.99947125        4
  1898.32317294     1.00013013        4
  1898.34360464     1.00100432        4
  1898.40489973     0.99988313        4
  1898.42533153     1.00083641        4
  1898.44576323     1.00082100        4
  1898.46619483     1.00071958        4
  1898.48662663     1.00034776        4
  1898.50705833     1.00016954        4
  1898.52748993     1.00038368        4
  1898.54792173     1.00003671        4
  1898.56835343     0.99985540        4
  1898.58878523     0.99968284        4
  1898.60921683     1.00073208        4
  1898.65008034     1.00157268        4
  1898.67051194     1.00153861        4
  1898.69094364     0.99979399        4
  1898.71137544     1.00038995        4
  1898.73180705     0.99947031        4
  1898.75223885     1.00016771        4
  1898.77267055     1.00049997        4
  1898.79310215     1.00013675        4
  1898.81353396     0.99997022        4
  1898.83396556     1.00015445        4
  1898.85439727     1.00026300        4
  1898.89526067     0.99937763        4
  1898.91569238     0.99864853        4
  1898.93612418     0.99786637        4
  1898.95655589     0.99990615        4
  1898.97698759     1.00056724        4
  1898.99741930     1.00036109        4
  1899.01785100     0.99934612        4
  1899.03828271     0.99944817        4
  1899.05871441     1.00039032        4
  1899.07914612     0.99949247        4
  1899.09957793     1.00094864        4
  1899.14044134     1.00150203        4
  1899.16087305     0.99869204        4
  1899.18130465     1.00063341        4
  1899.20173646     0.99970219        4
  1899.22216817     0.99942417        4
  1899.24259978     0.99937963        4
  1899.26303158     0.99933105        4
  1899.28346329     0.99960497        4
  1899.30389510     1.00083214        4
  1899.32432671     0.99897006        4
  1899.34475842     0.99952788        4
  1899.38562184     0.99998040        4
  1899.40605355     0.99730762        4
  1899.42648536     0.99922018        4
  1899.44691697     1.00036717        4
  1899.46734878     1.00081051        4
  1899.48778039     1.00042718        4
  1899.50821210     1.00068641        4
  1899.52864391     0.99949519        4
  1899.54907552     0.99903058        4
  1899.56950723     0.99951949        4
  1899.58993904     0.99957943        4
  1899.63080236     0.99981183        4
  1899.65123418     1.00057415        4
  1899.67166589     1.00051892        4
  1899.69209760     0.99900762        4
  1899.71252931     0.99890775        4
  1899.73296103     0.99949295        4
  1899.75339284     0.99973945        4
  1899.77382445     1.00037257        4
  1899.79425617     0.99919692        4
  1899.81468798     0.99962909        4
  1899.83511959     0.99919498        4
  1899.89641474     1.00015470        4
  1899.91684655     0.99956633        4
  1899.93727827     1.00041270        4
  1899.95770988     1.00013820        4
  1899.97814170     1.00147834        4
  1899.99857341     1.00029375        4
  1900.01900523     1.00085657        4
  1900.03943685     1.00013320        4
  1900.05986856     1.00071249        4
  1900.08030028     1.00025861        4
  1900.12116371     1.00062848        4
  1900.14159543     1.00041491        4
  1900.16202715     1.00020188        4
  1900.18245897     0.99931663        4
  1900.20289058     0.99980770        4
  1900.22332230     0.99906195        4
  1900.24375412     1.00129686        4
  1900.26418574     1.00007136        4
  1900.28461746     1.00046603        4
  1900.30504928     1.00065625        4
  1900.32548100     0.99982413        4
  1900.36634444     1.00000000        4
  1900.38677616     1.00056700        4
  1900.40720798     1.00014782        4
  1900.42763960     1.00093593        4
  1900.44807132     0.99931460        4
  1900.46850314     1.00017352        4
  1900.48893476     0.99997524        4
  1900.50936648     1.00024473        4
  1900.52979830     1.00163465        4
  1900.55022993     0.99993844        4
  1900.57066175     0.99977138        4
  1900.61152509     1.00050531        4
  1900.63195692     1.00098276        4
  1900.65238864     1.00095344        4
  1900.67282026     1.00008343        4
  1900.69325209     1.00086210        4
  1900.71368381     1.00026810        4
  1900.85670588     1.00007043        4
  1900.87713761     0.99951067        4
  1900.89756943     0.99703474        4
  1900.91800116     0.99857124        4
  1900.93843278     0.99772644        4
  1900.95886461     0.99999852        4
  1900.97929634     0.99999087        4
  1900.99972796     1.00032551        4
  1901.02015979     1.00021216        4
  1901.04059152     0.99895928        4
  1901.06102315     1.00037676        4
  1901.10188670     1.00053286        4
  1901.12231853     0.99990517        4
  1901.14275016     0.99970536        4
  1901.16318189     0.99873285        4
  1901.18361372     1.00108957        4
  1901.20404535     1.00023976        4
  1901.22447708     1.00021717        4
  1901.24490891     0.99874023        4
  1901.26534054     0.99865658        4
  1901.28577237     0.99915266        4
  1901.30620410     0.99961483        4
  1901.38793102     0.99827483        4
  1901.40836275     1.00076245        4
  1901.42879448     0.99949690        4
  1901.44922622     1.00051620        4
  1901.46965795     0.99982942        4
  1901.49008968     1.00048701        4
  1901.51052141     1.00081058        4
  1901.53095315     0.99889686        4
  1901.55138488     0.99971095        4
  1901.59224835     0.99904927        4
  1901.61268018     0.99928723        4
  1901.63311191     1.00001419        4
  1901.65354355     0.99945881        4
  1901.67397538     0.99929703        4
  1901.69440712     1.00021417        4
  1901.71483875     0.99998192        4
  1901.73527059     0.99972035        4
  1901.75570232     0.99998827        4
  1901.77613396     0.99908053        4
  1901.79656580     0.99991585        4
  1901.83742937     1.00057725        4
  1901.85786101     1.00054227        4
  1901.87829274     0.99943804        4
  1901.89872458     1.00083302        4
  1901.91915622     0.99977805        4
  1901.93958796     0.99989795        4
  1901.96001979     1.00049815        4
  1901.98045143     0.99943693        4
  1902.00088327     0.99979387        4
  1902.02131501     0.99938261        4
  1902.08261023     1.00029771        4
  1902.10304187     1.00066358        4
  1902.12347371     1.00088154        4
  1902.14390545     1.00061581        4
  1902.16433719     0.99874540        4
  1902.18476893     0.99959017        4
  1902.20520067     0.99912949        4
  1902.22563241     1.00114143        4
  1902.24606415     1.00022810        4
  1902.26649589     1.00053125        4
  1902.28692773     0.99994769        4
  1902.32779112     1.00052694        4
  1902.34822296     1.00096161        4
  1902.36865460     1.00056061        4
  1902.38908645     1.00047538        4
  1902.40951819     1.00090198        4
  1902.42994983     1.00039654        4
  1902.45038168     0.99979973        4
  1902.47081342     0.99949668        4
  1902.57297215     1.00110446        4
  1902.59340389     0.99999689        4
  1902.61383574     1.00011037        4
  1902.63426738     0.99989441        4
  1902.65469913     1.00123696        4
  1902.67513098     0.99963701        4
  1902.69556262     0.99982740        4
  1902.71599447     1.00060122        4
  1902.73642622     1.00060927        4
  1902.75685787     1.00056427        4
  1902.77728971     1.00034936        4
  1902.81815321     0.98999786        4
  1902.83858496     0.99933000        4
  1902.85901671     1.00125089        4
  1902.87944836     1.00039959        4
  1902.89988021     0.99967284        4
  1902.92031196     1.00034888        4
  1902.94074381     0.99801229        4
  1902.96117546     0.99989272        4
  1902.98160721     0.99949843        4
  1903.00203906     0.99975904        4
  1903.02247071     0.99896413        4
  1903.22678833     1.00054406        4
  1903.24722008     1.00051621        4
  1903.26765194     1.00038010        4
  1903.30851535     0.99977740        4
  1903.32894720     1.00053795        4
  1903.34937885     0.99989233        4
  1903.36981061     1.00008050        4
  1903.39024247     0.99803000        4
  1903.41067422     0.99969744        4
  1903.43110598     0.99867421        4
  1903.45153763     0.99996896        4
  1903.47196939     1.00063224        4
  1903.49240125     0.99968732        4
  1903.51283300     1.00037416        4
  1903.55369652     0.99958356        4
  1903.57412828     0.99888373        4
  1903.59455993     1.00068691        4
  1903.61499179     1.00011210        4
  1903.63542355     0.99963502        4
  1903.65585541     1.00009489        4
  1903.67628707     0.99945642        4
  1903.69671883     1.00002875        4
  1903.71715069     0.99909667        4
  1903.73758235     0.99969818        4
  1903.75801411     1.00033571        4
  1903.79887763     1.00067438        4
  1903.81930949     1.00002865        4
  1903.83974125     0.99993906        4
  1903.86017291     1.00056612        4
  1903.88060477     0.99922098        4
  1903.90103653     1.00028158        4
  1903.92146820     0.99975352        4
  1903.94190006     0.99963477        4
  1903.96233182     1.00065102        4
  1903.98276368     0.99919177        4
  1904.00319535     1.00042653        4
  1904.04405887     0.99849921        4
  1904.06449074     0.99930993        4
  1904.08492240     1.00019898        4
  1904.10535417     1.00109697        4
  1904.12578593     0.99957077        4
  1904.14621770     0.99862704        4
  1904.16664956     0.99971365        4
  1904.18708123     0.99983389        4
  1904.20751309     1.00045511        4
  1904.22794486     1.00078641        4
  1904.24837652     0.99917352        4
  1904.30967182     1.00044460        4
  1904.33010369     1.00005831        4
  1904.35053546     0.99975220        4
  1904.37096733     0.99951821        4
  1904.39139900     0.99949753        4
  1904.41183076     1.00065906        4
  1904.43226263     1.00058646        4
  1904.45269430     0.99979594        4
  1904.47312607     1.00013530        4
  1904.49355794     0.99999484        4
  1904.61614856     1.00031527        4
  1904.63658033     0.99896050        4
  1904.65701211     1.00113386        4
  1904.67744388     0.99982859        4
  1904.69787565     0.99994728        4
  1904.71830742     1.00091126        4
  1904.73873919     1.00064508        4
  1904.77960274     1.00026399        4
  1904.80003451     1.00077098        4
  1904.82046639     1.00024796        4
  1904.84089806     0.99943558        4
  1904.86132984     1.00089335        4
  1904.88176171     0.99987417        4
  1905.04521592     0.99986745        4
  1905.06564769     0.99863348        4
  1905.08607957     1.00049962        4
  1905.10651125     0.99899574        4
  1905.12694303     0.99880293        4
  1905.14737490     1.00020530        4
  1905.16780658     1.00021622        4
  1905.18823836     1.00017648        4
