  1835.65868035     1.00058059        0
  1835.67911238     1.00742028        0
  1835.80170451     0.99904831        0
  1835.82213663     1.00020198        0
  1835.84256855     0.99894671        0
  1835.86300057     1.00116828        0
  1835.88343269     0.99979808        0
  1835.90386461     0.99914902        0
  1835.92429662     0.99866661        0
  1835.94472874     1.00002180        0
  1835.96516066     1.00151819        0
  1835.98559268     0.99993704        0
  1836.00602479     0.99924313        0
  1836.02645671     1.00001670        0
  1836.04688872     1.00154115        0
  1836.06732084     1.00103237        0
  1836.08775275     1.00203447        0
  1836.10818477     0.99993189        0
  1836.12861688     0.99921567        0
  1836.14904889     1.00136917        0
  1836.16948081     1.00053932        0
  1836.18991292     1.00008448        0
  1836.21034493     1.00164699        0
  1836.23077704     1.00008000        0
  1836.25120895     0.99974733        0
  1836.27164097     1.00116616        0
  1836.31250499     1.00202826        0
  1836.33293699     1.00000745        0
  1836.35336910     0.99973077        0
  1836.37380101     1.00041138        0
  1836.39423302     0.99940550        0
  1836.41466503     0.99812361        0
  1836.43509703     0.99785080        0
  1836.45552904     0.99875487        0
  1836.47596105     1.00112707        0
  1836.49639305     1.00070302        0
  1836.51682506     1.00065848        0
  1836.53725706     1.00197119        0
  1836.55768907     1.00051369        0
  1836.57812107     1.00000000        0
  1836.59855318     0.99901381        0
  1836.61898508     1.00064530        0
  1836.63941708     0.99953353        0
  1836.65984918     0.99975727        0
  1836.68028109     1.00047728        0
  1836.70071309     0.99957760        0
  1836.72114519     1.00147860        0
  1836.74157709     0.99778587        0
  1836.76200909     0.99982018        0
  1836.78244119     1.00143443        0
  1836.80287309     0.99858844        0
  1836.82330519     1.00163168        0
  1836.84373718     1.00210367        0
  1836.86416908     1.00257098        0
  1836.88460118     1.01180366        0
  1836.90503318     1.00296428        0
  1836.92546507     1.00094350        0
  1836.94589717     1.00020035        0
  1836.96632917     1.00122455        0
  1836.98676116     1.00003059        0
  1837.00719316     0.99831971        0
  1837.02762515     1.00201446        0
  1837.08892113     1.00008640        0
  1837.10935312     0.99959824        0
  1837.12978512     1.00076476        0
  1837.15021711     0.99935588        0
  1837.17064910     0.99758177        0
  1837.19108109     1.00115512        0
  1837.21151308     1.00676028        0
  1837.23194507     0.99718623        0
  1837.25237706     0.99949684        0
  1837.27280905     0.99866342        0
  1837.29324094     0.99737909        0
  1837.31367303     1.00063050        0
  1837.33410501     1.00084963        0
  1837.35453700     1.00188083        0
  1837.37496899     1.00025907        0
  1837.39540098     0.99935107        0
  1837.41583296     0.99990423        0
  1837.43626505     0.99774389        0
  1837.45669693     1.00057405        0
  1837.47712902     1.00235814        0
  1837.49756100     1.00086696        0
  1837.51799289     1.00083268        0
  1837.53842497     1.00132482        0
  1837.55885695     0.99880605        0
  1837.57928884     0.99986286        0
  1837.59972092     1.00149321        0
  1837.62015290     1.00053648        0
  1837.64058478     0.99796027        0
  1837.66101686     0.99985078        0
  1837.68144884     1.00066982        0
  1837.70188073     1.00061738        0
  1837.72231280     1.00000833        0
  1837.74274478     1.00099372        0
  1837.76317666     0.99971020        0
  1837.78360874     0.99788008        0
  1837.80404072     1.00033563        0
  1837.82447270     0.99868111        0
  1837.84490467     0.99848883        0
  1837.86533665     1.00195099        0
  1837.88576853     0.99920662        0
  1837.90620060     0.99855461        0
  1837.92663258     0.99868279        0
  1837.94706455     1.00032982        0
  1837.96749653     1.00261948        0
  1837.98792850     1.00178329        0
  1838.00836038     0.99981490        0
  1838.02879245     0.99919670        0
  1838.04922442     0.99930861        0
  1838.06965650     0.99992283        0
  1838.09008837     1.00196037        0
  1838.11052034     1.00020154        0
  1838.13095241     0.99997178        0
  1838.15138428     0.99780697        0
  1838.17181625     1.00136330        0
  1838.19224832     1.00234850        0
  1838.21268019     1.00149833        0
  1838.23311216     0.99926924        0
  1838.27397620     0.99975223        0
  1838.29440807     0.99852177        0
  1838.31484013     1.00046090        0
  1838.33527210     1.00113737        0
  1838.35570397     1.00179681        0
  1838.37613603     0.99930265        0
  1838.39656800     0.99892670        0
  1838.41699987     0.99989748        0
  1838.43743193     0.99985449        0
  1838.45786390     0.99992857        0
  1838.47829576     0.99743265        0
  1838.49872782     0.99966535        0
  1838.51915979     0.99814320        0
  1838.53959165     0.99756496        0
  1838.56002371     0.99992704        0
  1838.58045567     1.00156800        0
  1838.60088754     0.99572676        0
  1838.62131960     1.00431623        0
  1838.64175156     1.00236481        0
  1838.66218342     1.00166246        0
  1838.68261548     0.99813752        0
  1838.70304744     0.99998106        0
  1838.72347940     0.99991717        0
  1838.74391136     0.99825600        0
  1838.76434331     0.99975204        0
  1838.78477527     1.00141771        0
  1838.80520723     0.99919640        0
  1838.82563919     1.00217977        0
  1838.84607124     0.99991725        0
  1838.86650310     0.99956400        0
  1838.88693506     0.99754760        0
  1838.90736711     1.00151370        0
  1838.92779897     1.00176772        0
  1838.94823092     1.00108066        0
  1838.96866297     0.99618104        0
  1838.98909483     1.00193413        0
  1839.07082264     1.00119768        0
  1839.09125469     0.99787301        0
  1839.11168664     0.99923602        0
  1839.13211849     1.00042793        0
  1839.15255054     0.99751545        0
  1839.17298249     1.00123488        0
  1839.19341434     1.00173409        0
  1839.21384639     1.00665487        0
  1839.23427834     1.00173516        0
  1839.25471019     1.00267881        0
  1839.27514224     1.00008277        0
  1839.29557419     1.00052887        0
  1839.31600623     1.00013323        0
  1839.33643808     0.99903236        0
  1839.35687003     0.99987410        0
  1839.37730197     0.99880319        0
  1839.39773392     0.99815654        0
  1839.41816576     0.99995007        0
  1839.43859781     1.00110205        0
  1839.45902975     0.99930315        0
  1839.47946160     0.99947979        0
  1839.49989364     0.99860078        0
  1839.52032558     1.00021723        0
  1839.54075753     0.99696298        0
  1839.56118947     0.99889303        0
  1839.58162141     0.99881743        0
  1839.60205335     1.00006710        0
  1839.62248529     1.00013430        0
  1839.64291723     0.99926578        0
  1839.66334917     1.00036707        0
  1839.72464499     0.99944826        0
  1839.74507703     0.99829797        0
  1839.76550887     0.99940953        0
  1839.78594081     0.99928662        0
  1839.80637284     0.99837235        0
  1839.82680468     0.99841156        0
  1839.84723662     0.99909935        0
  1839.86766865     1.00016642        0
  1839.88810049     0.99957402        0
  1839.90853242     1.00143054        0
  1839.92896446     0.99957014        0
  1839.94939639     0.99995362        0
  1839.96982833     0.99981452        0
  1839.99026026     0.99893081        0
  1840.01069220     1.00098799        0
  1840.31717105     0.99945421        0
  1840.33760308     1.00193440        0
  1840.35803500     1.00037032        0
  1840.37846693     0.99907333        0
  1840.39889885     0.99782168        0
  1840.41933078     1.00226785        0
  1840.43976271     0.99893427        0
  1840.46019463     0.99960531        0
  1840.48062655     0.99932577        0
  1840.50105848     1.00057022        0
  1840.52149050     1.00208010        0
  1840.54192232     1.00105503        0
  1840.56235435     0.99973758        0
  1840.58278627     0.99819766        0
  1840.60321809     1.00005018        0
  1840.62365011     1.00134009        0
  1840.64408203     0.99876703        0
  1840.66451385     1.00211156        0
  1840.68494587     1.00045356        0
  1840.70537779     1.00097672        0
  1840.74624163     1.00036133        0
  1840.76667355     1.00000088        0
  1840.78710547     0.99926981        0
  1840.80753739     1.00284136        0
  1840.82796921     1.00268214        0
  1840.84840122     0.99942211        0
  1840.86883314     1.00056561        0
  1840.88926506     0.99993947        0
  1840.90969687     0.99955464        0
  1840.93012889     0.99964593        0
  1840.95056080     1.00160486        0
  1840.97099262     1.00068707        0
  1840.99142463     0.99927668        0
  1872.00674874     1.00253809        1
  1872.02718033     0.99990066        1
  1872.04761192     0.99966679        1
  1872.06804351     0.99926833        1
  1872.08847511     0.99914048        1
  1872.10890670     0.99970996        1
  1872.12933839     1.00114231        1
  1872.17020147     1.00007573        1
  1872.19063317     0.99977014        1
  1872.21106476     1.00014569        1
  1872.23149625     0.99914562        1
  1872.25192794     1.00002133        1
  1872.27235953     1.00154555        1
  1872.29279103     1.00009798        1
  1872.31322272     1.00008602        1
  1872.33365431     1.00066315        1
  1872.35408580     0.99906175        1
  1872.37451749     0.99977121        1
  1872.41538078     0.99943153        1
  1872.43581227     1.00051436        1
  1872.45624386     0.99976967        1
  1872.47667555     1.00066060        1
  1872.49710704     1.00116962        1
  1872.51753863     0.99876152        1
  1872.53797032     1.00138921        1
  1872.55840182     0.99970662        1
  1872.57883341     0.99902431        1
  1872.59926510     0.99897313        1
  1872.61969659     1.00106749        1
  1872.66055987     0.99946552        1
  1872.68099136     0.99967110        1
  1872.70142306     0.99914708        1
  1872.72185465     0.99991172        1
  1872.74228614     0.99851241        1
  1872.76271783     1.00084127        1
  1872.78314942     0.99849189        1
  1872.80358091     1.00153343        1
  1872.82401260     1.00115070        1
  1872.84444419     1.00027195        1
  1872.86487568     0.99963870        1
  1872.90573897     1.00005300        1
  1872.92617046     1.00001744        1
  1872.94660215     1.00009470        1
  1872.96703374     0.99862288        1
  1872.98746543     1.00105105        1
  1873.00789692     1.00083107        1
  1873.02832851     1.00054271        1
  1873.04876020     0.99989742        1
  1873.06919169     1.00081878        1
  1873.08962329     0.99964999        1
  1873.15091806     1.00104608        1
  1873.17134975     1.00080374        1
  1873.19178134     1.00267810        1
  1873.21221293     0.99986508        1
  1873.23264452     0.99972324        1
  1873.25307611     1.00027236        1
  1873.27350770     1.00057725        1
  1873.29393929     0.99924983        1
  1873.31437088     1.00002492        1
  1873.33480247     1.00024149        1
  1873.35523407     0.99906611        1
  1873.39609725     0.99581213        1
  1873.41652884     0.99835326        1
  1873.43696033     0.99967365        1
  1873.45739202     0.99950223        1
  1873.47782361     0.99963083        1
  1873.49825530     0.99828892        1
  1873.51868679     0.99762145        1
  1873.53911838     0.99951277        1
  1873.55955007     1.00067382        1
  1873.57998156     0.99984947        1
  1873.60041315     1.00095443        1
  1873.74343439     0.99889224        1
  1873.76386598     1.00074220        1
  1873.78429757     0.99921012        1
  1873.80472916     1.00093187        1
  1873.82516075     0.99980517        1
  1873.84559244     0.99921640        1
  1873.88645552     0.99980390        1
  1873.90688721     1.00083056        1
  1873.92731870     0.99740343        1
  1873.94775029     0.99901280        1
  1873.96818198     0.99759923        1
  1873.98861347     0.99777841        1
  1874.00904516     1.00116789        1
  1874.02947665     0.99869548        1
  1874.04990824     1.00052553        1
  1874.07033993     0.99868790        1
  1874.09077142     0.99883134        1
  1874.23379256     1.00053146        1
  1874.25422425     0.99894070        1
  1874.27465584     1.00040747        1
  1874.29508743     1.00136393        1
  1874.31551902     0.99998656        1
  1874.33595061     0.99989091        1
  1874.37681379     0.99971889        1
  1874.39724538     1.00031697        1
  1874.41767707     0.99912432        1
  1874.43810856     1.00100258        1
  1874.45854015     1.00038589        1
  1874.47897184     0.99891153        1
  1874.49940333     1.00435275        1
  1874.51983502     1.00121663        1
  1874.54026661     1.00081938        1
  1874.56069810     1.00014500        1
  1874.58112979     0.99867894        1
  1874.62199287     0.99952003        1
  1874.64242456     0.99971237        1
  1874.66285615     0.99938670        1
  1874.68328774     0.99988317        1
  1874.70371933     0.99975465        1
  1874.72415092     1.00033393        1
  1874.74458241     1.00046648        1
  1874.76501410     1.00023735        1
  1874.78544569     1.00122875        1
  1874.80587728     0.99966964        1
  1874.86717215     1.00039672        1
  1874.88760365     0.99891891        1
  1874.90803524     1.00045637        1
  1874.92846693     1.00105937        1
  1874.94889842     0.99938358        1
  1874.96933001     0.99948313        1
  1874.98976170     1.00033248        1
  1875.01019319     1.00015685        1
  1875.03062488     0.99963446        1
  1875.11235124     1.00116797        1
  1875.13278273     1.00139409        1
  1875.15321442     1.00124686        1
  1875.17364601     1.00005258        1
  1875.19407760     0.99895265        1
  1875.21450919     1.00071098        1
  1875.23494078     1.00084597        1
  1875.25537247     1.00057618        1
  1875.35753032     1.00151659        1
  1875.37796201     0.99758140        1
  1875.39839350     0.99884096        1
  1875.41882510     0.99855601        1
  1875.43925679     0.99944727        1
  1875.45968828     0.99956886        1
  1875.48011987     1.00184348        1
  1875.50055156     1.00004280        1
  1875.52098305     1.00022607        1
  1875.54141474     1.00057515        1
  1875.56184633     1.00219466        1
  1875.60270951     1.00269894        1
  1875.62314110     1.00187749        1
  1875.64357259     1.00008350        1
  1875.66400428     0.99978489        1
  1875.68443587     0.99960974        1
  1875.70486746     1.00020389        1
  1875.72529905     1.00354511        1
  1875.74573064     1.00036918        1
  1875.76616234     1.00296224        1
  1875.78659383     0.99900814        1
  1875.80702542     1.00052089        1
  1875.84788870     0.99849712        1
  1875.86832019     1.00037804        1
  1875.88875188     0.99974675        1
  1875.90918347     0.99976064        1
  1875.92961496     1.00024880        1
  1875.95004665     1.00063786        1
  1875.97047824     1.00031432        1
  1875.99090993     1.00037700        1
  1876.01134142     1.00027634        1
  1876.09306779     0.99933633        1
  1876.11349938     0.99900267        1
  1876.13393097     0.99964629        1
  1876.15436246     0.99908868        1
  1876.17479415     1.00006823        1
  1876.19522574     1.00084944        1
  1876.21565733     1.00122486        1
  1876.23608893     1.00049103        1
  1876.25652052     1.00030913        1
  1876.33824698     1.00155253        1
  1876.35867857     0.99986352        1
  1876.37911006     1.00091605        1
  1876.39954175     1.00111425        1
  1876.41997335     1.00205184        1
  1876.44040484     1.00074099        1
  1876.46083653     0.99954048        1
  1876.48126812     1.00111484        1
  1876.50169981     1.00039756        1
  1876.52213130     0.99953263        1
  1876.54256289     1.00057291        1
  1876.58342608     0.99897407        1
  1876.60385767     1.00229753        1
  1876.62428936     1.00035189        1
  1876.64472085     0.99888094        1
  1876.66515244     0.99855800        1
  1876.82860518     0.99971524        1
  1876.84903687     0.99934072        1
  1876.86946836     0.99990854        1
  1876.88989995     1.00129337        1
  1876.91033164     1.00048947        1
  1876.93076324     1.00004914        1
  1877.07378448     0.99944327        1
  1877.09421597     0.99956327        1
  1877.11464756     1.00077761        1
  1877.13507926     1.00116888        1
  1877.15551075     1.00062298        1
  1877.17594234     1.00001173        1
  1877.19637403     0.99937617        1
  1877.21680552     1.00384521        1
  1877.23723722     0.99992870        1
  1877.25766881     1.00016714        1
  1877.27810030     0.99985218        1
  1877.31896359     0.99961018        1
  1877.33939518     0.99947108        1
  1877.35982677     0.99695399        1
  1877.38025836     1.00105728        1
  1877.40068996     1.00128266        1
  1877.42112155     1.00113525        1
  1877.44155314     1.00077018        1
  1877.46198473     1.00096262        1
  1877.48241633     0.99946678        1
  1877.50284792     0.99962906        1
  1877.52327951     0.99842212        1
  1877.56414270     0.99980359        1
  1877.58457439     1.00058004        1
  1877.60500588     0.99868704        1
  1877.62543748     0.99690752        1
  1877.64586917     0.99986928        1
  1877.66630066     1.00221730        1
  1877.68673236     1.00003406        1
  1877.70716395     1.00002829        1
  1877.72759544     1.00020076        1
  1877.74802714     1.00079093        1
  1877.76845873     1.00226007        1
  1877.80932192     0.99854437        1
  1877.82975351     0.99791976        1
  1877.85018500     0.99961854        1
  1877.87061670     1.00038553        1
  1877.89104829     1.00101172        1
  1877.91147988     0.99997114        1
  1877.93191148     0.99937218        1
  1877.95234307     1.00090721        1
  1877.97277476     1.00025384        1
  1877.99320636     0.99947645        1
  1878.01363785     0.99904232        1
  1878.05450114     1.00020296        1
  1878.07493263     1.00040238        1
  1878.09536432     0.99922855        1
  1878.11579592     0.99954151        1
  1878.13622741     0.99933293        1
  1878.15665911     0.99851592        1
  1878.17709060     1.00063361        1
  1878.19752229     0.99994869        1
  1878.21795389     0.99821493        1
  1878.23838538     0.99912598        1
  1878.25881708     0.99944962        1
  1878.29968017     1.00006876        1
  1878.32011186     1.00071439        1
  1878.34054345     0.99990277        1
  1878.36097495     1.00464947        1
  1878.38140664     1.00137280        1
  1878.40183824     0.99970112        1
  1878.42226993     0.99915636        1
  1878.44270143     0.99878433        1
  1878.46313302     0.99952775        1
  1878.48356472     0.99928013        1
  1878.54485950     1.00000930        1
  1878.56529109     1.00176286        1
  1878.58572259     0.99955294        1
  1878.60615428     0.99957788        1
  1878.62658588     1.00005318        1
  1878.64701747     0.99934773        1
  1878.66744907     1.00230332        1
  1878.68788066     0.99987478        1
  1878.70831236     0.99897303        1
  1878.72874385     0.99980428        1
  1878.74917545     0.99925663        1
  1878.79003864     0.99990462        1
  1878.81047024     0.99930312        1
  1878.83090183     1.00017016        1
  1878.85133343     1.00004472        1
  1878.87176512     1.00054605        1
  1878.89219662     1.00110562        1
  1878.91262821     0.99953760        1
  1878.93305991     0.99942264        1
  1878.95349140     0.99950304        1
  1878.97392300     0.99975502        1
  1878.99435470     1.00020502        1
  1879.07608108     0.99925898        1
  1879.09651268     1.00118033        1
  1879.11694427     0.99975727        1
  1879.13737587     0.99909177        1
  1879.15780746     1.00133399        1
  1879.17823906     0.99982473        1
  1879.19867066     1.00052223        1
  1879.21910235     1.00061599        1
  1879.23953385     1.00111315        1
  1879.30082864     0.99979121        1
  1879.32126034     0.99976847        1
  1879.34169193     0.99937434        1
  1879.36212343     1.00050215        1
  1879.38255513     0.99979514        1
  1879.40298672     1.00053744        1
  1879.42341822     0.99991850        1
  1879.44384992     0.99906608        1
  1879.46428151     1.00039146        1
  1879.48471301     1.00265776        1
  1879.52557621     1.00303201        1
  1879.54600790     0.99904253        1
  1879.56643950     1.00091378        1
  1879.58687110     0.99949130        1
  1879.60730270     0.99911356        1
  1879.62773429     1.00099616        1
  1879.64816589     0.99924983        1
  1879.66859749     0.99863305        1
  1879.68902909     0.99850051        1
  1879.70946068     0.99917686        1
  1879.72989228     1.00062908        1
  1879.77075558     1.00052791        1
  1879.79118717     1.00132969        1
  1879.81161867     0.99919049        1
  1879.83205037     1.00072055        1
  1879.85248197     1.00000000        1
  1879.87291347     1.00052597        1
  1879.89334517     0.99974289        1
  1879.91377676     0.99895267        1
  1879.93420826     1.00067507        1
  1879.95463996     1.00148923        1
  1879.97507156     1.00008714        1
  1880.01593476     1.00036316        2
  1880.03636636     0.99945112        2
  1880.05679805     0.99933903        2
  1880.07722955     0.99882597        2
  1880.09766115     1.00018265        2
  1880.11809275     1.00150158        2
  1880.13852435     0.99973190        2
  1880.15895595     0.99827227        2
  1880.17938765     0.99861077        2
  1880.19981915     0.99781783        2
  1880.22025085     0.99985441        2
  1880.26111395     0.99869698        2
  1880.28154565     0.99965719        2
  1880.30197724     0.99962359        2
  1880.32240874     0.99875536        2
  1880.34284044     1.00023268        2
  1880.36327204     1.00097686        2
  1880.38370354     0.99915192        2
  1880.40413524     1.00049824        2
  1880.42456684     0.99939194        2
  1880.44499854     0.99999287        2
  1880.50629334     1.00142254        2
  1880.52672484     1.00028682        2
  1880.54715644     0.99953172        2
  1880.56758815     1.00020328        2
  1880.58801965     1.00089001        2
  1880.60845125     0.99941545        2
  1880.62888295     1.00258326        2
  1880.64931445     1.00117434        2
  1880.66974615     1.00095572        2
  1880.75147255     0.99991224        2
  1880.77190415     0.99979134        2
  1880.79233575     0.99914161        2
  1880.81276736     1.00052789        2
  1880.83319896     1.00049191        2
  1880.85363056     0.99908636        2
  1880.87406216     1.00018794        2
  1880.89449376     1.00059702        2
  1880.91492536     1.00142806        2
  1880.93535696     1.00130705        2
  1880.95578867     1.00048143        2
  1880.99665177     1.00047539        2
  1881.01708347     0.99923006        2
  1881.03751497     0.99983375        2
  1881.05794658     1.00056715        2
  1881.07837828     1.00067161        2
  1881.09880978     0.99899042        2
  1881.11924148     0.99807565        2
  1881.13967309     0.99945103        2
  1881.16010459     0.99904110        2
  1881.18053629     1.00021103        2
  1881.20096789     1.00047065        2
  1881.24183110     1.00264588        2
  1881.26226270     1.00114142        2
  1881.28269431     1.00005930        2
  1881.30312591     1.00069573        2
  1881.32355751     0.99980245        2
  1881.34398921     1.00036711        2
  1881.36442072     1.00085858        2
  1881.38485232     1.00065512        2
  1881.40528402     0.99928805        2
  1881.42571563     0.99909258        2
  1881.44614713     1.00058073        2
  1881.48701034     1.00231869        2
  1881.50744204     1.00131790        2
  1881.52787365     0.99941774        2
  1881.54830525     1.00074228        2
  1881.56873686     0.99959893        2
  1881.58916846     0.99904315        2
  1881.60959996     1.00038993        2
  1881.63003167     1.00076642        2
  1881.65046327     1.00071533        2
  1881.67089478     0.99961316        2
  1881.69132648     0.99979613        2
  1881.73218979     1.00001269        2
  1881.75262130     1.00023299        2
  1881.77305290     1.00007262        2
  1881.79348461     1.00012014        2
  1881.81391611     0.99955106        2
  1881.83434772     1.00040602        2
  1881.85477942     1.00003281        2
  1881.87521093     0.99909209        2
  1881.89564253     0.99929826        2
  1881.91607424     0.99967893        2
  1881.93650584     0.99995966        2
  1881.97736905     0.99956500        2
  1881.99780066     0.99930822        2
  1882.01823227     0.99913696        2
  1882.03866387     0.99983732        2
  1882.05909548     0.99956560        2
  1882.07952718     0.99851487        2
  1882.09995869     1.00025653        2
  1882.12039030     1.00121864        2
  1882.14082200     1.00069327        2
  1882.16125351     1.00021096        2
  1882.22254833     1.00145200        2
  1882.24298004     1.00189632        2
  1882.26341154     1.00082414        2
  1882.28384315     0.99989931        2
  1882.30427486     0.99959675        2
  1882.32470636     1.00028839        2
  1882.34513807     0.99963575        2
  1882.36556968     1.00012492        2
  1882.38600119     0.99969035        2
  1882.46772772     0.99997209        2
  1882.48815933     0.99945763        2
  1882.50859093     1.00055163        2
  1882.52902254     1.00014538        2
  1882.54945415     1.00037513        2
  1882.56988586     1.00012956        2
  1882.77420195     1.00163891        2
  1882.79463366     1.00104936        2
  1882.81506516     1.00033917        2
  1882.83549677     0.99996379        2
  1882.85592848     1.00044321        2
  1882.87635999     1.00085708        2
  1882.89679150     1.00043829        2
  1882.91722321     1.00074161        2
  1883.01938136     1.00134827        2
  1883.03981287     1.00116433        2
  1883.06024449     0.99945724        2
  1883.08067620     1.00077041        2
  1883.10110781     1.00005249        2
  1883.12153932     1.00070299        2
  1883.14197103     1.00050072        2
  1883.16240264     0.99985930        2
  1883.20326586     0.99947696        2
  1883.22369747     0.99914943        2
  1883.24412918     0.99819750        2
  1883.26456070     0.99787447        2
  1883.28499231     0.99966208        2
  1883.30542402     1.00145692        2
  1883.32585553     1.00205834        2
  1883.34628714     1.00118908        2
  1883.36671885     0.99888933        2
  1883.38715037     0.99929500        2
  1883.40758208     0.99932115        2
  1883.44844520     1.00055261        2
  1883.46887692     1.00007198        2
  1883.48930853     0.99947105        2
  1883.50974004     0.99876419        2
  1883.53017175     0.99838292        2
  1883.55060327     0.99976360        2
  1883.57103498     0.99925252        2
  1883.59146659     1.00073222        2
  1883.61189811     1.00853967        2
  1883.63232982     1.00001453        2
  1883.65276143     0.99917974        2
  1883.69362466     0.99868043        2
  1883.71405627     1.00064096        2
  1883.73448789     1.00036980        2
  1883.75491950     0.99800123        2
  1883.77535112     1.00010761        2
  1883.79578283     0.99908747        2
  1883.81621445     0.99895296        2
  1883.83664596     0.99884339        2
  1883.85707767     0.99929712        2
  1883.87750929     0.99931026        2
  1883.89794080     1.00004634        2
  1883.97966736     0.99976900        2
  1884.00009898     0.99908013        2
  1884.02053069     0.99925004        2
  1884.04096221     1.00002612        2
  1884.06139382     1.00158694        2
  1884.08182554     0.99963023        2
  1884.10225706     0.99914739        2
  1884.12268867     0.99919105        2
  1884.14312039     0.99905388        2
  1884.20441514     0.99943341        2
  1884.22484675     0.99972640        2
  1884.24527847     1.00247604        2
  1884.26570999     1.00044619        2
  1884.28614160     1.00079273        2
  1884.30657332     1.00029238        2
  1884.32700494     1.00063787        2
  1884.34743645     1.00074908        2
  1884.36786817     1.00081061        2
  1884.38829979     0.99971276        2
  1884.42916302     1.00056124        2
  1884.44959464     1.00150626        2
  1884.47002636     1.00139967        2
  1884.49045788     0.99961007        2
  1884.51088949     1.00071297        2
  1884.53132121     1.00017446        2
  1884.55175273     1.00014152        2
  1884.57218435     0.99793961        2
  1884.59261607     1.00067135        2
  1884.61304759     0.99846557        2
  1884.63347930     0.99981616        2
  1884.67434244     0.99956068        2
  1884.69477416     0.99981649        2
  1884.71520578     0.99808569        2
  1884.73563740     1.00027515        2
  1884.75606902     0.99971910        2
  1884.77650064     0.99963035        2
  1884.79693226     0.99977464        2
  1884.81736388     0.99896799        2
  1884.83779550     0.99992505        2
  1884.85822712     1.00000000        2
  1884.91952198     1.00048675        2
  1884.93995360     1.00047126        2
  1884.96038522     1.00015146        2
  1884.98081694     0.99918755        2
  1885.00124846     0.99981279        2
  1885.02168018     1.00082521        2
  1885.04211180     1.00053782        2
  1885.06254332     0.99939723        2
  1885.08297504     0.99994691        2
  1885.10340667     0.99952516        2
  1885.12383819     0.99912982        2
  1885.16470153     0.99120349        2
  1885.18513305     0.99850905        2
  1885.20556477     1.00074534        2
  1885.22599640     0.99997305        2
  1885.24642812     1.00278534        2
  1885.26685964     0.99983073        2
  1885.28729126     0.99917410        2
  1885.30772299     0.99996011        2
  1885.32815451     0.99955510        2
  1885.34858613     1.00041942        2
  1885.36901785     1.00089640        2
  1885.40988100     0.99889541        2
  1885.43031272     0.99884883        2
  1885.45074435     0.99970050        2
  1885.47117597     0.99915200        2
  1885.49160759     1.00265636        2
  1885.51203922     1.00099511        2
  1885.53247084     1.00184941        2
  1885.55290247     1.00046610        2
  1885.57333399     0.99949611        2
  1885.59376571     0.99908710        2
  1885.61419734     1.00022885        2
  1885.65506059     1.00123706        2
  1885.67549221     0.99985717        2
  1885.69592394     1.00046801        2
  1885.71635546     0.99862243        2
  1885.73678709     1.00091660        2
  1885.75721881     1.00172403        2
  1885.77765034     1.00046570        2
  1885.79808196     0.99920026        2
  1885.81851369     0.99986538        2
  1885.83894522     0.99897644        2
  1885.85937694     0.99988679        2
  1885.90024009     1.00033407        2
  1885.92067182     1.00042437        2
  1885.94110345     0.99764395        2
  1885.96153507     0.99961726        2
  1885.98196670     0.99995270        2
  1886.00239833     1.00054433        2
  1886.02282995     0.99944492        2
  1886.04326158     0.99830359        2
  1886.06369321     0.99967270        2
  1886.08412494     0.99876398        2
  1886.10455656     0.99820116        2
  1886.18628297     1.00015786        2
  1886.20671470     1.00023077        2
  1886.22714623     1.00056265        2
  1886.24757796     0.99982720        2
  1886.26800959     1.00111331        2
  1886.28844112     1.00063781        2
  1886.30887284     1.00063806        2
  1886.32930447     0.99980102        2
  1886.34973600     0.99905224        2
  1886.39059936     0.99983443        2
  1886.41103089     0.99985944        2
  1886.43146262     0.99966603        2
  1886.45189425     1.00089417        2
  1886.47232598     1.00086994        2
  1886.49275751     0.99895002        2
  1886.51318914     0.99886527        2
  1886.53362087     0.99986332        2
  1886.63577902     1.00001182        2
  1886.65621065     0.99975372        2
  1886.67664229     0.99956416        2
  1886.69707392     1.00116136        2
  1886.71750555     0.99929127        2
  1886.73793718     0.99921496        2
  1886.75836891     1.00014739        2
  1886.88095861     1.00116044        2
  1886.90139024     1.00103217        2
  1886.92182197     1.00114071        2
  1886.94225350     1.00000003        2
  1886.96268514     1.00117853        2
  1886.98311687     1.00070243        2
  1887.00354840     0.99930906        2
  1887.12613831     1.00173325        2
  1887.14656994     0.99981381        2
  1887.16700158     0.99750542        2
  1887.18743321     0.99856436        2
  1887.20786485     0.99917067        2
  1887.22829648     1.00049348        2
  1887.24872822     1.00071658        2
  1887.26915975     1.00309917        2
  1887.28959139     1.00045631        2
  1887.31002312     0.99973982        2
  1887.33045476     1.00085480        2
  1887.37131803     0.99893264        2
  1887.39174967     0.99888441        2
  1887.41218120     0.99954921        2
  1887.43261294     0.99971863        2
  1887.45304457     0.99857130        2
  1887.47347621     1.00086254        2
  1887.49390785     1.00177314        2
  1887.51433949     1.00274724        2
  1887.53477122     1.00109901        2
  1887.55520276     1.00162283        2
  1887.57563440     1.00049486        2
  1887.61649767     1.00006334        2
  1887.63692941     0.99949301        2
  1887.65736095     1.00082064        2
  1887.67779259     1.00074915        2
  1887.69822432     0.99970705        2
  1887.71865586     1.00050512        2
  1887.73908750     1.00049655        2
  1887.75951924     1.00140771        2
  1887.77995078     0.99904703        2
  1887.86167744     1.00072526        2
  1887.88210908     1.00111724        2
  1887.90254072     0.99994140        2
  1887.92297236     1.00005332        2
  1887.94340400     1.00035361        2
  1887.96383564     0.99927779        2
  1887.98426738     0.99890919        2
  1891.04901597     1.00138159        3
  1891.06944763     1.00025163        3
  1891.08987940     0.99934871        3
  1891.11031097     1.00079320        3
  1891.13074263     0.99855351        3
  1891.15117440     0.99983410        3
  1891.17160596     1.00020575        3
  1891.19203773     1.00175768        3
  1891.21246940     1.00099358        3
  1891.23290097     1.00047617        3
  1891.29419597     0.99975625        3
  1891.33505940     0.99730469        3
  1891.35549117     1.00066405        3
  1891.37592274     1.00064121        3
  1891.39635441     0.99963883        3
  1891.41678618     0.99908404        3
  1891.43721775     0.99872766        3
  1891.45764942     1.00027232        3
  1891.47808119     1.00020819        3
  1891.49851286     1.00018698        3
  1891.53937620     1.00000000        3
  1891.55980777     0.99938807        3
  1891.58023954     1.00035011        3
  1891.60067121     0.99881339        3
  1891.62110278     0.99921402        3
  1891.64153455     0.99880566        3
  1891.66196622     0.99981302        3
  1891.68239779     1.00187340        3
  1891.70282956     0.99953482        3
  1891.72326123     1.00009130        3
  1891.74369300     0.99959277        3
  1891.78455625     0.99923651        3
  1891.80498802     1.00009455        3
  1891.82541959     1.00092153        3
  1891.84585127     0.99876002        3
  1891.86628304     1.00081541        3
  1891.88671461     1.00070353        3
  1891.90714629     0.99967506        3
  1891.92757806     0.99976931        3
  1891.94800963     1.00040791        3
  1891.96844141     0.99907258        3
  1891.98887308     1.00023553        3
  1892.02973643     0.99962119        3
  1892.05016811     1.00053211        3
  1892.07059978     0.99961686        3
  1892.09103146     1.00046227        3
  1892.11146313     0.99987584        3
  1892.13189491     0.99945394        3
  1892.15232658     0.99926660        3
  1892.17275816     1.00062040        3
  1892.19318993     0.99947636        3
  1892.21362151     1.00013843        3
  1892.23405319     1.00020220        3
  1892.27491654     1.00077383        3
  1892.29534832     1.00101001        3
  1892.31577999     1.00029904        3
  1892.33621157     0.99998959        3
  1892.35664335     0.99923276        3
  1892.37707503     1.00021575        3
  1892.39750661     1.00097343        3
  1892.41793838     1.00020938        3
  1892.43837006     0.99967242        3
  1892.45880164     0.99928018        3
  1892.52009688     1.00057616        3
  1892.54052846     0.99980798        3
  1892.56096014     0.99947990        3
  1892.58139192     1.00013598        3
  1892.60182350     1.00036418        3
  1892.62225518     0.99895263        3
  1892.64268696     1.00033000        3
  1892.66311864     1.00045570        3
  1892.82657209     1.00204986        3
  1892.84700377     1.00103327        3
  1892.86743556     0.99959144        3
  1892.88786714     0.99927958        3
  1892.90829892     1.00030402        3
  1892.92873050     0.99952131        3
  1892.94916219     0.99981228        3
  1892.96959397     1.00052822        3
  1893.01045724     0.99749379        3
  1893.03088902     1.00069100        3
  1893.05132061     0.99988433        3
  1893.07175239     0.99895754        3
  1893.09218408     0.99969369        3
  1893.11261566     0.99834818        3
  1893.13304745     1.00078597        3
  1893.15347913     1.00064801        3
  1893.17391072     1.00110100        3
  1893.19434251     1.00188764        3
  1893.21477419     1.00010387        3
  1893.31693263     0.99959596        3
  1893.33736431     1.00152341        3
  1893.35779610     0.99961139        3
  1893.37822779     0.99998129        3
  1893.39865938     0.99975824        3
  1893.41909116     1.00086869        3
  1893.43952285     1.00044201        3
  1893.45995464     0.99978223        3
  1893.50081792     1.00090319        3
  1893.52124971     1.00076851        3
  1893.54168130     0.99944008        3
  1893.56211289     1.00030868        3
  1893.58254468     1.00012903        3
  1893.60297637     0.99868379        3
  1893.62340816     1.00134487        3
  1893.64383975     1.00046906        3
  1893.66427144     0.99941594        3
  1893.68470323     1.00061891        3
  1893.70513482     1.00029340        3
  1893.74599830     0.99950696        3
  1893.76642990     0.99987548        3
  1893.78686159     0.99977100        3
  1893.80729338     0.99989013        3
  1893.82772497     1.00022066        3
  1893.84815676     1.00000890        3
  1893.86858846     1.00073582        3
  1893.88902015     1.00230413        3
  1893.90945184     1.00044873        3
  1893.92988354     1.00117437        3
  1894.03204211     1.00028001        3
  1894.05247370     1.00061033        3
  1894.07290550     0.99854799        3
  1894.09333719     0.99865782        3
  1894.11376879     0.99959939        3
  1894.13420058     0.99954126        3
  1894.15463228     0.99971909        3
  1894.17506398     0.99930132        3
  1894.19549567     0.99949205        3
  1894.23635906     1.00032496        3
  1894.25679076     1.00029862        3
  1894.27722236     1.00023678        3
  1894.29765416     0.99942325        3
  1894.31808585     0.99975230        3
  1894.33851745     0.99907401        3
  1894.35894925     0.99987522        3
  1894.37938095     0.99924167        3
  1894.39981275     0.99992558        3
  1894.42024434     0.99843921        3
  1894.44067604     0.99874533        3
  1894.48153944     0.99917351        3
  1894.50197114     0.99955884        3
  1894.52240294     0.99922909        3
  1894.54283464     1.00020135        3
  1894.56326634     1.00038417        3
  1894.58369804     0.99849886        3
  1894.60412974     1.00000559        3
  1894.62456144     1.00027703        3
  1894.72671995     0.99991244        3
  1894.74715175     0.99890494        3
  1894.76758336     1.00081767        3
  1894.78801516     0.99972363        3
  1894.80844686     0.99952449        3
  1894.82887846     1.00053937        3
  1894.84931027     0.99928719        3
  1894.86974187     1.00031929        3
  1894.97190049     0.99613816        3
  1894.99233210     1.00015457        3
  1895.01276390     0.99919924        3
  1895.03319561     1.00014515        3
  1895.05362731     0.99913990        3
  1895.07405902     1.00034129        3
  1895.09449072     0.99973472        3
  1895.11492253     0.99866815        3
  1895.13535414     0.99918394        3
  1895.15578584     0.99871975        3
  1895.17621765     0.99973243        3
  1895.21708096     0.99956012        3
  1895.23751277     1.00144691        3
  1895.25794448     1.00027079        3
  1895.27837609     1.00096391        3
  1895.29880790     1.00052918        3
  1895.31923960     0.99976432        3
  1895.33967141     1.00025143        3
  1895.36010302     1.00120489        3
  1895.38053473     1.00096913        3
  1895.40096654     1.00058602        3
  1895.42139815     1.00078354        3
  1895.46226167     0.99933474        3
  1895.48269328     0.99939888        3
  1895.50312509     1.00085341        3
  1895.52355670     1.00199382        3
  1895.54398841     1.00128964        3
  1895.56442022     1.00043288        3
  1895.58485184     0.99837314        3
  1895.60528355     1.00000711        3
  1895.62571536     0.99854344        3
  1895.64614697     1.00010144        3
  1895.66657878     0.99974406        3
  1895.70744221     0.99940712        3
  1895.72787392     0.99962227        3
  1895.74830563     1.00981119        3
  1895.76873735     0.99939982        3
  1895.78916906     0.99994368        3
  1895.80960078     1.00083364        3
  1895.83003249     1.00110697        3
  1895.85046430     1.00009006        3
  1895.87089592     0.99858010        3
  1895.89132773     1.00058643        3
  1895.91175945     0.99884719        3
  1895.97305460     1.00067709        3
  1895.99348621     0.99953268        3
  1896.01391803     0.99902159        3
  1896.03434975     0.99906697        3
  1896.05478156     0.99978645        3
  1896.07521318     1.00226157        3
  1896.09564490     1.00183225        3
  1896.11607661     1.00050663        3
  1896.13650833     1.00032437        3
  1896.15694005     0.99959073        3
  1896.19780349     1.00137992        3
  1896.21823530     0.99990934        3
  1896.23866692     0.99972528        3
  1896.25909864     0.99956686        3
  1896.27953046     1.00062575        3
  1896.29996208     1.00066594        3
  1896.32039380     1.00083138        3
  1896.34082562     0.99949926        3
  1896.36125724     0.99965654        3
  1896.38168896     0.99824748        3
  1896.50427939     0.99952508        3
  1896.52471111     1.00076266        3
  1896.54514284     1.00030322        3
  1896.56557466     1.00072810        3
  1896.58600628     1.00012903        3
  1896.60643810     1.00015588        3
  1896.62686983     1.00054820        3
  1896.64730145     0.99997936        3
  1896.68816500     0.99871580        3
  1896.70859662     1.00085377        3
  1896.72902845     0.99962354        3
  1896.74946017     1.00063077        3
  1896.76989190     1.00056659        3
  1896.79032362     1.00032705        3
  1896.81075535     1.00092348        3
  1896.83118708     1.00020170        3
  1896.85161880     0.99923600        3
  1896.87205053     1.00048819        3
  1896.89248225     0.99881066        3
  1896.93334571     0.99955432        3
  1896.95377744     1.00109428        3
  1896.97420916     1.00001580        3
  1896.99464099     1.00004441        3
  1897.01507262     1.00000543        3
  1897.03550435     1.00087029        3
  1897.05593618     1.00115524        3
  1897.07636791     0.99863971        3
  1897.09679953     0.99941175        3
  1897.11723136     0.99937593        3
  1897.13766309     0.99864011        3
  1897.17852655     0.99963106        3
  1897.19895828     0.99948921        3
  1897.21939011     1.00040821        3
  1897.23982174     0.99957085        3
  1897.26025348     1.00002230        3
  1897.28068531     0.99878435        3
  1897.30111694     0.99934440        3
  1897.32154877     0.99989134        3
  1897.34198050     1.00016490        3
  1897.36241213     1.00122986        3
  1897.38284397     1.00041930        3
  1897.42370733     0.99727873        3
  1897.44413917     1.00002502        3
  1897.46457090     1.00040064        3
  1897.48500273     0.99965583        3
  1897.50543437     0.99937685        3
  1897.52586600     1.00048081        3
  1897.54629784     0.99893405        3
  1897.56672957     0.99922779        3
  1897.58716131     0.99903261        3
  1897.60759304     0.99932081        3
  1897.62802478     0.99945909        3
  1897.75061519     0.99884148        3
  1897.77104703     0.99929886        3
  1897.79147877     1.00174840        3
  1897.81191041     0.99861349        3
  1897.83234224     1.00107964        3
  1897.85277398     0.99923551        3
  1897.87320582     0.99996022        3
  1897.91406920     0.99994557        3
  1897.93450104     1.00075068        3
  1897.95493268     1.00013937        3
  1897.97536442     1.00101227        3
  1897.99579626     1.00073679        3
  1898.01622790     0.99979806        4
  1898.03665974     0.99987699        4
  1898.05709148     0.99998783        4
  1898.07752312     0.99985432        4
  1898.09795496     0.99809068        4
  1898.11838670     1.00035330        4
  1898.15925019     1.00054402        4
  1898.17968183     1.00047233        4
  1898.20011367     1.00029309        4
  1898.22054542     0.99969957        4
  1898.24097706     0.99934026        4
  1898.26140890     0.99899564        4
  1898.28184065     0.99937480        4
  1898.30227239     0.99973088        4
  1898.32270413     1.00016022        4
  1898.34313588     0.99967465        4
  1898.40443111     1.00171198        4
  1898.42486296     1.00024884        4
  1898.44529470     1.00108961        4
  1898.46572635     1.00072940        4
  1898.48615820     1.00080261        4
  1898.50658994     1.00103858        4
  1898.52702159     1.00010275        4
  1898.54745344     1.00035105        4
  1898.56788518     1.00087959        4
  1898.58831703     0.99964662        4
  1898.60874868     0.99975697        4
  1898.64961227     1.00139923        4
  1898.67004392     1.00109116        4
  1898.69047567     1.00089018        4
  1898.71090752     1.00012813        4
  1898.73133917     1.00014343        4
  1898.75177102     1.00040602        4
  1898.77220277     0.99971304        4
  1898.79263442     0.99967224        4
  1898.81306627     0.99913548        4
  1898.83349792     0.99879474        4
  1898.85392967     0.99977503        4
  1898.89479317     0.99983016        4
  1898.91522493     0.99854274        4
  1898.93565678     0.99874370        4
  1898.95608853     0.99907135        4
  1898.97652028     1.00030219        4
  1898.99695204     1.00006439        4
  1899.01738379     0.99971014        4
  1899.03781554     1.00086930        4
  1899.05824730     1.00000000        4
  1899.07867905     1.00065571        4
  1899.09911090     1.00029509        4
  1899.13997441     0.99931825        4
  1899.16040617     0.99881633        4
  1899.18083782     1.00050012        4
  1899.20126968     1.00014731        4
  1899.22170143     1.00012768        4
  1899.24213309     1.00023212        4
  1899.26256495     1.00097798        4
  1899.28299670     0.99914613        4
  1899.30342856     0.99982064        4
  1899.32386022     1.00027772        4
  1899.34429197     0.99958992        4
  1899.38515549     1.00043767        4
  1899.40558725     0.99907694        4
  1899.42601910     0.99894382        4
  1899.44645076     0.99989654        4
  1899.46688262     1.00021097        4
  1899.48731428     0.99992656        4
  1899.50774604     1.00047704        4
  1899.52817790     1.00064315        4
  1899.54860956     1.00015384        4
  1899.56904132     1.00011558        4
  1899.58947318     0.99954308        4
  1899.63033660     1.00021186        4
  1899.65076846     1.00087555        4
  1899.67120023     0.99944951        4
  1899.69163199     0.99964167        4
  1899.71206375     0.99987282        4
  1899.73249551     0.99957857        4
  1899.75292738     0.99912586        4
  1899.77335904     0.99980585        4
  1899.79379080     0.99881605        4
  1899.81422266     1.00025941        4
  1899.83465433     0.99957402        4
  1899.89594962     1.00022603        4
  1899.91638149     1.00093925        4
  1899.93681325     1.00088353        4
  1899.95724492     1.00031880        4
  1899.97767678     1.00089676        4
  1899.99810855     0.99995270        4
  1900.01854041     1.00066885        4
  1900.03897208     1.00019268        4
  1900.05940385     0.99965941        4
  1900.07983561     1.00011742        4
  1900.12069915     0.99971905        4
  1900.14113092     0.99987794        4
  1900.16156269     1.00113554        4
  1900.18199455     0.99960809        4
  1900.20242622     1.00018345        4
  1900.22285799     0.99996095        4
  1900.24328986     0.99938386        4
  1900.26372153     1.00047990        4
  1900.28415330     0.99942889        4
  1900.30458517     0.99990404        4
  1900.32501694     0.99970419        4
  1900.36588048     1.00110044        4
  1900.38631225     1.00009395        4
  1900.40674413     1.00032651        4
  1900.42717580     1.00134977        4
  1900.44760757     1.00026581        4
  1900.46803944     1.00032233        4
  1900.48847111     1.00021218        4
  1900.50890289     1.00107739        4
  1900.52933476     0.99986405        4
  1900.54976643     1.00151634        4
  1900.57019831     1.00006669        4
  1900.61106176     1.00049925        4
  1900.63149363     1.00017406        4
  1900.65192540     0.99979923        4
  1900.67235708     0.99930586        4
  1900.69278896     0.99993906        4
  1900.71322073     1.00084681        4
  1900.85624317     1.00095996        4
  1900.87667495     0.99941723        4
  1900.89710682     0.99853518        4
  1900.91753860     1.00068181        4
  1900.93797028     0.99828599        4
  1900.95840216     0.99959936        4
  1900.97883394     0.99923452        4
  1900.99926562     0.99957165        4
  1901.01969750     1.00168330        4
  1901.04012928     1.00050171        4
  1901.06056096     0.99952198        4
  1901.10142462     0.99962269        4
  1901.12185650     0.99956752        4
  1901.14228819     0.99808893        4
  1901.16271997     0.99939574        4
  1901.18315185     1.00107751        4
  1901.20358353     1.00096277        4
  1901.22401531     0.99967942        4
  1901.24444720     0.99878055        4
  1901.26487888     0.99994009        4
  1901.28531076     0.99788315        4
  1901.30574255     0.99958861        4
  1901.36703790     1.00025512        4
  1901.38746969     0.99731307        4
  1901.40790147     0.99944775        4
  1901.42833326     1.00010666        4
  1901.44876504     1.00056970        4
  1901.46919683     1.00070139        4
  1901.48962862     1.00043608        4
  1901.51006040     0.99998837        4
  1901.53049219     0.99984966        4
  1901.55092398     0.99949302        4
  1901.59178755     0.99990611        4
  1901.61221944     0.99971834        4
  1901.63265123     0.99880939        4
  1901.65308292     0.99918179        4
  1901.67351481     0.99919537        4
  1901.69394660     0.99951949        4
  1901.71437829     1.00050161        4
  1901.73481018     0.99888747        4
  1901.75524197     1.00067637        4
  1901.77567366     0.99993759        4
  1901.79610555     1.00209915        4
  1901.83696923     0.99941681        4
  1901.85740092     1.00175432        4
  1901.87783271     0.99940812        4
  1901.89826461     1.00108422        4
  1901.91869630     1.00051533        4
  1901.93912809     0.99973386        4
  1901.95955999     0.99920126        4
  1901.97999168     1.00111784        4
  1902.00042357     1.00058809        4
  1902.02085537     0.99961871        4
  1902.08215075     1.00061361        4
  1902.10258245     1.00087240        4
  1902.12301434     1.00094075        4
  1902.14344614     0.99984404        4
  1902.16387793     1.00079279        4
  1902.18430973     0.99993083        4
  1902.20474153     0.99922665        4
  1902.22517332     0.99967958        4
  1902.24560512     1.00114821        4
  1902.26603692     1.00011028        4
  1902.28646882     0.99934310        4
  1902.32733231     1.00081579        4
  1902.34776421     1.00184639        4
  1902.36819591     1.00064754        4
  1902.38862781     1.00127395        4
  1902.40905961     1.00021920        4
  1902.42949131     1.00006982        4
  1902.44992321     0.99970356        4
  1902.57251402     0.99879618        4
  1902.59294582     1.00125554        4
  1902.61337772     1.00142811        4
  1902.63380943     1.00173393        4
  1902.65424123     1.00006997        4
  1902.67467313     1.00079479        4
  1902.69510484     1.00051834        4
  1902.71553674     1.00122531        4
  1902.73596854     1.00006138        4
  1902.75640025     0.99992117        4
  1902.77683215     1.00055128        4
  1902.81769577     0.98786041        4
  1902.83812757     0.99929842        4
  1902.85855938     1.00075488        4
  1902.87899108     1.00321565        4
  1902.89942299     1.00045919        4
  1902.91985480     0.99839009        4
  1902.94028671     0.99750466        4
  1902.96071841     0.99874254        4
  1902.98115022     0.99950711        4
  1903.00158213     0.99880555        4
  1903.02201384     0.99631960        4
  1903.22633204     1.00000107        4
  1903.24676385     1.00052458        4
  1903.26719577     1.00011686        4
  1903.30805929     0.99771819        4
  1903.32849121     0.99924333        4
  1903.34892292     0.99964848        4
  1903.36935473     0.99979157        4
  1903.38978665     0.99977216        4
  1903.41021846     0.99928389        4
  1903.43065028     0.99809165        4
  1903.45108199     0.99974006        4
  1903.47151381     0.99989084        4
  1903.49194572     0.99981841        4
  1903.51237754     1.00231964        4
  1903.55324117     0.99992635        4
  1903.57367299     0.99866565        4
  1903.59410471     0.99995184        4
  1903.61453662     0.99943067        4
  1903.63496844     0.99970339        4
  1903.65540036     1.00053675        4
  1903.67583208     1.00021582        4
  1903.69626390     1.00002465        4
  1903.71669582     1.00124502        4
  1903.73712753     1.00097611        4
  1903.75755935     1.00046925        4
  1903.79842299     0.99904311        4
  1903.81885492     0.99906758        4
  1903.83928674     0.99962366        4
  1903.85971846     0.99864932        4
  1903.88015038     1.00039691        4
  1903.90058220     1.00019244        4
  1903.92101392     1.00045787        4
  1903.94144585     1.00004152        4
  1903.96187767     0.99997682        4
  1903.98230959     0.99974205        4
  1904.00274131     0.99994952        4
  1904.04360496     1.00029573        4
  1904.06403689     1.00020658        4
  1904.08446861     1.00097618        4
  1904.10490044     1.00102163        4
  1904.12533226     0.99997294        4
  1904.14576409     0.99974617        4
  1904.16619601     1.00088569        4
  1904.18662774     0.99980213        4
  1904.20705967     1.00018281        4
  1904.22749149     1.00010533        4
  1904.24792322     1.00058422        4
  1904.30921870     0.99918036        4
  1904.32965063     1.00042802        4
  1904.35008246     0.99981115        4
  1904.37051439     0.99964937        4
  1904.39094612     0.99840964        4
  1904.41137795     1.00027647        4
  1904.43180988     0.99923277        4
  1904.45224161     1.00123364        4
  1904.47267344     1.00030130        4
  1904.49310537     1.00039628        4
  1904.61569636     1.00103252        4
  1904.63612820     1.00040974        4
  1904.65656003     0.99964091        4
  1904.67699186     1.00052929        4
  1904.69742370     1.00010050        4
  1904.71785553     0.99982117        4
  1904.73828737     0.99975139        4
  1904.77915104     0.99938284        4
  1904.79958287     0.99933088        4
  1904.82001481     1.00032736        4
  1904.84044655     1.00042100        4
  1904.86087838     1.00082969        4
  1904.88131032     1.00112244        4
  1905.04476503     1.00026761        4
  1905.06519687     1.00061093        4
  1905.08562881     0.99957281        4
  1905.10606055     0.99978890        4
  1905.12649239     1.00015832        4
  1905.14692433     0.99983552        4
  1905.16735607     0.99980003        4
  1905.18778791     0.99852120        4
