  1835.65849747     1.00010105        0
  1835.67892944     1.00084411        0
  1835.80152125     0.99918282        0
  1835.82195332     0.99942495        0
  1835.84238519     0.99937322        0
  1835.86281715     0.99992658        0
  1835.88324922     1.00071730        0
  1835.90368108     1.00147519        0
  1835.92411305     1.00032071        0
  1835.94454511     1.00000129        0
  1835.96497698     0.99994660        0
  1835.98540894     1.00032446        0
  1836.00584100     1.00087092        0
  1836.02627286     1.00091738        0
  1836.04670483     1.00049101        0
  1836.06713689     0.99969999        0
  1836.08756875     0.99930169        0
  1836.10800071     1.00011148        0
  1836.12843277     1.00014785        0
  1836.14886473     1.00072903        0
  1836.16929659     0.99961320        0
  1836.18972865     0.99868645        0
  1836.21016061     0.99842723        0
  1836.23059267     0.99996324        0
  1836.25102453     1.00032048        0
  1836.27145648     1.00025116        0
  1836.31232040     0.99761733        0
  1836.33275235     0.99814015        0
  1836.35318441     0.99958481        0
  1836.37361627     0.99958150        0
  1836.39404822     0.99901044        0
  1836.41448018     0.99789716        0
  1836.43491213     0.99784633        0
  1836.45534408     0.99899746        0
  1836.47577604     1.00000000        0
  1836.49620799     1.00014417        0
  1836.51663994     0.99911224        0
  1836.53707189     0.99830878        0
  1836.55750385     0.99848504        0
  1836.57793580     0.99942367        0
  1836.59836785     1.00035235        0
  1836.61879970     1.00069890        0
  1836.63923165     0.99998996        0
  1836.65966370     0.99952635        0
  1836.68009555     1.00030714        0
  1836.70052750     1.00061496        0
  1836.72095955     1.00211510        0
  1836.74139139     1.00250401        0
  1836.76182334     1.00177104        0
  1836.78225539     1.00074527        0
  1836.80268724     1.00089096        0
  1836.82311928     1.00135367        0
  1836.84355123     1.00254468        0
  1836.86398307     1.00219547        0
  1836.88441512     1.00120960        0
  1836.90484706     1.00030838        0
  1836.92527891     1.00034535        0
  1836.94571095     1.00134426        0
  1836.96614290     1.00208580        0
  1836.98657484     1.00093584        0
  1837.00700678     0.99949814        0
  1837.02743872     0.99904372        0
  1837.08873455     1.00092948        0
  1837.10916649     0.99945287        0
  1837.12959843     0.99847090        0
  1837.15003037     0.99783645        0
  1837.17046231     0.99789851        0
  1837.19089425     0.99967692        0
  1837.21132619     1.00009396        0
  1837.23175812     0.99911473        0
  1837.25219006     0.99830548        0
  1837.27262200     0.99794384        0
  1837.29305384     0.99930071        0
  1837.31348587     0.99987100        0
  1837.33391781     1.00068932        0
  1837.35434974     0.99923323        0
  1837.37478168     0.99863820        0
  1837.39521361     0.99864436        0
  1837.41564555     1.00008127        0
  1837.43607758     1.00106968        0
  1837.45650942     1.00145786        0
  1837.47694145     1.00073432        0
  1837.49737338     1.00012558        0
  1837.51780522     0.99976258        0
  1837.53823725     1.00060114        0
  1837.55866918     1.00164918        0
  1837.57910101     1.00178972        0
  1837.59953304     1.00150807        0
  1837.61996497     0.99992000        0
  1837.64039680     0.99921047        0
  1837.66082883     1.00092999        0
  1837.68126076     1.00128808        0
  1837.70169259     1.00137465        0
  1837.72212462     1.00035524        0
  1837.74255655     1.00014023        0
  1837.76298837     0.99943375        0
  1837.78342040     1.00020560        0
  1837.80385233     1.00077533        0
  1837.82428426     1.00022173        0
  1837.84471618     0.99922374        0
  1837.86514811     0.99942257        0
  1837.88557993     0.99899599        0
  1837.90601196     0.99990311        0
  1837.92644388     1.00046724        0
  1837.94687581     0.99979309        0
  1837.96730773     0.99912479        0
  1837.98773965     0.99858453        0
  1838.00817148     0.99870667        0
  1838.02860350     0.99993580        0
  1838.04903542     0.99990391        0
  1838.06946744     0.99988448        0
  1838.08989926     0.99926035        0
  1838.11033118     0.99935723        0
  1838.13076320     0.99958421        0
  1838.15119503     1.00062359        0
  1838.17162694     1.00029186        0
  1838.19205896     1.00005807        0
  1838.21249078     0.99906624        0
  1838.23292270     0.99937832        0
  1838.27378664     1.00084421        0
  1838.29421845     1.00122182        0
  1838.31465047     1.00064328        0
  1838.33508239     0.99950977        0
  1838.35551420     0.99968322        0
  1838.37594622     1.00138825        0
  1838.39637814     1.00185873        0
  1838.41680995     1.00135498        0
  1838.43724196     1.00105165        0
  1838.45767388     0.99993351        0
  1838.47810569     1.00057413        0
  1838.49853771     1.00146086        0
  1838.51896962     1.00212487        0
  1838.53940143     1.00153653        0
  1838.55983344     0.99985819        0
  1838.58026536     0.99939629        0
  1838.60069717     0.99940634        0
  1838.62112918     0.99988626        0
  1838.64156109     1.00097390        0
  1838.66199290     1.00011352        0
  1838.68242491     0.99893984        0
  1838.70285682     0.99844498        0
  1838.72328873     0.99859550        0
  1838.74372064     0.99939325        0
  1838.76415254     0.99990854        0
  1838.78458445     0.99926141        0
  1838.80501636     0.99830618        0
  1838.82544827     0.99805152        0
  1838.84588027     0.99919685        0
  1838.86631208     0.99998115        0
  1838.88674399     1.00001143        0
  1838.90717599     0.99871066        0
  1838.92760780     0.99805557        0
  1838.94803970     0.99777680        0
  1838.96847171     0.99917607        0
  1838.98890351     0.99977420        0
  1839.07063112     0.99873420        0
  1839.09106312     0.99994112        0
  1839.11149503     1.00115807        0
  1839.13192683     1.00054289        0
  1839.15235883     1.00032580        0
  1839.17279073     0.99934061        0
  1839.19322253     0.99936946        0
  1839.21365453     1.00052165        0
  1839.23408643     1.00131420        0
  1839.25451823     1.00120558        0
  1839.27495023     1.00059644        0
  1839.29538212     0.99962888        0
  1839.31581412     0.99971826        0
  1839.33624592     1.00092475        0
  1839.35667782     1.00208650        0
  1839.37710971     1.00156365        0
  1839.39754161     1.00075856        0
  1839.41797340     1.00017312        0
  1839.43840540     1.00039724        0
  1839.45883730     1.00123399        0
  1839.47926909     1.00201720        0
  1839.49970108     1.00128099        0
  1839.52013298     1.00037323        0
  1839.54056487     1.00015251        0
  1839.56099677     1.00029344        0
  1839.58142866     1.00091291        0
  1839.60186055     1.00133893        0
  1839.62229244     1.00134190        0
  1839.64272433     1.00016462        0
  1839.72445190     0.99860155        0
  1839.74488389     0.99880544        0
  1839.76531568     0.99802526        0
  1839.78574757     0.99763145        0
  1839.80617955     0.99821080        0
  1839.82661134     0.99967281        0
  1839.84704323     0.99980752        0
  1839.86747522     0.99972819        0
  1839.88790701     0.99919887        0
  1839.90833889     0.99951821        0
  1839.92877088     1.00094595        0
  1839.94920276     1.00236913        0
  1839.96963465     1.00142060        0
  1839.99006654     1.00062377        0
  1840.01049842     1.00011903        0
  1840.31697655     1.00356127        0
  1840.33740853     1.00230628        0
  1840.35784041     1.00073386        0
  1840.37827228     1.00063318        0
  1840.39870416     1.00049361        0
  1840.41913604     1.00124395        0
  1840.43956792     1.00151598        0
  1840.45999979     0.99981621        0
  1840.48043167     0.99885774        0
  1840.50086355     0.99776840        0
  1840.52129552     0.99928676        0
  1840.54172730     1.00036152        0
  1840.56215927     0.99935730        0
  1840.58259115     0.99853508        0
  1840.60302292     0.99843261        0
  1840.62345489     0.99837867        0
  1840.64388677     0.99925846        0
  1840.66431854     1.00038757        0
  1840.68475051     0.99904742        0
  1840.70518238     0.99754208        0
  1840.72561416     0.99896212        0
  1840.74604613     0.99904642        0
  1840.76647800     0.99959703        0
  1840.78690987     1.00131019        0
  1840.80734174     1.00107110        0
  1840.82777351     0.99952464        0
  1840.84820548     0.99899722        0
  1840.86863735     0.99992694        0
  1840.88906922     1.00044327        0
  1840.90950099     1.00243161        0
  1840.92993295     1.00192980        0
  1840.95036482     1.00010951        0
  1840.97079659     0.99970460        0
  1840.99122856     1.00076663        0
  1872.00651237     0.99825315        1
  1872.02694396     0.99803223        1
  1872.04737555     0.99875028        1
  1872.06780713     1.00014315        1
  1872.08823872     1.00049390        1
  1872.10867031     1.00025778        1
  1872.12910200     0.99865144        1
  1872.16996507     1.00011345        1
  1872.19039676     1.00107363        1
  1872.21082834     1.00205438        1
  1872.23125983     1.00084690        1
  1872.25169152     1.00017815        1
  1872.27212311     1.00013078        1
  1872.29255459     1.00060978        1
  1872.31298628     1.00155589        1
  1872.33341787     1.00231839        1
  1872.35384935     1.00144139        1
  1872.37428104     1.00029530        1
  1872.41514432     0.99976703        1
  1872.43557580     1.00093157        1
  1872.45600739     1.00089640        1
  1872.47643908     0.99968600        1
  1872.49687057     0.99930166        1
  1872.51730215     0.99900779        1
  1872.53773384     0.99945733        1
  1872.55816533     1.00004742        1
  1872.57859691     1.00026521        1
  1872.59902860     0.99936382        1
  1872.61946009     0.99868976        1
  1872.66032336     0.99996990        1
  1872.68075485     1.00070589        1
  1872.70118654     0.99965147        1
  1872.72161813     0.99880632        1
  1872.74204961     0.99858414        1
  1872.76248130     0.99876545        1
  1872.78291289     0.99954407        1
  1872.80334437     0.99935935        1
  1872.82377606     0.99958401        1
  1872.84420765     0.99867561        1
  1872.86463914     0.99837871        1
  1872.90550241     0.99966961        1
  1872.92593390     0.99991380        1
  1872.94636559     0.99969771        1
  1872.96679717     0.99888765        1
  1872.98722886     0.99865811        1
  1873.00766035     1.00040062        1
  1873.02809194     1.00157360        1
  1873.04852362     1.00133796        1
  1873.06895511     1.00092860        1
  1873.08938670     0.99949601        1
  1873.10981839     0.99958534        1
  1873.15068146     1.00175442        1
  1873.17111315     1.00155062        1
  1873.19154474     1.00068614        1
  1873.21197632     1.00058346        1
  1873.23240791     1.00082920        1
  1873.25283950     1.00207844        1
  1873.27327109     1.00294341        1
  1873.29370267     1.00205061        1
  1873.31413426     1.00109540        1
  1873.33456585     1.00048781        1
  1873.35499744     1.00078007        1
  1873.39586061     0.99917447        1
  1873.41629220     1.00061067        1
  1873.43672369     0.99908382        1
  1873.45715538     0.99927381        1
  1873.47758696     0.99990719        1
  1873.49801865     1.00049079        1
  1873.51845014     1.00104307        1
  1873.53888173     0.99978168        1
  1873.55931341     0.99825887        1
  1873.57974490     0.99826723        1
  1873.60017649     0.99812182        1
  1873.78406088     0.99940705        1
  1873.80449247     0.99910155        1
  1873.82492406     0.99808350        1
  1873.84535575     0.99937008        1
  1873.88621882     1.00030810        1
  1873.90665051     0.99973943        1
  1873.92708200     0.99950332        1
  1873.94751359     0.99959073        1
  1873.96794527     1.00116095        1
  1873.98837676     1.00204469        1
  1874.00880845     1.00235957        1
  1874.02923994     1.00137825        1
  1874.04967153     1.00087384        1
  1874.07010322     1.00137734        1
  1874.09053470     1.00135940        1
  1874.25398751     1.00155732        1
  1874.27441910     0.99990305        1
  1874.29485069     0.99909859        1
  1874.31528228     0.99897528        1
  1874.33571387     1.00001273        1
  1874.37657704     0.99997774        1
  1874.39700863     0.99916274        1
  1874.41744032     0.99909873        1
  1874.43787181     0.99913521        1
  1874.45830340     0.99968885        1
  1874.47873509     0.99963142        1
  1874.49916658     0.99928055        1
  1874.51959826     0.99827481        1
  1874.54002985     0.99801346        1
  1874.56046134     0.99829434        1
  1874.58089303     0.99961295        1
  1874.62175611     0.99964533        1
  1874.64218780     0.99961802        1
  1874.66261939     0.99889172        1
  1874.68305098     0.99990486        1
  1874.70348257     1.00070676        1
  1874.72391416     1.00071314        1
  1874.74434564     0.99969420        1
  1874.76477733     0.99943758        1
  1874.78520892     0.99936418        1
  1874.80564051     1.00068451        1
  1874.86693538     1.00050820        1
  1874.88736687     1.00046239        1
  1874.90779846     1.00135683        1
  1874.92823015     1.00445392        1
  1874.94866164     1.00231976        1
  1874.96909323     1.00232900        1
  1874.98952492     1.00088309        1
  1875.00995641     1.00127197        1
  1875.03038810     1.00116857        1
  1875.05081969     1.01040432        1
  1875.11211446     1.00069662        1
  1875.13254595     0.99986441        1
  1875.15297764     0.99968359        1
  1875.17340923     1.00044781        1
  1875.19384082     1.00129152        1
  1875.21427241     0.99991309        1
  1875.23470400     0.99846348        1
  1875.25513569     0.99699954        1
  1875.35729354     0.99617622        1
  1875.37772523     0.99689988        1
  1875.39815672     0.99843105        1
  1875.41858831     0.99974183        1
  1875.43902000     0.99960908        1
  1875.45945149     0.99817418        1
  1875.47988308     0.99791638        1
  1875.50031477     0.99799780        1
  1875.52074626     0.99913790        1
  1875.54117795     1.00026149        1
  1875.56160954     0.99960830        1
  1875.60247272     0.99848385        1
  1875.62290431     0.99852081        1
  1875.64333580     1.00049586        1
  1875.66376749     1.00158253        1
  1875.68419909     1.00157500        1
  1875.70463068     1.00005702        1
  1875.72506227     1.00002910        1
  1875.74549386     1.00084500        1
  1875.76592555     1.00177219        1
  1875.78635704     1.00283349        1
  1875.80678863     1.00246854        1
  1875.84765191     1.00080540        1
  1875.86808341     1.00049364        1
  1875.88851510     1.00157063        1
  1875.90894669     1.00233404        1
  1875.92937818     1.00139492        1
  1875.94980987     1.00054108        1
  1875.97024146     1.00046574        1
  1875.99067315     1.00031567        1
  1876.01110465     1.00027991        1
  1876.03153624     1.00087425        1
  1876.09283101     0.99914426        1
  1876.11326260     0.99910381        1
  1876.13369420     0.99984414        1
  1876.15412569     1.00036615        1
  1876.17455738     0.99952607        1
  1876.19498897     0.99807073        1
  1876.21542056     0.99766374        1
  1876.23585216     0.99929328        1
  1876.25628375     0.99971651        1
  1876.27671544     0.99955993        1
  1876.35844181     0.99941057        1
  1876.37887330     0.99954709        1
  1876.39930499     0.99954262        1
  1876.41973659     0.99949105        1
  1876.44016808     0.99899757        1
  1876.46059977     0.99945925        1
  1876.48103136     1.00132593        1
  1876.50146306     1.00130689        1
  1876.52189455     1.00099469        1
  1876.54232614     0.99999291        1
  1876.58318933     1.00011359        1
  1876.60362092     1.00119082        1
  1876.62405261     1.00233740        1
  1876.64448411     1.00194663        1
  1876.66491570     1.00031982        1
  1876.82836845     1.00055341        1
  1876.84880014     1.00181238        1
  1876.86923164     1.00112875        1
  1876.88966323     1.00032881        1
  1876.91009492     0.99912885        1
  1876.93052652     0.99849568        1
  1876.95095801     0.99889532        1
  1877.07354778     0.99801106        1
  1877.09397927     1.00150051        1
  1877.11441086     0.99860193        1
  1877.13484256     0.99845930        1
  1877.15527405     0.99775654        1
  1877.17570565     0.99784295        1
  1877.19613734     0.99894534        1
  1877.21656884     1.00041459        1
  1877.23700053     0.99940211        1
  1877.25743213     0.99840000        1
  1877.27786362     0.99804864        1
  1877.31872691     0.99940901        1
  1877.33915851     1.00092152        1
  1877.35959010     0.99992182        1
  1877.38002170     0.99992063        1
  1877.40045329     0.99953835        1
  1877.42088489     1.00023744        1
  1877.44131648     1.00144367        1
  1877.46174808     1.00227409        1
  1877.48217967     1.00166483        1
  1877.50261127     1.00033498        1
  1877.52304286     1.00007355        1
  1877.56390606     1.00161136        1
  1877.58433775     1.00162493        1
  1877.60476925     1.00070926        1
  1877.62520084     1.00039613        1
  1877.64563254     1.00004527        1
  1877.66606403     1.00071275        1
  1877.68649573     1.00111548        1
  1877.70692733     1.00155336        1
  1877.72735882     1.00100796        1
  1877.74779052     0.99963213        1
  1877.76822212     0.99888851        1
  1877.80908531     1.00069865        1
  1877.82951691     1.00042779        1
  1877.84994840     0.99935073        1
  1877.87038010     0.99830519        1
  1877.89081170     0.99839071        1
  1877.91124329     0.99960624        1
  1877.93167489     1.00025079        1
  1877.95210649     0.99977722        1
  1877.97253818     0.99865981        1
  1877.99296978     0.99762696        1
  1878.01340128     0.99769789        1
  1878.05426457     0.99972627        1
  1878.07469607     1.00004646        1
  1878.09512777     0.99959334        1
  1878.11555936     0.99846151        1
  1878.13599086     0.99853329        1
  1878.15642256     0.99980363        1
  1878.17685406     1.00027813        1
  1878.19728575     0.99965961        1
  1878.21771735     0.99978673        1
  1878.23814885     0.99877657        1
  1878.25858055     1.00032712        1
  1878.29944364     1.00193528        1
  1878.31987534     1.00150356        1
  1878.34030694     1.00055875        1
  1878.36073844     1.00017090        1
  1878.38117014     1.00106509        1
  1878.40160174     1.00186076        1
  1878.42203344     1.00206387        1
  1878.44246493     1.00164422        1
  1878.46289653     1.00081626        1
  1878.48332823     1.00070667        1
  1878.50375973     1.00108090        1
  1878.54462303     1.00118978        1
  1878.56505463     1.00069351        1
  1878.58548613     1.00041611        1
  1878.60591783     0.99983906        1
  1878.62634943     1.00054443        1
  1878.64678102     1.00149696        1
  1878.66721262     1.00046239        1
  1878.68764422     0.99936876        1
  1878.70807592     0.99829835        1
  1878.72850742     0.99830806        1
  1878.74893902     0.99988186        1
  1878.78980222     0.99913879        1
  1878.81023382     0.99770972        1
  1878.83066542     0.99770543        1
  1878.85109702     0.99744694        1
  1878.87152872     0.99873053        1
  1878.89196022     0.99942036        1
  1878.91239182     0.99862764        1
  1878.93282352     0.99824627        1
  1878.95325502     0.99763852        1
  1878.97368663     0.99870366        1
  1878.99411833     1.00026123        1
  1879.07584473     1.00000000        1
  1879.09627633     0.99973700        1
  1879.11670793     1.00098313        1
  1879.13713953     1.00165197        1
  1879.15757113     1.00078221        1
  1879.17800274     1.00034673        1
  1879.19843434     1.00060447        1
  1879.21886604     1.00110889        1
  1879.23929754     1.00252417        1
  1879.34145565     1.00130934        1
  1879.36188715     1.00151475        1
  1879.38231885     1.00154870        1
  1879.40275046     1.00073682        1
  1879.42318196     0.99987562        1
  1879.44361366     1.00039644        1
  1879.46404526     1.00119607        1
  1879.48447677     1.00140480        1
  1879.52533997     1.00038937        1
  1879.54577167     0.99960415        1
  1879.56620328     0.99961134        1
  1879.58663488     0.99954484        1
  1879.60706648     1.00068426        1
  1879.62749809     0.99980581        1
  1879.64792969     0.99913395        1
  1879.66836129     0.99800900        1
  1879.68879290     0.99807044        1
  1879.70922450     0.99904580        1
  1879.72965611     1.00022329        1
  1879.77051941     0.99906010        1
  1879.79095102     0.99894886        1
  1879.81138252     0.99966315        1
  1879.83181423     1.00009534        1
  1879.85224583     1.00078739        1
  1879.87267733     1.00026908        1
  1879.89310904     0.99941227        1
  1879.91354064     0.99879138        1
  1879.93397215     1.00024740        1
  1879.95440385     1.00088242        1
  1879.97483546     1.00076826        1
  1880.03613027     1.00054177        2
  1880.05656198     0.99981511        2
  1880.07699348     1.00067704        2
  1880.09742509     1.00056042        2
  1880.11785669     1.00047292        2
  1880.13828830     0.99993694        2
  1880.15871990     0.99999054        2
  1880.17915161     1.00086391        2
  1880.19958312     1.00189830        2
  1880.22001482     1.00151056        2
  1880.26087793     0.99965039        2
  1880.28130964     0.99957184        2
  1880.30174125     1.00118531        2
  1880.32217275     1.00171436        2
  1880.34260446     1.00140910        2
  1880.36303607     0.99904075        2
  1880.38346757     0.99868086        2
  1880.40389928     0.99865899        2
  1880.42433089     1.00007433        2
  1880.44476259     1.00073604        2
  1880.46519410     0.99925747        2
  1880.50605741     0.99766415        2
  1880.52648892     0.99807911        2
  1880.54692053     0.99851357        2
  1880.56735224     0.99902348        2
  1880.58778374     0.99784012        2
  1880.60821535     0.99663183        2
  1880.62864706     0.99686159        2
  1880.64907857     0.99739481        2
  1880.66951027     0.99886222        2
  1880.75123671     0.99831499        2
  1880.77166832     0.99926757        2
  1880.79209992     1.00067457        2
  1880.81253153     1.00076006        2
  1880.83296314     1.00002813        2
  1880.85339475     0.99957606        2
  1880.87382636     0.99932566        2
  1880.89425797     1.00109824        2
  1880.91468958     1.00301982        2
  1880.93512119     1.00248373        2
  1880.95555290     1.00130676        2
  1881.01684773     1.00066673        2
  1881.03727924     1.00204087        2
  1881.05771085     1.00117950        2
  1881.07814256     1.00123466        2
  1881.09857407     1.00013749        2
  1881.11900578     1.00046275        2
  1881.13943739     1.00131874        2
  1881.15986890     1.00189151        2
  1881.18030061     1.00149716        2
  1881.20073222     1.00033340        2
  1881.24159544     0.99910347        2
  1881.26202705     1.00036100        2
  1881.28245866     1.00081219        2
  1881.30289027     1.00019905        2
  1881.32332188     0.99915775        2
  1881.34375360     0.99819391        2
  1881.36418511     0.99883534        2
  1881.38461672     1.00010822        2
  1881.40504843     1.00021745        2
  1881.42548004     0.99886355        2
  1881.44591155     0.99821900        2
  1881.48677478     0.99853335        2
  1881.50720649     0.99932742        2
  1881.52763810     0.99923793        2
  1881.54806971     0.99849840        2
  1881.56850133     0.99806318        2
  1881.58893294     0.99845097        2
  1881.60936445     0.99993187        2
  1881.62979617     1.00054293        2
  1881.65022778     1.00027253        2
  1881.67065929     0.99952741        2
  1881.69109100     0.99940609        2
  1881.73195433     1.00066098        2
  1881.75238585     1.00189585        2
  1881.77281746     1.00106774        2
  1881.79324917     1.00075173        2
  1881.81368069     0.99990574        2
  1881.83411230     0.99968585        2
  1881.85454401     1.00181349        2
  1881.87497553     1.00300484        2
  1881.89540714     1.00213131        2
  1881.91583886     1.00212347        2
  1881.93627047     1.00056363        2
  1881.97713370     1.00162749        2
  1881.99756532     1.00226020        2
  1882.01799693     1.00139178        2
  1882.03842855     1.00046864        2
  1882.05886016     0.99942073        2
  1882.07929188     0.99979466        2
  1882.09972339     1.00094692        2
  1882.12015501     1.00166192        2
  1882.14058672     1.00082746        2
  1882.16101824     0.99872458        2
  1882.18144996     0.99801323        2
  1882.22231309     0.99979666        2
  1882.24274480     1.00009303        2
  1882.26317632     0.99880092        2
  1882.28360794     0.99850615        2
  1882.30403965     0.99706890        2
  1882.32447117     0.99816354        2
  1882.34490289     0.99931225        2
  1882.36533450     0.99889576        2
  1882.38576602     0.99752513        2
  1882.46749259     0.99985738        2
  1882.48792421     0.99982549        2
  1882.50835583     0.99916555        2
  1882.52878744     0.99871747        2
  1882.54921906     0.99957671        2
  1882.56965078     1.00060915        2
  1882.59008240     1.00223280        2
  1882.77396697     1.00113027        2
  1882.79439869     1.00062713        2
  1882.81483021     1.00187314        2
  1882.83526183     1.00200380        2
  1882.85569355     1.00102348        2
  1882.87612507     1.00057512        2
  1882.89655659     1.00043221        2
  1882.91698831     1.00080814        2
  1883.03957803     0.99929452        2
  1883.06000965     1.00023392        2
  1883.08044137     1.00061667        2
  1883.10087299     0.99954763        2
  1883.12130451     0.99870520        2
  1883.14173624     0.99866898        2
  1883.16216786     0.99935566        2
  1883.20303110     0.99966510        2
  1883.22346272     0.99915365        2
  1883.24389445     0.99834763        2
  1883.26432597     0.99868143        2
  1883.28475759     0.99952553        2
  1883.30518931     1.00033270        2
  1883.32562084     0.99948456        2
  1883.34605246     0.99871926        2
  1883.36648418     0.99817680        2
  1883.38691570     0.99905283        2
  1883.40734743     1.00075375        2
  1883.44821057     1.00098897        2
  1883.46864230     1.00011164        2
  1883.48907392     0.99949867        2
  1883.50950545     1.00050174        2
  1883.52993717     1.00199616        2
  1883.55036869     1.00254688        2
  1883.57080042     1.00141602        2
  1883.59123204     1.00035462        2
  1883.61166357     1.00026468        2
  1883.63209529     1.00210478        2
  1883.65252692     1.00288831        2
  1883.71382179     1.00093565        2
  1883.73425342     0.99972146        2
  1883.75468504     1.00019298        2
  1883.77511667     1.00110322        2
  1883.79554839     1.00178308        2
  1883.81598002     0.99982130        2
  1883.83641155     0.99962327        2
  1883.85684327     0.99920893        2
  1883.87727490     0.99977383        2
  1883.89770642     1.00067546        2
  1883.97943303     0.99906551        2
  1883.99986466     0.99843040        2
  1884.02029639     0.99904492        2
  1884.04072791     0.99886625        2
  1884.06115954     0.99780981        2
  1884.08159127     0.99740809        2
  1884.10202280     0.99774886        2
  1884.12245442     0.99866597        2
  1884.14288615     0.99957643        2
  1884.20418094     0.99823918        2
  1884.22461256     0.99822127        2
  1884.24504429     0.99916886        2
  1884.26547582     0.99995089        2
  1884.28590745     0.99987649        2
  1884.30633918     0.99938320        2
  1884.32677081     0.99975805        2
  1884.34720234     0.99991248        2
  1884.36763407     1.00084781        2
  1884.38806570     1.00179483        2
  1884.42892896     1.00063862        2
  1884.44936059     1.00034637        2
  1884.46979232     1.00083183        2
  1884.49022385     1.00160663        2
  1884.51065548     1.00210725        2
  1884.53108721     1.00163502        2
  1884.55151874     1.00087250        2
  1884.57195037     1.00098689        2
  1884.59238210     1.00099997        2
  1884.61281363     1.00158469        2
  1884.63324536     1.00222532        2
  1884.67410853     0.99986000        2
  1884.69454026     0.99996007        2
  1884.71497189     1.00022080        2
  1884.73540352     1.00069414        2
  1884.75583516     1.00061115        2
  1884.77626679     0.99996299        2
  1884.79669842     1.01474971        2
  1884.81713005     0.99849827        2
  1884.83756169     0.99920355        2
  1884.85799332     1.00062874        2
  1884.87842495     1.00046516        2
  1884.91928822     0.99781546        2
  1884.93971985     0.99789164        2
  1884.96015149     0.99934849        2
  1884.98058322     1.00000476        2
  1885.00101475     0.99959198        2
  1885.02144649     0.99854473        2
  1885.04187812     0.99843560        2
  1885.06230966     0.99884502        2
  1885.08274139     1.00066855        2
  1885.10317303     1.00098691        2
  1885.12360456     0.99982307        2
  1885.16446793     0.99305885        2
  1885.18489947     0.99947524        2
  1885.20533120     1.00023555        2
  1885.22576284     1.00037498        2
  1885.24619457     1.00027488        2
  1885.26662611     0.99980334        2
  1885.28705774     0.99997561        2
  1885.30748948     1.00116076        2
  1885.32792102     1.00217020        2
  1885.34835265     1.00258371        2
  1885.36878439     1.00142351        2
  1885.43007930     1.00036305        2
  1885.45051094     1.00172476        2
  1885.47094257     1.00139102        2
  1885.49137421     0.99993028        2
  1885.51180585     0.99941687        2
  1885.53223749     0.99954653        2
  1885.55266913     1.00093068        2
  1885.57310066     1.00151017        2
  1885.59353240     1.00070549        2
  1885.61396404     0.99884083        2
  1885.65482732     0.99809347        2
  1885.67525896     0.99898488        2
  1885.69569070     1.00016890        2
  1885.71612224     0.99991443        2
  1885.73655387     0.99826758        2
  1885.75698561     0.99742049        2
  1885.77741715     0.99733601        2
  1885.79784879     0.99787286        2
  1885.81828053     0.99960750        2
  1885.83871207     0.99852711        2
  1885.85914381     0.99742277        2
  1885.90000699     0.99881574        2
  1885.92043874     0.99891208        2
  1885.94087038     0.99996101        2
  1885.96130202     0.99905574        2
  1885.98173366     0.99866478        2
  1886.00216530     0.99888989        2
  1886.02259694     0.99982948        2
  1886.04302858     1.00114384        2
  1886.06346023     1.00120611        2
  1886.08389197     1.00054121        2
  1886.10432361     1.00045082        2
  1886.18605008     1.00131659        2
  1886.20648182     1.00086696        2
  1886.22691337     1.00073821        2
  1886.24734511     1.00046634        2
  1886.26777675     1.00165792        2
  1886.28820830     1.00172521        2
  1886.30864004     1.00212495        2
  1886.32907168     1.00141710        2
  1886.34950323     1.00083837        2
  1886.39036662     1.00026400        2
  1886.41079816     1.00136358        2
  1886.43122991     1.00141671        2
  1886.45166155     1.00018246        2
  1886.47209330     0.99892142        2
  1886.49252484     0.99900391        2
  1886.51295649     1.00037210        2
  1886.53338823     1.00050482        2
  1886.63554646     0.99979727        2
  1886.65597811     1.00011349        2
  1886.67640975     0.99916625        2
  1886.69684140     0.99838118        2
  1886.71727305     0.99820933        2
  1886.73770470     0.99886255        2
  1886.75813644     0.99955899        2
  1886.88072623     1.00095067        2
  1886.90115788     1.00095817        2
  1886.92158963     1.00040825        2
  1886.94202118     0.99958877        2
  1886.96245283     1.00038850        2
  1886.98288457     1.00161560        2
  1887.00331612     1.00305710        2
  1887.12590612     1.00243111        2
  1887.14633777     1.00162364        2
  1887.16676942     1.00044693        2
  1887.18720108     0.99985953        2
  1887.20763273     1.00008311        2
  1887.22806438     1.00125748        2
  1887.24849613     1.00189085        2
  1887.26892768     1.00084134        2
  1887.28935933     1.00000000        2
  1887.30979108     0.99944901        2
  1887.33022274     0.99969390        2
  1887.37108604     1.00053327        2
  1887.39151769     0.99951562        2
  1887.41194925     0.99859377        2
  1887.43238100     0.99807711        2
  1887.45281265     0.99845811        2
  1887.47324431     0.99982170        2
  1887.49367596     1.00010946        2
  1887.51410761     0.99853726        2
  1887.53453937     0.99728085        2
  1887.55497092     0.99664056        2
  1887.57540257     0.99735351        2
  1887.61626588     0.99978624        2
  1887.63669764     0.99892096        2
  1887.65712919     0.99751845        2
  1887.67756085     0.99785949        2
  1887.69799260     0.99900789        2
  1887.71842416     1.00040001        2
  1887.73885581     1.00073612        2
  1887.75928757     0.99959502        2
  1887.77971912     0.99922745        2
  1887.80015078     0.99916378        2
  1887.86144585     1.00195839        2
  1887.88187751     1.00109966        2
  1887.90230916     1.00044261        2
  1887.92274082     0.99997931        2
  1887.94317248     1.00131348        2
  1887.96360414     1.00305473        2
  1887.98403589     1.00205575        2
  1891.04878738     0.99853873        3
  1891.06921907     0.99976787        3
  1891.08965085     0.99946810        3
  1891.11008244     0.99834829        3
  1891.13051413     0.99784904        3
  1891.15094592     0.99813852        3
  1891.17137750     0.99958385        3
  1891.19180929     1.00063325        3
  1891.21224098     1.00072848        3
  1891.23267257     0.99946146        3
  1891.29396764     1.00094323        3
  1891.31439943     1.00184792        3
  1891.33483112     1.00110559        3
  1891.35526291     1.00030655        3
  1891.37569450     1.00013417        3
  1891.39612619     1.00078175        3
  1891.41655798     1.00232711        3
  1891.43698957     1.00270090        3
  1891.45742126     1.00258373        3
  1891.47785305     1.00175102        3
  1891.49828474     1.00086601        3
  1891.53914813     1.00078511        3
  1891.55957972     1.00181107        3
  1891.58001151     1.00040052        3
  1891.60044320     1.00031179        3
  1891.62087480     0.99856424        3
  1891.64130659     0.99962460        3
  1891.66173828     1.00012416        3
  1891.68216988     1.00091286        3
  1891.70260167     0.99966605        3
  1891.72303336     0.99897850        3
  1891.74346516     0.99882997        3
  1891.78432845     0.99996780        3
  1891.80476024     0.99951141        3
  1891.82519184     0.99865537        3
  1891.84562353     0.99813551        3
  1891.86605533     0.99766485        3
  1891.88648692     0.99845929        3
  1891.90691862     0.99934738        3
  1891.92735041     0.99901399        3
  1891.94778201     0.99851187        3
  1891.96821381     0.99784860        3
  1891.98864550     0.99860203        3
  1892.02950890     1.00009072        3
  1892.04994059     0.99975637        3
  1892.07037229     0.99876629        3
  1892.09080399     0.99879386        3
  1892.11123569     0.99889788        3
  1892.13166749     1.00065934        3
  1892.15209918     1.00089534        3
  1892.17253078     1.00053455        3
  1892.19296258     0.99994051        3
  1892.21339418     1.00009126        3
  1892.23382588     1.00163068        3
  1892.27468928     1.00154884        3
  1892.29512108     1.00108174        3
  1892.31555278     1.00031654        3
  1892.33598438     1.00079710        3
  1892.35641618     1.00091745        3
  1892.37684788     1.00210428        3
  1892.39727948     1.00238924        3
  1892.41771129     1.00156622        3
  1892.43814299     1.00020165        3
  1892.45857459     1.00032516        3
  1892.47900639     1.00138531        3
  1892.51986990     1.00106131        3
  1892.54030150     0.99970158        3
  1892.56073320     0.99832429        3
  1892.58116500     0.99857520        3
  1892.60159661     0.99942158        3
  1892.62202831     1.00104502        3
  1892.64246012     0.99984510        3
  1892.66289182     0.99810890        3
  1892.68332352     0.99766451        3
  1892.84677717     0.99935138        3
  1892.86720897     0.99993901        3
  1892.88764058     0.99914977        3
  1892.90807239     0.99850634        3
  1892.92850399     0.99844637        3
  1892.94893570     0.99932932        3
  1892.96936751     1.00033763        3
  1893.01023082     0.99907597        3
  1893.03066263     0.99945278        3
  1893.05109424     0.99953766        3
  1893.07152605     1.00031612        3
  1893.09195776     1.00121874        3
  1893.11238937     1.00204326        3
  1893.13282118     1.00146145        3
  1893.15325289     0.99959635        3
  1893.17368450     1.00005564        3
  1893.19411631     1.00148069        3
  1893.21454802     1.00328331        3
  1893.33713828     1.00118178        3
  1893.35757009     1.00081625        3
  1893.37800181     0.99970195        3
  1893.39843342     0.99885515        3
  1893.41886523     0.99901611        3
  1893.43929694     0.99956602        3
  1893.45972876     0.99979405        3
  1893.50059209     0.99917821        3
  1893.52102390     0.99837120        3
  1893.54145551     0.99820168        3
  1893.56188713     0.99937482        3
  1893.58231894     1.00168662        3
  1893.60275066     0.99889512        3
  1893.62318247     0.99816200        3
  1893.64361409     0.99770685        3
  1893.66404580     0.99853071        3
  1893.68447762     0.99992078        3
  1893.70490923     1.00107440        3
  1893.74577277     0.99840238        3
  1893.76620438     0.99878108        3
  1893.78663610     0.99959308        3
  1893.80706792     1.00062528        3
  1893.82749953     1.00106902        3
  1893.84793135     1.00036591        3
  1893.86836307     0.99918117        3
  1893.88879479     1.00003981        3
  1893.90922651     1.00108385        3
  1893.92965822     1.00230448        3
  1894.03181692     1.00084343        3
  1894.05224854     1.00176535        3
  1894.07268036     1.00208664        3
  1894.09311208     1.00139403        3
  1894.11354370     1.00049185        3
  1894.13397552     1.00053095        3
  1894.15440724     1.00136239        3
  1894.17483897     1.00197596        3
  1894.19527069     1.00166449        3
  1894.23613413     0.99954893        3
  1894.25656585     0.99981011        3
  1894.27699748     1.00054783        3
  1894.29742930     1.00048542        3
  1894.31786102     1.00000000        3
  1894.33829265     0.99931279        3
  1894.35872447     0.99792987        3
  1894.37915619     0.99862400        3
  1894.39958802     0.99987275        3
  1894.42001964     1.00010277        3
  1894.44045137     0.99879295        3
  1894.48131482     0.99757008        3
  1894.50174654     0.99822921        3
  1894.52217837     0.99869404        3
  1894.54261009     0.99963756        3
  1894.56304182     0.99905720        3
  1894.58347355     0.99802485        3
  1894.60390527     0.99835288        3
  1894.62433700     0.99959737        3
  1894.72649564     1.00029322        3
  1894.74692747     1.00075387        3
  1894.76735909     1.00170354        3
  1894.78779092     1.00189148        3
  1894.80822265     1.00153417        3
  1894.82865428     1.00060853        3
  1894.84908611     1.00099915        3
  1894.86951774     1.00277058        3
  1894.97167649     0.99924413        3
  1894.99210813     1.00118807        3
  1895.01253996     1.00179811        3
  1895.03297169     1.00215523        3
  1895.05340342     1.00071283        3
  1895.07383515     0.99938961        3
  1895.09426689     0.99965246        3
  1895.11469872     1.00051998        3
  1895.13513035     1.00108703        3
  1895.15556209     1.00053595        3
  1895.17599392     0.99939286        3
  1895.21685729     0.99800095        3
  1895.23728912     0.99992216        3
  1895.25772086     1.00049035        3
  1895.27815249     0.99979149        3
  1895.29858433     0.99799052        3
  1895.31901606     0.99758594        3
  1895.33944790     0.99850583        3
  1895.35987953     0.99988251        3
  1895.38031127     1.00014622        3
  1895.40074311     0.99912667        3
  1895.42117474     0.99892632        3
  1895.46203832     0.99815699        3
  1895.48246995     1.00020166        3
  1895.50290179     0.99980155        3
  1895.52333343     0.99922877        3
  1895.54376517     0.99948103        3
  1895.56419701     0.99893793        3
  1895.58462864     1.00008158        3
  1895.60506038     1.00103160        3
  1895.62549222     1.00119886        3
  1895.64592386     1.00008441        3
  1895.66635570     0.99969356        3
  1895.70721918     1.00066474        3
  1895.72765092     1.00195727        3
  1895.74808266     1.00182782        3
  1895.76851440     1.00087569        3
  1895.78894614     1.00041942        3
  1895.80937789     1.00031026        3
  1895.82980963     1.00140064        3
  1895.85024147     1.00218500        3
  1895.87067311     1.00171194        3
  1895.89110496     1.00065294        3
  1895.91153670     1.00054336        3
  1895.97283193     1.00068724        3
  1895.99326357     1.00006715        3
  1896.01369542     0.99964142        3
  1896.03412716     0.99913809        3
  1896.05455900     0.99942471        3
  1896.07499065     1.00033098        3
  1896.09542239     0.99970906        3
  1896.11585414     0.99912685        3
  1896.13628589     0.99799890        3
  1896.15671763     0.99717603        3
  1896.19758112     0.99903239        3
  1896.21801297     0.99939330        3
  1896.23844462     0.99822732        3
  1896.25887637     0.99740998        3
  1896.27930821     0.99774272        3
  1896.29973986     0.99848525        3
  1896.32017161     0.99981044        3
  1896.34060346     0.99961762        3
  1896.36103511     0.99880069        3
  1896.38146685     0.99760486        3
  1896.50405745     0.99954551        3
  1896.52448920     1.00003933        3
  1896.54492095     1.00121376        3
  1896.56535281     1.00237270        3
  1896.58578446     1.00198019        3
  1896.60621631     1.00074486        3
  1896.62664806     1.00039760        3
  1896.64707971     1.00046612        3
  1896.68794332     1.00188193        3
  1896.70837497     1.00131992        3
  1896.72880683     1.00110500        3
  1896.74923858     1.00042000        3
  1896.76967033     1.00071821        3
  1896.79010209     1.00134481        3
  1896.81053384     1.00142030        3
  1896.83096560     1.00070157        3
  1896.85139735     0.99927616        3
  1896.87182911     0.99897232        3
  1896.89226086     1.00021538        3
  1896.93312437     1.00064231        3
  1896.95355613     0.99955168        3
  1896.97398789     0.99838185        3
  1896.99441974     0.99810218        3
  1897.01485140     0.99828622        3
  1897.03528316     0.99874160        3
  1897.05571502     0.99939033        3
  1897.07614677     0.99908518        3
  1897.09657843     0.99845147        3
  1897.11701029     0.99776100        3
  1897.13744205     0.99910078        3
  1897.17830557     0.99990209        3
  1897.19873733     0.99885715        3
  1897.21916919     0.99848761        3
  1897.23960085     0.99897097        3
  1897.26003261     1.00012697        3
  1897.28046447     1.00049745        3
  1897.30089613     1.00112699        3
  1897.32132799     0.99986645        3
  1897.34175975     0.99937878        3
  1897.36219141     0.99973017        3
  1897.38262328     1.00085358        3
  1897.42348670     1.00105444        3
  1897.44391856     1.00080163        3
  1897.46435033     1.00045820        3
  1897.48478219     1.00079369        3
  1897.50521385     1.00163229        3
  1897.52564552     1.00206475        3
  1897.54607738     1.00249836        3
  1897.56650915     1.00149117        3
  1897.58694091     1.00055586        3
  1897.60737268     1.00081508        3
  1897.62780444     1.00269428        3
  1897.75039504     1.00113035        3
  1897.77082691     1.00036421        3
  1897.79125867     0.99969571        3
  1897.81169034     0.99852664        3
  1897.83212221     0.99894010        3
  1897.85255398     1.00017414        3
  1897.87298585     1.00015206        3
  1897.93428115     0.99805535        3
  1897.95471282     0.99793239        3
  1897.97514459     0.99938768        3
  1897.99557647     1.00028320        3
  1898.01600814     0.99984943        4
  1898.03644001     0.99999369        4
  1898.05687178     0.99985603        4
  1898.07730345     1.00018769        4
  1898.09773532     0.99979174        4
  1898.11816709     1.00015141        4
  1898.15903064     1.00037718        4
  1898.17946231     0.99992555        4
  1898.19989418     0.99975982        4
  1898.22032596     0.99986605        4
  1898.24075763     1.00044577        4
  1898.26118951     0.99963441        4
  1898.28162128     0.99960985        4
  1898.30205305     0.99992344        4
  1898.32248483     1.00067162        4
  1898.34291660     1.00039811        4
  1898.40421193     1.00039595        4
  1898.42464381     1.00014235        4
  1898.44507558     1.00024666        4
  1898.46550726     1.00018197        4
  1898.48593914     1.00030288        4
  1898.50637092     1.00006398        4
  1898.52680259     0.99988022        4
  1898.54723447     1.00009392        4
  1898.56766625     0.99974658        4
  1898.58809813     0.99997045        4
  1898.60852981     0.99987356        4
  1898.64939347     1.00027938        4
  1898.66982515     1.00015712        4
  1898.69025693     1.00000000        4
  1898.71068881     1.00052971        4
  1898.73112049     1.00039711        4
  1898.75155237     0.99988775        4
  1898.77198415     0.99969070        4
  1898.79241583     1.00026139        4
  1898.81284771     0.99977788        4
  1898.83327939     0.99981807        4
  1898.85371118     1.00009950        4
  1898.89457474     0.99950469        4
  1898.91500652     0.99977199        4
  1898.93543841     0.99936883        4
  1898.95587019     0.99989384        4
  1898.97630198     0.99983996        4
  1898.99673376     1.00007935        4
  1899.01716554     0.99979033        4
  1899.03759733     0.99998006        4
  1899.05802911     0.99996715        4
  1899.07846090     1.00185958        4
  1899.09889279     1.00016786        4
  1899.13975636     1.00036036        4
  1899.16018814     0.99976457        4
  1899.18061983     1.00033994        4
  1899.20105172     1.00023874        4
  1899.22148351     0.99995704        4
  1899.24191519     1.00009488        4
  1899.26234708     0.99937127        4
  1899.28277887     0.99977890        4
  1899.30321076     1.00065693        4
  1899.32364245     1.00010394        4
  1899.34407424     0.99997795        4
  1899.38493782     0.99984400        4
  1899.40536961     0.99958114        4
  1899.42580150     1.00027973        4
  1899.44623319     0.99972498        4
  1899.46666508     1.00005418        4
  1899.48709677     1.00040046        4
  1899.50752856     1.00039008        4
  1899.52796045     0.99987914        4
  1899.54839215     0.99994945        4
  1899.56882394     0.99963882        4
  1899.58925583     0.99982631        4
  1899.63011932     1.00026988        4
  1899.65055121     1.00062952        4
  1899.67098301     0.99991793        4
  1899.69141480     0.99979527        4
  1899.71184659     0.99985789        4
  1899.73227839     0.99946089        4
  1899.75271028     1.00040312        4
  1899.77314198     1.00010431        4
  1899.79357378     0.99971111        4
  1899.81400567     1.00005451        4
  1899.83443737     0.99970675        4
  1899.89573276     0.99995331        4
  1899.91616466     1.00023432        4
  1899.93659646     0.99987952        4
  1899.95702815     1.00000469        4
  1899.97746005     1.00003069        4
  1899.99789185     1.00023182        4
  1900.01832375     1.00035688        4
  1900.03875545     1.00057735        4
  1900.05918725     1.00017332        4
  1900.07961905     1.00018623        4
  1900.12048265     1.00008285        4
  1900.14091445     1.00024864        4
  1900.16134625     1.00044630        4
  1900.18177815     0.99981901        4
  1900.20220985     1.00031956        4
  1900.22264166     0.99980379        4
  1900.24307356     0.99983082        4
  1900.26350526     1.00017156        4
  1900.28393706     0.99991836        4
  1900.30436897     0.99997690        4
  1900.32480077     1.00003140        4
  1900.36566438     1.00024581        4
  1900.38609618     1.00004142        4
  1900.40652809     1.00033847        4
  1900.42695979     1.00009980        4
  1900.44739160     0.99984845        4
  1900.46782351     1.00055874        4
  1900.48825521     1.00007158        4
  1900.50868702     1.00011727        4
  1900.52911892     1.00008021        4
  1900.54955063     1.00019994        4
  1900.56998254     0.99989831        4
  1900.61084605     1.00002387        4
  1900.63127796     0.99986111        4
  1900.65170977     0.99995757        4
  1900.67214148     1.00037527        4
  1900.69257339     1.00026917        4
  1900.71300520     1.00045075        4
  1900.85602787     0.99996273        4
  1900.87645968     0.99944822        4
  1900.89689160     0.99904775        4
  1900.91732341     0.99983421        4
  1900.93775512     0.99925286        4
  1900.95818703     1.00003469        4
  1900.97861885     0.99953148        4
  1900.99905056     0.99996003        4
  1901.01948247     1.00011665        4
  1901.03991429     0.99984513        4
  1901.06034600     0.99997797        4
  1901.10120973     0.99995544        4
  1901.12164165     0.99997492        4
  1901.14207337     0.99954446        4
  1901.16250518     0.99956034        4
  1901.18293710     0.99993211        4
  1901.20336881     1.00013246        4
  1901.22380063     1.00021139        4
  1901.24423255     0.99925943        4
  1901.26466427     0.99971790        4
  1901.28509618     0.99938044        4
  1901.30552800     0.99989457        4
  1901.36682346     1.00032195        4
  1901.38725528     1.00070773        4
  1901.40768710     0.99968133        4
  1901.42811892     1.00003397        4
  1901.44855074     0.99991552        4
  1901.46898256     1.00053676        4
  1901.48941438     1.00012941        4
  1901.50984620     0.99991526        4
  1901.53027803     1.00003553        4
  1901.55070985     0.99969043        4
  1901.59157349     0.99970672        4
  1901.61200542     0.99988194        4
  1901.63243724     0.99982881        4
  1901.65286896     0.99997213        4
  1901.67330089     1.00007183        4
  1901.69373271     1.00038555        4
  1901.71416444     1.00006779        4
  1901.73459636     1.00017185        4
  1901.75502819     1.00035016        4
  1901.77545991     0.99990797        4
  1901.79589184     1.00005313        4
  1901.83675559     1.00026719        4
  1901.85718732     1.00006657        4
  1901.87761914     0.99973652        4
  1901.89805107     0.99995705        4
  1901.91848280     1.00040028        4
  1901.93891463     0.99992684        4
  1901.95934656     1.00014027        4
  1901.97977828     1.00039677        4
  1902.00021021     0.99984468        4
  1902.02064204     0.99975050        4
  1902.08193753     1.00008999        4
  1902.10236926     0.99978909        4
  1902.12280119     1.00015856        4
  1902.14323303     1.00029219        4
  1902.16366486     1.00012690        4
  1902.18409669     1.00024572        4
  1902.20452852     0.99973526        4
  1902.22496035     0.99998124        4
  1902.24539219     0.99972282        4
  1902.26582402     0.99975162        4
  1902.28625595     0.99959338        4
  1902.32711952     1.00001555        4
  1902.34755146     1.00046940        4
  1902.36798319     1.00018417        4
  1902.38841513     1.00015451        4
  1902.40884696     1.00003975        4
  1902.42927870     1.00033110        4
  1902.44971063     1.00031521        4
  1902.57230166     0.99980467        4
  1902.59273349     1.00014264        4
  1902.61316543     1.00018063        4
  1902.63359717     1.00013035        4
  1902.65402901     1.00070176        4
  1902.67446095     1.00029774        4
  1902.69489269     1.00026375        4
  1902.71532463     1.00022607        4
  1902.73575647     1.00036353        4
  1902.75618821     1.00058577        4
  1902.77662015     0.99959365        4
  1902.81748384     0.99573883        4
  1902.83791568     0.99978602        4
  1902.85834752     1.00036576        4
  1902.87877926     1.00020422        4
  1902.89921121     0.99974507        4
  1902.91964305     0.99917856        4
  1902.94007500     0.99992365        4
  1902.96050674     0.99997865        4
  1902.98093858     0.99987170        4
  1903.00137053     0.99980186        4
  1903.02180227     0.99924094        4
  1903.22612084     0.99997757        4
  1903.24655269     1.00045533        4
  1903.26698464     0.99992381        4
  1903.30784824     0.99977178        4
  1903.32828019     1.00011186        4
  1903.34871194     1.00001240        4
  1903.36914379     1.00028068        4
  1903.38957574     0.99929187        4
  1903.41000760     0.99989226        4
  1903.43043945     0.99895078        4
  1903.45087120     0.99981379        4
  1903.47130305     0.99987650        4
  1903.49173500     1.00018311        4
  1903.51216686     1.00031514        4
  1903.55303056     0.99975170        4
  1903.57346242     0.99983394        4
  1903.59389417     1.00014132        4
  1903.61432613     1.00004314        4
  1903.63475798     1.00013950        4
  1903.65518994     1.00009561        4
  1903.67562169     1.00023248        4
  1903.69605355     0.99992047        4
  1903.71648551     0.99992989        4
  1903.73691726     0.99991550        4
  1903.75734912     1.00021340        4
  1903.79821284     1.00000169        4
  1903.81864479     1.00014116        4
  1903.83907665     0.99995839        4
  1903.85950841     1.00011746        4
  1903.87994037     1.00014307        4
  1903.90037223     0.99993340        4
  1903.92080399     0.99978767        4
  1903.94123595     1.00002678        4
  1903.96166781     1.00023934        4
  1903.98209977     0.99967526        4
  1904.00253153     0.99962035        4
  1904.04339526     0.99978659        4
  1904.06382722     0.99998660        4
  1904.08425898     0.99970042        4
  1904.10469084     1.00079407        4
  1904.12512271     1.00008494        4
  1904.14555457     1.00008339        4
  1904.16598653     0.99981945        4
  1904.18641830     1.00046092        4
  1904.20685026     0.99994549        4
  1904.22728213     1.00018828        4
  1904.24771389     0.99994279        4
  1904.30900949     0.99987377        4
  1904.32944146     0.99998663        4
  1904.34987332     1.00032701        4
  1904.37030529     1.00035828        4
  1904.39073706     0.99981063        4
  1904.41116893     1.00015868        4
  1904.43160089     0.99991351        4
  1904.45203266     0.99952180        4
  1904.47246453     1.00024684        4
  1904.49289650     0.99995543        4
  1904.61548772     0.99999300        4
  1904.63591959     1.00011277        4
  1904.65635147     0.99950008        4
  1904.67678334     1.00033987        4
  1904.69721521     1.00032505        4
  1904.71764708     0.99999343        4
  1904.73807896     0.99998882        4
  1904.77894271     1.00009885        4
  1904.79937458     1.00016086        4
  1904.81980656     1.00032779        4
  1904.84023833     0.99999013        4
  1904.86067021     1.00022200        4
  1904.88110218     0.99999585        4
  1905.04455720     0.99988055        4
  1905.06498908     1.00018058        4
  1905.08542106     0.99988796        4
  1905.10585284     0.99974398        4
  1905.12628472     0.99993643        4
  1905.14671670     1.00019516        4
  1905.16714848     1.00006266        4
  1905.18758036     0.99993159        4
