  1835.65894053     0.99932822        0
  1835.67937262     1.00058245        0
  1835.69980472     1.00082149        0
  1835.80196519     1.00000938        0
  1835.82239738     1.00004717        0
  1835.84282937     0.99912483        0
  1835.86326147     0.99978957        0
  1835.88369366     0.99900511        0
  1835.90412565     1.00018054        0
  1835.92455774     1.00084719        0
  1835.94498993     0.99985560        0
  1835.96542192     0.99978734        0
  1835.98585401     0.99883613        0
  1836.00628619     0.99973604        0
  1836.02671818     1.00031815        0
  1836.04715027     1.00046880        0
  1836.06758246     0.99918807        0
  1836.08801444     0.99916971        0
  1836.10844653     0.99931660        0
  1836.12887872     1.00039058        0
  1836.14931080     1.00011867        0
  1836.16974279     0.99975644        0
  1836.19017497     1.00069080        0
  1836.21060705     0.99957745        0
  1836.23103924     1.00068699        0
  1836.25147122     1.00015916        0
  1836.27190330     1.00138049        0
  1836.31276747     0.99872262        0
  1836.33319955     0.99897335        0
  1836.35363173     1.00019752        0
  1836.37406371     1.00125912        0
  1836.39449579     1.00072945        0
  1836.41492787     0.99931973        0
  1836.43535994     0.99938038        0
  1836.45579202     1.00021760        0
  1836.47622410     1.00026164        0
  1836.49665618     1.00037078        0
  1836.51708825     0.99951330        0
  1836.53752033     0.99954550        0
  1836.55795241     0.99959605        0
  1836.57838448     1.00043110        0
  1836.59881666     1.00039179        0
  1836.61924863     0.99884496        0
  1836.63968071     0.99879191        0
  1836.66011288     0.99894966        0
  1836.68054485     0.99981203        0
  1836.70097692     0.99980251        0
  1836.72140910     0.99989077        0
  1836.74184107     0.99900490        0
  1836.76227314     0.99925993        0
  1836.78270531     1.00040462        0
  1836.80313728     1.00087399        0
  1836.82356945     1.00013204        0
  1836.84400152     1.00071233        0
  1836.86443349     0.99916373        0
  1836.88486566     1.00044370        0
  1836.90529772     1.00071951        0
  1836.92572969     1.00008379        0
  1836.94616186     1.00059487        0
  1836.96659392     1.00001682        0
  1836.98702599     0.99964256        0
  1837.00745806     1.00195351        0
  1837.02789012     1.00089130        0
  1837.10961838     0.99965837        0
  1837.13005044     1.00055789        0
  1837.15048250     1.00022308        0
  1837.17091456     0.99951454        0
  1837.19134662     0.99881627        0
  1837.21177869     0.99848078        0
  1837.23221075     0.99968263        0
  1837.25264281     0.99932578        0
  1837.27307487     0.99881847        0
  1837.29350682     0.99931558        0
  1837.31393898     0.99892459        0
  1837.33437104     0.99948305        0
  1837.35480310     1.00080785        0
  1837.37523516     1.00075314        0
  1837.39566721     0.99982120        0
  1837.41609927     1.00012655        0
  1837.43653143     0.99900650        0
  1837.45696338     1.00028324        0
  1837.47739554     1.00132705        0
  1837.49782759     1.00014426        0
  1837.51825954     0.99915122        0
  1837.53869170     1.00050897        0
  1837.55912375     0.99974036        0
  1837.57955570     1.00100896        0
  1837.59998786     1.00009539        0
  1837.62041991     0.99939856        0
  1837.64085186     0.99942557        0
  1837.66128401     0.99976842        0
  1837.68171606     1.00045992        0
  1837.70214801     0.99993889        0
  1837.72258016     1.00058426        0
  1837.74301221     0.99989784        0
  1837.76344416     0.99915535        0
  1837.78387631     1.00114866        0
  1837.80430835     0.99998920        0
  1837.82474040     1.00016406        0
  1837.84517245     0.99961411        0
  1837.86560449     0.99886868        0
  1837.88603644     0.99959618        0
  1837.90646858     1.00058382        0
  1837.92690063     1.00028689        0
  1837.94733267     1.00016095        0
  1837.96776472     0.99912519        0
  1837.98819676     1.00034412        0
  1838.00862870     0.99977479        0
  1838.02906085     1.00020037        0
  1838.04949289     1.00026821        0
  1838.06992503     0.99990454        0
  1838.09035697     0.99924818        0
  1838.11078901     1.00045774        0
  1838.13122115     1.00106561        0
  1838.15165309     0.99987969        0
  1838.17208513     0.99955887        0
  1838.19251727     0.99927091        0
  1838.21294921     0.99941663        0
  1838.29467736     0.99986588        0
  1838.31510950     1.00000749        0
  1838.33554153     1.00055418        0
  1838.35597347     1.00072585        0
  1838.37640560     0.99990716        0
  1838.39683764     0.99872482        0
  1838.41726957     0.99908052        0
  1838.43770170     1.00024108        0
  1838.45813374     1.00002706        0
  1838.47856567     1.00092286        0
  1838.49899780     1.00009249        0
  1838.51942983     0.99880658        0
  1838.53986176     0.99906324        0
  1838.56029390     1.00102358        0
  1838.58072593     1.00015114        0
  1838.60115786     0.99884449        0
  1838.62158999     0.99951746        0
  1838.64202201     1.00108247        0
  1838.66245394     1.00015836        0
  1838.68288607     1.00099973        0
  1838.70331810     0.99993942        0
  1838.72375013     0.99869927        0
  1838.74418215     0.99872664        0
  1838.76461418     0.99962398        0
  1838.78504621     1.00020081        0
  1838.80547823     1.00006971        0
  1838.82591026     0.99995867        0
  1838.84634238     0.99824266        0
  1838.86677431     0.99962843        0
  1838.88720633     1.00045310        0
  1838.90763845     0.99951149        0
  1838.92807038     0.99920775        0
  1838.94850240     0.99992916        0
  1838.96893452     1.00028125        0
  1838.98936644     0.99929013        0
  1839.05066250     1.00010853        0
  1839.07109452     0.99950500        0
  1839.09152664     1.00413985        0
  1839.11195866     1.00014394        0
  1839.13239058     1.00066565        0
  1839.15282270     1.00024188        0
  1839.17325471     1.00043109        0
  1839.19368663     0.99957766        0
  1839.21411875     1.00095710        0
  1839.23455076     1.00118828        0
  1839.25498268     1.00068009        0
  1839.27541480     0.99927423        0
  1839.29584681     1.00043521        0
  1839.31627893     0.99963524        0
  1839.33671084     1.00051729        0
  1839.35714285     1.00098230        0
  1839.37757487     0.99945984        0
  1839.39800688     1.00053471        0
  1839.41843879     0.99964987        0
  1839.43887090     1.00037297        0
  1839.45930291     1.00131995        0
  1839.47973483     0.99923151        0
  1839.50016694     0.99930553        0
  1839.52059895     0.99973667        0
  1839.54103096     0.99884152        0
  1839.56146296     1.00019877        0
  1839.58189497     1.00005624        0
  1839.60232698     1.00060098        0
  1839.62275899     0.99940858        0
  1839.64319100     0.99958186        0
  1839.72491902     0.99805173        0
  1839.74535113     0.99850709        0
  1839.76578303     0.99890553        0
  1839.78621504     1.00007798        0
  1839.80664714     1.00010169        0
  1839.82707904     0.99992460        0
  1839.84751105     0.99904324        0
  1839.86794315     1.00065670        0
  1839.88837505     1.00041510        0
  1839.90880705     1.00006190        0
  1839.92923916     1.00017586        0
  1839.94967116     0.99924213        0
  1839.97010316     0.99819806        0
  1839.99053516     1.00025911        0
  1840.01096716     0.99985918        0
  1840.27658311     1.00298379        0
  1840.31744700     1.00098384        0
  1840.33787909     1.00125133        0
  1840.35831108     1.00016872        0
  1840.37874308     0.99970705        0
  1840.39917507     0.99930413        0
  1840.41960706     1.00006468        0
  1840.44003905     1.00036705        0
  1840.46047104     1.00103125        0
  1840.48090303     1.00030510        0
  1840.50133502     0.99985459        0
  1840.52176711     0.99887023        0
  1840.54219900     1.00031195        0
  1840.56263108     1.00201106        0
  1840.58306307     1.00016125        0
  1840.60349496     0.99938690        0
  1840.62392704     0.99851974        0
  1840.64435903     1.00024949        0
  1840.66479092     1.00010764        0
  1840.68522300     0.99930685        0
  1840.70565499     0.99811649        0
  1840.72608687     0.99974791        0
  1840.74651896     0.99828704        0
  1840.76695094     1.00026926        0
  1840.78738292     1.00000000        0
  1840.80781491     0.99959599        0
  1840.82824679     0.99970855        0
  1840.84867887     0.99911212        0
  1840.86911085     1.00058842        0
  1840.88954283     1.00032781        0
  1840.90997471     1.00104361        0
  1840.93040679     0.99972336        0
  1840.95083877     0.99907437        0
  1840.97127065     1.00030933        0
  1840.99170273     1.00027385        0
  1872.00708597     0.99988440        1
  1872.02751758     1.00139194        1
  1872.04794918     1.00078683        1
  1872.06838079     1.00062504        1
  1872.08881239     0.99943452        1
  1872.10924399     0.99931488        1
  1872.12967570     0.99945288        1
  1872.17053880     1.00054353        1
  1872.19097051     0.99984078        1
  1872.21140211     0.99969870        1
  1872.23183361     0.99979848        1
  1872.25226532     0.99998880        1
  1872.27269692     1.00051316        1
  1872.29312842     0.99979969        1
  1872.31356013     0.99911071        1
  1872.33399173     0.99883402        1
  1872.35442323     1.00092830        1
  1872.37485494     1.00060228        1
  1872.41571824     0.99940319        1
  1872.43614974     0.99972011        1
  1872.45658135     0.99998733        1
  1872.47701305     1.00071136        1
  1872.49744455     1.00024384        1
  1872.51787615     1.00031614        1
  1872.53830786     0.99939715        1
  1872.55873936     1.00008576        1
  1872.57917096     0.99964314        1
  1872.59960266     1.00104123        1
  1872.62003417     0.99945747        1
  1872.66089747     0.99864772        1
  1872.68132897     0.99967650        1
  1872.70176067     1.00033707        1
  1872.72219228     1.00021770        1
  1872.74262378     0.99969821        1
  1872.76305548     0.99923829        1
  1872.78348708     0.99894848        1
  1872.80391858     1.00110587        1
  1872.82435028     1.00073882        1
  1872.84478189     0.99947912        1
  1872.86521339     0.99931621        1
  1872.90607669     1.00020046        1
  1872.92650819     1.00039171        1
  1872.94693989     0.99972938        1
  1872.96737149     0.99893006        1
  1872.98780319     0.99901067        1
  1873.00823470     1.00031587        1
  1873.02866630     1.00059864        1
  1873.04909800     1.00089882        1
  1873.06952950     0.99963470        1
  1873.08996110     0.99963307        1
  1873.11039280     1.00167426        1
  1873.15125590     1.00132204        1
  1873.17168760     1.00011496        1
  1873.19211920     1.00026440        1
  1873.21255080     1.00041777        1
  1873.23298240     0.99994374        1
  1873.25341400     1.00087527        1
  1873.27384560     1.00105679        1
  1873.29427721     1.00062578        1
  1873.31470881     1.00049930        1
  1873.33514041     1.00067650        1
  1873.35557201     1.00106537        1
  1873.39643521     0.99863788        1
  1873.41686681     1.00023624        1
  1873.43729831     0.99915092        1
  1873.45773001     1.00031302        1
  1873.47816161     1.00082583        1
  1873.49859331     0.99984140        1
  1873.51902481     0.99922062        1
  1873.53945640     0.99872852        1
  1873.55988810     0.99919033        1
  1873.58031960     0.99933515        1
  1873.60075120     1.00010515        1
  1873.78463570     0.99967647        1
  1873.80506730     1.00043942        1
  1873.82549890     1.00061636        1
  1873.84593060     0.99961882        1
  1873.88679369     0.99975821        1
  1873.90722539     1.00041291        1
  1873.92765689     1.00090705        1
  1873.94808849     1.00025173        1
  1873.96852019     0.99919541        1
  1873.98895169     0.99940828        1
  1874.00938339     0.99958292        1
  1874.02981488     1.00037306        1
  1874.05024648     1.00077219        1
  1874.07067818     0.99963254        1
  1874.09110968     0.99960787        1
  1874.27499416     0.99942875        1
  1874.29542576     0.99864546        1
  1874.31585736     0.99948786        1
  1874.33628896     1.00047670        1
  1874.37715215     1.00050327        1
  1874.39758375     0.99956132        1
  1874.41801545     0.99862827        1
  1874.43844695     1.00014057        1
  1874.45887855     1.00007092        1
  1874.47931024     0.99995104        1
  1874.49974174     0.99992064        1
  1874.52017344     0.99935572        1
  1874.54060504     0.99929675        1
  1874.56103653     1.00026064        1
  1874.58146823     0.99996335        1
  1874.62233133     1.00072187        1
  1874.64276302     0.99961484        1
  1874.66319462     1.00167918        1
  1874.68362622     0.99962809        1
  1874.70405782     1.00049487        1
  1874.72448941     0.99992998        1
  1874.74492091     1.00019111        1
  1874.76535261     0.99974360        1
  1874.78578421     0.99994272        1
  1874.80621580     1.00042304        1
  1874.86751069     0.99954785        1
  1874.88794219     1.00013219        1
  1874.90837379     1.00092428        1
  1874.92880549     1.00054235        1
  1874.94923698     1.00007065        1
  1874.96966858     1.00015731        1
  1874.99010028     1.00013899        1
  1875.01053177     1.00040818        1
  1875.03096347     1.00005390        1
  1875.05139507     1.00010237        1
  1875.11268986     1.00106446        1
  1875.13312135     0.99998989        1
  1875.15355305     1.00102689        1
  1875.17398465     0.99976262        1
  1875.19441624     1.00079131        1
  1875.21484784     0.99844195        1
  1875.23527944     1.00072585        1
  1875.25571113     1.00050264        1
  1875.35786901     0.99972043        1
  1875.37830071     0.99885175        1
  1875.39873221     0.99905893        1
  1875.41916380     0.99876161        1
  1875.43959550     1.00070150        1
  1875.46002700     1.00007952        1
  1875.48045859     1.00099392        1
  1875.50089029     0.99963248        1
  1875.52132178     0.99878564        1
  1875.54175348     0.99899731        1
  1875.56218508     1.00139893        1
  1875.60304827     1.00033818        1
  1875.62347986     0.99935647        1
  1875.64391136     0.99968965        1
  1875.66434306     0.99989919        1
  1875.68477465     1.00026122        1
  1875.70520625     1.00090534        1
  1875.72563784     0.99953499        1
  1875.74606944     0.99944047        1
  1875.76650114     0.99917063        1
  1875.78693263     1.00022704        1
  1875.80736423     1.00075838        1
  1875.84822752     1.00018268        1
  1875.86865902     1.00001010        1
  1875.88909071     1.00040930        1
  1875.90952231     1.00083433        1
  1875.92995380     0.99976653        1
  1875.95038550     0.99984255        1
  1875.97081709     0.99977647        1
  1875.99124879     0.99916599        1
  1876.01168028     1.00084288        1
  1876.03211188     1.00000000        1
  1876.09340667     0.99963547        1
  1876.11383826     1.00005129        1
  1876.13426986     1.00098318        1
  1876.15470135     1.00053060        1
  1876.17513305     0.99973043        1
  1876.19556464     0.99842242        1
  1876.21599624     1.00016899        1
  1876.23642783     1.00071136        1
  1876.25685943     1.00015206        1
  1876.27729113     0.99973038        1
  1876.35901751     1.00198385        1
  1876.37944900     1.00030585        1
  1876.39988070     1.00000546        1
  1876.42031229     0.99842554        1
  1876.44074379     1.00028432        1
  1876.46117548     1.00069715        1
  1876.48160708     1.00066567        1
  1876.50203877     0.99896329        1
  1876.52247027     0.99952542        1
  1876.54290186     1.00046514        1
  1876.58376505     1.00052557        1
  1876.60419665     1.00014916        1
  1876.62462834     0.99884839        1
  1876.64505984     0.99947962        1
  1876.66549143     0.99969685        1
  1876.82894419     0.99958122        1
  1876.84937589     0.99927370        1
  1876.86980738     0.99923552        1
  1876.89023898     1.00182588        1
  1876.91067067     1.00092162        1
  1876.93110227     0.99969918        1
  1876.95153376     0.99926766        1
  1877.07412353     0.99917216        1
  1877.09455503     1.00007471        1
  1877.11498662     0.99988711        1
  1877.13541832     1.00123211        1
  1877.15584981     1.00057720        1
  1877.17628141     1.00011345        1
  1877.19671310     0.99927268        1
  1877.21714460     1.00049105        1
  1877.23757629     1.00010595        1
  1877.25800789     1.00026050        1
  1877.27843938     0.99989307        1
  1877.31930267     1.00006452        1
  1877.33973427     1.00026096        1
  1877.36016586     1.00172899        1
  1877.38059746     1.00066938        1
  1877.40102905     0.99970573        1
  1877.42146065     1.00005818        1
  1877.44189224     1.00073376        1
  1877.46232384     0.99995674        1
  1877.48275543     0.99994283        1
  1877.50318703     0.99929437        1
  1877.52361862     0.99893698        1
  1877.56448181     0.99986617        1
  1877.58491350     1.00043659        1
  1877.60534500     0.99964638        1
  1877.62577659     0.99901342        1
  1877.64620829     1.00004242        1
  1877.66663978     1.00152604        1
  1877.68707148     1.00064197        1
  1877.70750307     1.00014770        1
  1877.72793457     0.99980913        1
  1877.74836626     0.99989843        1
  1877.76879786     1.00050597        1
  1877.80966105     1.00034443        1
  1877.83009264     0.99955064        1
  1877.85052414     0.99889139        1
  1877.87095583     0.99975785        1
  1877.89138743     1.00066909        1
  1877.91181902     1.00043526        1
  1877.93225062     0.99944721        1
  1877.95268221     0.99972495        1
  1877.97311391     0.99974279        1
  1877.99354550     1.00038882        1
  1878.01397700     1.00109181        1
  1878.05484028     0.99960608        1
  1878.07527178     0.99934224        1
  1878.09570347     1.00020280        1
  1878.11613507     1.00097283        1
  1878.13656656     1.00041679        1
  1878.15699826     0.99978185        1
  1878.17742975     0.99965612        1
  1878.19786145     0.99999946        1
  1878.21829304     1.00031216        1
  1878.23872454     1.00045337        1
  1878.25915623     0.99978403        1
  1878.30001932     0.99863747        1
  1878.32045102     1.00014200        1
  1878.34088261     0.99955234        1
  1878.36131411     0.99921853        1
  1878.38174580     0.99973881        1
  1878.40217740     0.99964361        1
  1878.42260909     0.99909935        1
  1878.44304059     1.00060675        1
  1878.46347218     1.00091334        1
  1878.48390388     1.00073365        1
  1878.50433537     0.99917522        1
  1878.54519866     1.00053817        1
  1878.56563026     1.00129861        1
  1878.58606175     0.99971738        1
  1878.60649345     0.99986240        1
  1878.62692504     0.99931921        1
  1878.64735664     0.99999482        1
  1878.66778823     1.00097322        1
  1878.68821983     1.00033979        1
  1878.70865152     1.00089520        1
  1878.72908302     0.99928028        1
  1878.74951461     0.99860914        1
  1878.79037780     1.00027195        1
  1878.81080940     0.99896940        1
  1878.83124099     0.99922782        1
  1878.85167259     0.99973814        1
  1878.87210428     1.00071850        1
  1878.89253578     1.00066786        1
  1878.91296737     0.99995250        1
  1878.93339907     0.99994441        1
  1878.95383056     0.99925298        1
  1878.97426216     0.99995595        1
  1878.99469385     1.00130359        1
  1879.07642023     0.99949516        1
  1879.09685183     1.00003231        1
  1879.11728343     1.00068441        1
  1879.13771502     0.99943137        1
  1879.15814662     1.00047676        1
  1879.17857821     1.00009573        1
  1879.19900981     0.99978499        1
  1879.21944150     1.00124974        1
  1879.23987300     1.00084400        1
  1879.32159948     1.00040464        1
  1879.34203107     1.00051632        1
  1879.36246257     0.99964412        1
  1879.38289427     0.99998397        1
  1879.40332586     0.99912892        1
  1879.42375736     1.00068826        1
  1879.44418905     1.00012911        1
  1879.46462065     1.00058769        1
  1879.48505214     0.99984334        1
  1879.52591533     0.99983981        1
  1879.54634703     0.99932684        1
  1879.56677863     1.00108958        1
  1879.58721022     0.99933928        1
  1879.60764182     0.99844876        1
  1879.62807341     0.99748492        1
  1879.64850501     1.00009958        1
  1879.66893661     0.99990011        1
  1879.68936820     0.99923247        1
  1879.70979980     0.99914666        1
  1879.73023139     0.99814640        1
  1879.77109468     1.00017072        1
  1879.79152628     1.00047817        1
  1879.81195778     1.00013554        1
  1879.83238947     0.99999592        1
  1879.85282107     1.00011908        1
  1879.87325256     1.00064046        1
  1879.89368426     1.00098511        1
  1879.91411586     0.99962453        1
  1879.93454735     1.00012070        1
  1879.95497905     0.99935185        1
  1879.97541065     1.00093494        1
  1880.05713713     0.99933824        2
  1880.07756863     0.99982551        2
  1880.09800022     1.00052295        2
  1880.11843182     0.99992625        2
  1880.13886342     0.99898030        2
  1880.15929501     0.99929364        2
  1880.17972671     0.99943736        2
  1880.20015821     1.00071750        2
  1880.22058990     1.00067104        2
  1880.26145300     0.99975109        2
  1880.28188469     0.99998235        2
  1880.30231629     0.99985073        2
  1880.32274778     1.00078187        2
  1880.34317948     1.00035045        2
  1880.36361108     0.99973713        2
  1880.38404258     0.99987652        2
  1880.40447427     0.99985393        2
  1880.42490587     1.00043004        2
  1880.44533757     1.00074525        2
  1880.46576906     1.00069518        2
  1880.50663236     0.99914964        2
  1880.52706385     1.00054616        2
  1880.54749545     1.00130235        2
  1880.56792715     0.99994764        2
  1880.58835864     0.99997550        2
  1880.60879024     0.99947052        2
  1880.62922194     0.99964585        2
  1880.64965344     1.00071798        2
  1880.67008513     1.00022046        2
  1880.75181152     1.00003601        2
  1880.77224312     1.00049630        2
  1880.79267472     0.99994951        2
  1880.81310631     1.00028226        2
  1880.83353791     0.99941545        2
  1880.85396951     0.99953088        2
  1880.87440111     1.00070438        2
  1880.89483270     1.00000741        2
  1880.91526430     0.99884701        2
  1880.93569590     0.99909020        2
  1880.95612760     0.99957735        2
  1881.01742239     1.00087788        2
  1881.03785389     0.99968675        2
  1881.05828549     0.99940837        2
  1881.07871718     1.00010893        2
  1881.09914868     1.00057195        2
  1881.11958038     0.99955424        2
  1881.14001198     1.00055078        2
  1881.16044348     1.00046510        2
  1881.18087517     0.99987685        2
  1881.20130677     1.00092342        2
  1881.24216997     1.00041505        2
  1881.26260157     1.00039881        2
  1881.28303317     0.99834035        2
  1881.30346476     0.99970303        2
  1881.32389636     1.00113801        2
  1881.34432806     0.99959728        2
  1881.36475956     0.99993314        2
  1881.38519116     1.00004772        2
  1881.40562286     1.00000000        2
  1881.42605446     1.00075984        2
  1881.44648595     1.00047538        2
  1881.48734915     1.00038565        2
  1881.50778085     0.99917700        2
  1881.52821245     1.00066716        2
  1881.54864405     1.00074657        2
  1881.56907565     0.99950917        2
  1881.58950725     0.99916272        2
  1881.60993875     0.99994825        2
  1881.63037044     0.99961356        2
  1881.65080204     1.00095054        2
  1881.67123354     0.99982323        2
  1881.69166524     1.00027374        2
  1881.73252854     0.99943918        2
  1881.75296004     1.00022556        2
  1881.77339164     0.99992567        2
  1881.79382334     1.00005988        2
  1881.81425484     0.99839329        2
  1881.83468644     0.99906896        2
  1881.85511814     1.00013224        2
  1881.87554964     1.00042549        2
  1881.89598124     1.00016615        2
  1881.91641294     1.00009194        2
  1881.93684454     1.00033327        2
  1881.97770773     1.00004655        2
  1881.99813933     1.00065397        2
  1882.01857093     0.99973380        2
  1882.03900253     0.99932611        2
  1882.05943413     1.00031775        2
  1882.07986583     1.00083709        2
  1882.10029734     1.00031410        2
  1882.12072894     1.00039870        2
  1882.14116064     0.99954868        2
  1882.16159214     0.99897594        2
  1882.18202384     1.00004842        2
  1882.22288694     0.99966243        2
  1882.24331864     1.00020419        2
  1882.26375014     0.99904942        2
  1882.28418174     0.99926517        2
  1882.30461344     0.99973017        2
  1882.32504494     1.00099614        2
  1882.34547664     0.99962647        2
  1882.36590824     0.99934993        2
  1882.38633974     1.00002530        2
  1882.46806625     1.00047537        2
  1882.48849785     0.99965684        2
  1882.50892945     1.00019896        2
  1882.52936105     0.99972780        2
  1882.54979265     0.99985547        2
  1882.57022435     0.99964216        2
  1882.59065595     0.99944808        2
  1882.77454037     0.99969133        2
  1882.79497207     1.00121892        2
  1882.81540357     0.99955829        2
  1882.83583518     0.99877018        2
  1882.85626688     1.00045809        2
  1882.87669838     1.00110052        2
  1882.89712988     0.99968057        2
  1882.91756158     1.00016379        2
  1883.04015120     0.99946122        2
  1883.06058280     1.00006536        2
  1883.08101450     1.00105418        2
  1883.10144611     1.00079493        2
  1883.12187761     0.99973898        2
  1883.14230931     0.99983750        2
  1883.16274092     1.00021423        2
  1883.20360412     0.99981933        2
  1883.22403573     1.00086896        2
  1883.24446743     0.99865684        2
  1883.26489893     0.99858032        2
  1883.28533054     1.00102894        2
  1883.30576224     1.00150194        2
  1883.32619374     1.00150924        2
  1883.34662535     1.00035620        2
  1883.36705705     0.99963768        2
  1883.38748855     0.99893886        2
  1883.40792026     1.00019225        2
  1883.44878337     1.00032624        2
  1883.46921507     0.99942235        2
  1883.48964667     0.99977991        2
  1883.51007818     0.99967380        2
  1883.53050988     0.99943958        2
  1883.55094139     1.00042144        2
  1883.57137309     0.99969092        2
  1883.59180470     0.99960716        2
  1883.61223620     0.99971976        2
  1883.63266790     1.00062294        2
  1883.65309951     1.00040350        2
  1883.71439432     0.99996250        2
  1883.73482593     1.00028925        2
  1883.75525753     1.00041067        2
  1883.77568914     1.00028761        2
  1883.79612084     0.99960889        2
  1883.81655245     0.99925268        2
  1883.83698395     1.00109695        2
  1883.85741566     1.00093651        2
  1883.87784726     1.00070420        2
  1883.89827877     1.00019375        2
  1883.98000529     1.00033407        2
  1884.00043690     1.00054282        2
  1884.02086860     0.99906135        2
  1884.04130011     0.99916759        2
  1884.06173172     1.00051807        2
  1884.08216342     1.00057915        2
  1884.10259493     1.00070318        2
  1884.12302653     0.99903024        2
  1884.14345824     0.99909102        2
  1884.20475296     1.00056430        2
  1884.22518457     1.00056938        2
  1884.24561627     1.00037440        2
  1884.26604778     0.99979810        2
  1884.28647939     0.99994325        2
  1884.30691109     0.99961575        2
  1884.32734270     0.99973557        2
  1884.34777421     0.99949508        2
  1884.36820591     0.99987210        2
  1884.38863752     0.99999879        2
  1884.42950074     1.00032225        2
  1884.44993234     1.00068050        2
  1884.47036405     0.99961169        2
  1884.49079556     0.99986918        2
  1884.51122717     1.00012714        2
  1884.53165887     1.00045456        2
  1884.55209038     1.00075134        2
  1884.57252199     0.99938964        2
  1884.59295370     0.99946546        2
  1884.61338521     1.00065879        2
  1884.63381691     1.00085292        2
  1884.67468003     0.99977793        2
  1884.69511174     1.00043930        2
  1884.71554335     0.99929721        2
  1884.73597495     1.00052081        2
  1884.75640656     1.00045385        2
  1884.77683817     0.99974826        2
  1884.79726978     0.99919469        2
  1884.81770139     0.99968335        2
  1884.83813300     1.00037519        2
  1884.85856461     1.00078049        2
  1884.87899622     1.00013107        2
  1884.91985943     0.99931514        2
  1884.94029104     0.99941948        2
  1884.96072265     1.00075741        2
  1884.98115436     1.00058916        2
  1885.00158587     1.00009517        2
  1885.02201758     0.99998603        2
  1885.04244919     0.99993130        2
  1885.06288070     0.99984488        2
  1885.08331241     1.00051286        2
  1885.10374402     0.99954948        2
  1885.12417553     0.99984133        2
  1885.16503885     0.99655506        2
  1885.18547036     1.00012527        2
  1885.20590207     1.00103217        2
  1885.22633368     0.99984974        2
  1885.24676539     0.99926806        2
  1885.26719690     0.99992456        2
  1885.28762851     1.00071468        2
  1885.30806023     0.99983650        2
  1885.32849174     0.99965268        2
  1885.34892335     0.99924241        2
  1885.36935506     0.99946459        2
  1885.43064989     1.00001010        2
  1885.45108150     0.99907428        2
  1885.47151312     0.99955004        2
  1885.49194473     1.00008825        2
  1885.51237634     1.00095442        2
  1885.53280795     1.00061099        2
  1885.55323956     0.99927010        2
  1885.57367107     0.99913376        2
  1885.59410279     0.99995368        2
  1885.61453440     0.99992778        2
  1885.65539762     1.00007113        2
  1885.67582924     0.99924828        2
  1885.69626095     0.99974201        2
  1885.71669246     0.99978606        2
  1885.73712407     1.00005853        2
  1885.75755579     1.00031762        2
  1885.77798730     0.99972450        2
  1885.79841891     0.99851581        2
  1885.81885062     0.99880608        2
  1885.83928214     1.00030331        2
  1885.85971385     1.00115758        2
  1885.90057698     0.99905750        2
  1885.92100869     1.00012450        2
  1885.94144030     1.00024633        2
  1885.96187192     1.00099334        2
  1885.98230353     1.00024458        2
  1886.00273515     0.99995399        2
  1886.02316676     0.99947031        2
  1886.04359837     0.99997730        2
  1886.06402999     1.00053043        2
  1886.08446170     1.00020377        2
  1886.10489332     0.99929853        2
  1886.16618816     1.00023641        2
  1886.18661967     1.00088310        2
  1886.20705139     0.99961315        2
  1886.22748290     0.99930726        2
  1886.24791462     0.99896453        2
  1886.26834623     0.99969131        2
  1886.28877775     1.00056416        2
  1886.30920947     1.00107093        2
  1886.32964108     1.00007157        2
  1886.35007260     1.00003764        2
  1886.39093593     1.00099717        2
  1886.41136744     1.00052877        2
  1886.43179916     1.00100559        2
  1886.45223077     0.99934816        2
  1886.47266249     0.99988242        2
  1886.49309401     1.00028190        2
  1886.51352562     1.00107570        2
  1886.53395734     0.99976460        2
  1886.63611542     1.00025293        2
  1886.65654704     0.99870278        2
  1886.67697866     0.99872272        2
  1886.69741027     0.99931766        2
  1886.71784189     1.00004496        2
  1886.73827351     1.00016157        2
  1886.75870523     1.00016572        2
  1886.88129483     0.99978931        2
  1886.90172645     1.00044883        2
  1886.92215817     0.99952576        2
  1886.94258969     1.00100512        2
  1886.96302131     1.00114188        2
  1886.98345303     0.99976377        2
  1887.00388454     1.00038109        2
  1887.12647436     0.99898822        2
  1887.14690598     0.99954124        2
  1887.16733760     1.00000084        2
  1887.18776922     1.00042363        2
  1887.20820084     0.99996172        2
  1887.22863246     0.99972370        2
  1887.24906418     1.00021928        2
  1887.26949570     1.00096583        2
  1887.28992732     1.00048470        2
  1887.31035904     1.00005843        2
  1887.33079066     0.99974547        2
  1887.37165390     1.00039786        2
  1887.39208552     1.00058466        2
  1887.41251704     0.99963963        2
  1887.43294876     0.99946185        2
  1887.45338038     0.99822215        2
  1887.47381200     0.99951193        2
  1887.49424363     1.00018729        2
  1887.51467525     1.00036363        2
  1887.53510697     1.00046159        2
  1887.55553849     1.01089049        2
  1887.57597011     0.99942575        2
  1887.61683336     1.00082018        2
  1887.63726508     0.99982459        2
  1887.65769660     1.00005608        2
  1887.67812822     0.99956152        2
  1887.69855994     1.00039156        2
  1887.71899147     1.00068131        2
  1887.73942309     1.00080214        2
  1887.75985481     1.00049124        2
  1887.78028634     0.99955968        2
  1887.80071796     0.99953419        2
  1887.86201293     0.99995079        2
  1887.88244455     0.99888877        2
  1887.90287617     1.00463578        2
  1887.92330780     1.00204701        2
  1887.94373942     1.00000058        2
  1887.96417105     0.99996873        2
  1887.98460277     0.99950941        2
  1891.04934850     1.00021266        3
  1891.06978015     1.00003194        3
  1891.09021189     0.99954432        3
  1891.11064344     0.99986794        3
  1891.13107508     0.99987622        3
  1891.15150682     1.00065433        3
  1891.17193837     1.00064754        3
  1891.19237011     0.99961488        3
  1891.21280176     0.99946499        3
  1891.23323330     0.99992870        3
  1891.25366505     1.00072615        3
  1891.29452824     1.00005789        3
  1891.31495999     0.99904279        3
  1891.33539163     0.99910312        3
  1891.35582338     0.99893795        3
  1891.37625492     1.00094243        3
  1891.39668657     0.99967117        3
  1891.41711832     0.99969185        3
  1891.43754986     0.99835539        3
  1891.45798151     1.00023145        3
  1891.47841326     1.00071607        3
  1891.49884490     1.00062936        3
  1891.53970820     0.99967841        3
  1891.56013975     0.99982339        3
  1891.58057149     1.00100789        3
  1891.60100314     1.00095490        3
  1891.62143469     0.99987981        3
  1891.64186644     0.99863145        3
  1891.66229809     0.99917162        3
  1891.68272964     1.00047759        3
  1891.70316138     1.00119674        3
  1891.72359303     1.00019229        3
  1891.74402478     1.00078313        3
  1891.78488798     0.99959221        3
  1891.80531973     1.00148604        3
  1891.82575128     0.99999712        3
  1891.84618293     1.00483857        3
  1891.86661468     0.99939660        3
  1891.88704623     0.99845415        3
  1891.90747788     0.99989294        3
  1891.92790963     1.00044132        3
  1891.94834118     0.99933612        3
  1891.96877293     0.99982933        3
  1891.98920458     0.99926274        3
  1892.03006788     1.00072613        3
  1892.05049954     1.00116248        3
  1892.07093119     1.00039434        3
  1892.09136284     1.00000102        3
  1892.11179449     1.00001695        3
  1892.13222624     1.00053188        3
  1892.15265789     1.00039475        3
  1892.17308945     1.00013492        3
  1892.19352120     0.99930400        3
  1892.21395275     0.99909870        3
  1892.23438441     1.00038609        3
  1892.27524771     1.00104880        3
  1892.29567946     0.99977221        3
  1892.31611112     0.99917610        3
  1892.33654267     0.99936436        3
  1892.35697443     1.00049270        3
  1892.37740608     0.99988026        3
  1892.39783763     0.99965768        3
  1892.41826939     1.00041474        3
  1892.43870104     0.99951665        3
  1892.45913260     1.00031318        3
  1892.47956435     1.00139378        3
  1892.52042776     0.99957564        3
  1892.54085932     0.99948996        3
  1892.56129097     0.99973655        3
  1892.58172273     1.00003753        3
  1892.60215428     1.00051306        3
  1892.62258594     0.99928193        3
  1892.64301770     0.99896385        3
  1892.66344935     0.99936553        3
  1892.84733426     0.99994168        3
  1892.86776602     0.99941278        3
  1892.88819758     0.99938214        3
  1892.90862934     1.00149302        3
  1892.92906090     1.00130859        3
  1892.94949256     1.00027828        3
  1892.96992431     0.99911395        3
  1893.01078753     0.99894360        3
  1893.03121929     1.00057017        3
  1893.05165085     1.00043696        3
  1893.07208261     0.99946518        3
  1893.09251427     0.99935035        3
  1893.11294583     0.99971018        3
  1893.13337759     1.00129570        3
  1893.15380925     1.00062063        3
  1893.17424081     1.00059071        3
  1893.19467257     0.99961223        3
  1893.21510423     0.99980520        3
  1893.33769420     1.00016600        3
  1893.35812596     1.00010930        3
  1893.37855763     1.00016632        3
  1893.39898919     0.99927431        3
  1893.41942095     0.99891233        3
  1893.43985261     1.00001548        3
  1893.46028438     1.00131677        3
  1893.50114760     0.99972320        3
  1893.52157937     1.00031325        3
  1893.54201093     0.99925084        3
  1893.56244249     0.99990400        3
  1893.58287426     1.00006053        3
  1893.60330592     1.00063840        3
  1893.62373768     0.99907294        3
  1893.64416925     0.99850554        3
  1893.66460091     1.00026145        3
  1893.68503268     1.00096322        3
  1893.70546424     1.00025160        3
  1893.74632767     0.99865633        3
  1893.76675924     0.99903860        3
  1893.78719091     1.00067841        3
  1893.80762267     1.00097153        3
  1893.82805424     0.99984334        3
  1893.84848600     1.00015410        3
  1893.86891767     0.99909550        3
  1893.88934934     1.00006317        3
  1893.90978100     1.00046939        3
  1893.93021267     1.00022126        3
  1893.95064434     0.99937160        3
  1894.03237111     1.00065221        3
  1894.05280268     1.00016089        3
  1894.07323444     0.99985634        3
  1894.09366611     0.99950552        3
  1894.11409768     0.99959736        3
  1894.13452945     1.00079541        3
  1894.15496112     1.00056774        3
  1894.17539279     0.99912504        3
  1894.19582446     0.99966986        3
  1894.23668780     1.00030207        3
  1894.25711947     1.00042477        3
  1894.27755104     1.00015373        3
  1894.29798281     1.00001544        3
  1894.31841448     0.99950355        3
  1894.33884605     1.00100850        3
  1894.35927782     1.00126415        3
  1894.37970949     1.00186653        3
  1894.40014126     1.00007478        3
  1894.42057283     0.99973544        3
  1894.44100450     0.99997814        3
  1894.48186785     1.00112555        3
  1894.50229952     1.00018394        3
  1894.52273129     0.99891633        3
  1894.54316296     0.99869540        3
  1894.56359463     0.99982339        3
  1894.58402631     0.99973295        3
  1894.60445798     0.99959907        3
  1894.62488965     0.99930463        3
  1894.72704802     0.99990822        3
  1894.74747980     0.99975452        3
  1894.76791137     0.99957519        3
  1894.78834314     1.00035596        3
  1894.80877482     1.00170369        3
  1894.82920639     1.00045388        3
  1894.84963817     0.99920524        3
  1894.87006975     0.99993740        3
  1894.97222823     0.99926027        3
  1894.99265980     0.99991880        3
  1895.01309158     1.00080257        3
  1895.03352326     1.00044966        3
  1895.05395493     1.00060572        3
  1895.07438661     0.99954000        3
  1895.09481829     1.00009679        3
  1895.11525006     0.99962723        3
  1895.13568164     1.00030988        3
  1895.15611332     1.00309786        3
  1895.17654510     1.00004615        3
  1895.21740836     0.99913061        3
  1895.23784013     1.00042828        3
  1895.25827181     0.99969585        3
  1895.27870339     0.99929701        3
  1895.29913517     1.00004894        3
  1895.31956685     0.99933993        3
  1895.33999863     1.00024616        3
  1895.36043021     1.00070491        3
  1895.38086189     0.99943780        3
  1895.40129367     0.99912481        3
  1895.42172525     0.99985171        3
  1895.46258871     1.00030788        3
  1895.48302030     1.00035047        3
  1895.50345208     1.00054259        3
  1895.52388366     0.99944388        3
  1895.54431534     1.00002190        3
  1895.56474712     1.00030149        3
  1895.58517870     1.00119408        3
  1895.60561039     1.00035083        3
  1895.62604217     0.99942835        3
  1895.64647375     0.99874493        3
  1895.66690553     1.00027118        3
  1895.70776890     0.99986936        3
  1895.72820058     0.99952537        3
  1895.74863227     0.99903767        3
  1895.76906395     1.00002798        3
  1895.78949564     0.99965696        3
  1895.80992732     1.00006881        3
  1895.83035901     1.00022050        3
  1895.85079079     0.99924703        3
  1895.87122237     0.99930460        3
  1895.89165416     0.99981507        3
  1895.91208585     1.00012310        3
  1895.97338090     0.99899009        3
  1895.99381249     1.00010299        3
  1896.01424427     1.00089070        3
  1896.03467596     1.00133994        3
  1896.05510775     0.99980481        3
  1896.07553933     0.99952420        3
  1896.09597102     1.00059417        3
  1896.11640271     1.00109071        3
  1896.13683440     1.00068887        3
  1896.15726608     1.00044300        3
  1896.19812946     0.99932260        3
  1896.21856125     1.00025241        3
  1896.23899284     1.00004786        3
  1896.25942453     0.99960838        3
  1896.27985632     1.00000000        3
  1896.30028790     0.99951428        3
  1896.32071959     0.99970028        3
  1896.34115138     1.00188627        3
  1896.36158297     1.00074697        3
  1896.38201466     0.99948068        3
  1896.50460491     0.99990984        3
  1896.52503660     0.99927313        3
  1896.54546829     1.00006521        3
  1896.56590008     1.00045891        3
  1896.58633167     1.00033656        3
  1896.60676347     0.99956033        3
  1896.62719516     0.99901348        3
  1896.64762675     0.99932989        3
  1896.68849024     1.00037117        3
  1896.70892183     0.99998939        3
  1896.72935362     0.99938374        3
  1896.74978532     0.99951573        3
  1896.77021701     1.00116202        3
  1896.79064870     1.00033133        3
  1896.81108040     1.00007660        3
  1896.83151209     0.99884709        3
  1896.85194379     0.99961811        3
  1896.87237548     1.00107695        3
  1896.89280718     1.00059344        3
  1896.93367057     0.99976880        3
  1896.95410227     0.99944195        3
  1896.97453396     1.00009011        3
  1896.99496576     1.00148026        3
  1897.01539735     1.00051165        3
  1897.03582905     0.99969384        3
  1897.05626085     1.00031859        3
  1897.07669254     0.99940653        3
  1897.09712414     1.00009860        3
  1897.11755594     1.00030553        3
  1897.13798764     0.99993242        3
  1897.17885103     0.99917832        3
  1897.19928273     0.99956530        3
  1897.21971453     1.00009965        3
  1897.24014613     1.00029575        3
  1897.26057783     0.99985727        3
  1897.28100963     0.99815451        3
  1897.30144123     0.99926783        3
  1897.32187302     0.99986917        3
  1897.34230472     1.00037637        3
  1897.36273632     0.99978773        3
  1897.38316812     1.00037562        3
  1897.42403143     0.99989280        3
  1897.44446323     1.00058199        3
  1897.46489493     1.00088464        3
  1897.48532673     1.00039012        3
  1897.50575833     0.99933565        3
  1897.52618993     0.99924176        3
  1897.54662173     1.00026830        3
  1897.56705344     1.00081941        3
  1897.58748514     1.00008460        3
  1897.60791684     0.99894466        3
  1897.62834854     0.99903000        3
  1897.77137057     1.00028153        3
  1897.79180227     1.00066744        3
  1897.81223388     1.00074638        3
  1897.83266568     0.99974760        3
  1897.85309739     0.99972496        3
  1897.87352920     1.00003065        3
  1897.93482431     0.99937487        3
  1897.95525592     0.99912327        3
  1897.97568763     0.99977789        3
  1897.99611943     1.00060321        3
  1898.01655104     1.00008183        4
  1898.03698285     0.99964414        4
  1898.05741455     0.99979424        4
  1898.07784616     1.00202054        4
  1898.09827797     0.99954817        4
  1898.11870968     1.00038821        4
  1898.15957309     0.99996463        4
  1898.18000470     0.99940905        4
  1898.20043651     1.00051860        4
  1898.22086822     1.00050000        4
  1898.24129983     0.99975662        4
  1898.26173164     1.00030985        4
  1898.28216335     0.99907566        4
  1898.30259506     0.99979257        4
  1898.32302677     1.00023733        4
  1898.34345848     1.00039242        4
  1898.36389019     1.00048832        4
  1898.40475361     0.99933076        4
  1898.42518543     0.99984938        4
  1898.44561714     1.00054211        4
  1898.46604875     1.00007581        4
  1898.48648056     0.99958535        4
  1898.50691227     1.00008632        4
  1898.52734389     0.99971958        4
  1898.54777570     1.00025172        4
  1898.56820741     0.99966778        4
  1898.58863923     1.00003574        4
  1898.60907084     0.99937785        4
  1898.64993437     1.00040082        4
  1898.67036598     1.00130255        4
  1898.69079770     1.00026956        4
  1898.71122951     1.00024796        4
  1898.73166112     0.99887269        4
  1898.75209294     1.00006468        4
  1898.77252466     1.00126937        4
  1898.79295627     1.00021008        4
  1898.81338809     0.99937962        4
  1898.83381970     0.99948218        4
  1898.85425142     0.99981563        4
  1898.89511485     1.00055887        4
  1898.91554657     1.00059146        4
  1898.93597839     0.99830935        4
  1898.95641010     0.99943242        4
  1898.97684182     1.00045890        4
  1898.99727354     1.00095466        4
  1899.01770526     0.99989299        4
  1899.03813698     0.99982348        4
  1899.05856869     0.99902695        4
  1899.07900041     1.00004759        4
  1899.09943223     1.00274844        4
  1899.14029567     0.99984965        4
  1899.16072739     0.99949386        4
  1899.18115901     0.99953446        4
  1899.20159083     1.00038300        4
  1899.22202255     1.00076200        4
  1899.24245417     1.00045607        4
  1899.26288599     0.99938536        4
  1899.28331771     0.99886569        4
  1899.30374953     0.99997089        4
  1899.32418116     1.00076981        4
  1899.34461288     1.00032582        4
  1899.38547632     0.99856369        4
  1899.40590804     0.99871946        4
  1899.42633987     1.00013418        4
  1899.44677149     1.00090841        4
  1899.46720331     0.99991298        4
  1899.48763494     0.99974727        4
  1899.50806666     0.99909677        4
  1899.52849848     1.00044723        4
  1899.54893011     1.00079267        4
  1899.56936183     1.00070448        4
  1899.58979366     0.99996548        4
  1899.63065701     1.00041781        4
  1899.65108883     1.00150838        4
  1899.67152056     1.00046510        4
  1899.69195228     1.00059497        4
  1899.71238401     0.99866825        4
  1899.73281574     0.99967192        4
  1899.75324756     0.99994639        4
  1899.77367919     1.00058725        4
  1899.79411092     0.99957868        4
  1899.81454274     0.99921756        4
  1899.83497437     0.99925118        4
  1899.89626956     0.99993287        4
  1899.91670138     0.99942740        4
  1899.93713311     0.99964433        4
  1899.95756474     1.00000000        4
  1899.97799657     1.00041237        4
  1899.99842830     1.00014778        4
  1900.01886013     1.00018863        4
  1900.03929176     0.99983764        4
  1900.05972349     0.99983669        4
  1900.08015522     1.00082871        4
  1900.12101868     1.00036774        4
  1900.14145041     0.99994224        4
  1900.16188214     0.99922335        4
  1900.18231398     0.99918694        4
  1900.20274561     1.00010268        4
  1900.22317734     1.00048084        4
  1900.24360917     0.99984678        4
  1900.26404081     0.99968391        4
  1900.28447254     0.99945144        4
  1900.30490437     0.99992430        4
  1900.32533610     1.00004317        4
  1900.36619957     0.99951784        4
  1900.38663131     0.99922331        4
  1900.40706314     1.00120624        4
  1900.42749477     1.00043578        4
  1900.44792651     1.00054532        4
  1900.46835834     1.00012867        4
  1900.48878998     1.00023216        4
  1900.50922172     0.99992893        4
  1900.52965355     1.00002605        4
  1900.55008519     1.00059847        4
  1900.57051702     0.99991847        4
  1900.61138040     0.99911716        4
  1900.63181223     1.00063620        4
  1900.65224397     1.00113238        4
  1900.67267561     1.00054015        4
  1900.69310745     0.99949140        4
  1900.71353918     0.99973349        4
  1900.85656136     1.00058136        4
  1900.87699310     1.00035718        4
  1900.89742494     1.00013393        4
  1900.91785668     1.00007118        4
  1900.93828832     0.99966688        4
  1900.95872016     1.00045742        4
  1900.97915190     1.00023611        4
  1900.99958354     0.99975928        4
  1901.02001538     0.99981126        4
  1901.04044713     0.99965044        4
  1901.06087877     0.99969720        4
  1901.10174235     1.00016734        4
  1901.12217420     0.99927001        4
  1901.14260584     0.99863585        4
  1901.16303758     0.99889103        4
  1901.18346943     0.99988192        4
  1901.20390107     1.00069156        4
  1901.22433282     1.00024182        4
  1901.24476466     0.99911581        4
  1901.26519630     1.00164907        4
  1901.28562815     0.99878019        4
  1901.30605989     1.00077234        4
  1901.38778688     0.99816268        4
  1901.40821863     1.00053382        4
  1901.42865037     1.00143487        4
  1901.44908212     1.00022674        4
  1901.46951387     0.99995114        4
  1901.48994561     0.99908569        4
  1901.51037736     0.99953426        4
  1901.53080911     1.00017442        4
  1901.55124086     1.00042641        4
  1901.59210436     0.99871799        4
  1901.61253620     1.00000821        4
  1901.63296795     1.00105962        4
  1901.65339960     1.00070287        4
  1901.67383145     0.99972544        4
  1901.69426320     0.99973959        4
  1901.71469485     0.99893405        4
  1901.73512670     1.00004804        4
  1901.75555846     1.00073505        4
  1901.77599011     1.00043379        4
  1901.79642196     0.99911729        4
  1901.83728556     0.99946871        4
  1901.85771721     1.00012463        4
  1901.87814897     1.00032184        4
  1901.89858082     0.99988963        4
  1901.91901247     0.99903350        4
  1901.93944423     0.99957186        4
  1901.95987608     0.99972390        4
  1901.98030773     1.00057509        4
  1902.00073959     1.00047217        4
  1902.02117134     0.99957706        4
  1902.08246661     1.00018401        4
  1902.10289826     1.00120752        4
  1902.12333012     1.00027645        4
  1902.14376187     0.99989677        4
  1902.16419363     0.99998730        4
  1902.18462538     1.00031096        4
  1902.20505714     1.01499150        4
  1902.22548890     1.00018969        4
  1902.24592066     0.99979531        4
  1902.26635241     0.99998053        4
  1902.28678427     1.00014334        4
  1902.32764769     1.00100273        4
  1902.34807955     0.99989737        4
  1902.36851120     0.99940034        4
  1902.38894306     0.99981443        4
  1902.40937482     1.00026151        4
  1902.42980648     1.00065697        4
  1902.45023834     0.99988185        4
  1902.57282891     0.99995169        4
  1902.59326067     0.99952555        4
  1902.61369253     1.00004216        4
  1902.63412419     1.00096166        4
  1902.65455595     1.00031312        4
  1902.67498782     0.99984196        4
  1902.69541948     0.99952893        4
  1902.71585134     0.99872331        4
  1902.73628311     1.00070957        4
  1902.75671477     1.00010279        4
  1902.77714664     1.00012971        4
  1902.81801016     0.99731990        4
  1902.83844193     0.99958300        4
  1902.85887369     1.00120957        4
  1902.87930536     1.00033376        4
  1902.89973723     0.99985403        4
  1902.92016899     0.99870410        4
  1902.94060086     0.99818443        4
  1902.96103252     1.00105026        4
  1902.98146429     1.00143585        4
  1903.00189616     0.99998817        4
  1903.02232783     0.99855127        4
  1903.20621374     1.00056563        4
  1903.22664561     0.99991319        4
  1903.24707738     1.00424727        4
  1903.26750925     0.99898554        4
  1903.30837270     0.99989540        4
  1903.32880457     1.00007534        4
  1903.34923624     0.99932141        4
  1903.36966801     0.99870205        4
  1903.39009988     0.99947334        4
  1903.41053166     1.00065368        4
  1903.43096343     1.00015911        4
  1903.45139510     1.00033020        4
  1903.47182688     0.99969230        4
  1903.49225875     0.99921785        4
  1903.51269052     0.99998785        4
  1903.55355407     1.00042034        4
  1903.57398585     0.99982662        4
  1903.59441752     1.00767617        4
  1903.61484940     1.00041193        4
  1903.63528117     1.00098203        4
  1903.65571305     1.00045802        4
  1903.67614472     0.99988681        4
  1903.69657650     0.99949655        4
  1903.71700838     0.99982042        4
  1903.73744005     1.00049402        4
  1903.75787183     1.00019442        4
  1903.83959904     1.00026466        4
  1903.86003072     1.00101323        4
  1903.88046260     1.00087095        4
  1903.90089438     0.99979877        4
  1903.92132606     0.99868733        4
  1903.94175794     0.99908329        4
  1903.96218972     1.00032545        4
  1903.98262160     1.00001022        4
  1904.00305328     0.99983794        4
  1904.04391684     1.00476941        4
  1904.06434872     1.00027387        4
  1904.08478041     1.00038764        4
  1904.10521219     0.99990816        4
  1904.12564397     0.99883623        4
  1904.14607575     1.00014980        4
  1904.16650763     1.00000547        4
  1904.18693932     1.00089578        4
  1904.20737120     0.99939256        4
  1904.22780298     0.99877187        4
  1904.24823467     0.99937259        4
  1904.28909834     1.00018270        4
  1904.30953002     0.99960829        4
  1904.32996191     1.00007265        4
  1904.35039369     0.99991543        4
  1904.37082558     1.00017150        4
  1904.39125726     0.99974169        4
  1904.41168905     1.00086561        4
  1904.43212094     1.00063545        4
  1904.45255262     0.99934635        4
  1904.47298441     0.99924038        4
  1904.49341630     0.99997283        4
  1904.61600703     1.00023413        4
  1904.63643882     0.99988953        4
  1904.65687061     0.99941722        4
  1904.67730240     0.99993198        4
  1904.69773419     0.99892158        4
  1904.71816598     1.00056085        4
  1904.73859777     1.00075829        4
  1904.77946135     0.99996665        4
  1904.79989314     0.99991127        4
  1904.82032503     1.00068363        4
  1904.84075673     1.00066662        4
  1904.86118852     1.00086405        4
  1904.88162041     0.99986149        4
  1905.04507476     0.99903200        4
  1905.06550656     1.00033803        4
  1905.08593846     1.00019131        4
  1905.10637015     0.99917967        4
  1905.12680195     0.99974760        4
  1905.14723384     0.99912707        4
  1905.16766554     1.00064557        4
  1905.18809734     1.00022576        4
