  1835.65845561     1.00029716        0
  1835.67888757     1.00116696        0
  1835.80147935     0.99825742        0
  1835.82191141     1.00014801        0
  1835.84234327     1.00010419        0
  1835.86277523     1.00017379        0
  1835.88320729     1.00198786        0
  1835.90363915     0.99984720        0
  1835.92407111     0.99995090        0
  1835.94450317     1.00011154        0
  1835.96493503     1.00014107        0
  1835.98536698     1.00021211        0
  1836.00579904     0.99947582        0
  1836.02623090     0.99968516        0
  1836.04666285     0.99930505        0
  1836.06709491     1.00447460        0
  1836.08752677     1.00023386        0
  1836.10795872     0.99955770        0
  1836.12839078     0.99968738        0
  1836.14882273     0.99960135        0
  1836.16925458     0.99947879        0
  1836.18968664     0.99962816        0
  1836.21011859     0.99914946        0
  1836.23055064     0.99956382        0
  1836.25098250     1.00012400        0
  1836.27141445     1.00025298        0
  1836.31227835     0.99987303        0
  1836.33271030     1.00010039        0
  1836.35314235     1.00012125        0
  1836.37357420     0.99995095        0
  1836.39400615     1.00007606        0
  1836.41443810     0.99989000        0
  1836.43487005     0.99984121        0
  1836.45530200     0.99960788        0
  1836.47573395     0.99989366        0
  1836.49616589     0.99998814        0
  1836.51659784     0.99987667        0
  1836.53702979     1.00012263        0
  1836.55746173     1.00005929        0
  1836.57789368     0.99984994        0
  1836.59832573     1.00008699        0
  1836.61875757     1.00060395        0
  1836.63918951     0.99996871        0
  1836.65962156     0.99999256        0
  1836.68005340     0.99988010        0
  1836.70048535     1.00000000        0
  1836.72091739     1.00074263        0
  1836.74134923     1.00021488        0
  1836.76178117     0.99981448        0
  1836.78221322     1.00036034        0
  1836.80264506     0.99988279        0
  1836.82307710     1.00005106        0
  1836.84350904     0.99993725        0
  1836.86394088     1.00015959        0
  1836.88437292     1.00012694        0
  1836.90480486     1.00036168        0
  1836.92523670     1.00011188        0
  1836.94566874     1.00003433        0
  1836.96610067     1.00012509        0
  1836.98653261     1.00005084        0
  1837.00696455     0.99961769        0
  1837.02739649     0.99723724        0
  1837.08869229     0.99981043        0
  1837.10912423     0.99944374        0
  1837.12955616     0.99993038        0
  1837.14998810     1.00018191        0
  1837.17042003     0.99998051        0
  1837.19085197     0.99994579        0
  1837.21128390     1.00061184        0
  1837.23171583     1.00019181        0
  1837.25214776     1.00034452        0
  1837.27257970     1.00026003        0
  1837.29301153     1.00014147        0
  1837.31344356     1.00003721        0
  1837.33387549     1.00018059        0
  1837.35430742     0.99978059        0
  1837.37473935     0.99981966        0
  1837.39517128     1.00027852        0
  1837.41560321     0.99985718        0
  1837.43603524     0.99991123        0
  1837.45646707     0.99997652        0
  1837.47689910     0.99979521        0
  1837.49733102     1.00016122        0
  1837.51776285     1.00018986        0
  1837.53819488     0.99988727        0
  1837.55862680     1.00024603        0
  1837.57905863     1.00001172        0
  1837.59949066     1.00032410        0
  1837.61992258     0.99992871        0
  1837.64035441     0.99988233        0
  1837.66078643     0.99996635        0
  1837.68121836     0.99985624        0
  1837.70165018     0.99997391        0
  1837.72208220     1.00001453        0
  1837.74251413     1.00018006        0
  1837.76294595     1.00048572        0
  1837.78337797     0.99976880        0
  1837.80380989     0.99995970        0
  1837.82424181     0.99961624        0
  1837.84467373     1.00009527        0
  1837.86510565     1.00035640        0
  1837.88553748     0.99976640        0
  1837.90596949     0.99960977        0
  1837.92640141     1.00009901        0
  1837.94683333     0.99996462        0
  1837.96726525     0.99965407        0
  1837.98769717     1.00017591        0
  1838.00812899     0.99984703        0
  1838.02856101     0.99978620        0
  1838.04899292     0.99993045        0
  1838.06942494     0.99981079        0
  1838.08985676     0.99955607        0
  1838.11028867     0.99972670        0
  1838.13072069     0.99914007        0
  1838.15115250     0.99873733        0
  1838.17158442     1.00051524        0
  1838.19201643     0.99941577        0
  1838.21244824     0.99967386        0
  1838.23288016     0.99956668        0
  1838.27374408     0.99986465        0
  1838.29417590     1.00000809        0
  1838.31460791     0.99947435        0
  1838.33503982     1.00019993        0
  1838.35547163     0.99935221        0
  1838.37590364     0.99939094        0
  1838.39633555     0.99979797        0
  1838.41676736     0.99988393        0
  1838.43719937     0.99983120        0
  1838.45763128     0.99980136        0
  1838.47806309     0.99951421        0
  1838.49849510     1.00002996        0
  1838.51892701     0.99996476        0
  1838.53935881     1.00002278        0
  1838.55979082     1.00017985        0
  1838.58022273     1.00045260        0
  1838.60065453     1.00039977        0
  1838.62108654     1.00011762        0
  1838.64151845     1.00027650        0
  1838.66195025     1.00014302        0
  1838.68238226     1.00026977        0
  1838.70281416     1.00044588        0
  1838.72324607     1.00024345        0
  1838.74367797     1.00014086        0
  1838.76410987     0.99984356        0
  1838.78454178     1.00053074        0
  1838.80497368     1.00041383        0
  1838.82540558     1.00036551        0
  1838.84583758     1.00044723        0
  1838.86626938     1.00042886        0
  1838.88670129     1.00005193        0
  1838.90713329     1.00033316        0
  1838.92756509     1.00015963        0
  1838.94799699     0.99988617        0
  1838.96842899     0.99974412        0
  1838.98886079     0.99704482        0
  1839.07058838     1.00011531        0
  1839.09102038     1.00017679        0
  1839.11145227     1.00051269        0
  1839.13188407     0.99991289        0
  1839.15231607     1.00009220        0
  1839.17274796     0.99980857        0
  1839.19317976     0.99988234        0
  1839.21361175     0.99997265        0
  1839.23404365     1.00013962        0
  1839.25447544     0.99977185        0
  1839.27490744     1.00043786        0
  1839.29533933     1.00014466        0
  1839.31577132     0.99996663        0
  1839.33620311     1.00018927        0
  1839.35663501     0.99997012        0
  1839.37706690     0.99987151        0
  1839.39749879     1.00027502        0
  1839.41793058     0.99971037        0
  1839.43836257     1.00011642        0
  1839.45879446     1.00005331        0
  1839.47922625     0.99998277        0
  1839.49965824     1.00004827        0
  1839.52009013     1.00029050        0
  1839.54052202     0.99997906        0
  1839.56095391     0.99984197        0
  1839.58138580     0.99990964        0
  1839.60181769     0.99997764        0
  1839.62224957     0.99999068        0
  1839.64268146     1.00011571        0
  1839.72440901     0.99906606        0
  1839.74484099     1.00035465        0
  1839.76527278     0.99965942        0
  1839.78570466     0.99984261        0
  1839.80613664     1.00033198        0
  1839.82656843     0.99980775        0
  1839.84700031     1.00036564        0
  1839.86743230     1.00017430        0
  1839.88786408     1.00021096        0
  1839.90829596     1.00028129        0
  1839.92872794     1.00025180        0
  1839.94915982     1.00008686        0
  1839.96959170     1.00016097        0
  1839.99002359     1.00025973        0
  1840.01045547     1.00056738        0
  1840.31693353     1.00011416        0
  1840.33736550     1.00042972        0
  1840.35779738     1.00011385        0
  1840.37822925     1.00000411        0
  1840.39866112     0.99997321        0
  1840.41909300     0.99981291        0
  1840.43952487     0.99986121        0
  1840.45995674     1.00029961        0
  1840.48038861     1.00008065        0
  1840.50082049     0.99992564        0
  1840.52125246     1.00021085        0
  1840.54168423     1.00009603        0
  1840.56211620     1.00000745        0
  1840.58254807     0.99976994        0
  1840.60297984     0.99984060        0
  1840.62341181     0.99955823        0
  1840.64384368     0.99968168        0
  1840.66427545     0.99943764        0
  1840.68470741     0.99881766        0
  1840.70513928     0.99595560        0
  1840.72557105     1.00009937        0
  1840.74600302     1.00027236        0
  1840.76643488     1.00022095        0
  1840.78686675     1.00002640        0
  1840.80729862     0.99974422        0
  1840.82773038     0.99983176        0
  1840.84816235     0.99984836        0
  1840.86859421     0.99960791        0
  1840.88902608     0.99968482        0
  1840.90945784     1.00047544        0
  1840.92988981     0.99993635        0
  1840.95032167     1.00017094        0
  1840.97075343     1.00023165        0
  1840.99118540     0.99991737        0
  1872.00647019     0.99988205        1
  1872.02690179     1.00023074        1
  1872.04733338     1.00001123        1
  1872.06776497     0.99979160        1
  1872.08819656     0.99996806        1
  1872.10862816     1.00037119        1
  1872.12905985     1.00007362        1
  1872.16992293     1.00022780        1
  1872.19035463     1.00004833        1
  1872.21078622     1.00011189        1
  1872.23121771     1.00022876        1
  1872.25164940     1.00006907        1
  1872.27208100     1.00003407        1
  1872.29251249     0.99974117        1
  1872.31294418     1.00033922        1
  1872.33337577     1.00007850        1
  1872.35380727     0.99988898        1
  1872.37423896     0.99971753        1
  1872.41510225     0.99986494        1
  1872.43553374     1.00010114        1
  1872.45596533     1.00002168        1
  1872.47639702     1.00010903        1
  1872.49682852     1.00013799        1
  1872.51726011     1.00013870        1
  1872.53769180     1.00040160        1
  1872.55812329     0.99961121        1
  1872.57855489     0.99997012        1
  1872.59898658     0.99975853        1
  1872.61941807     0.99954077        1
  1872.66028136     0.99965947        1
  1872.68071285     0.99993532        1
  1872.70114454     0.99987692        1
  1872.72157614     0.99988303        1
  1872.74200763     0.99955658        1
  1872.76243932     0.99939765        1
  1872.78287092     0.99910648        1
  1872.80330241     1.00299128        1
  1872.82373410     0.99920678        1
  1872.84416569     0.99949383        1
  1872.86459719     0.99945480        1
  1872.90546047     0.99965323        1
  1872.92589197     0.99927051        1
  1872.94632366     0.99970712        1
  1872.96675525     0.99930766        1
  1872.98718695     0.99938260        1
  1873.00761844     0.99945507        1
  1873.02805003     0.99910222        1
  1873.04848172     0.99936309        1
  1873.06891322     0.99892680        1
  1873.08934481     0.99868608        1
  1873.10977650     0.99921903        1
  1873.15063959     1.00004751        1
  1873.17107128     1.00002259        1
  1873.19150288     0.99974447        1
  1873.21193447     1.00008613        1
  1873.23236606     1.00016250        1
  1873.25279766     1.00000525        1
  1873.27322925     1.00024444        1
  1873.29366084     0.99978404        1
  1873.31409244     1.00012345        1
  1873.33452403     1.00012474        1
  1873.35495562     1.00037221        1
  1873.39581881     0.99761424        1
  1873.41625040     1.00057360        1
  1873.43668190     0.99999842        1
  1873.45711359     1.00023037        1
  1873.47754518     1.00023323        1
  1873.49797688     1.00015897        1
  1873.51840837     0.99992538        1
  1873.53883996     1.00024945        1
  1873.55927166     1.00006719        1
  1873.57970315     1.00020334        1
  1873.60013474     0.99953185        1
  1873.78401919     0.99992972        1
  1873.80445078     1.00007457        1
  1873.82488238     0.99978259        1
  1873.84531407     0.99971953        1
  1873.88617716     1.00019032        1
  1873.90660885     1.00037347        1
  1873.92704035     1.00037309        1
  1873.94747194     1.00020689        1
  1873.96790363     1.00030021        1
  1873.98833513     0.99981983        1
  1874.00876682     0.99982366        1
  1874.02919832     1.00009693        1
  1874.04962991     1.00033435        1
  1874.07006160     1.00044322        1
  1874.09049310     0.99989298        1
  1874.27437755     1.00005046        1
  1874.29480914     0.99986329        1
  1874.31524074     1.00008277        1
  1874.33567233     1.00028232        1
  1874.37653552     1.00040042        1
  1874.39696712     1.00037083        1
  1874.41739881     1.00017766        1
  1874.43783031     0.99998566        1
  1874.45826190     1.00007055        1
  1874.47869360     1.00040613        1
  1874.49912509     0.99998209        1
  1874.51955679     1.00025150        1
  1874.53998838     1.00000698        1
  1874.56041988     1.00032804        1
  1874.58085157     0.99978429        1
  1874.62171466     1.00018754        1
  1874.64214636     1.00053878        1
  1874.66257795     1.00048297        1
  1874.68300955     1.00061472        1
  1874.70344114     1.00090803        1
  1874.72387274     1.00050537        1
  1874.74430423     1.00012176        1
  1874.76473593     1.00053490        1
  1874.78516752     1.00018980        1
  1874.80559912     1.00021161        1
  1874.86689400     1.00069679        1
  1874.88732550     1.00034127        1
  1874.90775710     1.00027043        1
  1874.92818879     1.00037715        1
  1874.94862029     1.00040908        1
  1874.96905188     1.00058991        1
  1874.98948358     1.00031898        1
  1875.00991507     1.00041222        1
  1875.03034677     1.00005757        1
  1875.05077837     1.00034231        1
  1875.11207315     1.00029919        1
  1875.13250465     1.00021042        1
  1875.15293635     1.00038304        1
  1875.17336794     1.00007663        1
  1875.19379954     1.00012299        1
  1875.21423113     1.00002124        1
  1875.23466273     0.99995049        1
  1875.25509443     1.00001378        1
  1875.35725231     0.99890500        1
  1875.37768401     0.99918708        1
  1875.39811550     0.99959634        1
  1875.41854710     0.99990102        1
  1875.43897880     0.99971115        1
  1875.45941029     0.99964097        1
  1875.47984189     0.99963319        1
  1875.50027359     0.99967204        1
  1875.52070508     0.99939942        1
  1875.54113678     0.99911387        1
  1875.56156838     0.99898251        1
  1875.60243157     0.99993323        1
  1875.62286317     0.99954730        1
  1875.64329467     0.99952131        1
  1875.66372636     0.99949986        1
  1875.68415796     0.99948142        1
  1875.70458956     0.99941920        1
  1875.72502115     0.99931708        1
  1875.74545275     0.99942124        1
  1875.76588445     0.99949018        1
  1875.78631595     0.99893252        1
  1875.80674754     0.99903324        1
  1875.84761084     0.99946234        1
  1875.86804234     0.99903390        1
  1875.88847403     0.99924062        1
  1875.90890563     0.99928996        1
  1875.92933713     0.99893711        1
  1875.94976883     0.99918349        1
  1875.97020043     0.99922668        1
  1875.99063212     0.99953276        1
  1876.01106362     0.99915378        1
  1876.03149522     0.99961838        1
  1876.09279001     0.99907264        1
  1876.11322161     0.99977758        1
  1876.13365321     0.99922390        1
  1876.15408471     0.99941633        1
  1876.17451641     0.99992455        1
  1876.19494801     0.99956703        1
  1876.21537961     0.99913482        1
  1876.23581120     0.99901869        1
  1876.25624280     0.99964501        1
  1876.27667450     0.99958020        1
  1876.35840090     0.99952944        1
  1876.37883240     1.00015871        1
  1876.39926409     0.99954805        1
  1876.41969569     0.99977579        1
  1876.44012719     0.99965255        1
  1876.46055889     0.99989158        1
  1876.48099049     0.99974835        1
  1876.50142219     0.99958332        1
  1876.52185369     0.99952692        1
  1876.54228529     0.99966839        1
  1876.58314849     1.00063426        1
  1876.60358009     1.00019508        1
  1876.62401179     1.00006998        1
  1876.64444329     1.00021260        1
  1876.66487489     1.00054516        1
  1876.82832769     0.99998070        1
  1876.84875939     1.00017500        1
  1876.86919089     0.99996391        1
  1876.88962249     1.00013307        1
  1876.91005419     0.99989273        1
  1876.93048579     1.00044869        1
  1876.95091729     1.00103802        1
  1877.07350710     0.99966947        1
  1877.09393860     0.99988694        1
  1877.11437020     1.00008827        1
  1877.13480190     1.00005736        1
  1877.15523340     1.00054783        1
  1877.17566500     1.00044350        1
  1877.19609670     1.00005114        1
  1877.21652820     1.00021903        1
  1877.23695991     1.00014919        1
  1877.25739151     1.00042012        1
  1877.27782301     0.99967715        1
  1877.31868631     1.00015643        1
  1877.33911791     1.00000840        1
  1877.35954952     0.99995762        1
  1877.37998112     1.00001696        1
  1877.40041272     1.00054384        1
  1877.42084432     1.00030066        1
  1877.44127593     1.00059033        1
  1877.46170753     1.00015980        1
  1877.48213913     1.00019682        1
  1877.50257073     1.00073235        1
  1877.52300233     1.00000587        1
  1877.56386554     0.99999424        1
  1877.58429724     1.00030831        1
  1877.60472875     1.00027731        1
  1877.62516035     1.00059043        1
  1877.64559205     1.00041776        1
  1877.66602355     1.00047998        1
  1877.68645526     1.00024386        1
  1877.70688686     1.00029716        1
  1877.72731836     1.00046016        1
  1877.74775007     1.00015947        1
  1877.76818167     1.00003290        1
  1877.80904488     1.00032297        1
  1877.82947648     1.00043108        1
  1877.84990798     1.00017833        1
  1877.87033969     1.00012889        1
  1877.89077129     1.00050021        1
  1877.91120289     1.00055471        1
  1877.93163450     1.00021353        1
  1877.95206610     1.00063088        1
  1877.97249781     1.00045402        1
  1877.99292941     1.00065835        1
  1878.01336091     1.00048896        1
  1878.05422422     1.00027283        1
  1878.07465573     1.00045250        1
  1878.09508743     1.00012368        1
  1878.11551904     1.00003527        1
  1878.13595054     0.99990372        1
  1878.15638225     1.00008578        1
  1878.17681375     0.99987446        1
  1878.19724546     1.00024407        1
  1878.21767706     1.00014204        1
  1878.23810857     0.99998029        1
  1878.25854027     1.00039395        1
  1878.29940338     0.99970701        1
  1878.31983509     0.99948884        1
  1878.34026669     0.99968972        1
  1878.36069820     0.99938642        1
  1878.38112990     0.99911856        1
  1878.40156151     0.99943023        1
  1878.42199321     0.99957829        1
  1878.44242472     1.00000000        1
  1878.46285633     0.99972859        1
  1878.48328803     1.00010644        1
  1878.50371954     1.00113885        1
  1878.54458285     0.99918636        1
  1878.56501446     0.99937451        1
  1878.58544596     0.99971334        1
  1878.60587767     0.99917488        1
  1878.62630928     0.99944096        1
  1878.64674088     0.99932352        1
  1878.66717249     0.99950151        1
  1878.68760410     0.99993191        1
  1878.70803580     0.99986155        1
  1878.72846731     0.99975558        1
  1878.74889892     1.00059822        1
  1878.78976213     0.99937505        1
  1878.81019374     0.99943508        1
  1878.83062534     0.99944015        1
  1878.85105695     0.99975582        1
  1878.87148866     0.99945889        1
  1878.89192017     0.99961905        1
  1878.91235177     0.99936711        1
  1878.93278348     0.99955978        1
  1878.95321499     0.99987335        1
  1878.97364660     0.99998484        1
  1878.99407831     1.00069824        1
  1879.07580474     1.00006547        1
  1879.09623635     0.99956605        1
  1879.11666796     0.99965744        1
  1879.13709956     0.99957230        1
  1879.15753117     0.99970504        1
  1879.17796278     0.99966576        1
  1879.19839439     0.99987893        1
  1879.21882610     0.99979846        1
  1879.23925761     1.00003490        1
  1879.32098415     1.00018739        1
  1879.34141575     1.00000464        1
  1879.36184726     0.99968918        1
  1879.38227897     1.00003625        1
  1879.40271058     0.99986931        1
  1879.42314209     0.99974780        1
  1879.44357380     0.99995089        1
  1879.46400541     1.00012061        1
  1879.48443692     0.99969985        1
  1879.52530014     0.99966247        1
  1879.54573185     0.99958301        1
  1879.56616346     1.00004393        1
  1879.58659507     0.99966965        1
  1879.60702669     1.00083483        1
  1879.62745830     0.99989671        1
  1879.64788991     1.00023267        1
  1879.66832152     1.00037411        1
  1879.68875313     1.00023347        1
  1879.70918474     1.00034081        1
  1879.72961635     1.00053828        1
  1879.77047967     0.99967374        1
  1879.79091129     0.99973092        1
  1879.81134280     0.99994045        1
  1879.83177451     0.99974531        1
  1879.85220612     1.00011809        1
  1879.87263763     0.99977504        1
  1879.89306934     1.00008968        1
  1879.91350096     1.00015242        1
  1879.93393247     1.00030390        1
  1879.95436418     0.99981840        1
  1879.97479579     1.00015638        1
  1880.03609063     1.00029007        2
  1880.05652234     1.00016765        2
  1880.07695386     1.00001020        2
  1880.09738547     1.00020222        2
  1880.11781708     1.00012751        2
  1880.13824869     1.00024328        2
  1880.15868031     1.00026834        2
  1880.17911202     1.00000423        2
  1880.19954353     1.00016105        2
  1880.21997525     0.99999702        2
  1880.26083838     0.99999399        2
  1880.28127009     1.00020165        2
  1880.30170170     1.00027793        2
  1880.32213322     1.00024070        2
  1880.34256493     1.00026148        2
  1880.36299655     0.99990465        2
  1880.38342806     0.99982483        2
  1880.40385977     0.99978853        2
  1880.42429139     0.99970480        2
  1880.44472310     0.99956089        2
  1880.46515462     0.99919491        2
  1880.50601795     0.99994899        2
  1880.52644946     1.00002785        2
  1880.54688108     0.99990223        2
  1880.56731279     0.99966851        2
  1880.58774431     0.99965678        2
  1880.60817592     0.99977099        2
  1880.62860764     0.99970737        2
  1880.64903915     0.99956372        2
  1880.66947087     0.99971785        2
  1880.75119733     1.00014931        2
  1880.77162895     1.00037019        2
  1880.79206057     1.00033748        2
  1880.81249218     1.00032357        2
  1880.83292380     1.00036317        2
  1880.85335542     1.00034106        2
  1880.87378703     1.00041609        2
  1880.89421865     1.00017026        2
  1880.91465027     1.00005786        2
  1880.93508188     1.00023609        2
  1880.95551360     0.99983632        2
  1881.01680845     1.00000000        2
  1881.03723997     1.00004790        2
  1881.05767159     1.00014690        2
  1881.07810331     1.00002557        2
  1881.09853482     1.00012063        2
  1881.11896654     1.00003098        2
  1881.13939816     1.00015743        2
  1881.15982968     1.00011718        2
  1881.18026140     1.00020177        2
  1881.20069302     1.00008860        2
  1881.24155625     0.99985731        2
  1881.26198787     0.99959564        2
  1881.28241949     0.99999810        2
  1881.30285111     0.99982877        2
  1881.32328273     0.99967162        2
  1881.34371445     0.99973943        2
  1881.36414597     0.99956510        2
  1881.38457759     0.99950777        2
  1881.40500931     0.99951769        2
  1881.42544093     0.99932718        2
  1881.44587245     0.99940655        2
  1881.48673569     0.99985707        2
  1881.50716741     0.99951875        2
  1881.52759903     0.99964092        2
  1881.54803065     0.99975403        2
  1881.56846227     0.99972970        2
  1881.58889389     0.99986420        2
  1881.60932541     0.99969033        2
  1881.62975713     0.99979591        2
  1881.65018875     0.99971232        2
  1881.67062027     0.99952474        2
  1881.69105199     0.99995171        2
  1881.73191534     0.99992003        2
  1881.75234686     1.00017697        2
  1881.77277848     1.00022825        2
  1881.79321020     1.00020546        2
  1881.81364172     1.00020168        2
  1881.83407335     0.99990177        2
  1881.85450507     1.00019335        2
  1881.87493659     1.00031643        2
  1881.89536821     0.99986090        2
  1881.91579993     1.00007546        2
  1881.93623156     0.99984956        2
  1881.97709480     1.00061786        2
  1881.99752643     1.00062732        2
  1882.01795805     1.00057258        2
  1882.03838967     1.00061869        2
  1882.05882130     1.00006769        2
  1882.07925302     1.00040510        2
  1882.09968454     1.00029100        2
  1882.12011617     1.00043796        2
  1882.14054789     1.00049704        2
  1882.16097941     1.00043915        2
  1882.22227429     1.00073516        2
  1882.24270601     1.00081486        2
  1882.26313753     1.00036140        2
  1882.28356916     1.00036454        2
  1882.30400088     1.00061400        2
  1882.32443241     1.00063468        2
  1882.34486413     1.00029020        2
  1882.36529576     1.00036312        2
  1882.38572728     1.00024591        2
  1882.46745389     1.00066544        2
  1882.48788551     1.00061242        2
  1882.50831714     1.00014505        2
  1882.52874876     0.99998917        2
  1882.54918039     0.99986778        2
  1882.56961212     1.00019182        2
  1882.59004374     0.99996923        2
  1882.77392839     1.00000626        2
  1882.79436012     1.00000396        2
  1882.81479164     1.00012243        2
  1882.83522327     1.00032301        2
  1882.85565500     0.99996860        2
  1882.87608653     0.99985405        2
  1882.89651806     0.99995014        2
  1882.91694978     0.99981712        2
  1883.03953956     0.99949329        2
  1883.05997119     0.99981862        2
  1883.08040292     0.99971386        2
  1883.10083455     0.99969342        2
  1883.12126608     0.99980932        2
  1883.14169781     0.99948156        2
  1883.16212944     0.99969389        2
  1883.20299270     0.99976620        2
  1883.22342433     0.99932105        2
  1883.24385606     0.99954254        2
  1883.26428759     0.99981555        2
  1883.28471922     0.99968492        2
  1883.30515095     0.99960944        2
  1883.32558248     0.99961553        2
  1883.34601411     0.99960443        2
  1883.36644584     0.99983164        2
  1883.38687738     1.00024390        2
  1883.40730911     1.00006574        2
  1883.44817227     1.00029473        2
  1883.46860400     1.00009534        2
  1883.48903564     1.00032377        2
  1883.50946717     1.00053326        2
  1883.52989890     1.00032943        2
  1883.55033043     1.00063192        2
  1883.57076217     1.00032383        2
  1883.59119380     0.99995972        2
  1883.61162533     0.99983292        2
  1883.63205706     1.00022840        2
  1883.65248870     0.99999497        2
  1883.71378360     1.00027292        2
  1883.73421523     1.00010599        2
  1883.75464687     1.00015055        2
  1883.77507850     1.00018406        2
  1883.79551024     1.00025097        2
  1883.81594187     1.00022617        2
  1883.83637340     1.00016703        2
  1883.85680514     1.00002796        2
  1883.87723677     1.00009596        2
  1883.89766831     1.00002974        2
  1883.97939495     0.99985317        2
  1883.99982659     1.00005639        2
  1884.02025832     0.99969068        2
  1884.04068986     0.99998187        2
  1884.06112149     0.99949269        2
  1884.08155323     1.00011546        2
  1884.10198477     1.00008865        2
  1884.12241640     0.99997101        2
  1884.14284814     0.99964782        2
  1884.20414295     0.99993052        2
  1884.22457459     0.99957795        2
  1884.24500632     0.99948839        2
  1884.26543786     0.99984175        2
  1884.28586950     0.99984054        2
  1884.30630124     0.99998328        2
  1884.32673287     0.99968666        2
  1884.34716441     0.99951611        2
  1884.36759615     0.99953359        2
  1884.38802779     0.99975521        2
  1884.42889107     0.99953621        2
  1884.44932271     0.99957880        2
  1884.46975444     0.99968624        2
  1884.49018598     0.99992901        2
  1884.51061762     0.99978622        2
  1884.53104936     0.99975986        2
  1884.55148090     0.99978791        2
  1884.57191254     0.99962632        2
  1884.59234428     0.99962262        2
  1884.61277582     0.99972423        2
  1884.63320756     0.99976983        2
  1884.67407074     0.99959726        2
  1884.69450248     1.00000250        2
  1884.71493412     0.99977512        2
  1884.73536576     0.99976103        2
  1884.75579740     0.99988027        2
  1884.77622905     0.99981555        2
  1884.79666069     0.99985399        2
  1884.81709233     0.99985644        2
  1884.83752397     0.99978163        2
  1884.85795561     0.99982181        2
  1884.91925054     1.00067378        2
  1884.93968218     1.00009496        2
  1884.96011382     1.00023198        2
  1884.98054557     1.00055047        2
  1885.00097711     1.00027342        2
  1885.02140885     1.00058141        2
  1885.04184049     1.00055713        2
  1885.06227204     1.00065415        2
  1885.08270378     1.00035388        2
  1885.10313542     1.00070353        2
  1885.12356697     1.00084223        2
  1885.16443036     0.99658848        2
  1885.18486190     1.00071693        2
  1885.20529364     1.00081157        2
  1885.22572529     1.00051593        2
  1885.24615703     1.00077263        2
  1885.26658858     1.00063883        2
  1885.28702022     1.00086200        2
  1885.30745197     1.00087950        2
  1885.32788351     1.00086474        2
  1885.34831516     1.00068918        2
  1885.36874690     1.00054586        2
  1885.40961010     1.00062340        2
  1885.43004184     1.00037222        2
  1885.45047349     1.00070362        2
  1885.47090513     1.00058830        2
  1885.49133678     1.00043149        2
  1885.51176843     1.00071616        2
  1885.53220007     1.00067637        2
  1885.55263172     1.00026874        2
  1885.57306327     1.00019201        2
  1885.59349502     1.00043684        2
  1885.61392666     0.99977522        2
  1885.65478996     1.00030683        2
  1885.67522161     1.00011768        2
  1885.69565336     1.00012618        2
  1885.71608490     1.00024149        2
  1885.73651655     0.99985261        2
  1885.75694830     0.99989032        2
  1885.77737985     1.00017634        2
  1885.79781150     0.99995973        2
  1885.81824325     0.99981869        2
  1885.83867480     1.00013506        2
  1885.85910655     0.99932071        2
  1885.89996974     0.99992585        2
  1885.92040149     0.99996798        2
  1885.94083314     0.99999837        2
  1885.96126479     0.99981341        2
  1885.98169644     0.99995149        2
  1886.00212810     0.99974518        2
  1886.02255975     0.99971682        2
  1886.04299140     0.99978501        2
  1886.06342305     0.99965276        2
  1886.08385480     0.99967645        2
  1886.10428645     0.99969055        2
  1886.16558140     0.99967531        2
  1886.18601296     0.99955858        2
  1886.20644471     0.99952562        2
  1886.22687626     0.99977894        2
  1886.24730801     0.99987375        2
  1886.26773967     0.99955118        2
  1886.28817122     0.99960168        2
  1886.30860297     0.99993240        2
  1886.32903463     0.99976175        2
  1886.34946618     0.99978025        2
  1886.39032959     1.00011399        2
  1886.41076114     0.99993668        2
  1886.43119289     1.00006436        2
  1886.45162455     0.99981506        2
  1886.47205630     0.99976843        2
  1886.49248786     0.99971154        2
  1886.51291951     0.99981368        2
  1886.53335127     1.00014297        2
  1886.63550954     1.00001720        2
  1886.65594120     1.00031736        2
  1886.67637285     1.00019066        2
  1886.69680451     0.99988860        2
  1886.71723617     1.00004371        2
  1886.73766782     1.00027532        2
  1886.75809958     1.00007838        2
  1886.88068942     1.00030524        2
  1886.90112108     1.00044390        2
  1886.92155284     1.00021215        2
  1886.94198440     1.00031625        2
  1886.96241605     1.00001320        2
  1886.98284781     0.99991894        2
  1887.00327937     1.00042980        2
  1887.12586943     0.99998005        2
  1887.14630109     0.99986440        2
  1887.16673275     1.00019889        2
  1887.18716441     0.99990653        2
  1887.20759607     1.00009011        2
  1887.22802773     0.99994524        2
  1887.24845949     1.00023608        2
  1887.26889105     1.00009603        2
  1887.28932271     0.99991774        2
  1887.30975447     1.00009846        2
  1887.33018613     1.00059763        2
  1887.37104946     1.00004760        2
  1887.39148112     1.00017575        2
  1887.41191268     1.00036353        2
  1887.43234444     0.99992176        2
  1887.45277611     0.99981377        2
  1887.47320777     0.99972234        2
  1887.49363943     1.00035984        2
  1887.51407110     0.99972316        2
  1887.53450286     0.99993270        2
  1887.55493442     0.99965393        2
  1887.57536609     0.99957175        2
  1887.61622941     0.99983473        2
  1887.63666118     0.99977467        2
  1887.65709274     0.99975215        2
  1887.67752441     1.00015981        2
  1887.69795617     0.99960863        2
  1887.71838774     0.99980049        2
  1887.73881940     0.99937577        2
  1887.75925117     0.99992456        2
  1887.77968273     0.99992919        2
  1887.80011440     1.00012317        2
  1887.86140950     1.00030230        2
  1887.88184116     1.00012310        2
  1887.90227283     0.99997692        2
  1887.92270449     1.00014667        2
  1887.94313616     1.00035318        2
  1887.96356783     1.00020145        2
  1887.98399960     1.00044505        2
  1891.04875258     1.00023403        3
  1891.06918428     1.00039829        3
  1891.08961607     1.00026923        3
  1891.11004767     1.00027625        3
  1891.13047937     1.00018156        3
  1891.15091117     0.99982098        3
  1891.17134277     0.99996527        3
  1891.19177457     0.99970826        3
  1891.21220626     0.99968486        3
  1891.23263786     0.99932865        3
  1891.29393296     1.00024274        3
  1891.31436476     1.00023697        3
  1891.33479646     1.00012656        3
  1891.35522826     0.99994201        3
  1891.37565986     0.99999614        3
  1891.39609156     0.99989423        3
  1891.41652337     0.99994775        3
  1891.43695497     0.99957119        3
  1891.45738667     1.00007761        3
  1891.47781847     1.00011752        3
  1891.49825017     0.99950459        3
  1891.53911358     0.99988838        3
  1891.55954518     0.99986456        3
  1891.57997698     0.99955079        3
  1891.60040868     1.00035658        3
  1891.62084029     1.00023199        3
  1891.64127209     1.00003693        3
  1891.66170379     0.99955486        3
  1891.68213540     1.00011046        3
  1891.70256720     1.00002260        3
  1891.72299891     0.99978813        3
  1891.74343071     1.00000560        3
  1891.78429402     1.00008361        3
  1891.80472583     1.00000491        3
  1891.82515743     0.99988680        3
  1891.84558914     0.99972341        3
  1891.86602094     0.99990017        3
  1891.88645255     0.99971381        3
  1891.90688426     0.99983133        3
  1891.92731606     0.99949701        3
  1891.94774767     0.99957261        3
  1891.96817948     0.99988147        3
  1891.98861118     0.99970732        3
  1892.02947460     0.99955842        3
  1892.04990631     0.99963328        3
  1892.07033802     0.99961035        3
  1892.09076972     0.99945736        3
  1892.11120143     0.99997383        3
  1892.13163324     0.99989479        3
  1892.15206495     1.00010158        3
  1892.17249656     0.99998405        3
  1892.19292837     0.99996362        3
  1892.21335998     0.99998445        3
  1892.23379169     1.00015674        3
  1892.27465511     1.00020023        3
  1892.29508692     1.00013279        3
  1892.31551863     0.99989229        3
  1892.33595024     1.00057562        3
  1892.35638205     1.00053111        3
  1892.37681377     1.00023032        3
  1892.39724538     1.00057397        3
  1892.41767719     1.00047001        3
  1892.43810890     1.00039731        3
  1892.45854051     1.00053413        3
  1892.51983585     1.00068170        3
  1892.54026747     1.00087413        3
  1892.56069918     1.00082540        3
  1892.58113099     1.00068653        3
  1892.60156261     1.00064844        3
  1892.62199432     1.00071169        3
  1892.64242614     1.00050782        3
  1892.66285785     1.00032034        3
  1892.82631158     1.00004002        3
  1892.84674330     1.00032881        3
  1892.86717511     1.00030073        3
  1892.88760673     1.00022443        3
  1892.90803855     1.00011761        3
  1892.92847017     1.00050874        3
  1892.94890188     1.00048593        3
  1892.96933370     1.00045942        3
  1893.01019704     0.99953095        3
  1893.03062886     1.00026528        3
  1893.05106048     1.00051281        3
  1893.07149230     1.00019252        3
  1893.09192402     0.99970054        3
  1893.11235564     0.99975713        3
  1893.13278746     1.00031056        3
  1893.15321918     0.99931972        3
  1893.17365080     0.99934952        3
  1893.19408262     0.99942382        3
  1893.21451434     0.99987153        3
  1893.33710467     0.99983916        3
  1893.35753649     0.99993925        3
  1893.37796822     0.99963787        3
  1893.39839984     0.99960719        3
  1893.41883166     0.99987385        3
  1893.43926339     0.99943112        3
  1893.45969521     0.99958526        3
  1893.50055856     0.99997286        3
  1893.52099039     0.99974926        3
  1893.54142201     0.99949163        3
  1893.56185364     0.99962364        3
  1893.58228546     0.99963953        3
  1893.60271719     0.99978842        3
  1893.62314901     0.99943731        3
  1893.64358064     0.99963522        3
  1893.66401237     0.99965557        3
  1893.68444419     0.99964967        3
  1893.70487582     0.99994968        3
  1893.74573937     0.99976793        3
  1893.76617100     0.99967093        3
  1893.78660273     0.99960941        3
  1893.80703456     0.99970497        3
  1893.82746619     0.99964854        3
  1893.84789801     0.99968438        3
  1893.86832974     0.99988586        3
  1893.88876147     0.99939146        3
  1893.90919320     0.99959797        3
  1893.92962493     0.99949827        3
  1894.03178368     1.00001412        3
  1894.05221531     0.99989244        3
  1894.07264714     0.99999463        3
  1894.09307888     1.00012893        3
  1894.11351051     0.99986722        3
  1894.13394234     1.00012126        3
  1894.15437407     1.00012221        3
  1894.17480581     1.00031060        3
  1894.19523754     0.99984099        3
  1894.23610100     1.00000416        3
  1894.25653274     0.99988666        3
  1894.27696437     0.99986830        3
  1894.29739621     1.00010562        3
  1894.31782794     1.00013545        3
  1894.33825957     1.00008923        3
  1894.35869141     0.99990435        3
  1894.37912314     1.00018875        3
  1894.39955498     1.00048957        3
  1894.41998661     1.00026221        3
  1894.44041835     1.00016799        3
  1894.48128182     1.00016747        3
  1894.50171356     1.00027772        3
  1894.52214540     1.00013676        3
  1894.54257713     1.00004635        3
  1894.56300887     1.00037406        3
  1894.58344061     1.00065851        3
  1894.60387235     1.00048491        3
  1894.62430408     1.00000397        3
  1894.72646278     1.00050063        3
  1894.74689462     1.00018779        3
  1894.76732626     1.00040139        3
  1894.78775810     1.00037040        3
  1894.80818984     1.00004481        3
  1894.82862148     1.00049399        3
  1894.84905332     1.00016095        3
  1894.86948496     0.99997699        3
  1894.97164377     0.99933509        3
  1894.99207541     1.00027403        3
  1895.01250725     0.99993264        3
  1895.03293900     1.00015845        3
  1895.05337074     1.00022880        3
  1895.07380248     1.00004517        3
  1895.09423423     1.00028941        3
  1895.11466607     1.00022515        3
  1895.13509772     0.99958905        3
  1895.15552946     0.99992723        3
  1895.17596131     0.99997097        3
  1895.21682470     0.99925720        3
  1895.23725654     0.99949511        3
  1895.25768829     0.99980592        3
  1895.27811993     1.00016649        3
  1895.29855178     1.00001334        3
  1895.31898353     0.99988960        3
  1895.33941537     1.00014686        3
  1895.35984702     1.00027761        3
  1895.38027877     1.00017160        3
  1895.40071062     1.00029100        3
  1895.42114226     0.99997152        3
  1895.46200586     1.00000000        3
  1895.48243751     1.00029471        3
  1895.50286936     1.00017371        3
  1895.52330101     0.99989299        3
  1895.54373276     1.00001155        3
  1895.56416461     0.99976041        3
  1895.58459626     1.00001234        3
  1895.60502801     1.00017009        3
  1895.62545986     1.00009994        3
  1895.64589151     0.99987338        3
  1895.66632336     1.00008647        3
  1895.70718686     1.00020284        3
  1895.72761862     1.00026807        3
  1895.74805037     1.00005130        3
  1895.76848212     1.00021498        3
  1895.78891387     1.00001666        3
  1895.80934563     0.99982537        3
  1895.82977738     1.00008557        3
  1895.85020923     1.00000076        3
  1895.87064089     0.99971058        3
  1895.89107274     1.00008643        3
  1895.91150449     1.00014857        3
  1895.97279976     1.00021802        3
  1895.99323141     0.99994290        3
  1896.01366327     1.00014124        3
  1896.03409503     0.99982241        3
  1896.05452688     0.99998948        3
  1896.07495854     0.99970548        3
  1896.09539029     0.99997988        3
  1896.11582205     1.00029197        3
  1896.13625381     0.99987723        3
  1896.15668557     0.99996326        3
  1896.19754908     0.99992424        3
  1896.21798094     1.00001064        3
  1896.23841260     1.00025398        3
  1896.25884436     1.00423934        3
  1896.27927622     0.99980377        3
  1896.29970788     0.99939074        3
  1896.32013964     0.99995810        3
  1896.34057150     0.99995251        3
  1896.36100316     1.00009656        3
  1896.38143492     0.99878130        3
  1896.50402558     0.99999784        3
  1896.52445735     0.99997536        3
  1896.54488911     0.99975478        3
  1896.56532097     0.99998022        3
  1896.58575263     0.99980374        3
  1896.60618450     0.99970534        3
  1896.62661626     0.99964520        3
  1896.64704793     0.99975162        3
  1896.68791155     0.99990342        3
  1896.70834322     0.99955358        3
  1896.72877508     0.99975900        3
  1896.74920685     0.99973100        3
  1896.76963861     0.99975151        3
  1896.79007038     0.99972680        3
  1896.81050215     0.99989279        3
  1896.83093391     0.99968945        3
  1896.85136568     0.99969352        3
  1896.87179745     0.99976340        3
  1896.89222921     0.99972394        3
  1896.93309275     0.99981396        3
  1896.95352452     0.99963451        3
  1896.97395628     0.99967460        3
  1896.99438815     0.99976815        3
  1897.01481982     0.99939809        3
  1897.03525159     0.99887659        3
  1897.05568346     0.99947586        3
  1897.07611523     1.00013031        3
  1897.09654690     1.00001719        3
  1897.11697877     1.00009498        3
  1897.13741054     1.00001839        3
  1897.17827408     1.00050348        3
  1897.19870585     1.00046439        3
  1897.21913773     1.00042579        3
  1897.23956940     1.00021946        3
  1897.26000117     1.00078611        3
  1897.28043304     0.99981223        3
  1897.30086471     1.00057641        3
  1897.32129659     1.00051655        3
  1897.34172836     1.00056230        3
  1897.36216003     1.00028545        3
  1897.38259191     1.00024585        3
  1897.42345536     1.00044407        3
  1897.44388723     1.00051269        3
  1897.46431901     0.99995170        3
  1897.48475088     1.00023482        3
  1897.50518256     1.00036846        3
  1897.52561423     1.00013749        3
  1897.54604611     1.00036665        3
  1897.56647789     1.00010222        3
  1897.58690966     1.00015680        3
  1897.60734144     1.00011347        3
  1897.62777322     1.00014142        3
  1897.75036388     1.00006332        3
  1897.77079576     1.00010904        3
  1897.79122754     0.99999822        3
  1897.81165922     1.00011468        3
  1897.83209110     1.00000718        3
  1897.85252288     1.00005882        3
  1897.87295476     0.99965936        3
  1897.91381823     0.99948380        3
  1897.93425011     0.99995300        3
  1897.95468179     0.99970115        3
  1897.97511357     0.99955944        3
  1897.99554545     0.99956365        3
  1898.01597714     1.00009889        4
  1898.03640902     1.00010605        4
  1898.05684080     1.00018738        4
  1898.07727249     0.99994327        4
  1898.09770437     0.99958317        4
  1898.11813615     0.99982309        4
  1898.15899972     1.00011078        4
  1898.17943141     1.00008867        4
  1898.19986329     0.99992564        4
  1898.22029508     1.00021534        4
  1898.24072676     1.00022166        4
  1898.26115865     0.99963523        4
  1898.28159043     0.99985965        4
  1898.30202222     1.00009924        4
  1898.32245401     0.99991359        4
  1898.34288580     0.99979925        4
  1898.40418116     1.00009361        4
  1898.42461305     1.00010197        4
  1898.44504484     1.00014439        4
  1898.46547652     1.00002414        4
  1898.48590841     0.99999055        4
  1898.50634020     1.00019987        4
  1898.52677189     1.00007127        4
  1898.54720378     0.99997517        4
  1898.56763557     1.00003105        4
  1898.58806746     0.99979896        4
  1898.60849915     0.99956571        4
  1898.64936284     0.99991104        4
  1898.66979453     0.99996772        4
  1898.69022632     0.99980817        4
  1898.71065821     1.00006995        4
  1898.73108991     1.00013220        4
  1898.75152180     0.99993875        4
  1898.77195359     1.00004546        4
  1898.79238529     0.99998492        4
  1898.81281718     0.99969658        4
  1898.83324887     0.99999723        4
  1898.85368067     0.99983134        4
  1898.89454426     0.99950685        4
  1898.91497605     0.99972777        4
  1898.93540795     0.99935392        4
  1898.95583974     0.99994992        4
  1898.97627154     0.99985337        4
  1898.99670334     1.00010422        4
  1899.01713513     1.00011356        4
  1899.03756693     0.99994321        4
  1899.05799873     0.99987885        4
  1899.07843053     1.00022828        4
  1899.09886242     1.00029407        4
  1899.13972602     1.00028193        4
  1899.16015782     1.00014847        4
  1899.18058952     1.00028497        4
  1899.20102142     1.00000792        4
  1899.22145322     1.00005101        4
  1899.24188492     0.99985144        4
  1899.26231682     0.99996514        4
  1899.28274862     0.99989719        4
  1899.30318052     1.00000139        4
  1899.32361222     1.00011463        4
  1899.34404402     0.99952034        4
  1899.38490762     1.00022107        4
  1899.40533943     1.00002590        4
  1899.42577133     1.00006534        4
  1899.44620303     1.00024883        4
  1899.46663494     1.00020943        4
  1899.48706664     1.00051562        4
  1899.50749844     1.00029207        4
  1899.52793035     0.99989015        4
  1899.54836205     0.99990366        4
  1899.56879386     0.99978044        4
  1899.58922576     1.00010203        4
  1899.63008927     1.00043774        4
  1899.65052118     1.00033527        4
  1899.67095299     0.99993954        4
  1899.69138479     1.00023748        4
  1899.71181660     1.00016034        4
  1899.73224841     0.99992987        4
  1899.75268031     1.00019223        4
  1899.77311202     1.00026082        4
  1899.79354383     0.99978840        4
  1899.81397574     1.00031600        4
  1899.83440745     0.99954967        4
  1899.89570287     0.99999259        4
  1899.91613478     1.00012907        4
  1899.93656659     0.99976764        4
  1899.95699830     0.99990334        4
  1899.97743022     1.00012382        4
  1899.99786203     0.99993590        4
  1900.01829394     0.99989689        4
  1900.03872565     1.00001058        4
  1900.05915746     0.99985943        4
  1900.07958927     0.99989486        4
  1900.12045290     1.00017418        4
  1900.14088471     1.00026867        4
  1900.16131653     0.99996203        4
  1900.18174844     0.99994656        4
  1900.20218015     0.99993646        4
  1900.22261197     0.99983510        4
  1900.24304388     0.99992283        4
  1900.26347560     1.00027147        4
  1900.28390741     1.00018970        4
  1900.30433933     1.00001488        4
  1900.32477115     0.99997425        4
  1900.36563478     1.00016635        4
  1900.38606659     1.00009244        4
  1900.40649851     0.99997264        4
  1900.42693023     0.99980904        4
  1900.44736205     0.99997264        4
  1900.46779397     1.00009506        4
  1900.48822568     0.99985146        4
  1900.50865750     1.00010383        4
  1900.52908942     0.99986396        4
  1900.54952114     0.99989279        4
  1900.56995306     0.99976992        4
  1900.61081660     0.99984528        4
  1900.63124852     0.99980312        4
  1900.65168034     0.99981523        4
  1900.67211206     0.99983302        4
  1900.69254399     1.00038293        4
  1900.71297581     1.00009855        4
  1900.85599857     1.00004863        4
  1900.87643039     0.99994264        4
  1900.89686232     0.99942788        4
  1900.91729414     0.99961773        4
  1900.93772587     0.99959209        4
  1900.95815779     1.00001727        4
  1900.97858962     1.00014499        4
  1900.99902135     0.99989890        4
  1901.01945327     1.00014206        4
  1901.03988510     0.99982847        4
  1901.06031683     0.99974955        4
  1901.10118058     1.00004636        4
  1901.12161251     0.99978551        4
  1901.14204424     0.99946561        4
  1901.16247607     0.99958172        4
  1901.18290800     0.99985275        4
  1901.20333973     0.99997694        4
  1901.22377155     0.99962721        4
  1901.24420348     0.99921729        4
  1901.26463522     0.99962505        4
  1901.28506715     0.99955765        4
  1901.30549898     1.00024095        4
  1901.36679447     1.00012737        4
  1901.38722630     0.99991584        4
  1901.40765814     1.00004334        4
  1901.42808997     0.99971871        4
  1901.44852180     1.00005457        4
  1901.46895364     0.99982174        4
  1901.48938547     1.00000050        4
  1901.50981730     0.99993953        4
  1901.53024914     0.99995989        4
  1901.55068097     0.99970262        4
  1901.59154464     1.00010775        4
  1901.61197658     1.00006861        4
  1901.63240841     1.00026919        4
  1901.65284015     1.00029558        4
  1901.67327209     1.00010572        4
  1901.69370392     1.00011075        4
  1901.71413566     0.99987177        4
  1901.73456760     0.99987729        4
  1901.75499944     1.00010305        4
  1901.77543118     1.00012416        4
  1901.79586311     1.00003360        4
  1901.83672689     1.00006053        4
  1901.85715863     0.99967424        4
  1901.87759047     1.00008167        4
  1901.89802241     1.00038014        4
  1901.91845415     1.00009704        4
  1901.93888599     1.00024497        4
  1901.95931793     1.00041537        4
  1901.97974968     1.00044653        4
  1902.00018162     1.00018956        4
  1902.02061346     1.00000182        4
  1902.08190899     1.00005853        4
  1902.10234073     0.99986053        4
  1902.12277267     1.00010114        4
  1902.14320452     1.00034397        4
  1902.16363636     1.00032872        4
  1902.18406821     1.00023521        4
  1902.20450005     0.99964065        4
  1902.22493190     1.00024022        4
  1902.24536374     0.99991300        4
  1902.26579559     1.00017074        4
  1902.28622754     0.99944354        4
  1902.32709113     1.00032115        4
  1902.34752308     1.00024032        4
  1902.36795482     1.00031952        4
  1902.38838677     0.99997324        4
  1902.40881862     1.00009888        4
  1902.42925037     1.00057889        4
  1902.44968232     1.00023626        4
  1902.57227342     1.00027924        4
  1902.59270527     1.00020761        4
  1902.61313722     1.00027875        4
  1902.63356897     1.00048053        4
  1902.65400082     1.00045516        4
  1902.67443278     1.00021803        4
  1902.69486453     1.00033450        4
  1902.71529648     1.00000000        4
  1902.73572834     1.00007259        4
  1902.75616009     1.00044213        4
  1902.77659204     0.99956098        4
  1902.81745575     0.99737657        4
  1902.83788761     0.99990266        4
  1902.85831946     1.00001623        4
  1902.87875122     0.99988324        4
  1902.89918318     0.99980743        4
  1902.91961503     0.99998036        4
  1902.94004699     0.99950462        4
  1902.96047875     0.99997562        4
  1902.98091060     0.99986779        4
  1903.00134256     0.99962673        4
  1903.02177432     0.99874575        4
  1903.22609302     0.99989838        4
  1903.24652488     1.00003907        4
  1903.26695684     1.00003627        4
  1903.30782047     0.99973873        4
  1903.32825243     0.99988385        4
  1903.34868419     0.99981977        4
  1903.36911606     0.99988936        4
  1903.38954802     0.99958889        4
  1903.40997989     0.99952600        4
  1903.43041175     0.99879874        4
  1903.45084352     0.99984682        4
  1903.47127538     0.99999258        4
  1903.49170735     0.99975596        4
  1903.51213921     0.99982134        4
  1903.55300295     1.00004216        4
  1903.57343481     0.99972080        4
  1903.59386658     1.00001714        4
  1903.61429855     0.99956262        4
  1903.63473042     1.00014577        4
  1903.65516239     0.99978947        4
  1903.67559416     1.00008315        4
  1903.69602602     1.00016781        4
  1903.71645799     0.99961648        4
  1903.73688976     0.99939514        4
  1903.75732163     1.00002476        4
  1903.79818538     0.99989448        4
  1903.81861735     1.00013992        4
  1903.83904922     0.99987565        4
  1903.85948099     1.00004352        4
  1903.87991296     0.99996021        4
  1903.90034484     0.99990298        4
  1903.92077661     0.99990967        4
  1903.94120858     0.99989612        4
  1903.96164045     0.99994257        4
  1903.98207243     1.00012066        4
  1904.00250420     0.99988280        4
  1904.04336795     0.99964440        4
  1904.06379993     1.00002975        4
  1904.08423170     0.99993477        4
  1904.10466358     1.00012996        4
  1904.12509546     1.00022298        4
  1904.14552733     0.99995895        4
  1904.16595931     0.99991235        4
  1904.18639109     0.99990834        4
  1904.20682306     1.00003103        4
  1904.22725494     1.00009147        4
  1904.24768672     1.00017312        4
  1904.30898236     0.99984785        4
  1904.32941434     1.00003768        4
  1904.34984622     1.00003076        4
  1904.37027820     1.00024230        4
  1904.39070998     0.99990654        4
  1904.41114186     1.00044910        4
  1904.43157384     0.99998698        4
  1904.45200562     0.99997945        4
  1904.47243750     0.99970654        4
  1904.49286949     1.00004950        4
  1904.61546079     1.00008936        4
  1904.63589267     1.00057569        4
  1904.65632456     1.00010271        4
  1904.67675644     1.00030082        4
  1904.69718833     1.00018449        4
  1904.71762022     1.00021516        4
  1904.73805210     1.00009472        4
  1904.77891588     1.00027115        4
  1904.79934777     1.00020991        4
  1904.81977975     1.00022319        4
  1904.84021154     1.00059443        4
  1904.86064343     1.00056129        4
  1904.88107542     1.00031558        4
  1905.04453054     0.99995479        4
  1905.06496244     0.99990791        4
  1905.08539443     0.99960248        4
  1905.10582622     0.99960512        4
  1905.12625812     1.00013494        4
  1905.14669011     0.99964976        4
  1905.16712190     0.99928160        4
  1905.18755380     0.99968491        4
