  1835.65886212     1.00076869        0
  1835.67929419     1.00009941        0
  1835.69972626     1.00014700        0
  1835.80188660     0.99766607        0
  1835.82231877     1.00028880        0
  1835.84275073     1.00048369        0
  1835.86318280     1.00522944        0
  1835.88361497     0.99963917        0
  1835.90404693     1.00154496        0
  1835.92447900     0.99975302        0
  1835.94491116     0.99999769        0
  1835.96534312     0.99916080        0
  1835.98577519     1.00023638        0
  1836.00620735     0.99970892        0
  1836.02663931     1.00000320        0
  1836.04707138     0.99924355        0
  1836.06750354     0.99931726        0
  1836.08793550     0.99910821        0
  1836.10836756     0.99920525        0
  1836.12879972     1.00033522        0
  1836.14923178     0.99962803        0
  1836.16966374     0.99996704        0
  1836.19009590     0.99929712        0
  1836.21052796     1.00056817        0
  1836.23096012     1.00050755        0
  1836.25139207     1.00084717        0
  1836.27182413     1.00021113        0
  1836.31268824     0.99973503        0
  1836.33312030     1.00195032        0
  1836.35355245     1.00082445        0
  1836.37398441     0.99995582        0
  1836.39441646     0.99948052        0
  1836.41484852     0.99898875        0
  1836.43528057     0.99954994        0
  1836.45571262     1.00079820        0
  1836.47614468     0.99983002        0
  1836.49657673     1.00021141        0
  1836.51700878     1.00001166        0
  1836.53744083     0.99875466        0
  1836.55787288     1.00106614        0
  1836.57830493     1.00021074        0
  1836.59873708     1.00021183        0
  1836.61916903     0.99941257        0
  1836.63960108     0.99923881        0
  1836.66003323     1.00019607        0
  1836.68046518     1.00089324        0
  1836.70089722     1.00025004        0
  1836.72132937     0.99998072        0
  1836.74176132     1.00051134        0
  1836.76219336     0.99982990        0
  1836.78262551     1.00055839        0
  1836.80305745     1.00048317        0
  1836.82348960     1.00021120        0
  1836.84392164     1.00027324        0
  1836.86435359     0.99938852        0
  1836.88478573     0.99981123        0
  1836.90521777     1.00052746        0
  1836.92564972     1.00107912        0
  1836.94608186     1.00049884        0
  1836.96651390     0.99969767        0
  1836.98694594     1.00041855        0
  1837.00737798     0.99807965        0
  1837.02781002     0.99870200        0
  1837.10953818     0.99817654        0
  1837.12997022     0.99998035        0
  1837.15040225     0.99970886        0
  1837.17083429     1.00119562        0
  1837.19126633     1.00043497        0
  1837.21169836     0.99919097        0
  1837.23213040     0.99891500        0
  1837.25256243     0.99913091        0
  1837.27299447     0.99984992        0
  1837.29342640     0.99938663        0
  1837.31385854     1.00113133        0
  1837.33429057     0.99957669        0
  1837.35472260     1.00064101        0
  1837.37515464     1.00092636        0
  1837.39558667     0.99961365        0
  1837.41601870     1.00043176        0
  1837.43645083     0.99967788        0
  1837.45688276     1.00130658        0
  1837.47731489     0.99900514        0
  1837.49774692     1.00005890        0
  1837.51817885     1.00014804        0
  1837.53861098     0.99968212        0
  1837.55904301     1.00005613        0
  1837.57947494     1.00017611        0
  1837.59990706     0.99914921        0
  1837.62033909     1.00048241        0
  1837.64077102     1.00023945        0
  1837.66120315     0.99971061        0
  1837.68163517     0.99987421        0
  1837.70206710     1.00575521        0
  1837.72249922     1.00044364        0
  1837.74293125     0.99988050        0
  1837.76336317     1.00010657        0
  1837.78379529     0.99924601        0
  1837.80422732     0.99929872        0
  1837.82465934     1.00037114        0
  1837.84509136     0.99934576        0
  1837.86552338     0.99939178        0
  1837.88595530     0.99988424        0
  1837.90638742     0.99979717        0
  1837.92681945     0.99985483        0
  1837.94725147     0.99955748        0
  1837.96768348     1.00030332        0
  1837.98811550     0.99943060        0
  1838.00854742     0.99996800        0
  1838.02897954     1.00026221        0
  1838.04941156     1.00042036        0
  1838.06984368     1.00016126        0
  1838.09027559     1.00000000        0
  1838.11070761     0.99895043        0
  1838.13113973     1.00020276        0
  1838.15157164     0.99975601        0
  1838.17200366     1.00082428        0
  1838.19243577     1.00028370        0
  1838.21286769     0.99934130        0
  1838.23329970     1.00103247        0
  1838.29459574     1.00016482        0
  1838.31502785     0.99983365        0
  1838.33545986     0.99955139        0
  1838.35589177     1.00086070        0
  1838.37632388     0.99929932        0
  1838.39675589     0.99997346        0
  1838.41718780     1.00000867        0
  1838.43761991     1.00016116        0
  1838.45805192     0.99992350        0
  1838.47848383     1.00116145        0
  1838.49891594     1.00073611        0
  1838.51934795     1.00036936        0
  1838.53977985     0.99923677        0
  1838.56021196     1.00042483        0
  1838.58064397     1.00000766        0
  1838.60107587     1.00072633        0
  1838.62150798     0.99956186        0
  1838.64193998     1.00084766        0
  1838.66237189     1.00162247        0
  1838.68280399     1.00009421        0
  1838.70323600     1.00080295        0
  1838.72366800     1.00081885        0
  1838.74410000     1.00097783        0
  1838.76453200     0.99985651        0
  1838.78496401     0.99945415        0
  1838.80539601     1.00023492        0
  1838.82582801     1.00105842        0
  1838.84626011     1.00013502        0
  1838.86669201     1.00009736        0
  1838.88712401     1.00002290        0
  1838.90755611     0.99905459        0
  1838.92798801     0.99879390        0
  1838.94842001     1.00040517        0
  1838.96885210     0.99873506        0
  1838.98928400     0.99819230        0
  1839.09144408     1.00032570        0
  1839.11187608     1.00054852        0
  1839.13230797     1.00020655        0
  1839.15274007     0.99952495        0
  1839.17317206     0.99896260        0
  1839.19360395     0.99986006        0
  1839.21403605     1.00014916        0
  1839.23446804     0.99964989        0
  1839.25489993     0.99974471        0
  1839.27533202     0.99858810        0
  1839.29576401     0.99890553        0
  1839.31619611     0.99989396        0
  1839.33662800     1.00042498        0
  1839.35705999     1.00044286        0
  1839.37749197     0.99904833        0
  1839.39792396     1.00113175        0
  1839.41835585     0.99988644        0
  1839.43878794     0.99992892        0
  1839.45921993     0.99967494        0
  1839.47965182     1.00089314        0
  1839.50008390     0.99921913        0
  1839.52051589     0.99969426        0
  1839.54094787     1.00123874        0
  1839.56137986     1.00045215        0
  1839.58181185     0.99914588        0
  1839.60224383     1.00138616        0
  1839.62267581     1.00000169        0
  1839.64310780     1.00025950        0
  1839.66353978     0.99920477        0
  1839.72483573     0.99733174        0
  1839.74526781     1.00037307        0
  1839.76569969     1.00014707        0
  1839.78613167     1.00058413        0
  1839.80656375     0.99999164        0
  1839.82699563     0.99929892        0
  1839.84742761     0.99995179        0
  1839.86785969     1.00027957        0
  1839.88829157     1.00047111        0
  1839.90872355     0.99972551        0
  1839.92915563     0.99892511        0
  1839.94958761     0.99980906        0
  1839.97001958     1.00064265        0
  1839.99045156     0.99976871        0
  1840.01088354     0.99998371        0
  1840.27649919     1.00085459        0
  1840.31736303     1.00100663        0
  1840.33779510     1.00108848        0
  1840.35822707     1.00080992        0
  1840.37865904     0.99966738        0
  1840.39909100     1.00026849        0
  1840.41952297     0.99995602        0
  1840.43995494     1.00080176        0
  1840.46038691     0.99962947        0
  1840.48081887     0.99997442        0
  1840.50125084     0.99945634        0
  1840.52168291     0.99955573        0
  1840.54211477     0.99969160        0
  1840.56254684     0.99918356        0
  1840.58297880     1.00082240        0
  1840.60341066     0.99909979        0
  1840.62384273     0.99973461        0
  1840.64427469     1.00036118        0
  1840.66470655     0.99978162        0
  1840.68513862     1.00004049        0
  1840.70557058     0.99719445        0
  1840.72600244     0.99913128        0
  1840.74643450     1.00139820        0
  1840.76686646     1.00023702        0
  1840.78729842     0.99948551        0
  1840.80773038     1.00054383        0
  1840.82816224     0.99934752        0
  1840.84859430     1.00041126        0
  1840.86902626     0.99919592        0
  1840.88945822     1.00028507        0
  1840.90989008     1.00251253        0
  1840.93032213     1.00038526        0
  1840.95075409     0.99977593        0
  1840.97118595     0.99981693        0
  1840.99161800     0.99991943        0
  1872.00697989     1.00095750        1
  1872.02741149     1.00026579        1
  1872.04784309     0.99988580        1
  1872.06827469     1.00029722        1
  1872.08870629     1.00030023        1
  1872.10913789     1.00020455        1
  1872.12956959     1.00061788        1
  1872.17043268     0.99983422        1
  1872.19086438     1.00521842        1
  1872.21129598     1.00002591        1
  1872.23172748     1.00008150        1
  1872.25215918     0.99904641        1
  1872.27259078     1.00005015        1
  1872.29302227     0.99968766        1
  1872.31345397     0.99951567        1
  1872.33388557     1.00003396        1
  1872.35431707     0.99886182        1
  1872.37474877     0.99851327        1
  1872.41561206     0.99846326        1
  1872.43604356     1.00041531        1
  1872.45647516     1.00063708        1
  1872.47690686     1.00016511        1
  1872.49733836     0.99938876        1
  1872.51776996     1.00011582        1
  1872.53820165     1.00018025        1
  1872.55863315     1.00043903        1
  1872.57906475     1.00004196        1
  1872.59949645     0.99998357        1
  1872.61992794     0.99870673        1
  1872.66079124     0.99996257        1
  1872.68122274     0.99969512        1
  1872.70165443     0.99948235        1
  1872.72208603     0.99887428        1
  1872.74251753     0.99926760        1
  1872.76294923     0.99935521        1
  1872.78338082     0.99901604        1
  1872.80381232     0.99935051        1
  1872.82424402     1.00228642        1
  1872.84467562     0.99964245        1
  1872.86510711     1.00021088        1
  1872.90597041     1.00007247        1
  1872.92640190     1.00040807        1
  1872.94683360     1.00011749        1
  1872.96726520     1.00016005        1
  1872.98769690     1.00164355        1
  1873.00812839     0.99971565        1
  1873.02855999     1.00009684        1
  1873.04899169     1.00029248        1
  1873.06942318     1.00061125        1
  1873.08985478     1.00029051        1
  1873.11028648     1.00003327        1
  1873.15114957     0.99977410        1
  1873.17158127     1.00107818        1
  1873.19201286     1.00077327        1
  1873.21244446     1.00098003        1
  1873.23287606     1.00118496        1
  1873.25330765     1.00062728        1
  1873.27373925     1.00000161        1
  1873.29417084     1.00031812        1
  1873.31460244     1.00013043        1
  1873.33503404     1.00068207        1
  1873.35546563     0.99991782        1
  1873.39632883     0.99647536        1
  1873.41676042     1.00085955        1
  1873.43719192     0.99914539        1
  1873.45762361     1.00089839        1
  1873.47805521     1.00017140        1
  1873.49848691     1.00067401        1
  1873.51891840     0.99999482        1
  1873.53935000     0.99966954        1
  1873.55978169     0.99956996        1
  1873.58021319     0.99999342        1
  1873.60064479     0.99928271        1
  1873.80496084     0.99985389        1
  1873.82539244     0.99945927        1
  1873.84582413     1.00010930        1
  1873.88668722     0.99990591        1
  1873.90711892     0.99980918        1
  1873.92755041     0.99961132        1
  1873.94798201     1.00062124        1
  1873.96841370     0.99921749        1
  1873.98884520     0.99869776        1
  1874.00927689     0.99935980        1
  1874.02970839     0.99986423        1
  1874.05013998     0.99998027        1
  1874.07057168     0.99996754        1
  1874.09100317     0.99797025        1
  1874.27488763     0.99923902        1
  1874.29531922     1.00073160        1
  1874.31575082     1.00024412        1
  1874.33618241     0.99849607        1
  1874.37704560     1.00000000        1
  1874.39747720     0.99924139        1
  1874.41790889     1.00059795        1
  1874.43834038     1.00039500        1
  1874.45877198     0.99979247        1
  1874.47920367     0.99985485        1
  1874.49963517     0.99978512        1
  1874.52006686     0.99958268        1
  1874.54049846     1.00033700        1
  1874.56092995     0.99973899        1
  1874.58136165     0.99947440        1
  1874.62222473     1.00000604        1
  1874.64265643     0.99949346        1
  1874.66308802     1.00027102        1
  1874.68351962     0.99979214        1
  1874.70395121     1.00035272        1
  1874.72438281     1.00065615        1
  1874.74481430     1.00284687        1
  1874.76524599     1.00015654        1
  1874.78567759     1.00063687        1
  1874.80610918     1.00021065        1
  1874.82654078     1.00023831        1
  1874.86740406     1.00174277        1
  1874.88783556     0.99957692        1
  1874.90826715     1.00177700        1
  1874.92869885     1.00057974        1
  1874.94913034     1.00153580        1
  1874.96956193     1.00049984        1
  1874.98999363     1.00104169        1
  1875.01042512     1.00086412        1
  1875.03085682     0.99963513        1
  1875.05128841     0.99959455        1
  1875.11258319     0.99965008        1
  1875.13301468     0.99951236        1
  1875.15344638     1.00028997        1
  1875.17387797     1.00006486        1
  1875.19430957     0.99994569        1
  1875.21474116     1.00011564        1
  1875.23517275     1.00016560        1
  1875.25560445     1.00071937        1
  1875.35776232     0.99643967        1
  1875.37819401     0.99831340        1
  1875.39862550     1.00011421        1
  1875.41905710     1.00009385        1
  1875.43948879     0.99986983        1
  1875.45992028     0.99998482        1
  1875.48035188     1.00026446        1
  1875.50078357     0.99997928        1
  1875.52121506     0.99987389        1
  1875.54164676     0.99844818        1
  1875.56207835     0.99841835        1
  1875.60294154     1.00067224        1
  1875.62337313     1.00077249        1
  1875.64380463     0.99900380        1
  1875.66423632     0.99977695        1
  1875.68466791     0.99881638        1
  1875.70509951     0.99936426        1
  1875.72553110     0.99935397        1
  1875.74596269     0.99989570        1
  1875.76639439     1.00025848        1
  1875.78682588     1.00146863        1
  1875.80725747     0.99900706        1
  1875.84812076     0.99947486        1
  1875.86855225     1.00013989        1
  1875.88898395     0.99898838        1
  1875.90941554     0.99964662        1
  1875.92984703     0.99968602        1
  1875.95027873     0.99924285        1
  1875.97071032     0.99872050        1
  1875.99114201     0.99919491        1
  1876.01157351     0.99973328        1
  1876.03200510     0.99922435        1
  1876.09329988     1.00041688        1
  1876.11373147     1.00034451        1
  1876.13416306     1.00019340        1
  1876.15459456     1.00007672        1
  1876.17502625     0.99922051        1
  1876.19545784     1.00078269        1
  1876.21588944     1.00006326        1
  1876.23632103     0.99978600        1
  1876.25675262     0.99972329        1
  1876.27718432     0.99866315        1
  1876.35891069     1.00057771        1
  1876.37934218     0.99971956        1
  1876.39977388     1.00044100        1
  1876.42020547     1.00084412        1
  1876.44063696     1.00032819        1
  1876.46106866     0.99995248        1
  1876.48150025     1.00001962        1
  1876.50193194     1.00032252        1
  1876.52236344     1.00061186        1
  1876.54279503     1.00003056        1
  1876.58365822     1.00036200        1
  1876.60408981     0.99998054        1
  1876.62452150     0.99965105        1
  1876.64495299     1.00023539        1
  1876.66538459     1.00094597        1
  1876.82883733     1.00093418        1
  1876.84926903     1.00047102        1
  1876.86970052     1.00097013        1
  1876.89013211     0.99933746        1
  1876.91056381     1.00012548        1
  1876.93099540     1.00110985        1
  1876.95142689     1.00002062        1
  1877.07401665     1.00012803        1
  1877.09444814     0.99973033        1
  1877.11487974     1.00030561        1
  1877.13531143     0.99909950        1
  1877.15574292     0.99996594        1
  1877.17617452     1.00031141        1
  1877.19660621     1.00037844        1
  1877.21703770     0.99958453        1
  1877.23746940     1.00019727        1
  1877.25790099     1.00061105        1
  1877.27833248     0.99970745        1
  1877.31919577     1.00036932        1
  1877.33962736     0.99963987        1
  1877.36005896     1.00034456        1
  1877.38049055     1.00115718        1
  1877.40092214     0.99902245        1
  1877.42135374     0.99991596        1
  1877.44178533     1.00031263        1
  1877.46221692     0.99957933        1
  1877.48264852     1.00093678        1
  1877.50308011     0.99966997        1
  1877.52351170     0.99907680        1
  1877.56437489     1.00091398        1
  1877.58480658     0.99925113        1
  1877.60523808     0.99979046        1
  1877.62566967     1.00049244        1
  1877.64610136     0.99899325        1
  1877.66653286     0.99980080        1
  1877.68696455     1.00020677        1
  1877.70739615     0.99945051        1
  1877.72782764     1.00102693        1
  1877.74825933     1.00062653        1
  1877.76869093     1.00017637        1
  1877.80955411     0.99928913        1
  1877.82998571     0.99994673        1
  1877.85041720     0.99959380        1
  1877.87084889     0.99998769        1
  1877.89128049     0.99921944        1
  1877.91171208     0.99976706        1
  1877.93214367     0.99940182        1
  1877.95257527     0.99987611        1
  1877.97300696     0.99959250        1
  1877.99343856     1.00010827        1
  1878.01387005     0.99889553        1
  1878.05473334     0.99947422        1
  1878.07516483     1.00039660        1
  1878.09559652     0.99979378        1
  1878.11602812     0.99960852        1
  1878.13645961     1.00031911        1
  1878.15689131     0.99973226        1
  1878.17732280     1.00099290        1
  1878.19775449     0.99959148        1
  1878.21818609     1.00056349        1
  1878.23861758     1.00013477        1
  1878.25904927     0.99914539        1
  1878.29991236     1.00022784        1
  1878.32034406     1.00030538        1
  1878.34077565     1.00059700        1
  1878.36120714     1.00026229        1
  1878.38163884     1.00055122        1
  1878.40207043     1.00033353        1
  1878.42250213     0.99930158        1
  1878.44293362     0.99962902        1
  1878.46336522     1.00015429        1
  1878.48379691     0.99946854        1
  1878.50422840     0.99766905        1
  1878.54509169     0.99994960        1
  1878.56552329     1.00038176        1
  1878.58595478     0.99979724        1
  1878.60638647     0.99941689        1
  1878.62681807     0.99990249        1
  1878.64724966     0.99932083        1
  1878.66768126     1.00017134        1
  1878.68811285     1.00021421        1
  1878.70854455     1.00073343        1
  1878.72897604     1.00008024        1
  1878.74940764     1.00013653        1
  1878.79027082     1.00057029        1
  1878.81070242     0.99971004        1
  1878.83113401     1.00060499        1
  1878.85156561     1.00039526        1
  1878.87199730     1.00024414        1
  1878.89242880     0.99961370        1
  1878.91286039     1.00035402        1
  1878.93329209     1.00007608        1
  1878.95372358     1.00092581        1
  1878.97415518     1.00053953        1
  1878.99458687     1.00038982        1
  1879.07631325     1.00074754        1
  1879.09674484     0.99934396        1
  1879.11717644     0.99988708        1
  1879.13760803     1.00036326        1
  1879.15803963     1.00033763        1
  1879.17847122     1.00005625        1
  1879.19890282     0.99909279        1
  1879.21933451     0.99996071        1
  1879.23976601     0.99907586        1
  1879.32149249     0.99948339        1
  1879.34192409     0.99972483        1
  1879.36235558     0.99924885        1
  1879.38278728     0.99995507        1
  1879.40321887     0.99893439        1
  1879.42365037     0.99961867        1
  1879.44408206     0.99989528        1
  1879.46451366     1.00049264        1
  1879.48494515     0.99963680        1
  1879.52580834     0.99997391        1
  1879.54624004     1.00169672        1
  1879.56667163     0.99883790        1
  1879.58710323     1.00027327        1
  1879.60753483     0.99994446        1
  1879.62796642     0.99972606        1
  1879.64839802     0.99996586        1
  1879.66882961     1.00043234        1
  1879.68926121     0.99889620        1
  1879.70969280     1.00032508        1
  1879.73012440     0.99964093        1
  1879.77098769     1.00032379        1
  1879.79141929     1.00123854        1
  1879.81185078     1.00065949        1
  1879.83228248     1.00046436        1
  1879.85271408     0.99997940        1
  1879.87314557     0.99984046        1
  1879.89357727     0.99971713        1
  1879.91400886     1.00104609        1
  1879.93444036     0.99942253        1
  1879.95487206     0.99994524        1
  1879.97530365     0.99950628        1
  1880.05703014     1.00002090        2
  1880.07746164     1.00040794        2
  1880.09789323     0.99952305        2
  1880.11832483     0.99928261        2
  1880.13875643     0.99960986        2
  1880.15918802     1.00064147        2
  1880.17961972     0.99929872        2
  1880.20005122     1.00026277        2
  1880.22048291     1.00112928        2
  1880.26134601     0.99927711        2
  1880.28177770     0.99961288        2
  1880.30220930     1.00076277        2
  1880.32264080     0.99982733        2
  1880.34307249     0.99969219        2
  1880.36350409     1.00029397        2
  1880.38393559     0.99939446        2
  1880.40436728     1.00117955        2
  1880.42479888     1.00010982        2
  1880.44523058     1.00037862        2
  1880.46566208     0.99956620        2
  1880.50652537     1.00060468        2
  1880.52695687     0.99950041        2
  1880.54738847     1.00105252        2
  1880.56782016     0.99969695        2
  1880.58825166     0.99932599        2
  1880.60868326     0.99985102        2
  1880.62911496     1.00130740        2
  1880.64954645     1.00121003        2
  1880.66997815     0.99993865        2
  1880.69040975     1.00037467        2
  1880.75170454     1.00113971        2
  1880.77213614     1.00005712        2
  1880.79256774     1.00063071        2
  1880.81299934     1.00051355        2
  1880.83343094     1.00012362        2
  1880.85386253     0.99941135        2
  1880.87429413     1.00076382        2
  1880.89472573     0.99982498        2
  1880.91515733     1.00067915        2
  1880.93558893     0.99931240        2
  1880.95602063     0.99894838        2
  1881.01731542     1.01079488        2
  1881.03774692     1.02157730        2
  1881.05817852     1.00050700        2
  1881.07861022     1.00189492        2
  1881.09904172     0.99967850        2
  1881.11947341     1.00018785        2
  1881.13990501     0.99977063        2
  1881.16033651     0.99977308        2
  1881.18076821     0.99806816        2
  1881.20119981     0.99796465        2
  1881.24206301     0.99946086        2
  1881.26249461     0.99947406        2
  1881.28292621     0.99907916        2
  1881.30335781     0.99932663        2
  1881.32378941     0.99963222        2
  1881.34422111     0.99916691        2
  1881.36465260     0.99963176        2
  1881.38508420     0.99981634        2
  1881.40551590     0.99955411        2
  1881.42594750     0.99855130        2
  1881.44637900     0.99945442        2
  1881.48724220     0.99959564        2
  1881.50767390     1.00089932        2
  1881.52810550     0.99964493        2
  1881.54853710     0.99947608        2
  1881.56896870     0.99905984        2
  1881.58940030     0.99998813        2
  1881.60983180     0.99991436        2
  1881.63026350     1.00009418        2
  1881.65069510     1.00136278        2
  1881.67112660     1.00145219        2
  1881.69155830     0.99995798        2
  1881.73242160     1.00056951        2
  1881.75285310     1.00018803        2
  1881.77328471     1.00044313        2
  1881.79371641     1.00103532        2
  1881.81414791     0.99995407        2
  1881.83457951     1.00057394        2
  1881.85501121     1.00050364        2
  1881.87544271     1.00094928        2
  1881.89587431     0.99992359        2
  1881.91630601     1.00159223        2
  1881.93673761     1.00078853        2
  1881.97760081     1.00082621        2
  1881.99803242     1.00043003        2
  1882.01846402     1.00090540        2
  1882.03889562     1.00040183        2
  1882.05932722     0.99990604        2
  1882.07975892     0.99949995        2
  1882.10019042     1.00052024        2
  1882.12062202     0.99996194        2
  1882.14105373     1.00054447        2
  1882.16148523     0.99988447        2
  1882.18191693     1.00036976        2
  1882.22278003     1.00020412        2
  1882.24321174     1.00019273        2
  1882.26364324     1.00044685        2
  1882.28407484     0.99883033        2
  1882.30450654     0.99896664        2
  1882.32493804     0.99864401        2
  1882.34536975     1.00050668        2
  1882.36580135     1.00074129        2
  1882.38623285     0.99945358        2
  1882.46795936     1.00031016        2
  1882.48839096     0.99980201        2
  1882.50882257     0.99927994        2
  1882.52925417     0.99982612        2
  1882.54968577     0.99874303        2
  1882.57011748     1.00034898        2
  1882.59054908     1.00011099        2
  1882.79486521     0.99987177        2
  1882.81529672     0.99922701        2
  1882.83572832     1.00235935        2
  1882.85616003     1.00065328        2
  1882.87659153     0.99997900        2
  1882.89702303     0.99907342        2
  1882.91745474     0.99961532        2
  1883.04004437     0.99984282        2
  1883.06047597     0.99873711        2
  1883.08090767     0.99913054        2
  1883.10133928     0.99974197        2
  1883.12177078     0.99915658        2
  1883.14220249     0.99933267        2
  1883.16263409     1.00181496        2
  1883.20349731     0.99902823        2
  1883.22392891     1.00780608        2
  1883.24436062     0.99962198        2
  1883.26479212     0.99981446        2
  1883.28522373     0.99981549        2
  1883.30565543     0.99987326        2
  1883.32608694     0.99983835        2
  1883.34651854     0.99759179        2
  1883.36695025     0.99916493        2
  1883.38738176     1.00050194        2
  1883.40781346     1.01861495        2
  1883.44867657     1.00005937        2
  1883.46910828     1.00077977        2
  1883.48953989     1.00052824        2
  1883.50997139     1.00105496        2
  1883.53040310     1.00020201        2
  1883.55083461     0.99979888        2
  1883.57126631     0.99991394        2
  1883.59169792     0.99990637        2
  1883.61212943     1.00057394        2
  1883.63256113     1.00146566        2
  1883.65299274     1.00053112        2
  1883.71428756     1.00059048        2
  1883.73471917     1.00126390        2
  1883.75515078     1.00024827        2
  1883.77558238     1.00212490        2
  1883.79601409     1.00081610        2
  1883.81644570     1.00033387        2
  1883.83687721     1.00107220        2
  1883.85730891     1.00005995        2
  1883.87774052     0.99989149        2
  1883.89817203     0.99991813        2
  1883.97989856     1.00062967        2
  1884.00033017     1.00066374        2
  1884.02076188     1.00010813        2
  1884.04119339     1.00030584        2
  1884.06162500     0.99891750        2
  1884.08205670     0.99906949        2
  1884.10248821     1.00080108        2
  1884.12291982     1.00025660        2
  1884.14335153     0.99933599        2
  1884.22507787     0.99911116        2
  1884.24550958     0.99988241        2
  1884.26594109     1.00029127        2
  1884.28637270     1.00047803        2
  1884.30680441     0.99974217        2
  1884.32723602     0.99925980        2
  1884.34766753     0.99980188        2
  1884.36809924     1.00003638        2
  1884.38853085     0.99914316        2
  1884.42939407     1.00039718        2
  1884.44982568     0.99974074        2
  1884.47025739     1.00047870        2
  1884.49068890     0.99979308        2
  1884.51112051     0.99974986        2
  1884.53155222     0.99933562        2
  1884.55198373     1.00073628        2
  1884.57241534     0.99982069        2
  1884.59284705     1.00040083        2
  1884.61327856     0.99978879        2
  1884.63371027     1.00030768        2
  1884.67457339     1.00109588        2
  1884.69500511     0.99918075        2
  1884.71543672     1.00017612        2
  1884.73586833     0.99893696        2
  1884.75629994     1.00146906        2
  1884.77673155     0.99919951        2
  1884.79716316     1.00088890        2
  1884.81759478     0.99934365        2
  1884.83802639     0.99883234        2
  1884.85845800     0.99969166        2
  1884.87888961     0.99942431        2
  1884.91975284     0.99969142        2
  1884.94018445     1.00004499        2
  1884.96061606     0.99934648        2
  1884.98104777     0.99917953        2
  1885.00147929     1.00126622        2
  1885.02191100     0.99959631        2
  1885.04234261     0.99996527        2
  1885.06277413     1.00002498        2
  1885.08320584     1.00025719        2
  1885.10363745     0.99974167        2
  1885.12406896     1.00019646        2
  1885.16493229     0.98629808        2
  1885.18536381     1.00053198        2
  1885.20579552     0.99960403        2
  1885.22622713     0.99903997        2
  1885.24665885     0.99956189        2
  1885.26709036     0.99939539        2
  1885.28752197     1.00049177        2
  1885.30795369     0.99896698        2
  1885.32838520     1.00121127        2
  1885.34881682     1.00034456        2
  1885.36924853     1.00061837        2
  1885.43054338     1.00009054        2
  1885.45097499     1.00039395        2
  1885.47140661     1.00053130        2
  1885.49183822     1.00008103        2
  1885.51226984     1.00160412        2
  1885.53270145     1.00059197        2
  1885.55313307     1.00139054        2
  1885.57356458     1.00007823        2
  1885.59399630     1.00117037        2
  1885.61442791     1.00036097        2
  1885.65529114     1.00031184        2
  1885.67572276     1.00026664        2
  1885.69615448     1.00009699        2
  1885.71658599     1.00094398        2
  1885.73701761     1.00073477        2
  1885.75744933     1.00033609        2
  1885.77788084     1.00057671        2
  1885.79831246     1.00123277        2
  1885.81874418     0.99998541        2
  1885.83917569     1.00073964        2
  1885.85960741     1.00010055        2
  1885.92090226     1.00046185        2
  1885.94133388     1.00085133        2
  1885.96176550     1.00007712        2
  1885.98219711     0.99981735        2
  1886.00262873     0.99940179        2
  1886.02306035     0.99975848        2
  1886.04349197     1.00044958        2
  1886.06392358     0.99927367        2
  1886.08435530     0.99897501        2
  1886.10478692     0.99953149        2
  1886.16608178     0.99925319        2
  1886.18651329     0.99872413        2
  1886.20694501     1.00000419        2
  1886.22737653     1.00000000        2
  1886.24780825     0.99972504        2
  1886.26823987     0.99921972        2
  1886.28867139     0.99999406        2
  1886.30910311     0.99969474        2
  1886.32953473     1.00024111        2
  1886.34996625     0.99936911        2
  1886.39082959     1.00022481        2
  1886.41126111     0.99994858        2
  1886.43169283     0.99904228        2
  1886.45212445     0.99951567        2
  1886.47255617     0.99928593        2
  1886.49298769     1.00022595        2
  1886.51341931     1.00006269        2
  1886.53385103     0.99911075        2
  1886.55428255     1.00093997        2
  1886.63600913     1.00018169        2
  1886.65644075     1.00039715        2
  1886.67687237     0.99991440        2
  1886.69730399     0.99875250        2
  1886.71773562     0.99947693        2
  1886.73816724     1.00029970        2
  1886.75859896     0.99941727        2
  1886.77903048     1.00043594        2
  1886.88118859     0.99988802        2
  1886.90162021     1.00030260        2
  1886.92205194     0.99996347        2
  1886.94248346     1.00093534        2
  1886.96291508     0.99927264        2
  1886.98334681     0.99973767        2
  1887.00377833     0.99974260        2
  1887.12636817     0.99978936        2
  1887.14679979     0.99919394        2
  1887.16723142     1.00004686        2
  1887.18766304     0.99939377        2
  1887.20809467     1.00116860        2
  1887.22852629     0.99999721        2
  1887.24895802     1.00008431        2
  1887.26938954     1.00366579        2
  1887.28982116     0.99971977        2
  1887.31025289     0.99992515        2
  1887.33068451     0.99999356        2
  1887.37154776     1.00078198        2
  1887.39197939     1.00091536        2
  1887.41241092     1.00036449        2
  1887.43284264     1.00065506        2
  1887.45327427     0.99965706        2
  1887.47370589     1.00061986        2
  1887.49413752     1.00147941        2
  1887.51456914     1.00060979        2
  1887.53500087     0.99996485        2
  1887.55543240     1.00018709        2
  1887.57586402     1.00027588        2
  1887.61672728     1.00056885        2
  1887.63715900     1.00017948        2
  1887.65759053     0.99959444        2
  1887.67802216     0.99997352        2
  1887.69845389     1.00046925        2
  1887.71888541     1.00124174        2
  1887.73931704     1.00166665        2
  1887.75974877     0.99923854        2
  1887.78018030     1.00063097        2
  1887.80061192     0.99906403        2
  1887.86190691     0.99947987        2
  1887.88233854     0.99952286        2
  1887.90277016     0.99956107        2
  1887.92320179     0.99882470        2
  1887.94363342     0.99987814        2
  1887.96406505     0.99954679        2
  1887.98449678     1.00028222        2
  1891.04924339     1.00001039        3
  1891.06967505     1.00065284        3
  1891.09010680     1.00044485        3
  1891.11053835     1.00072495        3
  1891.13097000     1.00005447        3
  1891.15140175     1.00102356        3
  1891.17183330     1.00057721        3
  1891.19226505     0.99970841        3
  1891.21269671     1.00002738        3
  1891.23312826     0.99958077        3
  1891.25356001     0.99929296        3
  1891.29442321     0.99987795        3
  1891.31485497     1.00002815        3
  1891.33528662     0.99947338        3
  1891.35571837     0.99944329        3
  1891.37614993     1.00004778        3
  1891.39658158     0.99998896        3
  1891.41701333     0.99913117        3
  1891.43744489     0.99943365        3
  1891.45787654     1.00006877        3
  1891.47830829     0.99906422        3
  1891.49873995     0.99843397        3
  1891.53960326     0.99929501        3
  1891.56003481     0.99986036        3
  1891.58046657     0.99960397        3
  1891.60089822     0.99992432        3
  1891.62132978     1.00611890        3
  1891.64176153     0.99961537        3
  1891.66219319     0.99831424        3
  1891.68262474     0.99984845        3
  1891.70305650     1.00042684        3
  1891.72348816     1.00020754        3
  1891.74391991     1.00044494        3
  1891.78478312     1.00033742        3
  1891.80521488     0.99954064        3
  1891.82564644     0.99831844        3
  1891.84607810     0.99918108        3
  1891.86650985     1.00049022        3
  1891.88694141     1.00042941        3
  1891.90737307     0.99974544        3
  1891.92780483     0.99975491        3
  1891.94823638     1.00059840        3
  1891.96866814     0.99948553        3
  1891.98909980     0.99968151        3
  1892.02996312     1.00011794        3
  1892.05039477     1.00026516        3
  1892.07082643     1.00075367        3
  1892.09125809     1.00004959        3
  1892.11168975     1.00079998        3
  1892.13212151     1.00066744        3
  1892.15255317     1.00010987        3
  1892.17298473     1.00057145        3
  1892.19341649     1.00071211        3
  1892.21384805     1.00039001        3
  1892.23427971     1.00016507        3
  1892.27514303     0.99949845        3
  1892.29557479     1.00050310        3
  1892.31600645     1.00028626        3
  1892.33643802     1.00085905        3
  1892.35686978     1.00104310        3
  1892.37730144     1.00032457        3
  1892.39773300     0.99993732        3
  1892.41816476     1.00078799        3
  1892.43859642     1.00072109        3
  1892.45902799     1.00059668        3
  1892.52032317     0.99937490        3
  1892.54075474     1.00030221        3
  1892.56118640     1.00049075        3
  1892.58161816     1.00013695        3
  1892.60204973     0.99999143        3
  1892.62248139     0.99897588        3
  1892.64291315     0.99969949        3
  1892.66334482     0.99978979        3
  1892.68377648     0.99988351        3
  1892.84722980     1.00002617        3
  1892.86766157     0.99974666        3
  1892.88809313     0.99973462        3
  1892.90852490     0.99966405        3
  1892.92895647     0.99927541        3
  1892.94938813     1.00061983        3
  1892.96981990     1.00027704        3
  1893.01068313     0.99476664        3
  1893.03111490     1.00053308        3
  1893.05154647     0.99979932        3
  1893.07197823     1.00016069        3
  1893.09240990     0.99889552        3
  1893.11284147     0.99926746        3
  1893.13327324     0.99941528        3
  1893.15370491     1.00000455        3
  1893.17413647     0.99824214        3
  1893.19456824     0.99756522        3
  1893.21499991     0.99911527        3
  1893.33758993     1.00014283        3
  1893.35802170     0.99978288        3
  1893.37845337     0.99981957        3
  1893.39888494     0.99972881        3
  1893.41931671     0.99859426        3
  1893.43974838     0.99915686        3
  1893.46018015     0.99896916        3
  1893.50104340     0.99935669        3
  1893.52147517     1.00090967        3
  1893.54190674     0.99992370        3
  1893.56233831     0.99932003        3
  1893.58277008     1.00028582        3
  1893.60320176     0.99958760        3
  1893.62363353     0.99876390        3
  1893.64406510     0.99954703        3
  1893.66449677     0.99966690        3
  1893.68492855     0.99915029        3
  1893.70536012     1.00039995        3
  1893.74622357     1.00059778        3
  1893.76665514     1.00008001        3
  1893.78708682     0.99997975        3
  1893.80751859     1.00041052        3
  1893.82795016     0.99977412        3
  1893.84838194     1.00063799        3
  1893.86881361     1.00038211        3
  1893.88924529     1.00044163        3
  1893.90967696     1.00021413        3
  1893.93010864     0.99975275        3
  1893.95054031     1.00032121        3
  1894.03226712     0.99956480        3
  1894.05269870     0.99978881        3
  1894.07313047     1.00034989        3
  1894.09356215     1.00040246        3
  1894.11399373     0.99967034        3
  1894.13442550     1.00007764        3
  1894.15485718     1.00084170        3
  1894.17528886     1.00021967        3
  1894.19572054     1.00026889        3
  1894.23658389     1.00009108        3
  1894.25701557     1.00063809        3
  1894.27744715     0.99969427        3
  1894.29787893     0.99899252        3
  1894.31831061     1.00038010        3
  1894.33874219     0.99984720        3
  1894.35917397     0.99882459        3
  1894.37960565     1.00021130        3
  1894.40003743     1.00095198        3
  1894.42046901     1.00052930        3
  1894.44090069     1.00047951        3
  1894.48176405     1.00049348        3
  1894.50219573     1.00024070        3
  1894.52262751     1.00061733        3
  1894.54305919     1.00029045        3
  1894.56349087     0.99970666        3
  1894.58392255     1.00012084        3
  1894.60435424     0.99965403        3
  1894.62478592     1.00070533        3
  1894.72694433     1.00032967        3
  1894.74737611     1.00070704        3
  1894.76780770     0.99939242        3
  1894.78823948     1.00087895        3
  1894.80867116     1.00047227        3
  1894.82910275     1.00110489        3
  1894.84953453     1.00044315        3
  1894.86996612     1.00005312        3
  1894.97212464     0.99539265        3
  1894.99255623     0.99988483        3
  1895.01298801     1.00027858        3
  1895.03341970     1.00143616        3
  1895.05385139     0.99934432        3
  1895.07428307     0.99979391        3
  1895.09471476     1.00034025        3
  1895.11514655     1.00053616        3
  1895.13557813     0.99896537        3
  1895.15600982     0.99871192        3
  1895.17644161     0.99892764        3
  1895.21730488     0.99730965        3
  1895.23773667     0.99931543        3
  1895.25816836     0.99855492        3
  1895.27859995     0.99975335        3
  1895.29903174     0.99939878        3
  1895.31946342     0.99922852        3
  1895.33989521     0.99922668        3
  1895.36032680     0.99941379        3
  1895.38075849     1.00001303        3
  1895.40119028     1.00049853        3
  1895.42162187     1.00042154        3
  1895.46248535     0.99858225        3
  1895.48291694     0.99948543        3
  1895.50334873     0.99986332        3
  1895.52378033     0.99931274        3
  1895.54421202     0.99871898        3
  1895.56464381     0.99895241        3
  1895.58507540     0.99999163        3
  1895.60550709     0.99948134        3
  1895.62593888     0.99981961        3
  1895.64637048     0.99981925        3
  1895.66680227     1.00003683        3
  1895.70766565     1.00075683        3
  1895.72809735     1.00052545        3
  1895.74852904     1.00036072        3
  1895.76896073     1.00097066        3
  1895.78939243     1.00060009        3
  1895.80982412     0.99995941        3
  1895.83025581     1.00025185        3
  1895.85068761     0.99984958        3
  1895.87111920     1.00044158        3
  1895.89155100     1.00022300        3
  1895.91198269     1.00039085        3
  1895.97327778     0.99995764        3
  1895.99370937     1.00055392        3
  1896.01414117     1.00007383        3
  1896.03457287     0.99934615        3
  1896.05500466     0.99995185        3
  1896.07543626     0.99875655        3
  1896.09586796     1.00016454        3
  1896.11629965     0.99968963        3
  1896.13673135     0.99990805        3
  1896.15716305     1.00391624        3
  1896.19802644     1.00050380        3
  1896.21845824     1.00020841        3
  1896.23888984     0.99997349        3
  1896.25932154     1.00076989        3
  1896.27975334     1.00054539        3
  1896.30018494     0.99908928        3
  1896.32061664     0.99972786        3
  1896.34104843     1.00018232        3
  1896.36148003     0.99998301        3
  1896.38191173     0.99943154        3
  1896.50450204     1.00016407        3
  1896.52493374     1.00051811        3
  1896.54536544     0.99945073        3
  1896.56579724     1.00045394        3
  1896.58622884     1.00023484        3
  1896.60666065     0.99969011        3
  1896.62709235     0.99984076        3
  1896.64752395     1.00071281        3
  1896.68838746     0.99946359        3
  1896.70881906     1.00024645        3
  1896.72925086     0.99978817        3
  1896.74968257     0.99977406        3
  1896.77011427     0.99977999        3
  1896.79054598     1.00127116        3
  1896.81097768     1.00020849        3
  1896.83140939     1.00027419        3
  1896.85184109     0.99988214        3
  1896.87227280     0.99964541        3
  1896.89270450     0.99954358        3
  1896.93356791     1.00062862        3
  1896.95399962     0.99954929        3
  1896.97443132     1.00122923        3
  1896.99486313     0.99987775        3
  1897.01529474     0.99887069        3
  1897.03572644     0.99661883        3
  1897.05615825     0.99797966        3
  1897.07658996     1.00136925        3
  1897.09702157     0.99972033        3
  1897.11745337     1.00040145        3
  1897.13788508     1.00021085        3
  1897.17874850     1.00052089        3
  1897.19918021     0.99979767        3
  1897.21961202     0.99960446        3
  1897.24004363     1.00025393        3
  1897.26047533     0.99991713        3
  1897.28090714     0.99843951        3
  1897.30133875     0.99998792        3
  1897.32177056     1.00036732        3
  1897.34220227     1.00012106        3
  1897.36263388     0.99898224        3
  1897.38306570     0.99931570        3
  1897.42392902     1.00012521        3
  1897.44436083     1.00063212        3
  1897.46479254     1.00000000        3
  1897.48522435     1.00129137        3
  1897.50565596     0.99909068        3
  1897.52608758     0.99879947        3
  1897.54651939     1.00072927        3
  1897.56695110     1.00009102        3
  1897.58738281     1.00010385        3
  1897.60781453     0.99924177        3
  1897.62824624     0.99943497        3
  1897.77126834     1.00049692        3
  1897.79170006     1.00100788        3
  1897.81213167     1.00075471        3
  1897.83256349     1.00041147        3
  1897.85299520     0.99996850        3
  1897.87342702     0.99939165        3
  1897.93472217     0.99909681        3
  1897.95515379     0.99905461        3
  1897.97558550     1.00050100        3
  1897.99601732     1.00044922        3
  1898.01644894     1.00033111        4
  1898.03688076     0.99961112        4
  1898.05731248     0.99934624        4
  1898.07774410     1.00008466        4
  1898.09817591     0.99992123        4
  1898.11860763     0.99987948        4
  1898.15947107     0.99904942        4
  1898.17990269     0.99999558        4
  1898.20033451     1.00166261        4
  1898.22076623     0.99901349        4
  1898.24119785     1.00036004        4
  1898.26162967     0.99965986        4
  1898.28206139     0.99979316        4
  1898.30249311     0.99988107        4
  1898.32292484     1.00008817        4
  1898.34335656     0.99954061        4
  1898.36378828     1.00043795        4
  1898.40465172     1.00021310        4
  1898.42508355     1.00017997        4
  1898.44551527     1.00041041        4
  1898.46594689     1.00030787        4
  1898.48637871     0.99987649        4
  1898.50681044     1.00150644        4
  1898.52724206     1.00043901        4
  1898.54767389     1.00051415        4
  1898.56810561     0.99960883        4
  1898.58853743     1.00061216        4
  1898.60896906     1.00040491        4
  1898.64983261     1.00113282        4
  1898.67026423     0.99978724        4
  1898.69069596     0.99996930        4
  1898.71112779     0.99948855        4
  1898.73155941     0.99994323        4
  1898.75199124     0.99990702        4
  1898.77242296     1.00015703        4
  1898.79285459     1.00014989        4
  1898.81328642     1.00009143        4
  1898.83371805     0.99936931        4
  1898.85414977     0.99956160        4
  1898.89501323     0.99853437        4
  1898.91544496     0.99899039        4
  1898.93587679     0.99719773        4
  1898.95630851     0.99956406        4
  1898.97674024     1.00001669        4
  1898.99717197     0.99940184        4
  1899.01760370     0.99984520        4
  1899.03803543     1.00007444        4
  1899.05846716     0.99944921        4
  1899.07889889     0.99965456        4
  1899.09933072     1.00011209        4
  1899.14019418     0.99910344        4
  1899.16062592     0.99963066        4
  1899.18105755     1.00093057        4
  1899.20148938     1.00089201        4
  1899.22192111     1.00047590        4
  1899.24235274     0.99913455        4
  1899.26278457     0.99935480        4
  1899.28321631     0.99957952        4
  1899.30364814     1.00080258        4
  1899.32407977     1.00071473        4
  1899.34451151     0.99932360        4
  1899.38537497     0.99943673        4
  1899.40580671     0.99931455        4
  1899.42623854     1.00018320        4
  1899.44667018     1.00012840        4
  1899.46710201     1.00067869        4
  1899.48753365     1.00046233        4
  1899.50796538     1.00010986        4
  1899.52839722     0.99897314        4
  1899.54882885     0.99915177        4
  1899.56926059     0.99954982        4
  1899.58969243     1.00045334        4
  1899.63055580     1.00072775        4
  1899.65098764     1.00033479        4
  1899.67141937     1.00007239        4
  1899.69185111     0.99909333        4
  1899.71228285     0.99917381        4
  1899.73271459     1.00009596        4
  1899.75314643     1.00030483        4
  1899.77357806     0.99935048        4
  1899.79400980     1.00138149        4
  1899.81444164     1.00011715        4
  1899.83487328     0.99881533        4
  1899.89616850     0.99971533        4
  1899.91660034     1.00016592        4
  1899.93703208     0.99984083        4
  1899.95746372     1.00018529        4
  1899.97789556     1.00064665        4
  1899.99832731     0.99962361        4
  1900.01875915     1.00083237        4
  1900.03919079     1.00146002        4
  1900.05962253     1.00137685        4
  1900.08005427     0.99953629        4
  1900.12091776     1.00114435        4
  1900.14134950     1.00075614        4
  1900.16178125     1.00072976        4
  1900.18221309     1.00017999        4
  1900.20264473     1.00171460        4
  1900.22307648     0.99993454        4
  1900.24350832     1.00000988        4
  1900.26393997     1.00081915        4
  1900.28437171     1.00051512        4
  1900.30480356     0.99948068        4
  1900.32523530     1.00040122        4
  1900.36609879     1.00020198        4
  1900.38653054     0.99952117        4
  1900.40696239     1.00069242        4
  1900.42739403     0.99935813        4
  1900.44782578     1.00009364        4
  1900.46825763     1.00013405        4
  1900.48868927     0.99951548        4
  1900.50912102     0.99960477        4
  1900.52955287     0.99958550        4
  1900.54998452     0.99887967        4
  1900.57041637     0.99969563        4
  1900.61127977     1.00010089        4
  1900.63171161     0.99950448        4
  1900.65214336     0.99974368        4
  1900.67257501     1.00058433        4
  1900.69300686     1.00087138        4
  1900.71343861     0.99893857        4
  1900.85646087     0.99973213        4
  1900.87689263     0.99996236        4
  1900.89732448     0.99754868        4
  1900.91775623     0.99902266        4
  1900.93818789     0.99831239        4
  1900.95861974     0.99987197        4
  1900.97905149     0.99935411        4
  1900.99948315     1.00020492        4
  1901.01991500     1.00005646        4
  1901.04034675     0.99984838        4
  1901.06077841     0.99931152        4
  1901.10164202     0.99979695        4
  1901.12207388     0.99997671        4
  1901.14250553     1.00014023        4
  1901.16293729     1.00021662        4
  1901.18336914     0.99981675        4
  1901.20380080     1.00080974        4
  1901.22423256     1.00002665        4
  1901.24466441     0.99948669        4
  1901.26509607     0.99992190        4
  1901.28552793     0.99952963        4
  1901.30595969     1.00061302        4
  1901.38768672     0.99935142        4
  1901.40811848     1.00063611        4
  1901.42855024     0.99910015        4
  1901.44898200     0.99993812        4
  1901.46941376     0.99963624        4
  1901.48984552     1.00647370        4
  1901.51027728     1.00109088        4
  1901.53070904     1.00025372        4
  1901.55114080     0.99924277        4
  1901.59200433     0.99902252        4
  1901.61243619     0.99960461        4
  1901.63286795     0.99986521        4
  1901.65329961     1.00007221        4
  1901.67373148     1.00013361        4
  1901.69416324     1.00067057        4
  1901.71459490     1.00031150        4
  1901.73502677     1.00037639        4
  1901.75545853     1.00015218        4
  1901.77589019     1.00026225        4
  1901.79632206     0.99993581        4
  1901.83718569     0.99966760        4
  1901.85761735     0.99885579        4
  1901.87804912     0.99950722        4
  1901.89848098     0.99978446        4
  1901.91891265     0.99978227        4
  1901.93934442     0.99986936        4
  1901.95977628     0.99951063        4
  1901.98020795     1.00045029        4
  1902.00063982     1.00027902        4
  1902.02107158     1.00038257        4
  1902.08236689     0.99958299        4
  1902.10279856     1.00038567        4
  1902.12323043     0.99990424        4
  1902.14366219     1.00107293        4
  1902.16409396     1.00039252        4
  1902.18452573     1.00041096        4
  1902.20495750     1.00107314        4
  1902.22538927     1.00049711        4
  1902.24582104     0.99908212        4
  1902.26625281     1.00159926        4
  1902.28668468     0.99895749        4
  1902.32754813     1.00015236        4
  1902.34798000     1.00000000        4
  1902.36841167     0.99994012        4
  1902.38884354     1.00009162        4
  1902.40927532     0.99962953        4
  1902.42970699     1.00001284        4
  1902.45013886     0.99892941        4
  1902.57272951     1.00014963        4
  1902.59316128     1.00008649        4
  1902.61359316     1.00019993        4
  1902.63402483     1.00061484        4
  1902.65445661     1.00019167        4
  1902.67488848     1.00073313        4
  1902.69532016     1.00029187        4
  1902.71575204     1.00136459        4
  1902.73618381     0.99970528        4
  1902.75661549     1.00009429        4
  1902.77704737     0.99947947        4
  1902.81791093     0.99312560        4
  1902.83834270     0.99967806        4
  1902.85877448     1.00067855        4
  1902.87920616     0.99978791        4
  1902.89963804     1.00068767        4
  1902.92006982     1.00025414        4
  1902.94050170     0.99896056        4
  1902.96093338     0.99957668        4
  1902.98136516     0.99951641        4
  1903.00179704     0.99948522        4
  1903.02222872     0.99758039        4
  1903.20611476     0.99973299        4
  1903.22654665     1.00096597        4
  1903.24697843     0.99927734        4
  1903.26741032     1.00155808        4
  1903.30827379     0.99945202        4
  1903.32870567     1.00046416        4
  1903.34913736     1.00061160        4
  1903.36956914     1.00043095        4
  1903.39000103     0.99829871        4
  1903.41043281     0.99961662        4
  1903.43086460     0.99856077        4
  1903.45129629     0.99933537        4
  1903.47172807     0.99996636        4
  1903.49215996     1.00048489        4
  1903.51259175     0.99911774        4
  1903.55345533     1.00012387        4
  1903.57388712     0.99917926        4
  1903.59431880     1.00008088        4
  1903.61475069     0.99993377        4
  1903.63518248     0.99964983        4
  1903.65561437     0.99994996        4
  1903.67604606     0.99987486        4
  1903.69647785     1.00057468        4
  1903.71690974     1.00024148        4
  1903.73734143     1.00014531        4
  1903.75777323     1.00007578        4
  1903.83950049     1.00010370        4
  1903.85993219     1.00270119        4
  1903.88036408     1.00067913        4
  1903.90079587     0.99992193        4
  1903.92122757     0.99927963        4
  1903.94165946     1.00106482        4
  1903.96209125     0.99978884        4
  1903.98252315     0.99935930        4
  1904.00295484     1.00070556        4
  1904.04381843     0.99863031        4
  1904.06425033     1.00106846        4
  1904.08468202     1.00007973        4
  1904.10511382     0.99937967        4
  1904.12554562     0.99981478        4
  1904.14597741     1.00001516        4
  1904.16640931     1.00073728        4
  1904.18684101     0.99950905        4
  1904.20727291     1.00116254        4
  1904.22770470     0.99983061        4
  1904.24813640     1.00032752        4
  1904.28900010     0.99973469        4
  1904.30943180     1.00021243        4
  1904.32986370     0.99943055        4
  1904.35029550     1.00016048        4
  1904.37072740     0.99991617        4
  1904.39115910     0.99978927        4
  1904.41159090     0.99938945        4
  1904.43202280     0.99821192        4
  1904.45245450     0.99873298        4
  1904.47288630     0.99984074        4
  1904.49331820     1.00008963        4
  1904.61590902     1.00095748        4
  1904.63634082     0.99965452        4
  1904.65677263     1.00002760        4
  1904.67720443     0.99931237        4
  1904.69763624     1.00052791        4
  1904.71806804     0.99991949        4
  1904.73849985     1.00036837        4
  1904.77936346     1.00006914        4
  1904.79979527     1.00001637        4
  1904.82022717     1.00031942        4
  1904.84065888     1.00033311        4
  1904.86109069     1.00255173        4
  1904.88152259     1.00063290        4
  1905.04497706     1.00030362        4
  1905.06540887     1.00151741        4
  1905.08584078     1.00110272        4
  1905.10627250     0.99899215        4
  1905.12670431     0.99969421        4
  1905.14713622     0.99912916        4
  1905.16756793     1.00001502        4
  1905.18799974     0.99885229        4
