  1835.65857660     1.00035591        0
  1835.67900859     1.00022065        0
  1835.69944058     1.00016518        0
  1835.71987257     1.00010348        0
  1835.74030456     1.00014806        0
  1835.76073665     0.99990339        0
  1835.80160053     1.00237322        0
  1835.82203261     0.99991845        0
  1835.84246450     0.99986546        0
  1835.86289649     0.99988093        0
  1835.88332858     0.99984176        0
  1835.90376046     0.99986129        0
  1835.92419245     0.99978873        0
  1835.94462454     0.99977924        0
  1835.96505642     0.99990793        0
  1835.98548841     0.99978155        0
  1836.00592049     0.99980348        0
  1836.02635237     0.99983095        0
  1836.04678436     0.99982139        0
  1836.06721644     0.99978616        0
  1836.08764832     0.99986991        0
  1836.10808031     0.99985998        0
  1836.12851239     0.99986961        0
  1836.14894437     0.99994144        0
  1836.16937625     0.99991230        0
  1836.18980833     0.99998551        0
  1836.21024031     1.00002608        0
  1836.23067239     0.99997435        0
  1836.25110427     1.00006044        0
  1836.27153625     1.00014338        0
  1836.31240021     0.99983233        0
  1836.33283218     1.00000973        0
  1836.35326426     1.00001769        0
  1836.37369614     1.00014260        0
  1836.39412812     1.00016170        0
  1836.41456009     1.00020311        0
  1836.43499207     1.00034229        0
  1836.45542404     1.00034098        0
  1836.47585602     1.00035157        0
  1836.49628799     1.00035848        0
  1836.51671996     1.00030410        0
  1836.53715194     1.00033192        0
  1836.55758391     1.00023706        0
  1836.57801588     1.00031717        0
  1836.59844796     1.00018960        0
  1836.61887983     1.00021584        0
  1836.63931180     1.00022720        0
  1836.65974387     1.00017017        0
  1836.68017574     1.00012932        0
  1836.70060771     1.00006237        0
  1836.72103978     1.00011571        0
  1836.74147165     1.00060810        0
  1836.76190362     1.00010346        0
  1836.78233569     1.00013541        0
  1836.80276755     1.00017101        0
  1836.82319962     1.00017204        0
  1836.84363159     1.00010426        0
  1836.86406346     1.00008347        0
  1836.88449552     1.00021501        0
  1836.90492749     1.00028212        0
  1836.92535935     1.00019813        0
  1836.94579142     1.00031179        0
  1836.96622338     1.00026326        0
  1836.98665535     1.00023542        0
  1837.00708731     1.00034110        0
  1837.12967908     1.00002867        0
  1837.15011104     0.99995526        0
  1837.17054300     0.99991194        0
  1837.19097496     0.99979660        0
  1837.21140692     0.99968940        0
  1837.23183888     0.99978715        0
  1837.25227084     0.99973353        0
  1837.27270280     0.99965072        0
  1837.29313466     0.99980346        0
  1837.31356672     0.99966146        0
  1837.33399867     0.99961554        0
  1837.35443063     0.99976476        0
  1837.37486259     0.99977287        0
  1837.39529454     0.99974445        0
  1837.41572650     0.99972770        0
  1837.43615855     0.99981872        0
  1837.45659041     0.99984086        0
  1837.47702246     0.99964143        0
  1837.49745441     0.99964977        0
  1837.51788627     0.99974843        0
  1837.53831832     0.99970283        0
  1837.55875027     0.99972019        0
  1837.57918212     0.99962856        0
  1837.59961418     0.99961664        0
  1837.62004613     0.99967628        0
  1837.64047798     0.99973699        0
  1837.66091003     0.99964036        0
  1837.68134198     0.99962997        0
  1837.70177383     0.99972543        0
  1837.72220588     0.99978167        0
  1837.74263783     0.99980978        0
  1837.76306967     0.99984532        0
  1837.78350172     0.99986850        0
  1837.80393367     0.99990637        0
  1837.82436562     0.99990299        0
  1837.84479756     0.99997908        0
  1837.86522951     0.99995429        0
  1837.88566136     1.00008773        0
  1837.90609340     1.00000889        0
  1837.92652535     1.00004604        0
  1837.94695729     1.00006409        0
  1837.96738924     1.00000000        0
  1837.98782118     0.99990098        0
  1838.00825302     0.99994194        0
  1838.02868507     0.99998944        0
  1838.04911701     0.99990848        0
  1838.06954905     0.99999531        0
  1838.08998089     0.99998897        0
  1838.11041283     1.00007006        0
  1838.13084488     1.00015478        0
  1838.15127672     1.00014369        0
  1838.17170866     1.00011712        0
  1838.19214070     1.00009319        0
  1838.21257254     1.00007054        0
  1838.23300447     1.00010379        0
  1838.29430029     0.99990753        0
  1838.31473233     0.99987710        0
  1838.33516426     0.99982396        0
  1838.35559610     0.99998057        0
  1838.37602814     0.99991694        0
  1838.39646007     1.00002765        0
  1838.41689191     1.00004241        0
  1838.43732394     1.00005041        0
  1838.45775588     1.00014661        0
  1838.47818771     1.00023071        0
  1838.49861974     1.00022274        0
  1838.51905168     1.00032961        0
  1838.53948351     1.00035478        0
  1838.55991554     1.00033278        0
  1838.58034748     1.00047643        0
  1838.60077931     1.00074520        0
  1838.62121134     1.00051588        0
  1838.64164327     1.00057494        0
  1838.66207510     1.00056584        0
  1838.68250713     1.00051981        0
  1838.70293906     1.00043315        0
  1838.72337099     1.00040311        0
  1838.74380292     1.00045748        0
  1838.76423485     1.00041268        0
  1838.78466677     1.00049419        0
  1838.80509870     1.00046800        0
  1838.82553063     1.00043655        0
  1838.84596266     1.00052450        0
  1838.86639448     1.00049747        0
  1838.88682641     1.00054047        0
  1838.90725843     1.00062053        0
  1838.92769026     1.00071976        0
  1838.94812218     1.00066330        0
  1838.96855421     1.00080739        0
  1839.07071373     1.00033852        0
  1839.09114575     1.00036982        0
  1839.11157767     1.00007071        0
  1839.13200949     1.00011879        0
  1839.15244151     1.00012623        0
  1839.17287343     0.99995353        0
  1839.19330525     0.99984836        0
  1839.21373727     0.99994631        0
  1839.23416919     0.99986978        0
  1839.25460101     0.99984320        0
  1839.27503303     0.99984843        0
  1839.29546495     1.00001125        0
  1839.31589696     1.00001772        0
  1839.33632878     0.99993718        0
  1839.35676070     0.99989253        0
  1839.37719262     0.99976759        0
  1839.39762453     0.99981958        0
  1839.41805635     0.99978236        0
  1839.43848836     0.99973983        0
  1839.45892028     0.99964277        0
  1839.47935209     0.99961622        0
  1839.49978411     0.99961101        0
  1839.52021602     0.99962626        0
  1839.54064793     0.99954780        0
  1839.56107985     0.99955111        0
  1839.58151176     0.99965728        0
  1839.60194367     0.99970506        0
  1839.62237558     0.99968629        0
  1839.64280750     0.99963030        0
  1839.66323941     0.99943094        0
  1839.72453514     1.00102867        0
  1839.74496715     0.99919986        0
  1839.76539896     0.99917856        0
  1839.78583087     0.99904895        0
  1839.80626287     0.99905972        0
  1839.82669468     0.99912001        0
  1839.84712659     0.99909838        0
  1839.86755860     0.99905953        0
  1839.88799040     0.99920122        0
  1839.90842231     0.99922099        0
  1839.92885432     0.99924060        0
  1839.94928622     0.99936189        0
  1839.96971813     0.99946932        0
  1839.99015003     0.99950361        0
  1840.01058194     0.99954425        0
  1840.31706036     1.00038287        0
  1840.33749236     1.00041223        0
  1840.35792425     1.00042217        0
  1840.37835615     1.00056828        0
  1840.39878805     1.00067963        0
  1840.41921995     1.00081998        0
  1840.43965184     1.00084422        0
  1840.46008374     1.00069385        0
  1840.48051563     1.00061613        0
  1840.50094753     1.00066929        0
  1840.52137952     1.00069093        0
  1840.54181132     1.00052931        0
  1840.56224331     1.00060881        0
  1840.58267521     1.00058380        0
  1840.60310700     1.00051509        0
  1840.62353899     1.00053688        0
  1840.64397089     1.00048450        0
  1840.66440268     1.00042334        0
  1840.68483467     1.00049188        0
  1840.70526656     1.00366007        0
  1840.72569835     1.00036943        0
  1840.74613034     1.00010465        0
  1840.76656223     1.00012331        0
  1840.78699412     1.00008237        0
  1840.80742601     0.99986237        0
  1840.82785780     0.99967623        0
  1840.84828979     0.99974442        0
  1840.86872168     0.99972800        0
  1840.88915357     0.99969396        0
  1840.90958536     0.99946546        0
  1840.93001734     0.99931097        0
  1840.95044923     0.99918674        0
  1840.97088102     0.99900043        0
  1840.99131300     0.99880034        0
  1872.00661385     1.00017527        1
  1872.02704544     1.00015824        1
  1872.04747703     1.00019961        1
  1872.06790862     1.00017623        1
  1872.08834021     1.00015868        1
  1872.10877180     1.00013218        1
  1872.12920349     1.00021506        1
  1872.17006657     1.00016726        1
  1872.19049826     1.00014556        1
  1872.21092985     1.00015313        1
  1872.23136134     1.00013493        1
  1872.25179303     1.00015876        1
  1872.27222462     1.00021860        1
  1872.29265611     1.00017150        1
  1872.31308780     1.00018663        1
  1872.33351939     1.00013405        1
  1872.35395088     1.00004906        1
  1872.37438257     1.00011862        1
  1872.41524585     1.00007425        1
  1872.43567734     1.00002397        1
  1872.45610893     1.00000740        1
  1872.47654062     0.99996015        1
  1872.49697211     0.99991939        1
  1872.51740370     1.00002188        1
  1872.53783539     0.99979996        1
  1872.55826688     0.99984857        1
  1872.57869847     0.99991200        1
  1872.59913016     0.99981685        1
  1872.61956165     0.99972008        1
  1872.66042493     0.99963728        1
  1872.68085642     0.99949745        1
  1872.70128811     0.99935854        1
  1872.72171970     0.99926698        1
  1872.74215119     0.99926700        1
  1872.76258288     0.99933640        1
  1872.78301447     0.99925440        1
  1872.80344596     0.99927406        1
  1872.82387765     0.99939233        1
  1872.84430924     0.99941531        1
  1872.86474073     0.99950108        1
  1872.90560401     0.99954403        1
  1872.92603550     0.99947633        1
  1872.94646719     0.99950250        1
  1872.96689878     0.99945078        1
  1872.98733047     0.99950471        1
  1873.00776196     0.99939334        1
  1873.02819355     0.99955442        1
  1873.04862524     0.99983382        1
  1873.06905673     0.99976319        1
  1873.15078309     0.99982183        1
  1873.17121478     0.99996457        1
  1873.19164637     0.99999118        1
  1873.21207796     1.00001659        1
  1873.23250954     1.00013849        1
  1873.25294113     0.99990027        1
  1873.27337272     0.99978009        1
  1873.29380431     0.99974722        1
  1873.31423590     0.99977924        1
  1873.33466749     0.99996864        1
  1873.35509908     1.00009376        1
  1873.39596226     1.00023304        1
  1873.41639385     1.00020882        1
  1873.43682534     1.00020414        1
  1873.45725703     0.99994089        1
  1873.47768862     0.99984606        1
  1873.49812031     0.99973595        1
  1873.51855180     0.99987629        1
  1873.53898339     0.99995406        1
  1873.55941508     0.99991324        1
  1873.57984657     0.99998024        1
  1873.60027816     1.00005843        1
  1873.72286770     1.00013363        1
  1873.74329939     1.00002695        1
  1873.76373098     1.00031355        1
  1873.78416257     1.00033102        1
  1873.80459416     1.00019931        1
  1873.82502575     1.00031844        1
  1873.84545744     1.00036248        1
  1873.88632052     1.00037357        1
  1873.90675221     1.00028445        1
  1873.92718370     1.00031978        1
  1873.94761529     1.00026082        1
  1873.96804698     1.00033473        1
  1873.98847847     1.00011768        1
  1874.00891016     1.00015964        1
  1874.02934165     0.99999375        1
  1874.04977324     1.00016405        1
  1874.07020493     1.00028093        1
  1874.09063642     1.00033366        1
  1874.23365755     1.00014056        1
  1874.25408924     1.00023238        1
  1874.27452083     1.00025368        1
  1874.29495242     1.00036705        1
  1874.31538401     1.00023958        1
  1874.33581560     1.00019942        1
  1874.37667878     1.00015100        1
  1874.39711037     0.99999370        1
  1874.41754207     0.99985432        1
  1874.43797356     0.99985132        1
  1874.45840515     0.99991994        1
  1874.47883684     1.00000361        1
  1874.49926833     1.00006812        1
  1874.51970002     1.00012711        1
  1874.54013161     1.00001798        1
  1874.56056310     0.99994358        1
  1874.58099479     0.99986954        1
  1874.62185787     0.99960925        1
  1874.64228956     0.99973389        1
  1874.66272115     0.99992601        1
  1874.68315274     1.00004313        1
  1874.70358433     1.00005235        1
  1874.72401592     1.00001357        1
  1874.74444741     0.99992879        1
  1874.76487910     0.99988268        1
  1874.78531069     1.00009151        1
  1874.86703716     1.00021912        1
  1874.88746865     0.99997418        1
  1874.90790024     0.99997022        1
  1874.92833193     1.00026391        1
  1874.94876342     1.00045785        1
  1874.96919501     1.00041946        1
  1874.98962670     1.00026972        1
  1875.01005819     1.00014175        1
  1875.03048988     1.00030619        1
  1875.11221625     1.00024803        1
  1875.13264774     1.00029401        1
  1875.15307943     1.00055160        1
  1875.17351102     1.00061366        1
  1875.19394261     1.00050440        1
  1875.21437420     1.00028258        1
  1875.23480579     1.00035178        1
  1875.35739534     1.00045354        1
  1875.37782703     1.00068669        1
  1875.39825852     1.00000000        1
  1875.41869012     0.99998996        1
  1875.43912181     0.99996400        1
  1875.45955330     1.00010118        1
  1875.47998489     1.00015087        1
  1875.50041658     1.00035974        1
  1875.52084807     1.00013043        1
  1875.54127976     1.00029247        1
  1875.56171136     1.00018990        1
  1875.60257454     0.99999186        1
  1875.62300613     1.00007524        1
  1875.64343762     1.00005650        1
  1875.66386931     1.00006527        1
  1875.68430091     0.99994732        1
  1875.70473250     0.99997319        1
  1875.72516409     0.99960695        1
  1875.74559568     0.99952814        1
  1875.76602737     0.99942160        1
  1875.78645887     0.99950311        1
  1875.80689046     0.99954664        1
  1875.84775374     0.99971585        1
  1875.86818523     0.99982438        1
  1875.88861693     0.99983054        1
  1875.90904852     0.99965787        1
  1875.92948001     0.99974218        1
  1875.94991170     0.99969675        1
  1875.97034329     0.99965923        1
  1875.99077499     0.99978775        1
  1876.01120648     1.00007826        1
  1876.09293285     0.99923929        1
  1876.11336444     0.99941853        1
  1876.13379603     0.99954800        1
  1876.15422753     0.99965412        1
  1876.17465922     0.99952595        1
  1876.19509081     0.99943799        1
  1876.21552240     0.99944773        1
  1876.23595400     0.99937723        1
  1876.25638559     0.99948180        1
  1876.33811206     0.99901904        1
  1876.35854365     0.99908882        1
  1876.37897515     0.99915342        1
  1876.39940684     0.99907944        1
  1876.41983843     0.99904485        1
  1876.44026993     0.99881686        1
  1876.46070162     0.99866562        1
  1876.48113321     0.99861266        1
  1876.50156491     0.99855856        1
  1876.52199640     0.99869247        1
  1876.54242799     0.99886741        1
  1876.58329118     0.99886671        1
  1876.60372277     0.99896244        1
  1876.62415447     0.99880795        1
  1876.64458596     0.99892901        1
  1876.74674403     0.99965787        1
  1876.76717552     1.00025063        1
  1876.78760721     0.99952958        1
  1876.82847030     0.99926275        1
  1876.84890200     0.99929965        1
  1876.86933349     0.99914437        1
  1876.88976508     0.99917947        1
  1876.91019678     0.99927528        1
  1877.01235475     0.99982543        1
  1877.03278634     1.00076410        1
  1877.07364963     0.99950737        1
  1877.09408113     0.99960852        1
  1877.11451272     0.99951473        1
  1877.13494442     0.99928496        1
  1877.15537591     0.99948392        1
  1877.17580750     0.99969720        1
  1877.19623920     0.99992290        1
  1877.21667069     0.99995659        1
  1877.23710239     0.99981084        1
  1877.25753398     0.99974841        1
  1877.27796548     1.00005994        1
  1877.31882877     1.00000363        1
  1877.33926036     1.00013258        1
  1877.35969196     1.00027239        1
  1877.38012355     1.00014065        1
  1877.40055515     1.00008945        1
  1877.42098674     1.00000618        1
  1877.44141834     1.00001625        1
  1877.46184993     1.00000877        1
  1877.48228153     1.00017122        1
  1877.50271313     1.00027343        1
  1877.52314472     1.00044512        1
  1877.56400791     1.00055063        1
  1877.58443961     1.00079531        1
  1877.60487110     1.00071687        1
  1877.62530270     1.00080001        1
  1877.64573439     1.00072747        1
  1877.66616589     1.00056139        1
  1877.68659759     1.00047078        1
  1877.70702918     1.00042605        1
  1877.72746068     1.00068273        1
  1877.74789237     1.00068493        1
  1877.76832397     1.00096167        1
  1877.80918716     1.00099560        1
  1877.82961876     1.00100376        1
  1877.85005026     1.00105060        1
  1877.87048195     1.00070089        1
  1877.89091355     1.00067736        1
  1877.91134514     1.00058470        1
  1877.93177674     1.00058417        1
  1877.95220834     1.00079473        1
  1877.97264003     1.00102584        1
  1877.99307163     1.00104780        1
  1878.01350313     1.00097465        1
  1878.05436642     1.00083084        1
  1878.07479792     1.00060162        1
  1878.09522962     1.00063039        1
  1878.11566121     1.00062227        1
  1878.13609271     1.00080262        1
  1878.15652441     1.00092349        1
  1878.17695590     1.00104749        1
  1878.19738760     1.00099876        1
  1878.21781920     1.00081297        1
  1878.23825070     1.00079930        1
  1878.25868239     1.00087821        1
  1878.29954549     1.00046150        1
  1878.31997719     1.00025874        1
  1878.34040878     1.00017875        1
  1878.36084028     1.00037626        1
  1878.38127198     1.00053422        1
  1878.40170358     1.00050391        1
  1878.42213528     1.00047336        1
  1878.44256677     1.00023158        1
  1878.46299837     1.00019018        1
  1878.48343007     1.00035708        1
  1878.54472487     1.00011148        1
  1878.56515646     0.99988633        1
  1878.58558796     0.99970972        1
  1878.60601966     0.99957369        1
  1878.62645126     0.99946802        1
  1878.64688286     0.99973840        1
  1878.66731446     0.99976448        1
  1878.68774606     0.99971962        1
  1878.70817775     0.99961394        1
  1878.72860925     0.99957723        1
  1878.74904085     0.99960112        1
  1878.78990405     0.99939145        1
  1878.81033565     0.99948501        1
  1878.83076725     0.99934256        1
  1878.85119885     0.99928923        1
  1878.87163055     0.99897581        1
  1878.89206205     0.99904912        1
  1878.91249365     0.99920871        1
  1878.93292535     0.99954877        1
  1878.95335685     0.99948775        1
  1878.97378845     0.99935352        1
  1878.99422015     0.99936002        1
  1879.07594655     0.99915735        1
  1879.09637815     0.99931057        1
  1879.11680975     0.99930753        1
  1879.13724135     0.99926946        1
  1879.15767295     0.99908947        1
  1879.17810455     0.99891285        1
  1879.19853615     0.99911427        1
  1879.21896785     0.99938104        1
  1879.23939935     0.99956309        1
  1879.32112585     0.99927232        1
  1879.34155745     0.99950688        1
  1879.36198895     0.99967066        1
  1879.38242066     0.99960740        1
  1879.40285226     0.99956258        1
  1879.42328376     0.99961547        1
  1879.44371546     0.99964173        1
  1879.46414706     0.99931159        1
  1879.48457856     0.99936776        1
  1879.52544176     0.99922060        1
  1879.54587347     0.99943560        1
  1879.56630507     0.99939354        1
  1879.58673667     0.99984544        1
  1879.60716827     0.99983021        1
  1879.62759987     1.00005548        1
  1879.64803148     1.00016748        1
  1879.66846308     1.00011243        1
  1879.68889468     1.00027333        1
  1879.70932628     1.00035473        1
  1879.72975789     1.00039918        1
  1879.77062119     1.00014680        1
  1879.79105279     0.99998431        1
  1879.81148430     1.00010001        1
  1879.83191600     1.00008867        1
  1879.85234760     1.00025525        1
  1879.87277910     1.00058926        1
  1879.89321081     1.00085191        1
  1879.91364241     1.00095840        1
  1879.93407391     1.00120219        1
  1879.95450562     1.00133152        1
  1879.97493722     1.00133164        1
  1880.05666373     1.00011049        2
  1880.07709524     1.00017654        2
  1880.09752684     1.00012142        2
  1880.11795845     1.00010647        2
  1880.13839005     0.99996929        2
  1880.15882165     1.00005703        2
  1880.17925336     1.00017126        2
  1880.19968486     1.00015961        2
  1880.22011657     1.00016736        2
  1880.26097968     1.00007572        2
  1880.28141138     1.00006350        2
  1880.30184298     1.00006792        2
  1880.32227449     1.00007010        2
  1880.34270619     0.99986910        2
  1880.36313780     0.99967994        2
  1880.38356930     0.99967545        2
  1880.40400101     0.99981980        2
  1880.42443261     0.99985764        2
  1880.44486432     1.00021287        2
  1880.50615914     0.99986702        2
  1880.52659064     1.00001950        2
  1880.54702225     0.99997440        2
  1880.56745395     0.99968366        2
  1880.58788546     0.99962486        2
  1880.60831706     0.99942891        2
  1880.62874877     0.99963724        2
  1880.64918028     0.99963488        2
  1880.71047520     1.00080555        2
  1880.75133841     0.99943161        2
  1880.77177002     0.99945944        2
  1880.79220162     0.99958623        2
  1880.81263323     0.99965420        2
  1880.83306484     0.99963123        2
  1880.85349644     0.99955605        2
  1880.87392805     0.99954017        2
  1880.89435966     0.99925463        2
  1880.91479126     0.99934179        2
  1880.93522287     0.99967373        2
  1881.01694940     0.99924333        2
  1881.03738091     0.99946915        2
  1881.05781252     0.99954254        2
  1881.07824423     0.99949208        2
  1881.09867573     0.99943753        2
  1881.11910744     0.99964031        2
  1881.13953905     0.99966339        2
  1881.15997056     0.99974847        2
  1881.18040227     0.99979886        2
  1881.20083387     0.99979586        2
  1881.24169709     0.99959834        2
  1881.26212870     0.99963634        2
  1881.28256031     0.99991541        2
  1881.30299192     0.99975275        2
  1881.32342353     0.99977418        2
  1881.34385524     0.99984843        2
  1881.36428675     0.99991349        2
  1881.38471836     0.99998825        2
  1881.40515007     1.00016572        2
  1881.42558168     1.00011490        2
  1881.44601318     1.00014809        2
  1881.48687640     1.00000348        2
  1881.50730811     1.00025778        2
  1881.52773972     1.00035188        2
  1881.54817133     1.00021616        2
  1881.56860294     1.00016704        2
  1881.58903456     1.00030772        2
  1881.60946607     1.00025949        2
  1881.62989778     1.00026287        2
  1881.65032939     1.00037227        2
  1881.67076090     1.00047788        2
  1881.69119261     1.00058875        2
  1881.73205593     1.00038196        2
  1881.75248744     1.00046063        2
  1881.77291905     1.00056506        2
  1881.79335076     1.00072088        2
  1881.81378228     1.00064036        2
  1881.83421389     1.00072724        2
  1881.85464560     1.00058424        2
  1881.87507711     1.00048987        2
  1881.89550872     1.00034217        2
  1881.91594043     1.00043016        2
  1881.93637205     1.00049734        2
  1881.97723527     1.00050360        2
  1881.99766688     1.00064253        2
  1882.01809850     1.00067625        2
  1882.03853011     1.00066027        2
  1882.05896172     1.00064308        2
  1882.07939343     1.00055040        2
  1882.09982495     1.00026774        2
  1882.12025656     1.00045231        2
  1882.14068827     1.00044577        2
  1882.18155150     1.00115359        2
  1882.22241463     1.00030831        2
  1882.24284634     1.00043712        2
  1882.26327785     1.00042819        2
  1882.28370947     1.00025889        2
  1882.30414118     1.00010846        2
  1882.32457269     1.00003416        2
  1882.34500441     1.00025344        2
  1882.36543602     1.00038177        2
  1882.38586754     1.00075755        2
  1882.40629925     1.00053929        2
  1882.42673087     0.99996005        2
  1882.46759410     1.00014615        2
  1882.48802571     1.00009485        2
  1882.50845733     0.99994053        2
  1882.52888894     0.99973716        2
  1882.54932056     0.99994166        2
  1882.56975227     1.00044217        2
  1882.61061540     1.00031483        2
  1882.63104712     0.99935284        2
  1882.65147873     0.99889115        2
  1882.67191025     0.99784321        2
  1882.79450015     0.99913667        2
  1882.81493166     0.99932033        2
  1882.83536328     0.99928298        2
  1882.85579500     0.99918184        2
  1882.87622651     0.99912329        2
  1882.89665803     0.99920683        2
  1882.91708975     0.99925122        2
  1883.03967945     0.99872720        2
  1883.06011107     0.99881017        2
  1883.08054279     0.99863091        2
  1883.10097441     0.99864058        2
  1883.12140593     0.99883991        2
  1883.14183764     0.99899937        2
  1883.16226926     0.99888924        2
  1883.20313250     0.99885582        2
  1883.22356412     0.99853972        2
  1883.24399584     0.99877793        2
  1883.26442736     0.99878662        2
  1883.28485898     0.99872352        2
  1883.30529070     0.99880977        2
  1883.32572221     0.99876964        2
  1883.34615383     0.99907291        2
  1883.36658555     0.99883885        2
  1883.38701707     0.99883751        2
  1883.40744879     0.99869427        2
  1883.44831193     0.99871728        2
  1883.46874365     0.99886899        2
  1883.48917527     0.99893663        2
  1883.50960680     0.99913160        2
  1883.53003852     0.99914273        2
  1883.55047004     0.99904481        2
  1883.57090176     0.99914173        2
  1883.59133338     0.99919702        2
  1883.61176490     0.99897810        2
  1883.63219662     0.99933578        2
  1883.65262824     0.99957236        2
  1883.73435473     0.99923812        2
  1883.75478635     0.99953564        2
  1883.77521797     0.99956831        2
  1883.79564970     0.99965251        2
  1883.81608132     0.99966296        2
  1883.83651284     0.99967929        2
  1883.85694456     0.99980539        2
  1883.87737619     1.00004076        2
  1883.89780771     1.00024136        2
  1883.99996592     1.00010425        2
  1884.02039765     1.00031673        2
  1884.04082917     1.00031191        2
  1884.06126080     1.00012471        2
  1884.08169252     1.00028912        2
  1884.10212404     1.00044928        2
  1884.12255567     1.00062207        2
  1884.14298739     1.00077920        2
  1884.22471379     1.00054635        2
  1884.24514552     1.00077503        2
  1884.26557704     1.00074155        2
  1884.28600867     1.00075311        2
  1884.30644039     1.00074140        2
  1884.32687202     1.00090832        2
  1884.34730354     1.00096334        2
  1884.36773527     1.00114839        2
  1884.38816689     1.00120367        2
  1884.44946177     1.00059834        2
  1884.46989350     1.00085131        2
  1884.49032502     1.00091227        2
  1884.51075665     1.00082003        2
  1884.53118838     1.00080296        2
  1884.55161990     1.00092177        2
  1884.57205153     1.00126882        2
  1884.59248326     1.00123488        2
  1884.61291479     1.00120538        2
  1884.63334651     1.00117824        2
  1884.67420967     1.00091986        2
  1884.69464140     1.00088112        2
  1884.71507302     1.00089847        2
  1884.73550465     1.00106594        2
  1884.75593628     1.00122631        2
  1884.77636791     1.00114141        2
  1884.79679954     1.00115241        2
  1884.81723117     1.00109529        2
  1884.83766279     1.00122790        2
  1884.85809442     1.00156094        2
  1884.91938931     1.00049393        2
  1884.93982094     1.00078053        2
  1884.96025257     1.00057629        2
  1884.98068430     1.00043793        2
  1885.00111583     1.00060888        2
  1885.02154756     1.00060455        2
  1885.04197919     1.00073390        2
  1885.06241072     1.00062396        2
  1885.08284245     1.00057620        2
  1885.10327408     1.00033594        2
  1885.12370561     1.00062360        2
  1885.16456897     1.00129027        2
  1885.20543224     1.00004032        2
  1885.22586387     1.00019157        2
  1885.24629560     0.99990175        2
  1885.26672713     0.99972986        2
  1885.28715876     0.99979116        2
  1885.30759049     0.99977403        2
  1885.32802202     0.99981178        2
  1885.34845366     0.99989654        2
  1885.36888539     1.00005395        2
  1885.45061192     0.99968683        2
  1885.47104355     0.99963922        2
  1885.49147519     0.99963853        2
  1885.51190682     0.99955868        2
  1885.53233845     0.99945205        2
  1885.55277009     0.99956718        2
  1885.57320162     0.99964771        2
  1885.59363335     0.99965773        2
  1885.61406499     0.99951448        2
  1885.65492826     0.99930619        2
  1885.67535989     0.99920621        2
  1885.69579162     0.99909400        2
  1885.71622316     0.99915798        2
  1885.73665479     0.99915065        2
  1885.75708653     0.99926185        2
  1885.77751806     0.99938361        2
  1885.79794970     0.99925475        2
  1885.81838144     0.99912531        2
  1885.83881297     0.99899515        2
  1885.85924471     0.99889613        2
  1885.92053961     0.99887021        2
  1885.94097125     0.99899912        2
  1885.96140289     0.99875129        2
  1885.98183452     0.99873306        2
  1886.00226616     0.99870782        2
  1886.02269780     0.99902680        2
  1886.04312943     0.99907336        2
  1886.06356107     0.99910552        2
  1886.08399281     0.99914382        2
  1886.10442445     0.99905766        2
  1886.18615090     0.99882029        2
  1886.20658264     0.99894157        2
  1886.22701417     0.99882625        2
  1886.24744591     0.99894459        2
  1886.26787755     0.99902151        2
  1886.28830909     1.00003219        2
  1886.30874083     0.99931203        2
  1886.32917247     0.99938155        2
  1886.34960401     0.99936447        2
  1886.39046739     0.99912177        2
  1886.41089893     0.99927502        2
  1886.43133066     0.99950146        2
  1886.45176230     0.99970489        2
  1886.47219404     0.99985891        2
  1886.49262559     0.99961251        2
  1886.51305723     0.99989060        2
  1886.53348897     1.00028690        2
  1886.55392051     1.00062976        2
  1886.57435215     0.99987113        2
  1886.59478389     0.99750272        2
  1886.63564717     1.00000447        2
  1886.65607881     1.00018816        2
  1886.67651045     1.00024782        2
  1886.69694210     1.00023363        2
  1886.71737374     1.00019718        2
  1886.73780538     1.00081697        2
  1886.77866867     1.00175061        2
  1886.79910031     0.99888575        2
  1886.81953195     0.99793648        2
  1886.83996359     0.99755101        2
  1886.88082688     1.00027993        2
  1886.90125852     1.00044236        2
  1886.92169027     1.00059582        2
  1886.94212181     1.00055110        2
  1886.96255345     1.00059529        2
  1886.98298520     1.00084377        2
  1887.02384839     1.00202356        2
  1887.04428013     0.99919715        2
  1887.06471168     0.99795607        2
  1887.08514342     0.99813541        2
  1887.16687000     1.00061411        2
  1887.18730165     1.00086039        2
  1887.20773329     1.00081413        2
  1887.22816494     1.00069782        2
  1887.24859668     1.00065178        2
  1887.26902823     1.00059401        2
  1887.28945988     1.00084041        2
  1887.30989162     1.00087263        2
  1887.33032327     1.00089167        2
  1887.37118656     1.00071480        2
  1887.39161821     1.00080214        2
  1887.41204976     1.00050968        2
  1887.43248151     1.00052223        2
  1887.45291315     1.00068047        2
  1887.47334480     1.00057690        2
  1887.49377645     1.00064976        2
  1887.51420810     1.00068504        2
  1887.53463985     1.00073696        2
  1887.55507139     1.00058782        2
  1887.57550304     1.00042876        2
  1887.61636634     1.00000000        2
  1887.63679809     1.00016156        2
  1887.65722964     1.00019415        2
  1887.67766129     1.00005826        2
  1887.69809304     1.00000842        2
  1887.71852459     0.99974314        2
  1887.73895624     0.99953636        2
  1887.75938799     0.99989436        2
  1887.77981954     1.00006528        2
  1887.80025119     1.00051583        2
  1887.82068294     0.99954543        2
  1887.86154624     0.99890373        2
  1887.88197789     0.99896028        2
  1887.90240954     0.99899154        2
  1887.92284119     0.99895188        2
  1887.94327285     0.99878530        2
  1887.96370450     0.99871595        2
  1887.98413625     0.99836058        2
  1891.04888676     1.00000608        3
  1891.06931844     0.99999974        3
  1891.08975022     0.99989111        3
  1891.11018180     1.00007010        3
  1891.13061348     0.99983255        3
  1891.15104526     1.00021746        3
  1891.17147684     1.00003434        3
  1891.19190862     1.00017816        3
  1891.21234030     1.00004073        3
  1891.23277188     1.00026566        3
  1891.29406693     0.99998449        3
  1891.31449871     0.99983169        3
  1891.33493039     1.00002170        3
  1891.35536217     1.00002426        3
  1891.37579376     1.00005253        3
  1891.39622544     0.99991623        3
  1891.41665722     0.99990742        3
  1891.43708881     1.00009213        3
  1891.45752049     0.99996173        3
  1891.47795227     1.00002946        3
  1891.49838396     0.99996362        3
  1891.53924733     1.00011884        3
  1891.55967891     0.99989647        3
  1891.58011069     1.00015700        3
  1891.60054238     0.99976755        3
  1891.62097396     1.00001106        3
  1891.64140575     0.99980667        3
  1891.66183744     1.00039838        3
  1891.68226902     1.00015482        3
  1891.70270081     0.99996541        3
  1891.72313249     1.00004275        3
  1891.74356428     0.99995536        3
  1891.78442755     0.99999414        3
  1891.80485934     1.00018133        3
  1891.82529093     1.00013742        3
  1891.84572261     0.99998063        3
  1891.86615440     0.99994192        3
  1891.88658599     0.99994443        3
  1891.90701768     0.99997475        3
  1891.92744947     1.00016022        3
  1891.94788106     1.00013322        3
  1891.96831284     0.99995849        3
  1891.98874453     0.99999658        3
  1892.02960791     0.99990219        3
  1892.05003960     1.00018030        3
  1892.07047129     1.00010135        3
  1892.09090298     1.00016863        3
  1892.11133467     1.00001783        3
  1892.13176646     0.99992407        3
  1892.15219815     0.99989284        3
  1892.17262974     0.99997856        3
  1892.19306153     0.99989719        3
  1892.21349312     0.99987566        3
  1892.23392482     0.99996546        3
  1892.27478820     1.00007093        3
  1892.29521999     0.99998001        3
  1892.31565168     1.00008069        3
  1892.33608328     1.00001072        3
  1892.35651507     0.99989418        3
  1892.37694676     1.00000792        3
  1892.39737836     0.99999383        3
  1892.41781015     0.99997697        3
  1892.43824184     1.00013326        3
  1892.45867344     0.99997162        3
  1892.51996872     1.00009402        3
  1892.54040031     0.99998846        3
  1892.56083201     0.99985128        3
  1892.58126380     1.00003859        3
  1892.60169540     1.00002563        3
  1892.62212709     0.99988590        3
  1892.64255889     0.99988696        3
  1892.66299059     0.99994011        3
  1892.82644416     1.00005965        3
  1892.84687586     1.00012425        3
  1892.86730766     1.00003559        3
  1892.88773926     1.00006141        3
  1892.90817105     0.99983034        3
  1892.92860265     1.00012225        3
  1892.94903435     0.99997798        3
  1892.96946615     1.00008703        3
  1893.01032945     1.00021715        3
  1893.03076125     1.00000257        3
  1893.05119285     0.99999462        3
  1893.07162465     1.01140416        3
  1893.09205635     1.00028970        3
  1893.11248795     0.99998291        3
  1893.13291975     1.00002908        3
  1893.15335145     1.00036260        3
  1893.17378306     1.00047435        3
  1893.19421486     1.00038680        3
  1893.21464656     0.99993366        3
  1893.33723677     1.00022078        3
  1893.35766858     0.99994377        3
  1893.37810028     1.00003956        3
  1893.39853189     0.99981743        3
  1893.41896369     1.00005117        3
  1893.43939539     1.00003131        3
  1893.45982720     1.00012767        3
  1893.50069051     1.00009427        3
  1893.52112231     1.00017756        3
  1893.54155392     1.00003995        3
  1893.56198552     0.99990657        3
  1893.58241733     0.99994385        3
  1893.60284904     1.00008992        3
  1893.62328084     1.00047115        3
  1893.64371245     1.00004085        3
  1893.66414416     1.00000122        3
  1893.68457596     1.00005439        3
  1893.70500757     0.99994771        3
  1893.74587109     0.99995006        3
  1893.76630269     1.00006506        3
  1893.78673440     0.99993171        3
  1893.80716621     0.99992975        3
  1893.82759782     0.99990765        3
  1893.84802963     0.99995903        3
  1893.86846134     0.99992707        3
  1893.88889305     1.00003820        3
  1893.90932476     1.00000697        3
  1893.92975647     0.99998873        3
  1894.03191512     1.00002274        3
  1894.05234673     0.99993291        3
  1894.07277854     0.99996058        3
  1894.09321025     1.00016914        3
  1894.11364186     0.99995945        3
  1894.13407368     1.00000697        3
  1894.15450539     0.99985303        3
  1894.17493710     0.99991053        3
  1894.19536881     0.99990974        3
  1894.23623224     1.00009600        3
  1894.25666395     1.00002274        3
  1894.27709557     1.00000782        3
  1894.29752738     1.00005089        3
  1894.31795910     0.99997441        3
  1894.33839071     0.99992018        3
  1894.35882252     1.00007271        3
  1894.37925424     0.99991140        3
  1894.39968605     1.00001054        3
  1894.42011767     0.99995481        3
  1894.44054939     1.00005036        3
  1894.48141282     1.00004474        3
  1894.50184453     0.99992991        3
  1894.52227635     0.99992625        3
  1894.54270807     1.00010168        3
  1894.56313978     1.00004384        3
  1894.58357150     0.99995100        3
  1894.60400322     0.99992296        3
  1894.62443494     1.00015971        3
  1894.72659353     1.00007612        3
  1894.74702535     0.99998296        3
  1894.76745697     0.99985360        3
  1894.78788879     0.99994645        3
  1894.80832051     0.99990632        3
  1894.82875213     0.99995715        3
  1894.84918395     1.00000436        3
  1894.86961557     0.99998905        3
  1894.97177427     1.00002008        3
  1894.99220590     0.99990126        3
  1895.01263772     0.99995217        3
  1895.03306944     0.99999783        3
  1895.05350116     0.99995220        3
  1895.07393289     1.00008313        3
  1895.09436461     0.99996082        3
  1895.11479643     0.99991955        3
  1895.13522806     1.00008851        3
  1895.15565978     0.99999155        3
  1895.17609160     1.00012196        3
  1895.21695495     1.00073218        3
  1895.23738678     1.00053654        3
  1895.25781850     1.00014264        3
  1895.27825013     1.00003980        3
  1895.29868195     0.99989289        3
  1895.31911368     0.99992626        3
  1895.33954551     0.99998858        3
  1895.35997713     1.00003937        3
  1895.38040886     0.99999607        3
  1895.40084069     1.00000667        3
  1895.42127231     0.99999889        3
  1895.46213587     0.99998368        3
  1895.48256750     1.00009484        3
  1895.50299932     1.00002785        3
  1895.52343095     1.00017531        3
  1895.54386268     1.00023016        3
  1895.56429451     1.00026895        3
  1895.58472614     0.99996178        3
  1895.60515787     1.00001860        3
  1895.62558970     0.99994814        3
  1895.64602133     1.00015636        3
  1895.66645316     1.00008560        3
  1895.70731662     1.00000886        3
  1895.72774835     1.00003108        3
  1895.74818008     0.99999626        3
  1895.76861181     0.99997742        3
  1895.78904354     0.99991115        3
  1895.80947527     1.00017592        3
  1895.82990701     1.00008301        3
  1895.85033884     0.99991661        3
  1895.87077047     0.99997215        3
  1895.89120230     1.00000731        3
  1895.91163404     0.99997954        3
  1895.97292924     1.00004858        3
  1895.99336087     1.00006200        3
  1896.01379271     0.99996493        3
  1896.03422444     0.99997338        3
  1896.05465627     0.99999503        3
  1896.07508791     1.00009094        3
  1896.09551964     1.00019320        3
  1896.11595138     1.00002053        3
  1896.13638312     0.99997491        3
  1896.15681485     0.99998287        3
  1896.19767832     1.00004964        3
  1896.21811016     0.99990156        3
  1896.23854180     0.99992682        3
  1896.25897354     0.99984415        3
  1896.27940537     1.00006471        3
  1896.29983701     1.00006833        3
  1896.32026875     1.00000944        3
  1896.34070059     0.99992525        3
  1896.36113223     0.99996861        3
  1896.38156396     1.00022505        3
  1896.50415450     0.99998799        3
  1896.52458624     1.00007670        3
  1896.54501798     0.99996074        3
  1896.56544983     0.99998648        3
  1896.58588147     0.99986022        3
  1896.60631331     1.00007963        3
  1896.62674505     1.00014403        3
  1896.64717669     0.99994046        3
  1896.68804028     0.99990526        3
  1896.70847192     1.00000323        3
  1896.72890376     0.99999875        3
  1896.74933551     0.99997911        3
  1896.76976725     0.99984300        3
  1896.79019899     0.99996511        3
  1896.81063074     0.99992172        3
  1896.83106248     1.00007042        3
  1896.85149423     1.00004162        3
  1896.87192597     1.00006915        3
  1896.89235772     1.00008807        3
  1896.93322121     0.99991372        3
  1896.95365296     0.99995357        3
  1896.97408470     1.00002355        3
  1896.99451655     1.00024076        3
  1897.01494820     1.00051916        3
  1897.03537994     1.00065748        3
  1897.05581179     1.00044623        3
  1897.07624354     0.99994163        3
  1897.09667518     0.99997523        3
  1897.11710703     0.99981355        3
  1897.13753878     0.99993133        3
  1897.17840228     0.99988933        3
  1897.19883403     0.99995310        3
  1897.21926588     0.99989899        3
  1897.23969753     0.99994976        3
  1897.26012928     0.99989199        3
  1897.28056113     1.00006000        3
  1897.30099278     1.00003517        3
  1897.32142463     0.99998365        3
  1897.34185638     1.00011710        3
  1897.36228803     1.00037172        3
  1897.38271988     1.00007301        3
  1897.42358329     0.99997368        3
  1897.44401514     0.99999376        3
  1897.46444689     0.99995699        3
  1897.48487874     0.99980350        3
  1897.50531040     1.00033353        3
  1897.52574205     1.00023024        3
  1897.54617390     0.99972081        3
  1897.56660566     1.00009408        3
  1897.58703741     0.99998885        3
  1897.60746917     1.00002087        3
  1897.62790092     1.00018144        3
  1897.75049145     0.99990771        3
  1897.77092331     1.00000395        3
  1897.79135507     1.00000000        3
  1897.81178672     0.99990427        3
  1897.83221858     1.00003578        3
  1897.85265034     0.99992301        3
  1897.87308220     0.99986416        3
  1897.91394561     1.00000666        3
  1897.93437747     0.99998506        3
  1897.95480913     0.99990788        3
  1897.97524089     1.00000143        3
  1897.99567275     1.00003353        3
  1898.01610441     0.99986571        4
  1898.03653627     1.00013786        4
  1898.05696803     1.00004320        4
  1898.07739969     0.99996445        4
  1898.09783155     0.99984531        4
  1898.11826331     1.00002187        4
  1898.15912684     1.00016485        4
  1898.17955850     1.00000416        4
  1898.19999036     1.00004123        4
  1898.22042212     0.99987679        4
  1898.24085379     0.99984178        4
  1898.26128565     1.00004923        4
  1898.28171741     1.00021179        4
  1898.30214918     1.00010498        4
  1898.32258094     1.00015363        4
  1898.34301270     0.99991799        4
  1898.36344447     0.99987333        4
  1898.40430800     1.00016663        4
  1898.42473986     1.00003838        4
  1898.44517163     0.99993086        4
  1898.46560329     0.99991385        4
  1898.48603516     1.00003885        4
  1898.50646693     0.99991395        4
  1898.52689859     0.99999376        4
  1898.54733046     0.99995676        4
  1898.56776223     0.99997652        4
  1898.58819410     1.00015619        4
  1898.60862576     1.00008729        4
  1898.64948940     1.00008274        4
  1898.66992107     1.00014088        4
  1898.69035284     0.99997726        4
  1898.71078471     1.00005415        4
  1898.73121637     0.99981243        4
  1898.75164824     0.99995539        4
  1898.77208001     1.00003869        4
  1898.79251168     0.99993781        4
  1898.81294356     1.00000275        4
  1898.83337523     0.99997039        4
  1898.85380700     1.00003868        4
  1898.89467054     1.00030025        4
  1898.91510231     1.00011584        4
  1898.93553418     1.00005060        4
  1898.95596596     0.99996891        4
  1898.97639773     0.99994064        4
  1898.99682950     1.00002270        4
  1899.01726128     0.99983286        4
  1899.03769305     1.00000518        4
  1899.05812482     1.00003153        4
  1899.07855660     0.99997318        4
  1899.09898847     1.00001163        4
  1899.13985202     0.99998834        4
  1899.16028380     0.99996109        4
  1899.18071547     0.99995709        4
  1899.20114735     1.00005058        4
  1899.22157912     1.00015592        4
  1899.24201080     1.00021009        4
  1899.26244268     1.00040223        4
  1899.28287445     1.00005427        4
  1899.30330633     0.99986536        4
  1899.32373801     0.99998216        4
  1899.34416979     0.99992603        4
  1899.38503334     1.00007148        4
  1899.40546512     1.00012665        4
  1899.42589700     1.00004195        4
  1899.44632868     0.99991685        4
  1899.46676056     1.00007419        4
  1899.48719224     0.99983473        4
  1899.50762402     0.99990550        4
  1899.52805590     1.00016523        4
  1899.54848758     1.00005801        4
  1899.56891936     1.00002895        4
  1899.58935124     0.99997391        4
  1899.63021470     1.00005007        4
  1899.65064659     0.99992687        4
  1899.67107837     0.99981618        4
  1899.69151015     0.99995181        4
  1899.71194193     0.99991859        4
  1899.73237372     1.00006479        4
  1899.75280560     0.99980482        4
  1899.77323729     0.99991628        4
  1899.79366907     0.99995120        4
  1899.81410095     1.00002994        4
  1899.83453264     1.00022899        4
  1899.89582799     1.00005951        4
  1899.91625988     0.99993499        4
  1899.93669167     1.00004006        4
  1899.95712335     1.00003565        4
  1899.97755524     0.99991827        4
  1899.99798703     0.99983831        4
  1900.01841891     0.99985219        4
  1900.03885060     0.99993037        4
  1900.05928239     0.99993548        4
  1900.07971418     1.00011806        4
  1900.12057775     0.99998471        4
  1900.14100954     1.00001903        4
  1900.16144133     1.00006524        4
  1900.18187322     0.99997190        4
  1900.20230491     0.99993047        4
  1900.22273670     1.00012592        4
  1900.24316859     0.99985672        4
  1900.26360028     1.00007770        4
  1900.28403207     0.99988675        4
  1900.30446396     1.00000597        4
  1900.32489576     0.99986355        4
  1900.36575934     1.00012577        4
  1900.38619113     1.00006367        4
  1900.40662303     0.99989783        4
  1900.42705472     1.00001261        4
  1900.44748651     0.99998729        4
  1900.46791841     1.00002623        4
  1900.48835010     0.99982300        4
  1900.50878189     0.99982827        4
  1900.52921379     0.99994168        4
  1900.54964548     1.00015385        4
  1900.57007738     0.99995170        4
  1900.61094087     1.00008860        4
  1900.63137277     0.99986221        4
  1900.65180456     0.99983713        4
  1900.67223626     0.99997277        4
  1900.69266816     1.00006040        4
  1900.71309995     1.00002935        4
  1900.85612254     0.99996961        4
  1900.87655434     1.00007832        4
  1900.89698624     1.00026574        4
  1900.91741804     1.00014005        4
  1900.93784974     1.00013801        4
  1900.95828164     0.99999243        4
  1900.97871344     0.99996445        4
  1900.99914514     0.99997194        4
  1901.01957705     0.99995621        4
  1901.04000885     1.00002646        4
  1901.06044055     1.00007362        4
  1901.10130426     1.00000860        4
  1901.12173616     0.99995831        4
  1901.14216786     0.99993070        4
  1901.16259967     0.99997901        4
  1901.18303157     1.00008800        4
  1901.20346327     1.00013139        4
  1901.22389508     1.00014481        4
  1901.24432698     1.00030928        4
  1901.26475869     1.00020219        4
  1901.28519060     1.00022182        4
  1901.30562240     1.00010075        4
  1901.38734963     0.99991756        4
  1901.40778143     0.99999298        4
  1901.42821324     0.99999887        4
  1901.44864505     1.00002029        4
  1901.46907686     1.00000000        4
  1901.48950867     0.99993696        4
  1901.50994048     0.99993187        4
  1901.53037229     1.00004338        4
  1901.55080410     1.00000569        4
  1901.59166772     1.00010649        4
  1901.61209963     0.99996105        4
  1901.63253144     1.00006863        4
  1901.65296315     0.99996177        4
  1901.67339506     1.00003136        4
  1901.69382687     1.00004446        4
  1901.71425858     1.00007155        4
  1901.73469049     1.00000180        4
  1901.75512231     1.00001735        4
  1901.77555402     0.99997153        4
  1901.79598593     0.99999715        4
  1901.83684966     1.00007835        4
  1901.85728137     1.00020114        4
  1901.87771319     1.00012372        4
  1901.89814510     1.00004088        4
  1901.91857682     0.99991649        4
  1901.93900863     0.99982542        4
  1901.95944055     0.99988918        4
  1901.97987227     0.99987465        4
  1902.00030418     0.99998217        4
  1902.02073600     0.99986990        4
  1902.08203145     1.00007552        4
  1902.10246317     1.00008128        4
  1902.12289509     1.00015646        4
  1902.14332690     1.00003911        4
  1902.16375872     0.99994351        4
  1902.18419054     1.00003863        4
  1902.20462236     1.00006392        4
  1902.22505418     0.99991377        4
  1902.24548600     1.00004989        4
  1902.26591782     0.99999193        4
  1902.28634974     1.00010788        4
  1902.32721328     1.00004313        4
  1902.34764521     1.00000021        4
  1902.36807693     0.99993651        4
  1902.38850885     0.99994891        4
  1902.40894067     0.99989785        4
  1902.42937239     0.99990670        4
  1902.44980432     1.00006221        4
  1902.57239526     1.00000877        4
  1902.59282709     0.99997865        4
  1902.61325901     1.00005756        4
  1902.63369074     0.99996177        4
  1902.65412257     0.99988515        4
  1902.67455449     0.99996450        4
  1902.69498622     0.99984728        4
  1902.71541815     0.99987291        4
  1902.73584997     0.99989202        4
  1902.75628170     0.99992360        4
  1902.77671363     1.00023195        4
  1902.81757729     1.00003269        4
  1902.83800912     0.99997069        4
  1902.85844095     1.00002813        4
  1902.87887267     0.99994220        4
  1902.89930460     0.99994635        4
  1902.91973644     0.99980499        4
  1902.94016837     0.99992845        4
  1902.96060010     0.99992459        4
  1902.98103193     1.00002483        4
  1903.00146386     1.00016594        4
  1903.02189559     1.00040323        4
  1903.22621403     0.99990017        4
  1903.24664586     1.00001675        4
  1903.26707780     0.99998260        4
  1903.30794137     0.99983754        4
  1903.32837331     1.00001432        4
  1903.34880505     0.99998532        4
  1903.36923688     1.00010466        4
  1903.38966882     1.00038506        4
  1903.41010066     1.00010466        4
  1903.43053250     1.00034764        4
  1903.45096424     1.00003130        4
  1903.47139607     0.99992001        4
  1903.49182801     1.00006212        4
  1903.51225985     1.00003484        4
  1903.55312353     0.99989370        4
  1903.57355537     1.00003689        4
  1903.59398711     0.99993435        4
  1903.61441906     0.99999120        4
  1903.63485090     1.00004265        4
  1903.65528284     1.00010444        4
  1903.67571458     0.99988673        4
  1903.69614642     1.00015259        4
  1903.71657837     0.99998755        4
  1903.73701011     1.00026419        4
  1903.75744195     1.00003487        4
  1903.81873759     1.00001862        4
  1903.83916943     1.00009358        4
  1903.85960118     0.99995085        4
  1903.88003312     1.00000849        4
  1903.90046497     0.99992820        4
  1903.92089671     0.99999206        4
  1903.94132866     1.00002272        4
  1903.96176051     0.99993609        4
  1903.98219245     1.00002763        4
  1904.00262420     1.00005383        4
  1904.04348790     0.99992369        4
  1904.06391984     1.00015260        4
  1904.08435159     1.00006008        4
  1904.10478344     0.99994782        4
  1904.12521529     1.00005117        4
  1904.14564714     1.00003475        4
  1904.16607909     1.00004114        4
  1904.18651084     0.99999402        4
  1904.20694279     0.99988694        4
  1904.22737464     0.99998690        4
  1904.24780639     1.00000482        4
  1904.28867020     0.99994135        4
  1904.30910195     1.00006039        4
  1904.32953390     0.99992115        4
  1904.34996576     0.99994624        4
  1904.37039771     0.99993613        4
  1904.39082946     0.99993146        4
  1904.41126132     0.99993654        4
  1904.43169327     1.00009149        4
  1904.45212503     1.00019710        4
  1904.47255688     0.99999909        4
  1904.49298884     0.99994637        4
  1904.61557998     0.99988590        4
  1904.63601183     0.99998957        4
  1904.65644369     0.99990805        4
  1904.67687555     0.99997464        4
  1904.69730741     0.99991890        4
  1904.71773927     1.00003725        4
  1904.73817113     0.99994219        4
  1904.77903485     1.00020970        4
  1904.79946671     0.99995290        4
  1904.81989867     1.00004688        4
  1904.84033043     0.99997885        4
  1904.86076229     0.99996123        4
  1904.88119425     0.99983120        4
  1905.04464916     0.99992654        4
  1905.06508102     0.99993535        4
  1905.08551298     0.99993830        4
  1905.10594475     1.00001491        4
  1905.12637662     1.00004579        4
  1905.14680858     0.99996921        4
  1905.16724035     1.00007454        4
  1905.18767221     1.00009330        4
