  1835.65901397     1.00004392        0
  1835.67944611     1.00014918        0
  1835.80203894     0.99671709        0
  1835.82247117     0.99972478        0
  1835.84290321     0.99949071        0
  1835.86333535     0.99977337        0
  1835.88376758     1.00016891        0
  1835.90419962     1.00008145        0
  1835.92463175     1.00003386        0
  1835.94506398     0.99989878        0
  1835.96549602     1.00010057        0
  1835.98592815     1.00008689        0
  1836.00636038     1.00017436        0
  1836.02679241     1.00020881        0
  1836.04722455     0.99996478        0
  1836.06765678     1.00006737        0
  1836.08808881     0.99973442        0
  1836.10852094     0.99965897        0
  1836.12895317     0.99943060        0
  1836.14938530     0.99981681        0
  1836.16981732     1.00001772        0
  1836.19024955     0.99972286        0
  1836.21068168     0.99979866        0
  1836.23111391     0.99986121        0
  1836.25154593     1.00002246        0
  1836.27197806     0.99999885        0
  1836.31284231     1.00000013        0
  1836.33327444     0.99980434        0
  1836.35370666     0.99975824        0
  1836.37413868     0.99978002        0
  1836.39457081     0.99966359        0
  1836.41500293     0.99985220        0
  1836.43543505     0.99976624        0
  1836.45586717     1.00018009        0
  1836.47629929     0.99986430        0
  1836.49673142     1.00006125        0
  1836.51716354     1.00011602        0
  1836.53759566     1.00001512        0
  1836.55802777     1.00019631        0
  1836.57845989     1.00013894        0
  1836.59889211     1.00010835        0
  1836.61932413     1.00000000        0
  1836.63975625     0.99992685        0
  1836.66018846     1.00027863        0
  1836.68062048     1.00005081        0
  1836.70105260     0.99980788        0
  1836.72148481     1.00001053        0
  1836.74191683     1.00037490        0
  1836.76234894     1.00005312        0
  1836.78278116     0.99988813        0
  1836.80321317     0.99996624        0
  1836.82364538     0.99986339        0
  1836.84407750     0.99979256        0
  1836.86450951     1.00000680        0
  1836.88494172     0.99996507        0
  1836.90537383     0.99998584        0
  1836.92580584     0.99987620        0
  1836.94623805     0.99974972        0
  1836.96667016     0.99998239        0
  1836.98710227     0.99991453        0
  1837.00753438     1.00068571        0
  1837.02796649     0.99713173        0
  1837.08926281     0.99979681        0
  1837.10969492     0.99980499        0
  1837.13012702     1.00011736        0
  1837.15055913     1.00001562        0
  1837.17099123     0.99965016        0
  1837.19142334     1.00017702        0
  1837.21185544     0.99997488        0
  1837.23228754     0.99961392        0
  1837.25271965     0.99992575        0
  1837.27315175     0.99980307        0
  1837.29358375     0.99969931        0
  1837.31401595     1.00007154        0
  1837.33444805     1.00029730        0
  1837.35488016     1.00009308        0
  1837.37531226     1.00004384        0
  1837.39574436     1.00008135        0
  1837.41617645     0.99965490        0
  1837.43660865     0.99993563        0
  1837.45704065     0.99960312        0
  1837.47747285     1.00005046        0
  1837.49790495     0.99998912        0
  1837.51833694     1.00025489        0
  1837.53876914     0.99982614        0
  1837.55920124     0.99980404        0
  1837.57963323     0.99993568        0
  1837.60006543     0.99983391        0
  1837.62049752     1.00015768        0
  1837.64092952     1.00056948        0
  1837.66136171     0.99983418        0
  1837.68179380     0.99972257        0
  1837.70222580     1.00000177        0
  1837.72265799     0.99997552        0
  1837.74309008     0.99999743        0
  1837.76352207     0.99986325        0
  1837.78395426     1.00014586        0
  1837.80438635     1.00005816        0
  1837.82481844     0.99994725        0
  1837.84525053     1.00015652        0
  1837.86568262     1.00037385        0
  1837.88611461     0.99976321        0
  1837.90654680     0.99995672        0
  1837.92697888     1.00011741        0
  1837.94741097     0.99997589        0
  1837.96784306     1.00185104        0
  1837.98827514     1.00024007        0
  1838.00870713     1.00004899        0
  1838.02913931     0.99997900        0
  1838.04957140     1.00006547        0
  1838.07000358     0.99979539        0
  1838.09043557     1.00012876        0
  1838.11086765     0.99990131        0
  1838.13129983     0.99984356        0
  1838.15173182     1.00001836        0
  1838.17216390     1.00000598        0
  1838.19259608     1.00032952        0
  1838.21302806     0.99998221        0
  1838.23346014     1.00001084        0
  1838.29475638     1.00010015        0
  1838.31518856     1.00021110        0
  1838.33562064     1.00774111        0
  1838.35605261     0.99992259        0
  1838.37648479     0.99998777        0
  1838.39691687     1.00026065        0
  1838.41734884     0.99984870        0
  1838.43778102     0.99996772        0
  1838.45821310     1.00001064        0
  1838.47864507     1.00016364        0
  1838.49907724     0.99971449        0
  1838.51950932     1.00073844        0
  1838.53994129     0.99958711        0
  1838.56037347     1.00008096        0
  1838.58080554     1.00016485        0
  1838.60123751     0.99988610        0
  1838.62166968     1.00013255        0
  1838.64210175     1.00011669        0
  1838.66253372     1.00050759        0
  1838.68296589     1.00018508        0
  1838.70339796     1.00021849        0
  1838.72383003     1.00022067        0
  1838.74426210     0.99971573        0
  1838.76469417     1.00639091        0
  1838.78512624     1.00078961        0
  1838.80555831     0.99989502        0
  1838.82599037     1.00017732        0
  1838.84642254     1.00067601        0
  1838.86685451     0.99988206        0
  1838.88728657     1.00002804        0
  1838.90771874     1.00020672        0
  1838.92815070     1.00038439        0
  1838.94858277     1.00023854        0
  1838.96901493     1.00078444        0
  1838.98944689     0.99716034        0
  1839.07117514     1.00000644        0
  1839.09160731     0.99956716        0
  1839.11203937     0.99976894        0
  1839.13247133     1.00001350        0
  1839.15290349     0.99985590        0
  1839.17333555     1.00007451        0
  1839.19376750     1.00026610        0
  1839.21419966     1.00042388        0
  1839.23463172     1.00001234        0
  1839.25506368     0.99998841        0
  1839.27549584     1.00056074        0
  1839.29592789     0.99997496        0
  1839.31636005     1.00027754        0
  1839.33679200     1.00002044        0
  1839.35722406     1.00038553        0
  1839.37765611     0.99998712        0
  1839.39808817     1.00020571        0
  1839.41852012     1.00011205        0
  1839.43895228     1.00012479        0
  1839.45938433     1.00006219        0
  1839.47981628     0.99964708        0
  1839.50024843     0.99983577        0
  1839.52068049     1.00005750        0
  1839.54111254     1.00006323        0
  1839.56154459     1.00008603        0
  1839.58197664     0.99994993        0
  1839.60240869     1.00010522        0
  1839.62284074     0.99966250        0
  1839.64327279     0.99981896        0
  1839.72500098     0.99736608        0
  1839.74543312     0.99968204        0
  1839.76586507     0.99994034        0
  1839.78629712     0.99995937        0
  1839.80672926     0.99950132        0
  1839.82716121     0.99927012        0
  1839.84759325     0.99929281        0
  1839.86802539     0.99922995        0
  1839.88845734     0.99935688        0
  1839.90888938     0.99926885        0
  1839.92932152     0.99913531        0
  1839.94975357     0.99919137        0
  1839.97018561     0.99911769        0
  1839.99061765     0.99914151        0
  1840.01104969     0.99873242        0
  1840.27666618     1.00005014        0
  1840.31753015     1.00112288        0
  1840.33796228     1.00047160        0
  1840.35839432     1.00033417        0
  1840.37882635     1.00016267        0
  1840.39925838     1.00021388        0
  1840.41969041     0.99986070        0
  1840.44012244     0.99992215        0
  1840.46055448     1.00013710        0
  1840.48098651     0.99990569        0
  1840.50141854     0.99984539        0
  1840.52185067     1.00023005        0
  1840.54228260     1.00039407        0
  1840.56271472     1.00062245        0
  1840.58314675     1.00008830        0
  1840.60357868     1.00020895        0
  1840.62401081     1.00029446        0
  1840.64444284     0.99992670        0
  1840.66487476     1.00080908        0
  1840.68530689     1.00060718        0
  1840.70573891     0.99688706        0
  1840.72617084     1.00001663        0
  1840.74660296     1.00012311        0
  1840.76703499     1.00026856        0
  1840.78746701     0.99980198        0
  1840.80789904     0.99978761        0
  1840.82833096     1.00001135        0
  1840.84876308     0.99992687        0
  1840.86919510     0.99974449        0
  1840.88962713     1.00005657        0
  1840.91005905     0.99924781        0
  1840.93049117     0.99988366        0
  1840.95092319     0.99960035        0
  1840.97135511     0.99966157        0
  1840.99178723     0.99984174        0
  1872.00721349     0.99995051        1
  1872.02764511     1.00003440        1
  1872.04807673     0.99991528        1
  1872.06850835     0.99976725        1
  1872.08893997     0.99979727        1
  1872.10937158     0.99994530        1
  1872.12980330     1.00043221        1
  1872.17066644     0.99995871        1
  1872.19109816     0.99980982        1
  1872.21152978     0.99997976        1
  1872.23196129     1.00021804        1
  1872.25239301     1.00020921        1
  1872.27282463     0.99993620        1
  1872.29325615     1.00010848        1
  1872.31368787     1.00042268        1
  1872.33411948     1.00024061        1
  1872.35455100     1.00014022        1
  1872.37498272     1.00019403        1
  1872.41584605     0.99912288        1
  1872.43627757     0.99928296        1
  1872.45670919     0.99975802        1
  1872.47714091     0.99972048        1
  1872.49757242     0.99967374        1
  1872.51800404     0.99932055        1
  1872.53843576     0.99971552        1
  1872.55886727     0.99977678        1
  1872.57929889     0.99969969        1
  1872.59973061     0.99932860        1
  1872.62016212     0.99978225        1
  1872.66102546     0.99996461        1
  1872.68145697     1.00005684        1
  1872.70188869     0.99998536        1
  1872.72232031     1.00058579        1
  1872.74275182     1.00026946        1
  1872.76318354     1.00012207        1
  1872.78361515     1.00032260        1
  1872.80404667     1.00028435        1
  1872.82447839     1.00023959        1
  1872.84491000     1.00041410        1
  1872.86534152     1.00010039        1
  1872.90620485     0.99998544        1
  1872.92663636     1.00021912        1
  1872.94706808     0.99993376        1
  1872.96749970     1.00002289        1
  1872.98793141     0.99996380        1
  1873.00836293     1.00021376        1
  1873.02879454     1.00055002        1
  1873.04922626     1.00040838        1
  1873.06965777     1.00021371        1
  1873.09008939     1.00027572        1
  1873.15138423     0.99980927        1
  1873.17181594     1.00014584        1
  1873.19224756     0.99995547        1
  1873.21267917     0.99982714        1
  1873.23311079     0.99986979        1
  1873.25354240     1.00000732        1
  1873.27397402     0.99960615        1
  1873.29440563     1.00033848        1
  1873.31483724     0.99997003        1
  1873.33526886     1.00016978        1
  1873.35570047     1.00013752        1
  1873.39656370     0.99688961        1
  1873.41699531     1.00000374        1
  1873.43742683     0.99999877        1
  1873.45785854     0.99993625        1
  1873.47829016     1.00002743        1
  1873.49872187     0.99994894        1
  1873.51915338     0.99993306        1
  1873.53958500     1.00035359        1
  1873.56001671     1.00044279        1
  1873.58044822     1.00037133        1
  1873.60087984     0.99992380        1
  1873.74390123     0.99981776        1
  1873.76433284     0.99955136        1
  1873.78476445     0.99911124        1
  1873.80519606     0.99975904        1
  1873.82562768     0.99986173        1
  1873.84605939     1.00015108        1
  1873.88692251     0.99951169        1
  1873.90735422     1.00014523        1
  1873.92778574     0.99994985        1
  1873.94821735     1.00011874        1
  1873.96864906     0.99994737        1
  1873.98908057     1.00030180        1
  1874.00951228     0.99990435        1
  1874.02994380     1.00018435        1
  1874.05037541     1.00073880        1
  1874.07080712     1.00019726        1
  1874.09123863     1.00031475        1
  1874.23425991     0.99993713        1
  1874.25469162     0.99915687        1
  1874.27512323     0.99968863        1
  1874.29555484     0.99985468        1
  1874.31598646     0.99966138        1
  1874.33641807     0.99976240        1
  1874.37728129     0.99957180        1
  1874.39771290     0.99978709        1
  1874.41814461     1.00024950        1
  1874.43857612     0.99981228        1
  1874.45900773     0.99976642        1
  1874.47943944     0.99995556        1
  1874.49987095     0.99972247        1
  1874.52030266     0.99987844        1
  1874.54073427     0.99989200        1
  1874.56116578     1.00017910        1
  1874.58159749     1.00022756        1
  1874.62246061     0.99961906        1
  1874.64289232     0.99998854        1
  1874.66332393     1.00019883        1
  1874.68375554     1.00013375        1
  1874.70418715     1.00007908        1
  1874.72461876     0.99999560        1
  1874.74505027     1.00031320        1
  1874.76548198     1.00164333        1
  1874.78591359     1.00021704        1
  1874.80634520     0.99997845        1
  1874.86764013     0.99999909        1
  1874.88807164     0.99998970        1
  1874.90850325     1.00087951        1
  1874.92893496     0.99999561        1
  1874.94936647     1.00025246        1
  1874.96979808     0.99986240        1
  1874.99022979     0.99981065        1
  1875.01066130     1.00014285        1
  1875.03109301     0.99996205        1
  1875.05152461     0.99969783        1
  1875.11281944     0.99989675        1
  1875.13325095     1.00006400        1
  1875.15368266     1.00001574        1
  1875.17411427     0.99974981        1
  1875.19454588     0.99995396        1
  1875.21497749     1.00011197        1
  1875.23540909     1.00000916        1
  1875.35799874     0.99798595        1
  1875.37843045     0.99915835        1
  1875.39886196     1.00028892        1
  1875.41929357     1.00000000        1
  1875.43972528     0.99995373        1
  1875.46015679     1.00009524        1
  1875.48058839     1.00017600        1
  1875.50102010     0.99985378        1
  1875.52145161     0.99965970        1
  1875.54188332     1.00020451        1
  1875.56231493     1.00040536        1
  1875.60317814     1.00001824        1
  1875.62360975     0.99995424        1
  1875.64404126     0.99978558        1
  1875.66447296     1.00008522        1
  1875.68490457     0.99989602        1
  1875.70533618     0.99978631        1
  1875.72576779     0.99990087        1
  1875.74619939     1.00050977        1
  1875.76663110     1.00001035        1
  1875.78706261     1.00019321        1
  1875.80749422     1.00034253        1
  1875.84835753     1.00038144        1
  1875.86878904     1.00013736        1
  1875.88922075     1.00009552        1
  1875.90965235     0.99989566        1
  1875.93008386     1.00014306        1
  1875.95051557     1.00048808        1
  1875.97094717     1.00009416        1
  1875.99137888     1.00015895        1
  1876.01181039     1.00008568        1
  1876.09353682     1.00003065        1
  1876.11396842     0.99967750        1
  1876.13440003     0.99981666        1
  1876.15483154     1.00035149        1
  1876.17526324     0.99988545        1
  1876.19569485     1.00000240        1
  1876.21612646     1.00023805        1
  1876.23655806     1.00029246        1
  1876.25698967     0.99969229        1
  1876.27742138     0.99961326        1
  1876.33871619     1.00014525        1
  1876.35914780     1.00005346        1
  1876.37957931     1.00037641        1
  1876.40001101     1.00025085        1
  1876.42044262     1.00007076        1
  1876.44087413     1.00028167        1
  1876.46130583     0.99970693        1
  1876.48173744     0.99988998        1
  1876.50216914     1.00025352        1
  1876.52260065     1.00004232        1
  1876.54303226     1.00062443        1
  1876.58389547     1.00011816        1
  1876.60432707     1.00005967        1
  1876.62475878     0.99993964        1
  1876.64519029     1.00002187        1
  1876.66562189     0.99966088        1
  1876.82907474     1.00043628        1
  1876.84950644     0.99989191        1
  1876.86993795     1.00023183        1
  1876.89036956     1.00006383        1
  1876.91080126     1.00025130        1
  1876.93123287     1.00007755        1
  1877.07425420     1.00051271        1
  1877.09468571     1.00000074        1
  1877.11511731     1.00025834        1
  1877.13554902     1.00011442        1
  1877.15598052     1.00030573        1
  1877.17641213     0.99992732        1
  1877.19684383     1.00012656        1
  1877.21727534     1.00011806        1
  1877.23770705     0.99984776        1
  1877.25813865     1.00009068        1
  1877.27857016     1.00021088        1
  1877.31943347     1.00026675        1
  1877.33986507     1.00029904        1
  1877.36029668     1.00001970        1
  1877.38072828     1.00015957        1
  1877.40115989     0.99983129        1
  1877.42159149     1.00014937        1
  1877.44202309     0.99981551        1
  1877.46245470     0.99995362        1
  1877.48288630     1.00033334        1
  1877.50331791     1.00011615        1
  1877.52374951     0.99994819        1
  1877.56461272     1.00045796        1
  1877.58504443     1.00013788        1
  1877.60547593     1.00014266        1
  1877.62590754     0.99991753        1
  1877.64633924     0.99979796        1
  1877.66677075     1.00059117        1
  1877.68720245     0.99965788        1
  1877.70763406     1.00003086        1
  1877.72806556     0.99952461        1
  1877.74849727     0.99970682        1
  1877.76892887     0.99998326        1
  1877.80979208     1.00006435        1
  1877.83022368     0.99995069        1
  1877.85065519     0.99977519        1
  1877.87108689     0.99980918        1
  1877.89151850     0.99964126        1
  1877.91195010     0.99997511        1
  1877.93238171     1.00006281        1
  1877.95281331     0.99957710        1
  1877.97324501     0.99997996        1
  1877.99367662     0.99982833        1
  1878.01410812     0.99980528        1
  1878.05497143     0.99976551        1
  1878.07540294     1.00000074        1
  1878.09583464     1.00020137        1
  1878.11626624     0.99967627        1
  1878.13669775     1.00006853        1
  1878.15712945     0.99989725        1
  1878.17756096     0.99964744        1
  1878.19799266     0.99946031        1
  1878.21842427     0.99998372        1
  1878.23885577     1.00008124        1
  1878.25928747     0.99998335        1
  1878.30015058     0.99998287        1
  1878.32058229     0.99980051        1
  1878.34101389     0.99980569        1
  1878.36144539     0.99995266        1
  1878.38187710     0.99974158        1
  1878.40230870     0.99961013        1
  1878.42274041     0.99986942        1
  1878.44317191     1.00040729        1
  1878.46360352     1.00000137        1
  1878.48403522     0.99977475        1
  1878.54533003     1.00042591        1
  1878.56576164     1.00026537        1
  1878.58619314     0.99986455        1
  1878.60662484     0.99980836        1
  1878.62705645     1.00013768        1
  1878.64748805     0.99972699        1
  1878.66791966     0.99980845        1
  1878.68835126     0.99979356        1
  1878.70878296     0.99978646        1
  1878.72921447     0.99966538        1
  1878.74964607     0.99970435        1
  1878.79050928     1.00094471        1
  1878.81094088     1.00039863        1
  1878.83137249     1.00012920        1
  1878.85180409     1.00037235        1
  1878.87223579     0.99977877        1
  1878.89266730     0.99983165        1
  1878.91309890     0.99977775        1
  1878.93353061     1.00006580        1
  1878.95396211     0.99956236        1
  1878.97439371     0.99970717        1
  1878.99482542     0.99993096        1
  1879.07655183     1.00097184        1
  1879.09698344     1.00074537        1
  1879.11741504     1.00055214        1
  1879.13784664     1.00062890        1
  1879.15827825     1.00021450        1
  1879.17870985     1.00004602        1
  1879.19914146     0.99996559        1
  1879.21957316     1.00035476        1
  1879.24000466     0.99975042        1
  1879.32173118     1.00093419        1
  1879.34216278     1.00105596        1
  1879.36259429     1.00060118        1
  1879.38302599     1.00096260        1
  1879.40345759     1.00047652        1
  1879.42388910     1.00023361        1
  1879.44432080     1.00067968        1
  1879.46475241     1.00014214        1
  1879.48518391     1.00034338        1
  1879.52604712     1.00043616        1
  1879.54647882     1.00023430        1
  1879.56691042     1.00059586        1
  1879.58734203     0.99997745        1
  1879.60777363     1.00202402        1
  1879.62820524     1.00006803        1
  1879.64863684     0.99993716        1
  1879.66906844     0.99948688        1
  1879.68950005     0.99967718        1
  1879.70993165     0.99981343        1
  1879.73036326     0.99946294        1
  1879.77122656     1.00026698        1
  1879.79165817     0.99987471        1
  1879.81208967     0.99983287        1
  1879.83252137     0.99994814        1
  1879.85295298     1.00001759        1
  1879.87338448     0.99969146        1
  1879.89381619     0.99944501        1
  1879.91424779     0.99979296        1
  1879.93467929     0.99980146        1
  1879.95511100     0.99936979        1
  1879.97554260     1.00057465        1
  1880.03683741     0.99929737        2
  1880.05726912     0.99987704        2
  1880.07770062     0.99992814        2
  1880.09813223     0.99991162        2
  1880.11856383     0.99965110        2
  1880.13899543     0.99981456        2
  1880.15942704     0.99976385        2
  1880.17985874     1.00007286        2
  1880.20029025     0.99989599        2
  1880.22072195     1.00019611        2
  1880.26158506     0.99966124        2
  1880.28201676     0.99993066        2
  1880.30244837     1.00033038        2
  1880.32287987     1.00001512        2
  1880.34331157     1.00025914        2
  1880.36374318     1.00026492        2
  1880.38417468     1.00011348        2
  1880.40460639     1.00021134        2
  1880.42503799     1.00010123        2
  1880.44546970     0.99988296        2
  1880.50676451     1.00010056        2
  1880.52719601     0.99997648        2
  1880.54762762     1.00000998        2
  1880.56805932     1.00001519        2
  1880.58849082     1.00026043        2
  1880.60892243     1.00014324        2
  1880.62935413     1.00009556        2
  1880.64978564     0.99979562        2
  1880.67021734     1.00051141        2
  1880.75194376     0.99977360        2
  1880.77237536     0.99962276        2
  1880.79280697     1.00012776        2
  1880.81323857     1.00016537        2
  1880.83367018     1.00040303        2
  1880.85410178     1.00002876        2
  1880.87453339     1.00011800        2
  1880.89496499     1.00000000        2
  1880.91539659     1.00053306        2
  1880.93582820     1.00017241        2
  1880.95625990     0.99990487        2
  1881.01755472     1.00018220        2
  1881.03798622     1.00010644        2
  1881.05841783     1.00039275        2
  1881.07884953     0.99978387        2
  1881.09928104     1.00000069        2
  1881.11971274     0.99962323        2
  1881.14014435     1.00009099        2
  1881.16057585     0.99987938        2
  1881.18100756     1.00003174        2
  1881.20143916     1.00010365        2
  1881.24230237     0.99975383        2
  1881.26273397     0.99997693        2
  1881.28316558     0.99953127        2
  1881.30359718     1.00018368        2
  1881.32402879     0.99997080        2
  1881.34446049     0.99981769        2
  1881.36489200     1.00013044        2
  1881.38532360     1.00001241        2
  1881.40575531     0.99993030        2
  1881.42618691     0.99966731        2
  1881.44661842     1.00012347        2
  1881.48748163     1.00018574        2
  1881.50791333     0.99960711        2
  1881.52834494     0.99927475        2
  1881.54877654     0.99997309        2
  1881.56920815     0.99990327        2
  1881.58963975     0.99988695        2
  1881.61007126     0.99970080        2
  1881.63050297     1.00016264        2
  1881.65093457     1.00021810        2
  1881.67136608     1.00016309        2
  1881.69179778     1.00038757        2
  1881.73266109     1.00004046        2
  1881.75309260     1.00005492        2
  1881.77352420     1.00011250        2
  1881.79395591     1.00015365        2
  1881.81438741     1.00019634        2
  1881.83481902     1.00004744        2
  1881.85525073     1.00035496        2
  1881.87568223     1.00013280        2
  1881.89611384     1.00025655        2
  1881.91654554     1.00032334        2
  1881.93697715     0.99990779        2
  1881.97784036     0.99984887        2
  1881.99827196     1.00012680        2
  1882.01870357     1.00008297        2
  1882.03913518     1.00020717        2
  1882.05956678     0.99988428        2
  1882.07999849     0.99979822        2
  1882.10042999     0.99976284        2
  1882.12086160     1.00001036        2
  1882.14129331     1.00019929        2
  1882.16172481     0.99997725        2
  1882.22301963     1.00014301        2
  1882.24345134     0.99968776        2
  1882.26388284     0.99992578        2
  1882.28431445     0.99977739        2
  1882.30474616     0.99973492        2
  1882.32517766     1.00016232        2
  1882.34560937     1.00013894        2
  1882.36604097     0.99989383        2
  1882.38647248     0.99999590        2
  1882.46819901     1.00085024        2
  1882.48863061     0.99999136        2
  1882.50906222     0.99993546        2
  1882.52949383     1.00027980        2
  1882.54992543     1.00030864        2
  1882.57035714     0.99985066        2
  1882.59078875     0.99978095        2
  1882.77467321     0.99999664        2
  1882.79510492     1.00041296        2
  1882.81553642     1.00050021        2
  1882.83596803     0.99982384        2
  1882.85639974     0.99993817        2
  1882.87683124     0.99992563        2
  1882.89726275     1.00018462        2
  1882.91769446     1.00049743        2
  1883.01985260     0.99981337        2
  1883.04028410     0.99909871        2
  1883.06071571     1.00224420        2
  1883.08114742     1.00253340        2
  1883.10157903     0.99866518        2
  1883.12201054     0.99854085        2
  1883.14244224     0.99952640        2
  1883.16287385     1.00008342        2
  1883.20373707     1.00021378        2
  1883.22416867     1.00010488        2
  1883.24460038     0.99957986        2
  1883.26503189     0.99964431        2
  1883.28546350     1.00009855        2
  1883.30589521     0.99996332        2
  1883.32632672     0.99947010        2
  1883.34675832     0.99983014        2
  1883.36719003     0.99995770        2
  1883.38762154     0.99970256        2
  1883.40805325     1.00008226        2
  1883.44891637     0.99985102        2
  1883.46934807     1.00011929        2
  1883.48977968     1.00011681        2
  1883.51021119     0.99988237        2
  1883.53064290     0.99998433        2
  1883.55107441     1.00016780        2
  1883.57150612     0.99969742        2
  1883.59193773     0.99979707        2
  1883.61236923     0.99984370        2
  1883.63280094     1.00004590        2
  1883.65323255     0.99994547        2
  1883.71452738     0.99982704        2
  1883.73495899     1.00035650        2
  1883.75539060     1.00003082        2
  1883.77582221     1.00015947        2
  1883.79625392     0.99992097        2
  1883.81668553     1.00022179        2
  1883.83711704     0.99995013        2
  1883.85754875     1.00020225        2
  1883.87798035     1.00005071        2
  1883.89841186     1.00006354        2
  1883.98013840     0.99996704        2
  1884.00057001     1.00024280        2
  1884.02100172     0.99994085        2
  1884.04143323     1.00004166        2
  1884.06186484     0.99995531        2
  1884.08229655     0.99999414        2
  1884.10272806     1.00116839        2
  1884.12315967     1.00051261        2
  1884.14359138     0.99972431        2
  1884.20488611     0.99967582        2
  1884.22531772     1.00012836        2
  1884.24574943     1.00018743        2
  1884.26618095     1.00007203        2
  1884.28661256     1.00228527        2
  1884.30704427     0.99952516        2
  1884.32747588     1.00022634        2
  1884.34790739     1.00004339        2
  1884.36833910     0.99978268        2
  1884.38877071     0.99994853        2
  1884.42963393     1.00000012        2
  1884.45006554     1.00007226        2
  1884.47049725     1.00038229        2
  1884.49092876     0.99999388        2
  1884.51136038     0.99994088        2
  1884.53179209     1.00011240        2
  1884.55222360     0.99988705        2
  1884.57265521     0.99999532        2
  1884.59308692     0.99981575        2
  1884.61351843     0.99992863        2
  1884.63395014     0.99997710        2
  1884.67481327     0.99977190        2
  1884.69524498     0.99972367        2
  1884.71567659     0.99987231        2
  1884.73610820     1.00007958        2
  1884.75653981     1.00018998        2
  1884.77697143     0.99998254        2
  1884.79740304     0.99982755        2
  1884.81783465     0.99992213        2
  1884.83826626     1.00008635        2
  1884.85869788     1.00004424        2
  1884.87912949     1.00023641        2
  1884.91999271     1.00015039        2
  1884.94042432     0.99963210        2
  1884.96085594     0.99990092        2
  1884.98128765     0.99988753        2
  1885.00171916     0.99988450        2
  1885.02215088     0.99962575        2
  1885.04258249     1.00005947        2
  1885.06301400     0.99990356        2
  1885.08344571     1.00008821        2
  1885.10387733     0.99997043        2
  1885.12430884     1.00008293        2
  1885.16517217     0.99006383        2
  1885.18560368     0.99964511        2
  1885.20603539     1.00023104        2
  1885.22646701     0.99981246        2
  1885.24689872     0.99988441        2
  1885.26733023     1.00000970        2
  1885.28776185     0.99980626        2
  1885.30819356     1.00041807        2
  1885.32862507     0.99968047        2
  1885.34905669     0.99992145        2
  1885.36948840     1.00020556        2
  1885.43078324     0.99961749        2
  1885.45121486     0.99989570        2
  1885.47164647     1.00047224        2
  1885.49207809     0.99995006        2
  1885.51250970     0.99996026        2
  1885.53294131     0.99977965        2
  1885.55337293     0.99982940        2
  1885.57380444     1.00012833        2
  1885.59423616     0.99995768        2
  1885.61466777     0.99935155        2
  1885.65553100     0.99998621        2
  1885.67596262     1.00010721        2
  1885.69639433     0.99996505        2
  1885.71682585     1.00013803        2
  1885.73725746     1.00011566        2
  1885.75768918     1.00025776        2
  1885.77812069     0.99974053        2
  1885.79855231     0.99971458        2
  1885.81898402     0.99995482        2
  1885.83941554     1.00008903        2
  1885.85984725     0.99990826        2
  1885.90071039     1.00011791        2
  1885.92114210     1.00027886        2
  1885.94157372     0.99977465        2
  1885.96200533     0.99978333        2
  1885.98243695     0.99975465        2
  1886.00286857     1.00015604        2
  1886.02330018     1.00031723        2
  1886.04373180     1.00015360        2
  1886.06416341     0.99973261        2
  1886.08459513     0.99976053        2
  1886.10502675     0.99946649        2
  1886.16632160     0.99970020        2
  1886.18675311     1.00002615        2
  1886.20718483     1.00011118        2
  1886.22761635     1.00037300        2
  1886.24804806     0.99995365        2
  1886.26847968     1.00007103        2
  1886.28891120     1.00016831        2
  1886.30934292     1.00008725        2
  1886.32977453     1.00008723        2
  1886.35020605     0.99970417        2
  1886.39106939     1.00017338        2
  1886.41150090     1.00009368        2
  1886.43193262     1.00014845        2
  1886.45236424     0.99973553        2
  1886.47279596     0.99978359        2
  1886.49322747     0.99962335        2
  1886.51365909     0.99988219        2
  1886.53409081     1.00021874        2
  1886.63624890     0.99984731        2
  1886.65668052     1.00001916        2
  1886.67711214     1.00008387        2
  1886.69754376     0.99997837        2
  1886.71797538     0.99994149        2
  1886.73840700     1.00023550        2
  1886.75883871     0.99944909        2
  1886.88142833     1.00000955        2
  1886.90185995     1.00031017        2
  1886.92229167     0.99972099        2
  1886.94272319     1.00003309        2
  1886.96315481     0.99990793        2
  1886.98358653     1.00003034        2
  1887.00401805     0.99966776        2
  1887.12660787     1.00038770        2
  1887.14703949     1.00035067        2
  1887.16747111     1.00021223        2
  1887.18790273     1.00008622        2
  1887.20833435     0.99987244        2
  1887.22876597     0.99997714        2
  1887.24919770     1.00024062        2
  1887.26962922     1.00011445        2
  1887.29006084     1.00004314        2
  1887.31049256     0.99988064        2
  1887.33092418     1.00034826        2
  1887.37178742     1.00031977        2
  1887.39221905     1.00008600        2
  1887.41265057     0.99984925        2
  1887.43308229     1.00027202        2
  1887.45351391     0.99982444        2
  1887.47394553     1.00038807        2
  1887.49437715     1.00006952        2
  1887.51480878     1.00012237        2
  1887.53524050     0.99984336        2
  1887.55567202     0.99981178        2
  1887.57610364     1.00018636        2
  1887.61696689     1.00028938        2
  1887.63739861     1.00017818        2
  1887.65783014     0.99967194        2
  1887.67826176     0.99975217        2
  1887.69869348     0.99983731        2
  1887.71912500     0.99961048        2
  1887.73955663     0.99977601        2
  1887.75998835     1.00057300        2
  1887.78041987     0.99996092        2
  1887.80085150     0.99993464        2
  1887.86214647     1.00026401        2
  1887.88257809     1.00033679        2
  1887.90300972     1.00008730        2
  1887.92344134     0.99985311        2
  1887.94387296     1.00031222        2
  1887.96430459     0.99992954        2
  1887.98473631     0.99992826        2
  1891.04948189     1.00026822        3
  1891.06991353     1.00025417        3
  1891.09034527     1.00029043        3
  1891.11077682     1.00002233        3
  1891.13120846     0.99966205        3
  1891.15164020     0.99978435        3
  1891.17207174     1.00024009        3
  1891.19250348     0.99990946        3
  1891.21293513     0.99999329        3
  1891.23336667     0.99951787        3
  1891.25379841     1.00009270        3
  1891.29466160     0.99987111        3
  1891.31509334     1.00027097        3
  1891.33552498     0.99984998        3
  1891.35595673     1.00022040        3
  1891.37638827     0.99997756        3
  1891.39681992     1.00029119        3
  1891.41725166     1.00001984        3
  1891.43768320     1.00000479        3
  1891.45811485     0.99997079        3
  1891.47854659     0.99973704        3
  1891.49897824     1.00018968        3
  1891.53984152     0.99986928        3
  1891.56027307     0.99983332        3
  1891.58070481     0.99991141        3
  1891.60113646     0.99990091        3
  1891.62156800     1.00009083        3
  1891.64199975     1.00007066        3
  1891.66243139     0.99992580        3
  1891.68286294     0.99983056        3
  1891.70329469     0.99992365        3
  1891.72372633     1.00019387        3
  1891.74415808     0.99968930        3
  1891.78502127     1.00051536        3
  1891.80545302     1.00007268        3
  1891.82588456     1.00016556        3
  1891.84631621     1.00013511        3
  1891.86674796     1.00018560        3
  1891.88717950     1.00012456        3
  1891.90761115     1.00006040        3
  1891.92804290     1.00015953        3
  1891.94847444     0.99989129        3
  1891.96890619     0.99992874        3
  1891.98933784     0.99973516        3
  1892.03020113     0.99994373        3
  1892.05063278     0.99991703        3
  1892.07106443     0.99997677        3
  1892.09149608     0.99994662        3
  1892.11192773     1.00000138        3
  1892.13235948     1.00012518        3
  1892.15279113     0.99979377        3
  1892.17322267     1.00000215        3
  1892.19365442     1.00037877        3
  1892.21408597     1.00005185        3
  1892.23451762     1.00011288        3
  1892.27538092     1.00026855        3
  1892.29581267     1.00014119        3
  1892.31624432     1.00018612        3
  1892.33667587     1.00032397        3
  1892.35710762     1.00021073        3
  1892.37753927     0.99975706        3
  1892.39797082     0.99996751        3
  1892.41840257     1.00026432        3
  1892.43883422     0.99997205        3
  1892.45926577     0.99985985        3
  1892.47969752     1.00013352        3
  1892.52056093     1.00020531        3
  1892.54099248     1.00002030        3
  1892.56142413     0.99982367        3
  1892.58185588     0.99989931        3
  1892.60228743     1.00016022        3
  1892.62271909     1.00025166        3
  1892.64315084     0.99997171        3
  1892.66358249     1.00007406        3
  1892.84746737     1.00023378        3
  1892.86789912     0.99988694        3
  1892.88833068     0.99985209        3
  1892.90876243     1.00023326        3
  1892.92919398     0.99970645        3
  1892.94962564     1.00006823        3
  1892.97005739     0.99994773        3
  1893.01092060     0.99659064        3
  1893.03135236     1.00002338        3
  1893.05178391     1.00031355        3
  1893.07221567     1.00011056        3
  1893.09264732     0.99957742        3
  1893.11307888     0.99939079        3
  1893.13351063     0.99996412        3
  1893.15394229     0.99997186        3
  1893.17437385     0.99955014        3
  1893.19480560     0.99978768        3
  1893.21523726     0.99995137        3
  1893.33782720     1.00020470        3
  1893.35825896     1.00022096        3
  1893.37869062     1.00032969        3
  1893.39912217     0.99988251        3
  1893.41955393     0.99949956        3
  1893.43998559     1.00001737        3
  1893.46041735     1.00011463        3
  1893.50128057     1.00002604        3
  1893.52171232     0.99979512        3
  1893.54214388     1.00004911        3
  1893.56257544     0.99982343        3
  1893.58300720     0.99988121        3
  1893.60343886     0.99978777        3
  1893.62387062     0.99991102        3
  1893.64430218     1.00002775        3
  1893.66473384     1.00010919        3
  1893.68516560     1.00007453        3
  1893.70559716     1.00001770        3
  1893.74646058     0.99983871        3
  1893.76689214     1.00000322        3
  1893.78732380     1.00013480        3
  1893.80775556     1.00005852        3
  1893.82818712     1.00036781        3
  1893.84861888     1.00013964        3
  1893.86905055     1.00011402        3
  1893.88948221     0.99986116        3
  1893.90991387     1.00009046        3
  1893.93034553     0.99963854        3
  1893.95077719     0.99993179        3
  1894.03250394     0.99998411        3
  1894.05293551     0.99962264        3
  1894.07336727     0.99991410        3
  1894.09379893     1.00019568        3
  1894.11423050     0.99991324        3
  1894.13466226     1.00020597        3
  1894.15509392     0.99997326        3
  1894.17552559     0.99996458        3
  1894.19595725     0.99970425        3
  1894.23682058     0.99982941        3
  1894.25725224     1.00020283        3
  1894.27768381     0.99995427        3
  1894.29811557     1.00022255        3
  1894.31854724     0.99997219        3
  1894.33897880     1.00000000        3
  1894.35941057     1.00017220        3
  1894.37984223     1.00016291        3
  1894.40027400     1.00004280        3
  1894.42070557     1.00017600        3
  1894.44113723     0.99985034        3
  1894.48200056     1.00009778        3
  1894.50243223     1.00009888        3
  1894.52286400     1.00016903        3
  1894.54329566     1.00050173        3
  1894.56372733     1.00020712        3
  1894.58415900     1.00012274        3
  1894.60459066     1.00023622        3
  1894.62502233     1.00017022        3
  1894.72718067     0.99968060        3
  1894.74761244     1.00025682        3
  1894.76804401     0.99987924        3
  1894.78847578     1.00000219        3
  1894.80890745     1.00007853        3
  1894.82933902     1.00002870        3
  1894.84977079     0.99982940        3
  1894.87020236     1.00028558        3
  1894.97236081     0.99719392        3
  1894.99279238     0.99941130        3
  1895.01322415     0.99996511        3
  1895.03365582     1.00028764        3
  1895.05408749     1.00190788        3
  1895.07451916     1.00008286        3
  1895.09495083     1.00002684        3
  1895.11538260     0.99983134        3
  1895.13581417     0.99956869        3
  1895.15624585     1.00030168        3
  1895.17667762     0.99996269        3
  1895.21754086     0.99905194        3
  1895.23797264     0.99946824        3
  1895.25840431     0.99983378        3
  1895.27883588     0.99987633        3
  1895.29926765     0.99989329        3
  1895.31969933     1.00016953        3
  1895.34013110     0.99981261        3
  1895.36056267     1.00006091        3
  1895.38099435     1.00005883        3
  1895.40142612     0.99974791        3
  1895.42185770     0.99997594        3
  1895.46272115     0.99910627        3
  1895.48315272     1.00006573        3
  1895.50358450     1.00012620        3
  1895.52401607     0.99976815        3
  1895.54444775     0.99973229        3
  1895.56487952     0.99989682        3
  1895.58531110     0.99966099        3
  1895.60574277     1.00006832        3
  1895.62617455     0.99964753        3
  1895.64660612     0.99987638        3
  1895.66703790     1.00037380        3
  1895.70790125     0.99996697        3
  1895.72833293     1.00008454        3
  1895.74876461     0.99987237        3
  1895.76919629     1.00030039        3
  1895.78962796     0.99998221        3
  1895.81005964     1.00013458        3
  1895.83049132     1.00002582        3
  1895.85092310     1.00009454        3
  1895.87135467     1.00000471        3
  1895.89178645     1.00029059        3
  1895.91221813     1.00011817        3
  1895.97351317     1.00010137        3
  1895.99394475     1.00041784        3
  1896.01437653     0.99979643        3
  1896.03480821     0.99998910        3
  1896.05523999     1.00016784        3
  1896.07567157     1.00023099        3
  1896.09610325     0.99965742        3
  1896.11653493     0.99985270        3
  1896.13696661     1.00001532        3
  1896.15739829     1.00010870        3
  1896.19826165     1.00030541        3
  1896.21869343     1.00003093        3
  1896.23912501     1.00012887        3
  1896.25955669     0.99990073        3
  1896.27998847     0.99975272        3
  1896.30042006     1.00023534        3
  1896.32085174     1.00001934        3
  1896.34128352     0.99995105        3
  1896.36171510     1.00032812        3
  1896.38214679     0.99961327        3
  1896.50473699     1.00017978        3
  1896.52516867     0.99967948        3
  1896.54560035     1.00014618        3
  1896.56603214     0.99983183        3
  1896.58646372     0.99997756        3
  1896.60689551     1.00024434        3
  1896.62732719     1.00008759        3
  1896.64775878     0.99980184        3
  1896.68862225     0.99977606        3
  1896.70905383     0.99999274        3
  1896.72948562     1.00030040        3
  1896.74991731     1.00024220        3
  1896.77034899     1.00002606        3
  1896.79078068     0.99981174        3
  1896.81121237     1.00024801        3
  1896.83164405     0.99994289        3
  1896.85207574     1.00007834        3
  1896.87250743     1.00005397        3
  1896.89293911     0.99986218        3
  1896.93380249     0.99970240        3
  1896.95423418     1.00010555        3
  1896.97466587     0.99996328        3
  1896.99509765     0.99966119        3
  1897.01552924     0.99932779        3
  1897.03596093     0.99927013        3
  1897.05639272     0.99990223        3
  1897.07682441     0.99991140        3
  1897.09725600     0.99998431        3
  1897.11768779     0.99999798        3
  1897.13811948     1.00018893        3
  1897.17898286     0.99983285        3
  1897.19941455     1.00008442        3
  1897.21984634     1.00032688        3
  1897.24027793     1.00013628        3
  1897.26070962     1.00002876        3
  1897.28114141     0.99953950        3
  1897.30157300     0.99951005        3
  1897.32200480     1.00020244        3
  1897.34243649     0.99992361        3
  1897.36286808     0.99979912        3
  1897.38329987     0.99996461        3
  1897.42416316     0.99988168        3
  1897.44459495     0.99997451        3
  1897.46502664     1.00049454        3
  1897.48545843     0.99989674        3
  1897.50589003     0.99990806        3
  1897.52632162     0.99994679        3
  1897.54675341     1.00007311        3
  1897.56718511     0.99998359        3
  1897.58761680     0.99999908        3
  1897.60804850     1.00036952        3
  1897.62848019     0.99955705        3
  1897.77150216     0.99975077        3
  1897.79193385     1.00062502        3
  1897.81236545     0.99995846        3
  1897.83279725     0.99979928        3
  1897.85322894     0.99977380        3
  1897.87366074     0.99978175        3
  1897.93495583     0.99982462        3
  1897.95538743     1.00001182        3
  1897.97581913     1.00008013        3
  1897.99625093     0.99959430        3
  1898.01668252     1.00005098        4
  1898.03711432     0.99972921        4
  1898.05754602     1.00021134        4
  1898.07797762     0.99982362        4
  1898.09840942     1.00000676        4
  1898.11884112     1.00041462        4
  1898.15970452     1.00006063        4
  1898.18013612     1.00009200        4
  1898.20056792     0.99986217        4
  1898.22099962     0.99993833        4
  1898.24143122     1.00017441        4
  1898.26186302     0.99989631        4
  1898.28229472     1.00009006        4
  1898.30272642     1.00002541        4
  1898.32315812     0.99991000        4
  1898.34358982     1.00004188        4
  1898.40488493     0.99978825        4
  1898.42531673     0.99982681        4
  1898.44574844     1.00020339        4
  1898.46618004     1.00008308        4
  1898.48661184     1.00005847        4
  1898.50704354     1.00035440        4
  1898.52747515     1.00017896        4
  1898.54790695     1.00002942        4
  1898.56833866     1.00010332        4
  1898.58877046     0.99983609        4
  1898.60920206     0.99973379        4
  1898.65006557     0.99978773        4
  1898.67049718     0.99989033        4
  1898.69092888     1.00001140        4
  1898.71136069     1.00012571        4
  1898.73179229     1.00019542        4
  1898.75222410     1.00001615        4
  1898.77265581     0.99974390        4
  1898.79308741     1.00016661        4
  1898.81351922     1.00025443        4
  1898.83395082     1.00004860        4
  1898.85438253     0.99997003        4
  1898.89524595     0.99936864        4
  1898.91567765     0.99962957        4
  1898.93610946     0.99975225        4
  1898.95654117     1.00017738        4
  1898.97697288     0.99998147        4
  1898.99740458     1.00010002        4
  1899.01783629     0.99968302        4
  1899.03826800     1.00008565        4
  1899.05869971     1.00003876        4
  1899.07913142     0.99988669        4
  1899.09956323     0.99992920        4
  1899.14042665     0.99969863        4
  1899.16085836     0.99923550        4
  1899.18128997     1.00000806        4
  1899.20172178     0.99998461        4
  1899.22215349     1.00020681        4
  1899.24258510     0.99999355        4
  1899.26301691     1.00001907        4
  1899.28344862     1.00057132        4
  1899.30388043     1.00000306        4
  1899.32431205     0.99992064        4
  1899.34474376     1.00004103        4
  1899.38560718     0.99961078        4
  1899.40603890     0.99972013        4
  1899.42647071     1.00003121        4
  1899.44690232     1.00013254        4
  1899.46733413     1.00035193        4
  1899.48776575     1.00007277        4
  1899.50819746     1.00002822        4
  1899.52862928     1.00019188        4
  1899.54906089     0.99992243        4
  1899.56949260     0.99988636        4
  1899.58992442     1.00016471        4
  1899.63078775     1.00011942        4
  1899.65121956     0.99972329        4
  1899.67165128     0.99997460        4
  1899.69208299     0.99999505        4
  1899.71251471     1.00013843        4
  1899.73294643     1.00015232        4
  1899.75337824     1.00002217        4
  1899.77380986     0.99965330        4
  1899.79424158     1.00037367        4
  1899.81467339     1.00027663        4
  1899.83510501     0.99978895        4
  1899.89640016     0.99964244        4
  1899.91683198     1.00013088        4
  1899.93726370     0.99993469        4
  1899.95769532     1.00001663        4
  1899.97812714     0.99996392        4
  1899.99855886     0.99972615        4
  1900.01899067     1.00006710        4
  1900.03942229     0.99992536        4
  1900.05985401     1.00003297        4
  1900.08028573     1.00038623        4
  1900.12114917     1.00013365        4
  1900.14158089     1.00006551        4
  1900.16201262     0.99993545        4
  1900.18244444     0.99966039        4
  1900.20287606     0.99979115        4
  1900.22330778     0.99994332        4
  1900.24373960     0.99968714        4
  1900.26417122     0.99998559        4
  1900.28460294     1.00018207        4
  1900.30503477     1.00000624        4
  1900.32546649     1.00056436        4
  1900.36632994     1.00002688        4
  1900.38676166     1.00020956        4
  1900.40719348     0.99965632        4
  1900.42762511     1.00007544        4
  1900.44805683     1.00031098        4
  1900.46848865     0.99999340        4
  1900.48892028     1.00006422        4
  1900.50935200     1.00012408        4
  1900.52978383     0.99995298        4
  1900.55021545     0.99987186        4
  1900.57064728     0.99985853        4
  1900.61151063     0.99993456        4
  1900.63194246     0.99992892        4
  1900.65237418     1.00012058        4
  1900.67280581     1.00005932        4
  1900.69323763     1.00006920        4
  1900.71366936     1.00022429        4
  1900.85669146     0.99977138        4
  1900.87712319     0.99960350        4
  1900.89755501     0.99945515        4
  1900.91798674     0.99992009        4
  1900.93841837     0.99943811        4
  1900.95885020     1.00020947        4
  1900.97928193     0.99993583        4
  1900.99971356     0.99992754        4
  1901.02014539     0.99990004        4
  1901.04057712     1.00017318        4
  1901.06100875     1.00028624        4
  1901.10187232     1.00022775        4
  1901.12230415     0.99998213        4
  1901.14273578     0.99952452        4
  1901.16316751     0.99953082        4
  1901.18359934     1.00007766        4
  1901.20403098     1.00007562        4
  1901.22446271     1.00000303        4
  1901.24489454     0.99985855        4
  1901.26532618     0.99986704        4
  1901.28575801     0.99982130        4
  1901.30618974     0.99985311        4
  1901.36748495     0.99965860        4
  1901.38791668     0.99910410        4
  1901.40834841     1.00035706        4
  1901.42878015     1.00042817        4
  1901.44921189     1.00010996        4
  1901.46964362     0.99989538        4
  1901.49007536     1.00000000        4
  1901.51050709     0.99998643        4
  1901.53093883     0.99985388        4
  1901.55137057     0.99989164        4
  1901.59223404     0.99971054        4
  1901.61266588     1.00002224        4
  1901.63309761     0.99996983        4
  1901.65352925     0.99994615        4
  1901.67396109     1.00003817        4
  1901.69439283     1.00035081        4
  1901.71482447     0.99988744        4
  1901.73525630     1.00023745        4
  1901.75568804     1.00015629        4
  1901.77611968     0.99994069        4
  1901.79655152     1.00010980        4
  1901.83741510     0.99980377        4
  1901.85784674     0.99992222        4
  1901.87827848     0.99991003        4
  1901.89871032     1.00008050        4
  1901.91914196     1.00007352        4
  1901.93957370     0.99986679        4
  1901.96000555     1.00039419        4
  1901.98043719     1.00009868        4
  1902.00086903     1.00031058        4
  1902.02130077     1.00024182        4
  1902.08259600     0.99993772        4
  1902.10302764     1.00022317        4
  1902.12345949     1.00033517        4
  1902.14389123     1.00031218        4
  1902.16432297     1.00034418        4
  1902.18475472     1.00015044        4
  1902.20518646     0.99976275        4
  1902.22561821     0.99993700        4
  1902.24604995     1.00015313        4
  1902.26648170     1.00012231        4
  1902.28691354     0.99980133        4
  1902.32777693     1.00023618        4
  1902.34820878     0.99956743        4
  1902.36864042     1.00007576        4
  1902.38907227     1.00006888        4
  1902.40950402     1.00013889        4
  1902.42993566     0.99987662        4
  1902.45036751     0.99985823        4
  1902.57295800     0.99990038        4
  1902.59338975     1.00001394        4
  1902.61382160     1.00016650        4
  1902.63425325     1.00013475        4
  1902.65468500     1.00023226        4
  1902.67511685     0.99986991        4
  1902.69554850     0.99981162        4
  1902.71598035     1.00002227        4
  1902.73641210     1.00004494        4
  1902.75684375     0.99983148        4
  1902.77727560     0.99986367        4
  1902.81813910     0.99462442        4
  1902.83857086     0.99971530        4
  1902.85900261     1.00028439        4
  1902.87943426     0.99968811        4
  1902.89986611     0.99982495        4
  1902.92029787     0.99983475        4
  1902.94072972     0.99935077        4
  1902.96116137     0.99965280        4
  1902.98159313     0.99996367        4
  1903.00202498     1.00006454        4
  1903.02245664     0.99916472        4
  1903.20634243     1.00021805        4
  1903.22677429     1.00044055        4
  1903.24720605     1.00019372        4
  1903.26763791     0.99993613        4
  1903.30850132     0.99967679        4
  1903.32893318     1.00035844        4
  1903.34936484     1.00030520        4
  1903.36979660     1.00019662        4
  1903.39022845     0.99960989        4
  1903.41066021     0.99983254        4
  1903.43109197     0.99955184        4
  1903.45152363     1.00024089        4
  1903.47195539     0.99984518        4
  1903.49238725     0.99986285        4
  1903.51281901     0.99979285        4
  1903.55368253     1.00034328        4
  1903.57411430     0.99978893        4
  1903.59454596     1.00005494        4
  1903.61497782     0.99989286        4
  1903.63540958     1.00025078        4
  1903.65584144     0.99999618        4
  1903.67627311     0.99996519        4
  1903.69670487     0.99972227        4
  1903.71713673     0.99966113        4
  1903.73756839     0.99986591        4
  1903.75800016     1.00006371        4
  1903.81929555     1.00000646        4
  1903.83972731     1.00023651        4
  1903.86015898     1.00028675        4
  1903.88059084     1.00035260        4
  1903.90102261     1.00018102        4
  1903.92145427     1.00062701        4
  1903.94188614     0.99996722        4
  1903.96231791     1.00000525        4
  1903.98274977     1.00011522        4
  1904.00318144     0.99999640        4
  1904.04404497     0.99982597        4
  1904.06447684     1.00004922        4
  1904.08490851     1.00005290        4
  1904.10534028     0.99992590        4
  1904.12577204     0.99993562        4
  1904.14620381     0.99968583        4
  1904.16663568     0.99986828        4
  1904.18706735     0.99981392        4
  1904.20749922     0.99976098        4
  1904.22793099     0.99938563        4
  1904.24836266     0.99999240        4
  1904.30965797     1.00081018        4
  1904.33008984     1.00050435        4
  1904.35052161     0.99985841        4
  1904.37095348     0.99996082        4
  1904.39138516     1.00029804        4
  1904.41181693     0.99994032        4
  1904.43224880     0.99964334        4
  1904.45268047     0.99996105        4
  1904.47311224     0.99988096        4
  1904.49354412     1.00012016        4
  1904.61613476     1.00006937        4
  1904.63656654     1.00002069        4
  1904.65699831     1.00007850        4
  1904.67743009     1.00028648        4
  1904.69786186     1.00011901        4
  1904.71829364     1.00009874        4
  1904.73872541     0.99999907        4
  1904.77958897     0.99969983        4
  1904.80002074     0.99967109        4
  1904.82045262     0.99967031        4
  1904.84088430     0.99978001        4
  1904.86131608     0.99993048        4
  1904.88174796     1.00010308        4
  1905.04520219     1.00013189        4
  1905.06563397     1.00011698        4
  1905.08606585     0.99986312        4
  1905.10649753     1.00011321        4
  1905.12692931     1.00010714        4
  1905.14736120     0.99983972        4
  1905.16779288     0.99961468        4
  1905.18822466     1.00012218        4
