  1835.65905946     1.00068197        0
  1835.67949162     1.00018761        0
  1835.80208453     0.99944475        0
  1835.82251678     1.00000508        0
  1835.84294883     0.99972387        0
  1835.86338098     0.99998189        0
  1835.88381323     0.99995554        0
  1835.90424528     1.00004741        0
  1835.92467743     1.00000000        0
  1835.94510968     1.00013569        0
  1835.96554172     0.99995429        0
  1835.98597387     0.99989338        0
  1836.00640612     0.99987702        0
  1836.02683816     0.99977810        0
  1836.04727031     1.00047005        0
  1836.06770255     0.99971720        0
  1836.08813460     1.00007702        0
  1836.10856674     1.00036814        0
  1836.12899898     1.00002747        0
  1836.14943113     0.99991457        0
  1836.16986317     0.99990613        0
  1836.19029541     0.99978186        0
  1836.21072755     1.00021636        0
  1836.23115979     1.00013576        0
  1836.25159183     0.99982579        0
  1836.27202397     1.00000602        0
  1836.31288825     0.99991128        0
  1836.33332039     1.00007264        0
  1836.35375263     0.99985062        0
  1836.37418467     0.99999926        0
  1836.39461680     0.99995909        0
  1836.41504894     1.00018263        0
  1836.43548107     1.00016383        0
  1836.45591321     0.99971224        0
  1836.47634534     1.00018682        0
  1836.49677748     1.00017259        0
  1836.51720961     0.99991162        0
  1836.53764175     1.00000356        0
  1836.55807388     1.00035146        0
  1836.57850601     1.00006388        0
  1836.59893824     0.99996010        0
  1836.61937028     1.00001454        0
  1836.63980241     0.99994817        0
  1836.66023464     1.00010812        0
  1836.68066667     0.99995862        0
  1836.70109880     1.00003722        0
  1836.72153103     1.00002943        0
  1836.74196306     0.99996140        0
  1836.76239518     1.00007453        0
  1836.78282741     1.00000038        0
  1836.80325944     1.00029813        0
  1836.82369166     0.99982745        0
  1836.84412379     0.99994079        0
  1836.86455582     0.99987032        0
  1836.88498804     0.99961236        0
  1836.90542017     1.00011245        0
  1836.92585219     1.00008929        0
  1836.94628441     1.00005541        0
  1836.96671654     0.99992765        0
  1836.98714866     0.99990574        0
  1837.00758078     0.99899316        0
  1837.02801290     1.00049907        0
  1837.08930927     1.00012288        0
  1837.10974139     0.99988681        0
  1837.13017351     1.00013413        0
  1837.15060563     0.99986351        0
  1837.17103774     1.00008927        0
  1837.19146986     1.00012370        0
  1837.21190198     0.99979767        0
  1837.23233410     1.00031332        0
  1837.25276621     0.99994384        0
  1837.27319833     0.99972832        0
  1837.29363035     0.99992192        0
  1837.31406256     1.00004935        0
  1837.33449468     0.99963352        0
  1837.35492679     0.99996509        0
  1837.37535890     0.99981484        0
  1837.39579102     1.00012715        0
  1837.41622313     1.00030131        0
  1837.43665534     0.99996406        0
  1837.45708735     1.00001977        0
  1837.47751956     1.00023426        0
  1837.49795167     0.99974638        0
  1837.51838369     0.99966776        0
  1837.53881589     0.99974819        0
  1837.55924800     0.99974875        0
  1837.57968001     0.99981021        0
  1837.60011222     1.00006917        0
  1837.62054433     1.00008093        0
  1837.64097634     0.99999591        0
  1837.66140854     1.00012341        0
  1837.68184065     1.00035380        0
  1837.70227266     1.00016299        0
  1837.72270486     0.99997064        0
  1837.74313697     0.99984367        0
  1837.76356897     0.99998195        0
  1837.78400118     0.99981861        0
  1837.80443328     0.99981995        0
  1837.82486538     1.00003493        0
  1837.84529749     0.99975682        0
  1837.86572959     0.99995588        0
  1837.88616159     0.99988266        0
  1837.90659379     0.99986039        0
  1837.92702589     0.99994577        0
  1837.94745799     1.00017965        0
  1837.96789009     1.00010409        0
  1837.98832219     1.00006945        0
  1838.00875419     1.00033227        0
  1838.02918639     1.00037612        0
  1838.04961849     1.00007160        0
  1838.07005068     0.99995926        0
  1838.09048268     1.00005617        0
  1838.11091478     1.00062921        0
  1838.13134697     1.00015379        0
  1838.15177897     0.99980257        0
  1838.17221106     0.99993967        0
  1838.19264326     0.99998442        0
  1838.21307525     1.00013988        0
  1838.29480363     1.00017929        0
  1838.31523582     1.00006160        0
  1838.33566791     0.99978114        0
  1838.35609990     0.99993651        0
  1838.37653209     0.99970623        0
  1838.39696418     0.99999106        0
  1838.41739617     0.99997657        0
  1838.43782836     1.00046992        0
  1838.45826045     0.99989789        0
  1838.47869243     1.00022880        0
  1838.49912462     1.00009007        0
  1838.51955671     1.00014587        0
  1838.53998870     1.00005262        0
  1838.56042088     1.00055198        0
  1838.58085297     0.99971917        0
  1838.60128495     1.00016328        0
  1838.62171714     0.99994154        0
  1838.64214922     0.99995806        0
  1838.66258121     0.99973741        0
  1838.68301339     0.99986507        0
  1838.70344547     1.00005396        0
  1838.72387756     1.00005763        0
  1838.74430964     0.99986988        0
  1838.76474172     0.99999663        0
  1838.78517380     1.00008747        0
  1838.80560588     0.99991860        0
  1838.82603796     1.00020231        0
  1838.84647014     0.99988825        0
  1838.86690212     1.00011973        0
  1838.88733420     0.99979349        0
  1838.90776638     1.00002279        0
  1838.92819835     1.00003414        0
  1838.94863043     0.99981313        0
  1838.96906261     0.99867987        0
  1838.98949459     1.00053726        0
  1839.05079081     0.99988246        0
  1839.07122289     0.99986652        0
  1839.09165506     0.99963376        0
  1839.11208713     0.99981549        0
  1839.13251911     1.00002482        0
  1839.15295128     1.00004926        0
  1839.17338335     0.99995729        0
  1839.19381532     1.00013954        0
  1839.21424750     0.99972206        0
  1839.23467957     1.00002543        0
  1839.25511154     0.99921464        0
  1839.27554371     0.99979083        0
  1839.29597578     1.00011135        0
  1839.31640795     1.00009525        0
  1839.33683991     0.99983619        0
  1839.35727198     0.99981970        0
  1839.37770405     1.00008444        0
  1839.39813612     0.99989386        0
  1839.41856808     1.00007877        0
  1839.43900025     1.00004628        0
  1839.45943232     1.00044107        0
  1839.47986428     1.00002117        0
  1839.50029645     0.99988098        0
  1839.52072851     1.00008136        0
  1839.54116057     1.00013109        0
  1839.56159264     0.99945249        0
  1839.58202470     1.00008827        0
  1839.60245676     0.99996282        0
  1839.62288883     0.99971537        0
  1839.64332089     0.99983350        0
  1839.72504913     0.99904100        0
  1839.74548129     1.00004735        0
  1839.76591325     0.99985588        0
  1839.78634531     1.00005851        0
  1839.80677746     1.00013363        0
  1839.82720942     1.00005172        0
  1839.84764148     1.00009012        0
  1839.86807364     1.00000840        0
  1839.88850559     0.99985135        0
  1839.90893765     0.99997281        0
  1839.92936980     0.99987153        0
  1839.94980186     1.00005539        0
  1839.97023391     0.99987367        0
  1839.99066597     1.00006578        0
  1840.01109802     1.00004510        0
  1840.27671467     1.00026036        0
  1840.31757867     1.00004250        0
  1840.33801082     0.99993777        0
  1840.35844286     1.00000455        0
  1840.37887491     1.00021840        0
  1840.39930695     1.00010077        0
  1840.41973900     1.00005722        0
  1840.44017104     1.00013917        0
  1840.46060308     1.00005290        0
  1840.48103513     1.00036201        0
  1840.50146717     0.99977277        0
  1840.52189931     0.99982839        0
  1840.54233125     0.99984431        0
  1840.56276340     0.99997949        0
  1840.58319544     1.00004035        0
  1840.60362738     0.99999837        0
  1840.62405952     0.99977470        0
  1840.64449156     0.99983360        0
  1840.66492350     1.00000661        0
  1840.68535563     1.00004373        0
  1840.70578767     1.00086035        0
  1840.72621961     0.99971771        0
  1840.74665175     0.99987451        0
  1840.76708378     0.99993411        0
  1840.78751582     1.00040978        0
  1840.80794786     1.00003005        0
  1840.82837979     0.99992868        0
  1840.84881193     0.99969730        0
  1840.86924396     0.99991286        0
  1840.88967600     1.00017567        0
  1840.91010793     0.99996852        0
  1840.93054006     1.00010093        0
  1840.95097210     0.99997839        0
  1840.97140403     1.00031124        0
  1840.99183616     1.00008209        0
  1872.00727355     1.00006785        1
  1872.02770518     0.99978800        1
  1872.04813680     1.00020884        1
  1872.06856842     1.00003847        1
  1872.08900004     0.99979358        1
  1872.10943166     1.00034917        1
  1872.12986338     0.99990849        1
  1872.17072652     0.99985795        1
  1872.19115824     0.99998502        1
  1872.21158986     1.00028560        1
  1872.23202138     0.99987929        1
  1872.25245310     0.99991289        1
  1872.27288472     0.99965549        1
  1872.29331624     0.99987221        1
  1872.31374796     1.00002721        1
  1872.33417958     1.00003183        1
  1872.35461110     0.99997724        1
  1872.37504282     1.00012180        1
  1872.41590616     0.99989281        1
  1872.43633768     0.99964467        1
  1872.45676930     0.99911141        1
  1872.47720101     0.99989116        1
  1872.49763253     0.99973774        1
  1872.51806415     0.99978485        1
  1872.53849587     0.99988220        1
  1872.55892739     0.99990088        1
  1872.57935901     0.99988362        1
  1872.59979073     1.00001895        1
  1872.62022225     0.99973501        1
  1872.66108558     0.99996207        1
  1872.68151710     1.00022027        1
  1872.70194882     1.00018358        1
  1872.72238044     1.00022893        1
  1872.74281195     1.00014483        1
  1872.76324367     1.00022073        1
  1872.78367529     1.00017405        1
  1872.80410681     1.00009293        1
  1872.82453853     1.00020373        1
  1872.84497014     1.00002414        1
  1872.86540166     1.00009150        1
  1872.90626500     1.00017441        1
  1872.92669651     1.00027386        1
  1872.94712823     0.99982597        1
  1872.96755985     0.99997840        1
  1872.98799156     1.00005542        1
  1873.00842308     0.99973926        1
  1873.02885470     1.00038325        1
  1873.04928641     1.00002254        1
  1873.06971793     1.00015316        1
  1873.09014955     1.00007796        1
  1873.11058126     1.00016224        1
  1873.15144440     0.99985227        1
  1873.17187611     0.99997775        1
  1873.19230773     1.00001229        1
  1873.21273935     0.99974056        1
  1873.23317096     0.99992375        1
  1873.25360258     1.00006949        1
  1873.27403419     1.00015886        1
  1873.29446581     0.99981747        1
  1873.31489742     0.99993691        1
  1873.33532904     0.99998797        1
  1873.35576066     0.99972026        1
  1873.39662389     0.99842203        1
  1873.41705550     0.99993286        1
  1873.43748702     1.00011947        1
  1873.45791873     1.00003763        1
  1873.47835035     1.00009399        1
  1873.49878206     1.00012290        1
  1873.51921358     1.00024916        1
  1873.53964519     1.00021915        1
  1873.56007691     1.00021609        1
  1873.58050842     1.00009384        1
  1873.60094004     0.99992128        1
  1873.74396144     0.99981072        1
  1873.78482466     0.99972638        1
  1873.80525628     0.99985941        1
  1873.82568789     0.99977714        1
  1873.84611961     0.99968399        1
  1873.88698273     1.00002230        1
  1873.90741445     0.99986588        1
  1873.92784596     1.00011182        1
  1873.94827757     0.99993674        1
  1873.96870929     1.00019730        1
  1873.98914080     1.00010807        1
  1874.00957251     1.00000000        1
  1874.03000403     1.00033817        1
  1874.05043564     1.00011095        1
  1874.07086735     0.99937967        1
  1874.09129887     0.99960655        1
  1874.25475187     1.00002186        1
  1874.27518348     0.99984974        1
  1874.29561509     0.99987109        1
  1874.31604670     0.99982823        1
  1874.33647832     1.00022507        1
  1874.37734154     1.00015258        1
  1874.39777315     1.00021545        1
  1874.41820486     1.00026700        1
  1874.43863638     0.99997758        1
  1874.45906799     0.99987226        1
  1874.47949970     1.00000902        1
  1874.49993121     0.99974663        1
  1874.52036292     0.99991156        1
  1874.54079454     0.99985106        1
  1874.56122605     1.00000348        1
  1874.58165776     1.00002091        1
  1874.62252088     0.99975690        1
  1874.64295259     0.99995505        1
  1874.66338420     0.99990661        1
  1874.68381581     0.99976265        1
  1874.70424743     0.99960375        1
  1874.72467904     0.99978850        1
  1874.74511055     0.99992207        1
  1874.76554226     0.99987909        1
  1874.78597387     0.99998846        1
  1874.80640548     1.00011546        1
  1874.86770041     1.00005026        1
  1874.88813192     1.00028696        1
  1874.90856353     1.00004331        1
  1874.92899524     0.99986992        1
  1874.94942675     0.99996732        1
  1874.96985836     1.00007513        1
  1874.99029007     1.00013262        1
  1875.01072158     0.99973003        1
  1875.03115329     1.00015813        1
  1875.05158490     1.00021195        1
  1875.11287973     1.00019001        1
  1875.13331124     1.00008714        1
  1875.15374295     0.99982626        1
  1875.17417456     0.99991944        1
  1875.19460617     1.00021638        1
  1875.21503778     1.00027374        1
  1875.23546939     0.99986569        1
  1875.25590110     0.99999858        1
  1875.35805905     0.99928027        1
  1875.37849076     0.99985832        1
  1875.39892227     1.00013774        1
  1875.41935387     0.99999947        1
  1875.43978558     1.00014240        1
  1875.46021709     0.99989818        1
  1875.48064870     0.99975970        1
  1875.50108041     1.00019922        1
  1875.52151192     0.99993217        1
  1875.54194363     1.00035701        1
  1875.56237524     1.00047296        1
  1875.60323845     0.99995960        1
  1875.62367006     0.99996583        1
  1875.64410157     0.99988761        1
  1875.66453328     1.00002899        1
  1875.68496489     1.00005753        1
  1875.70539650     0.99987636        1
  1875.72582810     1.00018057        1
  1875.74625971     1.00002883        1
  1875.76669142     1.00021962        1
  1875.78712293     1.00028189        1
  1875.80755454     0.99985517        1
  1875.84841785     1.00026149        1
  1875.86884936     0.99994782        1
  1875.88928107     1.00008257        1
  1875.90971268     0.99992612        1
  1875.93014418     1.00011057        1
  1875.95057589     1.00005631        1
  1875.97100750     0.99965992        1
  1875.99143921     0.99985120        1
  1876.01187072     0.99986364        1
  1876.09359715     0.99981370        1
  1876.11402875     1.00002329        1
  1876.13446036     1.00001316        1
  1876.15489187     0.99989721        1
  1876.17532357     1.00011052        1
  1876.19575518     1.00030044        1
  1876.21618679     1.00001484        1
  1876.23661840     0.99998384        1
  1876.25705000     1.00001819        1
  1876.27748171     0.99948889        1
  1876.33877653     1.00002986        1
  1876.35920814     0.99995287        1
  1876.37963965     0.99997230        1
  1876.40007135     1.00009193        1
  1876.42050296     0.99995743        1
  1876.44093447     0.99985790        1
  1876.46136617     1.00016574        1
  1876.48179778     1.00027899        1
  1876.50222949     1.00020245        1
  1876.52266099     1.00014910        1
  1876.54309260     0.99949976        1
  1876.58395581     1.00017744        1
  1876.60438742     0.99982245        1
  1876.62481912     0.99991720        1
  1876.64525063     0.99970111        1
  1876.66568224     0.99983172        1
  1876.82913509     1.00000749        1
  1876.84956679     1.00005865        1
  1876.86999830     1.00001525        1
  1876.89042990     1.00006007        1
  1876.91086161     0.99988618        1
  1876.93129322     1.00015604        1
  1877.07431456     0.99998560        1
  1877.09474606     1.00012309        1
  1877.11517767     0.99986547        1
  1877.13560937     0.99982822        1
  1877.15604088     0.99991937        1
  1877.17647248     0.99994482        1
  1877.19690419     1.00001281        1
  1877.21733569     0.99996795        1
  1877.23776740     0.99994343        1
  1877.25819900     1.00004707        1
  1877.27863051     0.99954558        1
  1877.31949382     0.99984362        1
  1877.33992542     0.99993809        1
  1877.36035703     0.99974252        1
  1877.38078864     0.99970880        1
  1877.40122024     1.00016617        1
  1877.42165185     0.99991723        1
  1877.44208345     0.99990805        1
  1877.46251506     0.99973803        1
  1877.48294666     0.99999447        1
  1877.50337827     0.99995581        1
  1877.52380987     1.00026342        1
  1877.56467308     1.00023374        1
  1877.58510478     1.00047748        1
  1877.60553629     1.00096893        1
  1877.62596789     1.00008681        1
  1877.64639960     1.00017703        1
  1877.66683110     0.99979599        1
  1877.68726281     0.99981096        1
  1877.70769441     0.99994265        1
  1877.72812592     0.99987020        1
  1877.74855762     0.99989891        1
  1877.76898923     1.00017700        1
  1877.80985244     1.00026578        1
  1877.83028404     0.99994128        1
  1877.85071555     1.00003194        1
  1877.87114725     0.99992619        1
  1877.89157885     0.99981171        1
  1877.91201046     1.00007579        1
  1877.93244206     1.00000922        1
  1877.95287367     1.00002292        1
  1877.97330537     1.00002793        1
  1877.99373698     1.00020939        1
  1878.01416848     1.00001109        1
  1878.05503179     1.00033896        1
  1878.07546329     1.00019136        1
  1878.09589500     1.00016709        1
  1878.11632660     1.00003639        1
  1878.13675811     0.99987516        1
  1878.15718981     0.99970835        1
  1878.17762131     0.99975837        1
  1878.19805302     0.99965394        1
  1878.21848462     1.00000911        1
  1878.23891613     1.00001040        1
  1878.25934783     1.00006113        1
  1878.30021094     1.00035382        1
  1878.32064264     1.00008866        1
  1878.34107425     0.99967816        1
  1878.36150575     1.00004000        1
  1878.38193745     1.00009877        1
  1878.40236906     0.99978620        1
  1878.42280076     1.00013904        1
  1878.44323227     0.99994512        1
  1878.46366387     1.00010470        1
  1878.48409557     0.99986566        1
  1878.50452708     1.00010838        1
  1878.54539038     1.00009999        1
  1878.56582199     1.00018215        1
  1878.58625349     0.99986394        1
  1878.60668520     1.00011217        1
  1878.62711680     0.99960242        1
  1878.64754840     0.99965835        1
  1878.66798001     1.00001279        1
  1878.68841161     1.00014003        1
  1878.70884331     0.99992197        1
  1878.72927482     1.00019632        1
  1878.74970642     0.99970314        1
  1878.79056963     1.00050554        1
  1878.81100123     1.00031974        1
  1878.83143284     1.00007301        1
  1878.85186444     1.00014681        1
  1878.87229614     0.99980543        1
  1878.89272765     0.99978975        1
  1878.91315925     0.99985651        1
  1878.93359095     0.99993709        1
  1878.95402246     1.00027003        1
  1878.97445406     1.00008653        1
  1878.99488576     1.00003782        1
  1879.07661218     1.00015741        1
  1879.09704378     1.00014059        1
  1879.11747539     1.00005410        1
  1879.13790699     1.00009604        1
  1879.15833859     0.99978594        1
  1879.17877020     0.99967610        1
  1879.19920180     0.99977974        1
  1879.21963350     0.99965118        1
  1879.24006501     1.00005583        1
  1879.34222312     1.00052435        1
  1879.36265463     1.00019764        1
  1879.38308633     1.00030851        1
  1879.40351793     1.00001456        1
  1879.42394944     1.00021250        1
  1879.44438114     0.99988170        1
  1879.46481274     0.99988353        1
  1879.48524425     0.99985019        1
  1879.52610745     0.99960578        1
  1879.54653915     0.99991005        1
  1879.56697076     0.99984922        1
  1879.58740236     1.00024322        1
  1879.60783396     1.00011754        1
  1879.62826557     0.99999858        1
  1879.64869717     0.99996816        1
  1879.66912877     0.99992280        1
  1879.68956038     1.00019934        1
  1879.70999198     0.99995522        1
  1879.73042358     0.99975912        1
  1879.77128689     0.99988704        1
  1879.79171849     0.99962169        1
  1879.81215000     0.99996600        1
  1879.83258170     0.99967544        1
  1879.85301330     0.99979311        1
  1879.87344481     0.99997076        1
  1879.89387651     1.00014634        1
  1879.91430811     1.00001187        1
  1879.93473962     1.00031576        1
  1879.95517132     1.00000151        1
  1879.97560292     1.00065851        1
  1880.03689773     0.99986891        2
  1880.05732944     0.99999954        2
  1880.07776094     0.99977670        2
  1880.09819254     1.00026142        2
  1880.11862415     1.00030040        2
  1880.13905575     1.00018883        2
  1880.15948735     1.00030280        2
  1880.17991905     1.00001334        2
  1880.20035056     1.00011954        2
  1880.22078226     0.99980823        2
  1880.26164537     0.99971025        2
  1880.28207707     1.00001671        2
  1880.30250867     0.99997071        2
  1880.32294018     0.99999404        2
  1880.34337188     1.00021803        2
  1880.36380348     0.99983464        2
  1880.38423499     0.99996226        2
  1880.40466669     0.99983537        2
  1880.42509829     0.99979089        2
  1880.44553000     0.99968556        2
  1880.46596150     1.00014348        2
  1880.50682481     1.00006277        2
  1880.52725631     1.00002077        2
  1880.54768791     1.00011970        2
  1880.56811962     0.99994337        2
  1880.58855112     1.00009410        2
  1880.60898272     1.00003456        2
  1880.62941443     1.00037785        2
  1880.64984593     0.99971465        2
  1880.67027763     0.99992265        2
  1880.75200405     0.99999281        2
  1880.77243565     1.00027382        2
  1880.79286725     1.00007288        2
  1880.81329886     1.00021728        2
  1880.83373046     0.99985433        2
  1880.85416206     0.99983355        2
  1880.87459367     0.99978096        2
  1880.89502527     1.00016617        2
  1880.91545687     0.99993431        2
  1880.93588848     0.99989163        2
  1880.95632018     1.00003221        2
  1881.01761499     0.99999081        2
  1881.03804650     0.99984813        2
  1881.05847810     1.00005628        2
  1881.07890980     0.99998682        2
  1881.09934131     0.99991092        2
  1881.11977301     1.00018267        2
  1881.14020461     0.99982904        2
  1881.16063612     0.99988657        2
  1881.18106782     0.99980942        2
  1881.20149942     1.00005022        2
  1881.24236263     1.00002708        2
  1881.26279424     0.99982147        2
  1881.28322584     1.00035173        2
  1881.30365744     1.00015980        2
  1881.32408905     1.00042782        2
  1881.34452075     0.99985302        2
  1881.36495225     1.00000447        2
  1881.38538386     0.99997767        2
  1881.40581556     0.99982325        2
  1881.42624717     1.00015364        2
  1881.44667867     0.99992519        2
  1881.48754188     1.00010310        2
  1881.50797358     1.00017629        2
  1881.52840518     1.00008304        2
  1881.54883679     0.99996777        2
  1881.56926839     1.00020298        2
  1881.58970000     1.00021497        2
  1881.61013150     1.00003223        2
  1881.63056320     0.99995453        2
  1881.65099481     0.99988898        2
  1881.67142631     0.99999291        2
  1881.69185802     1.00000553        2
  1881.73272132     0.99997774        2
  1881.75315283     0.99982311        2
  1881.77358443     1.00011873        2
  1881.79401614     0.99985599        2
  1881.81444764     1.00014036        2
  1881.83487924     1.00000457        2
  1881.85531095     0.99975114        2
  1881.87574245     0.99991241        2
  1881.89617406     0.99999058        2
  1881.91660576     1.00010771        2
  1881.93703737     0.99998240        2
  1881.97790057     0.99982857        2
  1881.99833218     1.00018077        2
  1882.01876378     0.99995888        2
  1882.03919539     0.99995634        2
  1882.05962699     0.99991748        2
  1882.08005870     0.99990386        2
  1882.10049020     0.99976776        2
  1882.12092181     0.99988662        2
  1882.14135351     0.99999325        2
  1882.16178501     0.99983996        2
  1882.18221672     0.99986391        2
  1882.22307983     1.00001056        2
  1882.24351153     1.00006415        2
  1882.26394304     0.99976235        2
  1882.28437464     1.00016614        2
  1882.30480635     0.99988228        2
  1882.32523785     1.00020363        2
  1882.34566956     0.99999593        2
  1882.36610116     0.99977956        2
  1882.38653267     1.00011765        2
  1882.46825919     0.99983595        2
  1882.48869079     1.00007180        2
  1882.50912240     0.99991598        2
  1882.52955400     1.00030002        2
  1882.54998561     1.00016247        2
  1882.57041731     0.99985571        2
  1882.59084892     0.99981780        2
  1882.77473336     0.99970136        2
  1882.79516507     1.00003154        2
  1882.81559657     1.00007949        2
  1882.83602818     0.99988302        2
  1882.85645989     0.99988642        2
  1882.87689139     0.99974152        2
  1882.89732290     1.00027107        2
  1882.91775460     0.99994193        2
  1883.04034424     1.00007324        2
  1883.06077584     1.00017564        2
  1883.08120755     1.00004330        2
  1883.10163915     0.99978269        2
  1883.12207066     1.00007677        2
  1883.14250237     0.99998953        2
  1883.16293397     0.99946923        2
  1883.20379718     1.00001035        2
  1883.22422879     1.00025383        2
  1883.24466050     1.00006646        2
  1883.26509200     0.99995435        2
  1883.28552361     1.00008275        2
  1883.30595532     0.99995649        2
  1883.32638682     0.99989465        2
  1883.34681843     1.00061786        2
  1883.36725014     1.00011547        2
  1883.38768164     1.00039341        2
  1883.40811335     1.00006568        2
  1883.44897646     1.00034247        2
  1883.46940817     0.99981029        2
  1883.48983977     0.99995530        2
  1883.51027128     1.00017242        2
  1883.53070299     1.00100520        2
  1883.55113449     1.00020197        2
  1883.57156620     0.99990066        2
  1883.59199781     0.99987937        2
  1883.61242932     1.00020228        2
  1883.63286102     1.00003994        2
  1883.65329263     1.00000166        2
  1883.71458745     1.00043835        2
  1883.73501906     0.99981882        2
  1883.75545066     0.99989847        2
  1883.77588227     1.00024192        2
  1883.79631398     0.99986534        2
  1883.81674559     1.00002813        2
  1883.83717709     0.99998828        2
  1883.85760880     1.00000627        2
  1883.87804041     1.00010816        2
  1883.89847192     1.00003629        2
  1883.98019845     1.00012722        2
  1884.00063005     1.00012396        2
  1884.02106176     1.00001763        2
  1884.04149327     1.00022457        2
  1884.06192488     0.99988426        2
  1884.08235659     1.00004751        2
  1884.10278809     0.99997710        2
  1884.12321970     0.99972772        2
  1884.14365141     1.00003861        2
  1884.20494613     1.00024826        2
  1884.22537774     1.00005644        2
  1884.24580945     1.00000000        2
  1884.26624096     1.00009818        2
  1884.28667257     0.99987141        2
  1884.30710428     1.00024369        2
  1884.32753588     1.00005717        2
  1884.34796739     0.99994860        2
  1884.36839910     0.99998540        2
  1884.38883071     0.99992725        2
  1884.42969393     1.00021228        2
  1884.45012554     1.00003402        2
  1884.47055724     0.99997154        2
  1884.49098875     1.00000245        2
  1884.51142036     0.99989208        2
  1884.53185207     1.00014292        2
  1884.55228358     0.99970762        2
  1884.57271519     0.99971928        2
  1884.59314690     0.99994517        2
  1884.61357841     1.00017304        2
  1884.63401012     1.00012038        2
  1884.67487324     1.00000659        2
  1884.69530495     0.99998031        2
  1884.71573655     0.99998134        2
  1884.73616816     0.99998338        2
  1884.75659977     1.00017557        2
  1884.77703138     1.00003653        2
  1884.79746299     1.00007446        2
  1884.81789460     0.99996300        2
  1884.83832621     1.00033489        2
  1884.85875782     0.99982732        2
  1884.87918943     1.00027053        2
  1884.92005265     1.00008815        2
  1884.94048426     0.99980594        2
  1884.96091587     1.00009077        2
  1884.98134758     0.99988375        2
  1885.00177909     0.99993706        2
  1885.02221080     0.99981482        2
  1885.04264241     1.00003917        2
  1885.06307392     1.00012009        2
  1885.08350563     1.00005089        2
  1885.10393724     0.99998580        2
  1885.12436876     1.00000116        2
  1885.16523208     0.99658519        2
  1885.18566359     0.99990296        2
  1885.20609530     0.99997820        2
  1885.22652691     1.00005964        2
  1885.24695862     0.99977198        2
  1885.26739013     0.99992230        2
  1885.28782174     0.99982324        2
  1885.30825345     0.99986114        2
  1885.32868496     0.99996603        2
  1885.34911658     0.99984470        2
  1885.36954829     0.99964337        2
  1885.43084312     0.99976255        2
  1885.45127473     1.00006082        2
  1885.47170634     0.99990669        2
  1885.49213796     0.99987566        2
  1885.51256957     1.00001597        2
  1885.53300118     1.00006204        2
  1885.55343279     1.00007915        2
  1885.57386430     1.00094694        2
  1885.59429601     0.99999804        2
  1885.61472763     1.00013848        2
  1885.65559085     1.00019693        2
  1885.67602246     1.00007967        2
  1885.69645418     0.99997918        2
  1885.71688569     0.99998559        2
  1885.73731730     1.00028766        2
  1885.75774901     1.00016513        2
  1885.77818053     0.99992160        2
  1885.79861214     1.00003639        2
  1885.81904385     0.99998595        2
  1885.83947536     0.99994808        2
  1885.85990708     1.00044557        2
  1885.92120191     0.99961610        2
  1885.94163353     1.00015662        2
  1885.96206514     0.99997466        2
  1885.98249675     0.99992349        2
  1886.00292837     1.00006523        2
  1886.02335998     1.00039609        2
  1886.04379159     1.00021186        2
  1886.06422321     1.00003507        2
  1886.08465492     0.99964560        2
  1886.10508653     1.00046686        2
  1886.16638138     1.00012543        2
  1886.18681289     0.99981482        2
  1886.20724460     0.99959864        2
  1886.22767612     0.99996330        2
  1886.24810783     1.00019831        2
  1886.26853945     1.00009332        2
  1886.28897096     0.99994281        2
  1886.30940267     0.99976237        2
  1886.32983429     1.00004985        2
  1886.35026580     0.99998400        2
  1886.39112913     0.99994688        2
  1886.41156065     0.99984179        2
  1886.43199236     1.00018950        2
  1886.45242398     1.00021864        2
  1886.47285569     0.99999089        2
  1886.49328721     1.00001437        2
  1886.51371882     1.00014805        2
  1886.53415054     1.00019127        2
  1886.63630861     0.99991142        2
  1886.65674023     1.00002306        2
  1886.67717185     1.00005990        2
  1886.69760346     1.00016586        2
  1886.71803508     0.99983759        2
  1886.73846669     1.00016226        2
  1886.75889841     1.00019395        2
  1886.88148801     1.00000667        2
  1886.90191962     0.99989283        2
  1886.92235134     1.00012506        2
  1886.94278286     1.00012788        2
  1886.96321447     1.00010157        2
  1886.98364619     1.00014842        2
  1887.00407771     0.99992616        2
  1887.12666751     1.00000075        2
  1887.14709913     0.99999544        2
  1887.16753074     0.99955647        2
  1887.18796236     0.99976211        2
  1887.20839398     1.00019725        2
  1887.22882560     0.99968477        2
  1887.24925731     0.99998478        2
  1887.26968883     0.99994343        2
  1887.29012045     0.99991950        2
  1887.31055217     0.99973334        2
  1887.33098379     0.99971917        2
  1887.37184702     0.99965626        2
  1887.39227864     0.99981632        2
  1887.41271016     1.00000732        2
  1887.43314188     1.00036797        2
  1887.45357350     0.99978239        2
  1887.47400512     1.00000051        2
  1887.49443674     1.00012282        2
  1887.51486835     1.00003690        2
  1887.53530007     0.99997157        2
  1887.55573159     1.00000382        2
  1887.57616321     1.00014545        2
  1887.61702645     1.00010007        2
  1887.63745817     0.99999338        2
  1887.65788969     1.00021661        2
  1887.67832131     1.00001398        2
  1887.69875303     0.99974495        2
  1887.71918455     0.99980530        2
  1887.73961617     0.99985133        2
  1887.76004789     0.99980706        2
  1887.78047941     0.99984788        2
  1887.80091103     1.00005371        2
  1887.86220599     1.00018338        2
  1887.88263761     0.99991530        2
  1887.90306923     1.00004987        2
  1887.92350085     0.99998751        2
  1887.94393247     0.99996490        2
  1887.96436409     1.00004944        2
  1887.98479581     1.00009669        2
  1891.04954080     0.99993566        3
  1891.06997243     0.99994486        3
  1891.09040417     1.00001497        3
  1891.11083571     1.00029082        3
  1891.13126734     0.99993214        3
  1891.15169908     0.99999266        3
  1891.17213062     1.00034705        3
  1891.19256236     1.00018256        3
  1891.21299400     0.99991886        3
  1891.23342553     1.00002833        3
  1891.25385727     0.99999250        3
  1891.29472045     0.99968395        3
  1891.31515219     0.99983934        3
  1891.33558383     0.99972558        3
  1891.35601556     0.99981632        3
  1891.37644710     1.00014233        3
  1891.39687874     0.99985746        3
  1891.41731048     0.99979954        3
  1891.43774202     1.00011490        3
  1891.45817366     0.99999578        3
  1891.47860540     0.99989890        3
  1891.49903704     1.00011948        3
  1891.53990032     1.00010339        3
  1891.56033186     0.99997916        3
  1891.58076360     0.99990178        3
  1891.60119524     0.99997430        3
  1891.62162678     0.99990577        3
  1891.64205852     1.00023089        3
  1891.66249016     1.00008314        3
  1891.68292170     1.00007793        3
  1891.70335344     1.00016167        3
  1891.72378508     1.00020880        3
  1891.74421683     0.99994646        3
  1891.78508001     1.00001554        3
  1891.80551175     1.00011481        3
  1891.82594329     1.00008922        3
  1891.84637493     1.00036170        3
  1891.86680668     1.00004661        3
  1891.88723822     1.00022973        3
  1891.90766986     0.99984810        3
  1891.92810160     0.99997645        3
  1891.94853315     0.99990456        3
  1891.96896489     0.99999629        3
  1891.98939653     1.00005633        3
  1892.03025982     0.99974656        3
  1892.05069146     0.99981051        3
  1892.07112310     0.99990119        3
  1892.09155475     0.99994262        3
  1892.11198639     0.99987870        3
  1892.13241813     1.00014980        3
  1892.15284978     0.99992197        3
  1892.17328132     1.00028287        3
  1892.19371307     0.99999606        3
  1892.21414461     1.00025646        3
  1892.23457626     0.99999252        3
  1892.27543954     0.99992564        3
  1892.29587129     0.99989444        3
  1892.31630293     1.00000000        3
  1892.33673448     1.00002677        3
  1892.35716622     0.99986425        3
  1892.37759787     0.99991261        3
  1892.39802942     1.00006048        3
  1892.41846116     0.99982851        3
  1892.43889281     0.99997644        3
  1892.45932435     0.99977629        3
  1892.47975610     0.99992579        3
  1892.52061949     1.00008621        3
  1892.54105104     1.00023299        3
  1892.56148268     0.99997277        3
  1892.58191443     1.00010069        3
  1892.60234598     0.99983891        3
  1892.62277763     1.00010143        3
  1892.64320937     0.99988357        3
  1892.66364102     0.99988550        3
  1892.68407267     1.00023868        3
  1892.84752585     1.00043792        3
  1892.86795760     0.99985818        3
  1892.88838915     0.99986544        3
  1892.90882090     0.99997334        3
  1892.92925245     1.00010642        3
  1892.94968410     0.99997315        3
  1892.97011585     0.99980053        3
  1893.01097905     0.99852132        3
  1893.03141080     1.00018168        3
  1893.05184235     0.99998857        3
  1893.07227410     0.99985086        3
  1893.09270575     0.99996584        3
  1893.11313730     1.00004087        3
  1893.13356905     0.99999220        3
  1893.15400070     1.00022518        3
  1893.17443225     1.00014340        3
  1893.19486400     1.00025765        3
  1893.21529565     0.99987306        3
  1893.33788556     0.99998356        3
  1893.35831731     0.99982929        3
  1893.37874897     1.00021312        3
  1893.39918052     0.99994332        3
  1893.41961227     0.99998079        3
  1893.44004392     1.00016773        3
  1893.46047568     1.00021765        3
  1893.50133888     1.00000230        3
  1893.52177064     1.00005834        3
  1893.54220219     1.00009030        3
  1893.56263375     1.00015767        3
  1893.58306550     0.99997311        3
  1893.60349715     0.99993268        3
  1893.62392891     1.00000239        3
  1893.64436046     1.00014534        3
  1893.66479212     1.00001503        3
  1893.68522387     1.00002741        3
  1893.70565543     1.00002580        3
  1893.74651884     0.99990631        3
  1893.76695039     0.99991978        3
  1893.78738205     1.00014630        3
  1893.80781380     1.00009972        3
  1893.82824536     1.00003202        3
  1893.84867711     1.00005040        3
  1893.86910877     0.99973446        3
  1893.88954043     0.99978536        3
  1893.90997208     0.99983521        3
  1893.93040374     0.99995587        3
  1893.95083539     0.99999853        3
  1894.03256212     0.99991745        3
  1894.05299368     1.00008591        3
  1894.07342544     0.99999486        3
  1894.09385710     0.99969451        3
  1894.11428865     0.99996876        3
  1894.13472041     0.99976117        3
  1894.15515207     0.99997260        3
  1894.17558373     1.00008938        3
  1894.19601539     0.99981683        3
  1894.23687870     0.99979476        3
  1894.25731036     1.00002069        3
  1894.27774192     1.00018683        3
  1894.29817368     1.00007380        3
  1894.31860534     1.00005691        3
  1894.33903690     1.00063533        3
  1894.35946866     0.99999016        3
  1894.37990032     0.99984011        3
  1894.40033208     0.99982826        3
  1894.42076364     1.00015904        3
  1894.44119530     0.99990241        3
  1894.48205862     0.99991913        3
  1894.50249028     1.00020565        3
  1894.52292204     1.00015724        3
  1894.54335370     0.99983325        3
  1894.56378537     0.99973284        3
  1894.58421703     1.00008937        3
  1894.60464869     1.00011087        3
  1894.62508035     1.00007605        3
  1894.72723866     1.00004977        3
  1894.74767043     1.00005605        3
  1894.76810199     1.00002533        3
  1894.78853375     1.00007171        3
  1894.80896541     1.00003252        3
  1894.82939698     1.00003267        3
  1894.84982874     1.00008279        3
  1894.87026031     0.99973110        3
  1894.97241873     0.99890604        3
  1894.99285029     1.00119215        3
  1895.01328206     1.00002611        3
  1895.03371372     1.00011798        3
  1895.05414539     0.99994193        3
  1895.07457705     0.99997017        3
  1895.09500872     1.00032035        3
  1895.11544048     1.00010228        3
  1895.13587205     0.99995661        3
  1895.15630372     0.99999684        3
  1895.17673548     0.99989005        3
  1895.21759872     1.00003033        3
  1895.23803048     0.99986138        3
  1895.25846215     1.00008155        3
  1895.27889372     1.00011837        3
  1895.29932548     1.00018201        3
  1895.31975715     0.99986723        3
  1895.34018892     1.00007834        3
  1895.36062049     0.99984264        3
  1895.38105215     1.00019189        3
  1895.40148392     1.00015212        3
  1895.42191549     1.00024057        3
  1895.46277893     1.00003282        3
  1895.48321050     1.00011260        3
  1895.50364227     0.99988147        3
  1895.52407383     1.00015635        3
  1895.54450550     0.99996003        3
  1895.56493727     1.00000007        3
  1895.58536884     0.99986301        3
  1895.60580051     1.00011544        3
  1895.62623228     1.00049252        3
  1895.64666385     0.99987910        3
  1895.66709562     1.00005079        3
  1895.70795896     1.00008479        3
  1895.72839064     0.99994806        3
  1895.74882231     0.99980139        3
  1895.76925398     0.99998922        3
  1895.78968565     1.00001736        3
  1895.81011732     1.00003464        3
  1895.83054899     0.99980012        3
  1895.85098076     1.00042101        3
  1895.87141234     0.99996141        3
  1895.89184411     0.99990430        3
  1895.91227578     1.00008902        3
  1895.97357080     0.99987828        3
  1895.99400237     1.00001151        3
  1896.01443415     1.00004490        3
  1896.03486582     1.00013255        3
  1896.05529759     0.99998650        3
  1896.07572917     1.00002278        3
  1896.09616084     0.99971457        3
  1896.11659251     0.99998270        3
  1896.13702419     0.99983677        3
  1896.15745586     0.99980199        3
  1896.19831921     1.00018444        3
  1896.21875099     1.00003296        3
  1896.23918256     0.99980249        3
  1896.25961424     0.99989290        3
  1896.28004601     0.99994810        3
  1896.30047759     0.99992220        3
  1896.32090927     0.99998246        3
  1896.34134104     1.00009729        3
  1896.36177262     1.00021444        3
  1896.38220429     0.99951005        3
  1896.52522614     1.00013859        3
  1896.54565781     0.99991893        3
  1896.56608959     1.00007181        3
  1896.58652117     0.99998049        3
  1896.60695295     1.00006074        3
  1896.62738463     0.99988044        3
  1896.64781621     0.99986911        3
  1896.68867966     1.00003527        3
  1896.70911124     1.00011523        3
  1896.72954302     1.00004172        3
  1896.74997470     0.99993075        3
  1896.77040638     1.00002897        3
  1896.79083806     0.99997502        3
  1896.81126974     1.00029042        3
  1896.83170142     0.99998210        3
  1896.85213310     1.00034760        3
  1896.87256479     0.99997526        3
  1896.89299647     0.99991819        3
  1896.93385983     1.00005679        3
  1896.95429151     1.00003040        3
  1896.97472319     1.00019877        3
  1896.99515497     0.99999310        3
  1897.01558656     0.99990927        3
  1897.03601824     0.99973814        3
  1897.05645002     0.99986124        3
  1897.07688170     1.00012547        3
  1897.09731329     1.00003396        3
  1897.11774507     0.99987759        3
  1897.13817675     1.00007590        3
  1897.17904012     1.00007992        3
  1897.19947180     0.99989487        3
  1897.21990359     1.00005455        3
  1897.24033517     0.99996234        3
  1897.26076686     1.00011247        3
  1897.28119864     1.00003223        3
  1897.30163023     1.00012185        3
  1897.32206201     1.00002029        3
  1897.34249370     1.00005460        3
  1897.36292528     0.99981224        3
  1897.38335707     1.00004641        3
  1897.42422034     1.00002169        3
  1897.44465213     1.00002707        3
  1897.46508381     1.00002938        3
  1897.48551560     1.00014174        3
  1897.50594719     0.99991972        3
  1897.52637877     0.99987586        3
  1897.54681056     0.99994103        3
  1897.56724225     0.99990951        3
  1897.58767393     1.00006200        3
  1897.60810562     1.00010318        3
  1897.62853731     1.00020906        3
  1897.77155923     0.99999344        3
  1897.79199092     1.00019818        3
  1897.81242251     1.00022930        3
  1897.83285430     1.00096374        3
  1897.85328599     0.99998808        3
  1897.87371778     0.99980849        3
  1897.93501285     0.99991332        3
  1897.95544444     0.99984754        3
  1897.97587613     0.99999891        3
  1897.99630792     1.00012125        3
  1898.01673952     0.99999171        4
  1898.03717131     0.99990469        4
  1898.05760300     1.00022385        4
  1898.07803459     0.99997971        4
  1898.09846638     0.99990125        4
  1898.11889808     0.99994216        4
  1898.15976146     1.00003037        4
  1898.18019306     0.99985131        4
  1898.20062485     1.00019041        4
  1898.22105654     1.00005814        4
  1898.24148814     1.00013371        4
  1898.26191993     0.99997648        4
  1898.28235162     0.99993202        4
  1898.30278332     1.00009651        4
  1898.32321501     0.99994397        4
  1898.34364671     1.00001201        4
  1898.36407840     0.99984372        4
  1898.40494179     0.99993156        4
  1898.42537359     1.00010183        4
  1898.44580528     0.99998413        4
  1898.46623688     0.99992189        4
  1898.48666868     0.99995912        4
  1898.50710037     1.00021985        4
  1898.52753197     1.00001287        4
  1898.54796377     0.99998380        4
  1898.56839546     0.99985884        4
  1898.58882726     1.00013989        4
  1898.60925886     0.99976910        4
  1898.65012235     1.00019437        4
  1898.67055395     0.99980682        4
  1898.69098565     1.00010621        4
  1898.71141745     0.99985648        4
  1898.73184905     0.99995486        4
  1898.75228084     0.99982034        4
  1898.77271254     1.00019215        4
  1898.79314414     1.00018450        4
  1898.81357594     0.99995803        4
  1898.83400754     1.00010876        4
  1898.85443924     1.00011391        4
  1898.89530264     0.99989444        4
  1898.91573434     1.00009228        4
  1898.93616614     0.99997435        4
  1898.95659784     1.00018438        4
  1898.97702954     1.00005394        4
  1898.99746125     0.99990161        4
  1899.01789295     0.99997699        4
  1899.03832465     1.00015548        4
  1899.05875635     0.99999964        4
  1899.07918805     1.00000279        4
  1899.09961985     0.99999637        4
  1899.14048326     1.00004984        4
  1899.16091496     1.00000338        4
  1899.18134657     0.99994919        4
  1899.20177837     1.00003134        4
  1899.22221007     0.99994124        4
  1899.24264168     1.00010739        4
  1899.26307348     0.99977906        4
  1899.28350518     1.00012116        4
  1899.30393699     1.00000218        4
  1899.32436859     0.99994220        4
  1899.34480030     0.99997683        4
  1899.38566371     0.99993581        4
  1899.40609541     1.00014748        4
  1899.42652722     0.99983986        4
  1899.44695883     0.99996874        4
  1899.46739063     1.00003484        4
  1899.48782224     0.99989359        4
  1899.50825394     0.99980110        4
  1899.52868575     1.00036562        4
  1899.54911736     0.99994655        4
  1899.56954906     0.99991645        4
  1899.58998087     1.00010855        4
  1899.63084419     0.99974394        4
  1899.65127600     0.99984557        4
  1899.67170770     0.99996954        4
  1899.69213941     1.00015873        4
  1899.71257112     1.00012663        4
  1899.73300283     1.00008270        4
  1899.75343464     1.00023563        4
  1899.77386625     1.00016006        4
  1899.79429796     1.00017121        4
  1899.81472977     0.99992121        4
  1899.83516138     1.00002657        4
  1899.89645651     0.99978389        4
  1899.91688832     0.99981346        4
  1899.93732003     0.99993392        4
  1899.95775164     0.99971655        4
  1899.97818345     0.99990989        4
  1899.99861516     0.99986429        4
  1900.01904698     1.00003035        4
  1900.03947859     0.99997705        4
  1900.05991030     0.99992821        4
  1900.08034201     1.00006396        4
  1900.12120544     1.00007245        4
  1900.14163715     1.00006803        4
  1900.16206886     0.99998767        4
  1900.18250068     1.00003545        4
  1900.20293229     0.99992866        4
  1900.22336401     0.99990624        4
  1900.24379582     1.00025620        4
  1900.26422743     1.00012332        4
  1900.28465915     1.00000721        4
  1900.30509096     0.99997603        4
  1900.32552268     0.99972856        4
  1900.36638611     0.99999992        4
  1900.38681783     0.99974770        4
  1900.40724964     1.00011452        4
  1900.42768126     0.99985116        4
  1900.44811297     0.99999213        4
  1900.46854479     1.00003576        4
  1900.48897641     1.00002641        4
  1900.50940813     1.00000221        4
  1900.52983994     0.99982238        4
  1900.55027156     0.99990559        4
  1900.57070338     1.00021617        4
  1900.61156671     1.00015260        4
  1900.63199853     1.00005116        4
  1900.65243025     0.99996760        4
  1900.67286187     1.00006566        4
  1900.69329369     1.00053360        4
  1900.71372541     0.99986984        4
  1900.85674745     1.00002251        4
  1900.87717917     1.00001793        4
  1900.89761099     1.00012210        4
  1900.91804271     0.99983132        4
  1900.93847434     1.00008628        4
  1900.95890616     1.00005514        4
  1900.97933788     1.00005110        4
  1900.99976950     1.00013723        4
  1901.02020133     0.99992614        4
  1901.04063305     0.99985310        4
  1901.06106467     0.99999507        4
  1901.10192822     0.99995887        4
  1901.12236004     1.00010182        4
  1901.14279167     0.99998229        4
  1901.16322339     1.00023967        4
  1901.18365522     0.99978348        4
  1901.20408684     0.99992160        4
  1901.22451856     1.00018612        4
  1901.24495039     0.99984162        4
  1901.26538202     0.99996684        4
  1901.28581384     1.00024666        4
  1901.30624557     0.99991415        4
  1901.38797247     0.99988655        4
  1901.40840420     1.00008696        4
  1901.42883593     1.00014663        4
  1901.44926766     0.99979042        4
  1901.46969938     0.99998970        4
  1901.49013111     0.99988002        4
  1901.51056284     1.00018010        4
  1901.53099457     0.99995763        4
  1901.55142630     1.00021922        4
  1901.59228975     1.00003595        4
  1901.61272158     0.99984424        4
  1901.63315331     1.00126946        4
  1901.65358494     1.00031638        4
  1901.67401677     0.99994093        4
  1901.69444850     1.00009393        4
  1901.71488013     0.99985073        4
  1901.73531196     1.00000716        4
  1901.75574370     1.00003817        4
  1901.77617533     0.99984766        4
  1901.79660716     0.99989085        4
  1901.83747072     0.99978905        4
  1901.85790235     1.00001204        4
  1901.87833409     1.00005737        4
  1901.89876592     1.00007472        4
  1901.91919755     0.99984986        4
  1901.93962929     1.00040432        4
  1901.96006112     1.00033474        4
  1901.98049275     0.99980550        4
  1902.00092459     1.00016628        4
  1902.02135632     1.00034699        4
  1902.08265152     0.99995437        4
  1902.10308316     0.99987089        4
  1902.12351499     1.00006606        4
  1902.14394673     0.99982500        4
  1902.16437847     1.00006364        4
  1902.18481020     1.00000629        4
  1902.20524194     0.99993897        4
  1902.22567367     1.00026917        4
  1902.24610541     0.99997504        4
  1902.26653715     0.99986344        4
  1902.28696899     0.99992139        4
  1902.32783236     1.00010350        4
  1902.34826420     0.99979589        4
  1902.36869584     0.99989239        4
  1902.38912768     0.99955019        4
  1902.40955941     1.00008021        4
  1902.42999105     1.00006384        4
  1902.45042289     1.00012123        4
  1902.47085463     1.00001918        4
  1902.57301333     1.00007674        4
  1902.59344507     1.00004052        4
  1902.61387691     1.00010124        4
  1902.63430855     1.00010291        4
  1902.65474030     0.99990891        4
  1902.67517214     1.00013141        4
  1902.69560378     0.99987174        4
  1902.71603562     1.00001757        4
  1902.73646736     0.99966834        4
  1902.75689901     0.99974556        4
  1902.77733085     0.99990948        4
  1902.81819434     0.99815063        4
  1902.83862608     1.00002817        4
  1902.85905782     0.99988919        4
  1902.87948947     0.99997911        4
  1902.89992131     1.00001399        4
  1902.92035306     0.99985694        4
  1902.94078490     1.00017218        4
  1902.96121655     1.00008229        4
  1902.98164829     1.00005054        4
  1903.00208014     1.00003053        4
  1903.02251179     0.99973524        4
  1903.22682936     0.99981179        4
  1903.24726111     1.00010384        4
  1903.26769296     1.00015211        4
  1903.30855635     1.00012256        4
  1903.32898820     1.00010419        4
  1903.34941985     1.00089710        4
  1903.36985160     1.00006677        4
  1903.39028346     0.99986714        4
  1903.41071521     0.99985232        4
  1903.43114696     1.00014156        4
  1903.45157861     0.99997413        4
  1903.47201036     0.99981851        4
  1903.49244221     0.99998739        4
  1903.51287396     0.99986648        4
  1903.55373747     1.00021937        4
  1903.57416922     1.00010341        4
  1903.59460087     1.00007359        4
  1903.61503273     0.99996894        4
  1903.63546448     1.00012811        4
  1903.65589633     1.00002702        4
  1903.67632799     1.00008170        4
  1903.69675974     1.00005162        4
  1903.71719160     0.99995780        4
  1903.73762325     0.99984456        4
  1903.75805501     1.00050928        4
  1903.81935037     1.00051447        4
  1903.83978213     1.00009186        4
  1903.86021378     1.00029398        4
  1903.88064564     1.00001352        4
  1903.90107740     1.00006082        4
  1903.92150905     0.99997762        4
  1903.94194091     1.00017381        4
  1903.96237267     0.99998642        4
  1903.98280453     0.99996332        4
  1904.00323619     0.99978375        4
  1904.04409970     0.99988474        4
  1904.06453156     1.00000993        4
  1904.08496322     0.99976321        4
  1904.10539498     1.00001405        4
  1904.12582674     0.99993854        4
  1904.14625850     1.00000235        4
  1904.16669036     0.99998272        4
  1904.18712202     0.99982725        4
  1904.20755388     0.99996812        4
  1904.22798564     0.99997884        4
  1904.24841730     1.00011205        4
  1904.30971259     1.00000000        4
  1904.33014445     0.99995304        4
  1904.35057621     0.99976679        4
  1904.37100807     1.00004392        4
  1904.39143974     0.99984164        4
  1904.41187150     0.99976984        4
  1904.43230336     1.00009922        4
  1904.45273503     0.99985018        4
  1904.47316679     0.99986044        4
  1904.49359866     0.99995857        4
  1904.63662101     1.00001890        4
  1904.65705278     1.00036906        4
  1904.67748455     1.00012111        4
  1904.69791631     1.00000221        4
  1904.71834808     1.00002282        4
  1904.73877985     0.99998857        4
  1904.77964338     0.99998752        4
  1904.80007515     0.99997970        4
  1904.82050702     1.00012498        4
  1904.84093869     1.00018646        4
  1904.86137046     1.00027859        4
  1904.88180233     1.00030447        4
  1904.90223400     0.99989505        4
  1905.04525649     1.00002360        4
  1905.06568826     1.00005117        4
  1905.08612013     1.00000043        4
  1905.10655181     0.99974568        4
  1905.12698358     0.99994039        4
  1905.14741545     0.99988871        4
  1905.16784712     0.99996963        4
  1905.18827890     1.00017742        4
