  1835.65863208     0.99985262        0
  1835.67906409     1.00027599        0
  1835.80165612     0.99885777        0
  1835.82208822     0.99989472        0
  1835.84252013     1.00070486        0
  1835.86295213     1.00039527        0
  1835.88338424     1.00044728        0
  1835.90381614     1.00046235        0
  1835.92424814     0.99967159        0
  1835.94468024     1.00012617        0
  1835.96511214     1.00006780        0
  1835.98554414     0.99969845        0
  1836.00597624     1.00010270        0
  1836.02640814     1.00035540        0
  1836.04684014     0.99939448        0
  1836.06727224     1.00023751        0
  1836.08770414     0.99948382        0
  1836.10813614     0.99940181        0
  1836.12856824     0.99999426        0
  1836.14900023     1.00015675        0
  1836.16943213     1.00015680        0
  1836.18986423     1.00057255        0
  1836.21029622     0.99975836        0
  1836.23072832     0.99971696        0
  1836.25116021     1.00139626        0
  1836.27159221     0.99961240        0
  1836.31245620     0.99939599        0
  1836.33288819     0.99946173        0
  1836.35332028     0.99937038        0
  1836.37375218     0.99921807        0
  1836.39418417     0.99948439        0
  1836.41461616     0.99877543        0
  1836.43504815     0.99976834        0
  1836.45548014     0.99928931        0
  1836.47591213     1.00009380        0
  1836.49634412     1.00092698        0
  1836.51677611     0.99944300        0
  1836.53720810     1.00000000        0
  1836.55764009     1.00027546        0
  1836.57807208     1.00019406        0
  1836.59850416     1.00037006        0
  1836.61893605     0.99994614        0
  1836.63936804     1.00044832        0
  1836.65980013     1.00081588        0
  1836.68023201     0.99935836        0
  1836.70066400     0.99971403        0
  1836.72109608     0.99989383        0
  1836.74152797     1.00001375        0
  1836.76195995     0.99907589        0
  1836.78239204     0.99988566        0
  1836.80282392     0.99887730        0
  1836.82325600     0.99965837        0
  1836.84368798     0.99913579        0
  1836.86411987     0.99904064        0
  1836.88455195     0.99887519        0
  1836.90498393     0.99915640        0
  1836.92541581     0.99934156        0
  1836.94584789     0.99935516        0
  1836.96627987     1.00036552        0
  1836.98671185     0.99942457        0
  1837.00714383     1.00080874        0
  1837.02757581     0.99996061        0
  1837.08887174     1.00015131        0
  1837.10930372     1.00023858        0
  1837.12973570     1.00107383        0
  1837.15016767     1.00111253        0
  1837.17059965     1.00028518        0
  1837.19103162     1.00038535        0
  1837.21146360     1.00029029        0
  1837.23189557     1.00009520        0
  1837.25232755     1.00071914        0
  1837.27275952     1.00061546        0
  1837.29319139     0.99988966        0
  1837.31362347     0.99983696        0
  1837.33405544     1.00092547        0
  1837.35448741     1.00011724        0
  1837.37491938     0.99966940        0
  1837.39535135     0.99977934        0
  1837.41578333     1.00071730        0
  1837.43621540     1.00055753        0
  1837.45664727     1.00052514        0
  1837.47707933     1.00054448        0
  1837.49751130     1.00018278        0
  1837.51794317     1.00145149        0
  1837.53837524     1.00146276        0
  1837.55880721     1.00030815        0
  1837.57923908     1.00039548        0
  1837.59967114     0.99981058        0
  1837.62010311     1.00066528        0
  1837.64053498     1.00026590        0
  1837.66096704     0.99987875        0
  1837.68139901     1.00073496        0
  1837.70183087     1.00057031        0
  1837.72226294     1.00055219        0
  1837.74269490     1.00048523        0
  1837.76312676     0.99989003        0
  1837.78355883     1.00113142        0
  1837.80399079     0.99975898        0
  1837.82442275     1.00031288        0
  1837.84485471     1.00110752        0
  1837.86528668     1.00078880        0
  1837.88571854     1.00005579        0
  1837.90615060     1.00017573        0
  1837.92658256     0.99965598        0
  1837.94701452     0.99979477        0
  1837.96744648     1.00002377        0
  1837.98787844     0.99902496        0
  1838.00831029     0.99920095        0
  1838.02874235     1.00399577        0
  1838.04917431     0.99905427        0
  1838.06960637     0.99960907        0
  1838.09003822     0.99878889        0
  1838.11047018     0.99937371        0
  1838.13090224     0.99964228        0
  1838.15133409     0.99986327        0
  1838.17176605     0.99991841        0
  1838.19219810     0.99915554        0
  1838.21262996     0.99966943        0
  1838.29435777     0.99956047        0
  1838.31478982     0.99985106        0
  1838.33522178     0.99968815        0
  1838.35565363     0.99935494        0
  1838.37608568     0.99956908        0
  1838.39651763     0.99994242        0
  1838.41694948     1.00021905        0
  1838.43738153     1.00018784        0
  1838.45781348     1.00007692        0
  1838.47824533     0.99947487        0
  1838.49867738     0.99921188        0
  1838.51910932     0.99919276        0
  1838.53954117     0.99912175        0
  1838.55997322     0.99884636        0
  1838.58040517     0.99906004        0
  1838.60083701     0.99914782        0
  1838.62126906     0.99925562        0
  1838.64170101     0.99948315        0
  1838.66213285     1.00141652        0
  1838.68256490     1.00017104        0
  1838.70299684     0.99964346        0
  1838.72342878     1.00024146        0
  1838.74386073     0.99995539        0
  1838.76429267     0.99996801        0
  1838.78472461     0.99953089        0
  1838.80515656     1.00052023        0
  1838.82558850     1.00003726        0
  1838.84602054     1.00012384        0
  1838.86645238     0.99989524        0
  1838.88688432     1.00008900        0
  1838.90731636     1.00044015        0
  1838.92774820     1.00035034        0
  1838.94818014     1.00084959        0
  1838.96861218     1.00117467        0
  1838.98904402     0.99882491        0
  1839.05033984     0.99941009        0
  1839.07077177     1.00063168        0
  1839.09120381     1.00008252        0
  1839.11163575     1.00018878        0
  1839.13206758     1.00055470        0
  1839.15249962     1.00031829        0
  1839.17293155     1.00092671        0
  1839.19336339     1.00062142        0
  1839.21379542     1.00097453        0
  1839.23422736     1.00064504        0
  1839.25465919     1.00049743        0
  1839.27509122     1.00012224        0
  1839.29552316     1.00006549        0
  1839.31595519     0.99973783        0
  1839.33638702     1.00053561        0
  1839.35681895     1.00054872        0
  1839.37725088     1.00027177        0
  1839.39768282     0.99974205        0
  1839.41811465     0.99967015        0
  1839.43854668     0.99948153        0
  1839.45897861     1.00002883        0
  1839.47941044     1.00000187        0
  1839.49984246     1.00119041        0
  1839.52027439     1.00017491        0
  1839.54070632     1.00027720        0
  1839.56113825     0.99978392        0
  1839.58157018     1.00105100        0
  1839.60200210     1.00062184        0
  1839.62243403     0.99983670        0
  1839.72459365     0.99958139        0
  1839.74502568     0.99968465        0
  1839.76545750     1.00043635        0
  1839.78588943     1.00020112        0
  1839.80632145     1.00063897        0
  1839.82675327     0.99939446        0
  1839.84718519     1.00024734        0
  1839.86761722     1.00060512        0
  1839.88804904     0.99971503        0
  1839.90848096     1.00042389        0
  1839.92891298     1.00054496        0
  1839.94934490     1.00050010        0
  1839.96977682     0.99996634        0
  1839.99020874     0.99972376        0
  1840.01064066     1.00004620        0
  1840.27625557     0.99788554        0
  1840.29668748     0.99936240        0
  1840.31711929     1.00020103        0
  1840.33755131     0.99996580        0
  1840.35798322     0.99983771        0
  1840.37841513     1.00055941        0
  1840.39884704     1.00061324        0
  1840.41927895     0.99984891        0
  1840.43971086     0.99929440        0
  1840.46014277     0.99949579        0
  1840.48057468     0.99922013        0
  1840.50100659     0.99934041        0
  1840.52143860     0.99875241        0
  1840.54187041     0.99949259        0
  1840.56230242     0.99980472        0
  1840.58273433     1.00036491        0
  1840.60316614     0.99985363        0
  1840.62359814     1.00021538        0
  1840.64403005     1.00028362        0
  1840.66446186     1.00160033        0
  1840.68489386     0.99990156        0
  1840.70532577     0.99667455        0
  1840.72575757     0.99978878        0
  1840.74618958     0.99949894        0
  1840.76662148     0.99957277        0
  1840.78705339     0.99950758        0
  1840.80748529     1.00041903        0
  1840.82791709     0.99947496        0
  1840.84834910     1.00119931        0
  1840.86878100     1.00044738        0
  1840.88921290     0.99953310        0
  1840.90964470     0.99995986        0
  1840.93007670     0.99972901        0
  1840.95050861     1.00052611        0
  1840.97094041     0.99977005        0
  1840.99137241     1.00063710        0
  1872.00668539     1.00071839        1
  1872.02711698     1.00067059        1
  1872.04754857     1.00031424        1
  1872.06798016     1.00026549        1
  1872.08841176     1.00118320        1
  1872.10884335     1.00090252        1
  1872.12927504     1.00042532        1
  1872.17013812     0.99964112        1
  1872.19056981     0.99962001        1
  1872.21100140     1.00062808        1
  1872.23143290     1.00008048        1
  1872.25186459     0.99977029        1
  1872.27229618     1.00001057        1
  1872.29272767     1.00015200        1
  1872.31315936     0.99945515        1
  1872.33359095     0.99930421        1
  1872.35402245     0.99971115        1
  1872.37445414     1.00045387        1
  1872.41531742     0.99941716        1
  1872.43574891     0.99920157        1
  1872.45618050     0.99953248        1
  1872.47661219     0.99951930        1
  1872.49704369     1.00002579        1
  1872.51747528     0.99955295        1
  1872.53790697     1.00058655        1
  1872.55833846     0.99974303        1
  1872.57877005     1.00039812        1
  1872.59920174     1.00010236        1
  1872.61963323     0.99980064        1
  1872.66049652     0.99993256        1
  1872.68092801     0.99967988        1
  1872.70135970     0.99889551        1
  1872.72179129     0.99896628        1
  1872.74222278     0.99928683        1
  1872.76265447     0.99939889        1
  1872.78308606     0.99891734        1
  1872.80351755     0.99929609        1
  1872.82394924     0.99919513        1
  1872.84438084     0.99911381        1
  1872.86481233     0.99905606        1
  1872.90567561     0.99893739        1
  1872.92610710     1.00041722        1
  1872.94653879     0.99917163        1
  1872.96697038     0.99925159        1
  1872.98740207     1.00029997        1
  1873.00783356     1.00059633        1
  1873.02826516     0.99995710        1
  1873.04869685     1.00014751        1
  1873.06912834     1.00076436        1
  1873.08955993     1.00039151        1
  1873.15085470     1.00165602        1
  1873.17128639     1.00020533        1
  1873.19171798     0.99975451        1
  1873.21214957     1.00032588        1
  1873.23258117     0.99963300        1
  1873.25301276     1.00035167        1
  1873.27344435     1.00041731        1
  1873.29387594     0.99980854        1
  1873.31430753     1.00078644        1
  1873.33473912     1.00059010        1
  1873.35517071     1.00003033        1
  1873.39603389     0.99974975        1
  1873.41646548     1.00094025        1
  1873.43689697     1.00064272        1
  1873.45732867     1.00071495        1
  1873.47776026     1.00084364        1
  1873.49819195     1.00017788        1
  1873.51862344     1.00064734        1
  1873.53905503     1.00014542        1
  1873.55948672     1.00019610        1
  1873.57991821     0.99994073        1
  1873.60034980     0.99911299        1
  1873.72293935     0.99970183        1
  1873.74337104     0.99949228        1
  1873.76380263     1.00130516        1
  1873.78423422     0.99982398        1
  1873.80466581     1.00007384        1
  1873.82509740     0.99965359        1
  1873.84552909     1.00060247        1
  1873.88639217     0.99854256        1
  1873.90682386     0.99887196        1
  1873.92725536     0.99899632        1
  1873.94768695     1.00000000        1
  1873.96811864     0.99936319        1
  1873.98855013     0.99977860        1
  1874.00898182     0.99978361        1
  1874.02941331     1.00048560        1
  1874.04984490     1.00089406        1
  1874.07027659     1.00003460        1
  1874.09070808     0.99993007        1
  1874.23372922     0.99957218        1
  1874.25416091     0.99989975        1
  1874.27459250     0.99972964        1
  1874.29502409     0.99998885        1
  1874.31545568     1.00002618        1
  1874.33588727     1.00053922        1
  1874.37675046     1.00021920        1
  1874.39718205     1.00003497        1
  1874.41761374     1.00071151        1
  1874.43804523     1.00040671        1
  1874.45847682     1.00091648        1
  1874.47890851     1.00088100        1
  1874.49934000     1.00082653        1
  1874.51977169     1.00057013        1
  1874.54020328     0.99979280        1
  1874.56063478     1.00023272        1
  1874.58106647     1.00005642        1
  1874.62192955     1.00008339        1
  1874.64236124     1.00018546        1
  1874.66279283     1.00002304        1
  1874.68322442     0.99985228        1
  1874.70365601     0.99988082        1
  1874.72408760     0.99978847        1
  1874.74451910     0.99975108        1
  1874.76495079     1.00028342        1
  1874.78538238     0.99971087        1
  1874.80581397     0.99933716        1
  1874.86710884     1.00024632        1
  1874.88754033     0.99992061        1
  1874.90797192     1.00032224        1
  1874.92840362     1.00089305        1
  1874.94883511     1.00042348        1
  1874.96926670     1.00048158        1
  1874.98969839     1.00113491        1
  1875.01012988     0.99990879        1
  1875.03056157     0.99962050        1
  1875.05099316     1.00042267        1
  1875.11228794     0.99984906        1
  1875.13271943     0.99973803        1
  1875.15315112     0.99947337        1
  1875.17358271     0.99906187        1
  1875.19401430     0.99994692        1
  1875.21444590     1.00089619        1
  1875.23487749     0.99986860        1
  1875.35746704     0.99798273        1
  1875.37789873     0.99836545        1
  1875.39833022     0.99930260        1
  1875.41876181     0.99999327        1
  1875.43919350     0.99955154        1
  1875.45962499     1.00003567        1
  1875.48005659     1.00025401        1
  1875.50048828     0.99962123        1
  1875.52091977     1.00015722        1
  1875.54135146     0.99981887        1
  1875.56178305     1.00087287        1
  1875.60264624     0.99966718        1
  1875.62307783     0.99953442        1
  1875.64350932     0.99946326        1
  1875.66394101     1.00003299        1
  1875.68437260     1.00014683        1
  1875.70480420     0.99977750        1
  1875.72523579     1.00103791        1
  1875.74566738     0.99970388        1
  1875.76609907     0.99994752        1
  1875.78653056     1.00010490        1
  1875.80696216     0.99962119        1
  1875.84782544     1.00001588        1
  1875.86825693     0.99994366        1
  1875.88868862     1.00091416        1
  1875.90912022     1.00034829        1
  1875.92955171     0.99995333        1
  1875.94998340     1.00064520        1
  1875.97041499     1.00022355        1
  1875.99084669     1.00009271        1
  1876.09300455     0.99889523        1
  1876.11343614     0.99967286        1
  1876.13386773     0.99948753        1
  1876.15429922     0.99900807        1
  1876.17473092     1.00070503        1
  1876.19516251     0.99921572        1
  1876.21559410     0.99966270        1
  1876.23602569     1.00015246        1
  1876.25645729     0.99877659        1
  1876.33818376     1.00037929        1
  1876.35861535     0.99978511        1
  1876.37904684     0.99989336        1
  1876.39947854     0.99987814        1
  1876.41991013     0.99951315        1
  1876.44034162     0.99826567        1
  1876.46077332     0.99899565        1
  1876.48120491     0.99901074        1
  1876.50163660     0.99905222        1
  1876.52206809     0.99854494        1
  1876.54249969     0.99948434        1
  1876.58336287     0.99914629        1
  1876.60379447     0.99888794        1
  1876.62422616     0.99872202        1
  1876.64465765     0.99961432        1
  1876.82854199     1.00000418        1
  1876.84897369     1.00039344        1
  1876.86940518     1.00025671        1
  1876.88983677     1.00064003        1
  1876.91026847     0.99977033        1
  1877.07372132     1.00043485        1
  1877.09415281     0.99968934        1
  1877.11458441     1.00033964        1
  1877.13501610     1.00039018        1
  1877.15544759     1.00062476        1
  1877.17587919     1.00028160        1
  1877.19631088     1.00037565        1
  1877.21674238     1.00044723        1
  1877.23717407     1.00059822        1
  1877.25760567     0.99991138        1
  1877.27803716     1.00048745        1
  1877.31890045     1.00040289        1
  1877.33933204     0.99988313        1
  1877.35976364     0.99945363        1
  1877.38019523     1.00009369        1
  1877.40062683     0.99972710        1
  1877.42105842     0.99979460        1
  1877.44149002     1.00016022        1
  1877.46192161     1.00027645        1
  1877.48235321     1.00026261        1
  1877.50278480     1.00027211        1
  1877.52321640     1.00044033        1
  1877.56407959     1.00036534        1
  1877.58451128     1.00106339        1
  1877.60494278     1.00165967        1
  1877.62537437     1.00075130        1
  1877.64580607     1.00099657        1
  1877.66623756     1.00119169        1
  1877.68666926     1.00175145        1
  1877.70710085     1.00074298        1
  1877.72753235     1.00067973        1
  1877.74796404     1.00114604        1
  1877.76839564     1.00114317        1
  1877.80925883     1.00133666        1
  1877.82969042     1.00076932        1
  1877.85012192     1.00000870        1
  1877.87055362     1.00077779        1
  1877.89098521     1.00050588        1
  1877.91141681     1.00017938        1
  1877.93184840     0.99980216        1
  1877.95228000     1.00012715        1
  1877.97271169     0.99891947        1
  1877.99314329     0.99896245        1
  1878.01357479     0.99803445        1
  1878.05443808     1.00014496        1
  1878.07486957     1.00022109        1
  1878.09530127     1.00014064        1
  1878.11573287     0.99988910        1
  1878.13616436     0.99985237        1
  1878.15659606     1.00028249        1
  1878.17702756     0.99960429        1
  1878.19745925     1.00047430        1
  1878.21789085     1.00014903        1
  1878.23832234     0.99970729        1
  1878.25875404     1.00218644        1
  1878.29961713     1.00004835        1
  1878.32004883     0.99947920        1
  1878.34048043     0.99962371        1
  1878.36091193     0.99906242        1
  1878.38134362     0.99935520        1
  1878.40177522     0.99965108        1
  1878.42220692     0.99902168        1
  1878.44263841     0.99903059        1
  1878.46307001     1.00016105        1
  1878.48350171     0.99864145        1
  1878.54479650     0.99899749        1
  1878.56522810     0.99968260        1
  1878.58565959     1.00001817        1
  1878.60609129     0.99982888        1
  1878.62652289     1.00033059        1
  1878.64695449     0.99960866        1
  1878.66738608     1.00040050        1
  1878.68781768     1.00034002        1
  1878.70824938     1.00013005        1
  1878.72868088     1.00008402        1
  1878.74911248     1.00007604        1
  1878.78997567     1.00007757        1
  1878.81040727     0.99996275        1
  1878.83083887     1.00012275        1
  1878.85127047     0.99986461        1
  1878.87170216     0.99948275        1
  1878.89213366     0.99914383        1
  1878.91256526     0.99965657        1
  1878.93299696     0.99987796        1
  1878.95342846     0.99972859        1
  1878.97386006     0.99953689        1
  1878.99429175     0.99944817        1
  1879.05558655     0.99953999        1
  1879.07601815     0.99954768        1
  1879.09644975     0.99913137        1
  1879.11688135     0.99998964        1
  1879.13731295     0.99931221        1
  1879.15774454     0.99940420        1
  1879.17817614     0.99944954        1
  1879.19860774     0.99903004        1
  1879.21903944     1.00004610        1
  1879.23947094     0.99977633        1
  1879.28033424     1.00016182        1
  1879.30076574     1.00028423        1
  1879.32119744     1.00096737        1
  1879.34162904     1.00061004        1
  1879.36206054     0.99988827        1
  1879.38249224     1.00024864        1
  1879.40292384     0.99980540        1
  1879.42335534     0.99975037        1
  1879.44378704     0.99978431        1
  1879.46421864     0.99979016        1
  1879.48465014     0.99982979        1
  1879.52551334     0.99996868        1
  1879.54594504     1.00075697        1
  1879.56637664     1.00048125        1
  1879.58680824     1.00016110        1
  1879.60723984     1.00071656        1
  1879.62767144     1.00090009        1
  1879.64810304     1.00035161        1
  1879.66853464     1.00015308        1
  1879.68896624     1.00100397        1
  1879.70939784     1.00033512        1
  1879.72982944     0.99962019        1
  1879.77069275     0.99983464        1
  1879.79112435     1.00005252        1
  1879.81155585     1.00006552        1
  1879.83198755     0.99968416        1
  1879.85241915     1.00003925        1
  1879.87285065     0.99972372        1
  1879.89328235     0.99983077        1
  1879.91371395     0.99989649        1
  1879.93414546     0.99977717        1
  1879.95457716     1.00020837        1
  1879.97500876     1.00032176        1
  1880.01587196     1.00027305        2
  1880.03630357     0.99987582        2
  1880.05673527     0.99964189        2
  1880.07716677     0.99941455        2
  1880.09759837     1.00052087        2
  1880.11802997     0.99971404        2
  1880.13846158     1.00073574        2
  1880.15889318     0.99989836        2
  1880.17932488     0.99983546        2
  1880.19975638     0.99934579        2
  1880.22018809     1.00054600        2
  1880.26105119     0.99984710        2
  1880.28148289     0.99979064        2
  1880.30191450     0.99994018        2
  1880.32234600     1.00000283        2
  1880.34277770     0.99969829        2
  1880.36320931     0.99986710        2
  1880.38364081     0.99917781        2
  1880.40407251     1.00008869        2
  1880.42450412     0.99966708        2
  1880.44493582     1.00081808        2
  1880.50623063     1.00042957        2
  1880.52666213     1.00083847        2
  1880.54709374     1.00070280        2
  1880.56752544     1.00062728        2
  1880.58795695     1.00016772        2
  1880.60838855     1.00126966        2
  1880.62882025     1.00171899        2
  1880.64925176     1.00076271        2
  1880.66968346     1.00106927        2
  1880.75140988     0.99945196        2
  1880.77184148     0.99956041        2
  1880.79227309     0.99980842        2
  1880.81270469     0.99972167        2
  1880.83313630     0.99967284        2
  1880.85356790     0.99981125        2
  1880.87399951     1.00030462        2
  1880.89443111     0.99981664        2
  1880.91486272     0.99988393        2
  1880.93529433     1.00032410        2
  1880.95572603     0.99967946        2
  1880.99658914     0.99975242        2
  1881.01702085     0.99957087        2
  1881.03745235     0.99879444        2
  1881.05788396     0.99977985        2
  1881.07831566     0.99926183        2
  1881.09874717     0.99975976        2
  1881.11917888     0.99907811        2
  1881.13961048     0.99863991        2
  1881.16004199     0.99885780        2
  1881.18047370     1.00020088        2
  1881.20090530     1.00038846        2
  1881.24176851     1.00008600        2
  1881.26220012     0.99982484        2
  1881.28263173     0.99996112        2
  1881.30306334     0.99900518        2
  1881.32349494     0.99890190        2
  1881.34392665     0.99952634        2
  1881.36435816     0.99963760        2
  1881.38478976     0.99955545        2
  1881.40522147     0.99962425        2
  1881.42565308     0.99960688        2
  1881.44608459     0.99985766        2
  1881.48694780     1.00020360        2
  1881.50737951     1.00039122        2
  1881.52781112     0.99978003        2
  1881.54824272     1.00071174        2
  1881.56867433     1.00243695        2
  1881.58910594     1.00089628        2
  1881.60953745     1.00091556        2
  1881.62996916     1.00063423        2
  1881.65040076     1.00208879        2
  1881.67083227     1.00235587        2
  1881.69126398     1.00115867        2
  1881.73212730     1.00150960        2
  1881.75255881     1.00101338        2
  1881.77299042     1.00029606        2
  1881.79342213     1.00117947        2
  1881.81385363     1.00151574        2
  1881.83428524     1.00013379        2
  1881.85471695     0.99956701        2
  1881.87514846     1.00027614        2
  1881.89558007     1.00020669        2
  1881.91601178     1.00045244        2
  1881.93644339     0.99983609        2
  1881.97730661     1.00032378        2
  1881.99773822     1.00003930        2
  1882.01816983     1.00016646        2
  1882.03860144     1.00004544        2
  1882.05903305     1.00017583        2
  1882.07946476     1.00015868        2
  1882.09989627     0.99965870        2
  1882.12032788     0.99946241        2
  1882.14075959     0.99985220        2
  1882.16119110     0.99975507        2
  1882.22248594     0.99838713        2
  1882.24291765     0.99854416        2
  1882.26334916     0.99897418        2
  1882.28378077     0.99882203        2
  1882.30421248     0.99889275        2
  1882.32464399     0.99967627        2
  1882.34507570     0.99987152        2
  1882.36550731     1.00039892        2
  1882.46766537     1.00071445        2
  1882.48809699     1.00069438        2
  1882.50852860     1.00073315        2
  1882.52896021     1.00028245        2
  1882.54939182     1.00029133        2
  1882.56982354     0.99912667        2
  1882.77413967     1.00011549        2
  1882.79457138     1.00026455        2
  1882.81500290     1.00088241        2
  1882.83543451     1.00052990        2
  1882.85586622     1.00174430        2
  1882.87629774     1.00032761        2
  1882.89672925     1.00121135        2
  1882.91716097     1.00113072        2
  1883.01931914     0.99968413        2
  1883.03975065     0.99978761        2
  1883.06018227     1.00034862        2
  1883.08061398     1.00071655        2
  1883.10104560     1.00153964        2
  1883.12147711     1.00055994        2
  1883.14190883     1.00100818        2
  1883.16234045     1.00146797        2
  1883.20320368     1.00039519        2
  1883.22363529     1.00070715        2
  1883.24406701     0.99984668        2
  1883.26449853     0.99919219        2
  1883.28493014     1.00006957        2
  1883.30536186     0.99914166        2
  1883.32579337     0.99893363        2
  1883.34622499     0.99818778        2
  1883.36665671     0.99918044        2
  1883.38708822     0.99820000        2
  1883.40751994     0.99887311        2
  1883.44838308     0.99939265        2
  1883.46881479     0.99959003        2
  1883.48924641     1.00000000        2
  1883.50967793     0.99977021        2
  1883.53010965     1.00031455        2
  1883.55054116     1.00000444        2
  1883.57097288     0.99943870        2
  1883.59140450     0.99995407        2
  1883.61183602     0.99933136        2
  1883.63226773     0.99913300        2
  1883.65269935     0.99931600        2
  1883.69356259     0.99894272        2
  1883.71399421     0.99845082        2
  1883.73442583     0.99908626        2
  1883.75485745     0.99839391        2
  1883.77528907     0.99961362        2
  1883.79572078     0.99963731        2
  1883.81615240     0.99984740        2
  1883.83658392     0.99968988        2
  1883.85701564     0.99952535        2
  1883.87744726     1.00012456        2
  1883.89787878     1.00066353        2
  1883.95917364     1.00125313        2
  1883.97960536     1.00013339        2
  1884.00003698     1.00030023        2
  1884.02046870     1.00028623        2
  1884.04090022     1.00000734        2
  1884.06133184     1.00012702        2
  1884.08176356     0.99865512        2
  1884.10219508     0.99972795        2
  1884.12262670     0.99977443        2
  1884.14305843     0.99895533        2
  1884.18392157     1.00028868        2
  1884.20435319     1.00002696        2
  1884.22478481     1.00007875        2
  1884.24521653     1.00035142        2
  1884.26564805     1.00038584        2
  1884.28607968     1.00066077        2
  1884.30651140     1.00064861        2
  1884.32694302     1.00033354        2
  1884.34737454     1.00030359        2
  1884.36780626     0.99974467        2
  1884.38823789     0.99957488        2
  1884.42910113     1.00014963        2
  1884.44953275     0.99966246        2
  1884.46996448     1.00060475        2
  1884.49039600     1.00057843        2
  1884.51082762     0.99986635        2
  1884.53125935     1.00050535        2
  1884.55169087     1.00030874        2
  1884.57212249     1.00029115        2
  1884.59255422     1.00060291        2
  1884.61298574     1.00146520        2
  1884.63341746     1.00087775        2
  1884.67428061     1.00024106        2
  1884.69471234     0.99999757        2
  1884.71514396     1.00002087        2
  1884.73557559     0.99973619        2
  1884.75600721     0.99996862        2
  1884.77643884     1.00010346        2
  1884.79687046     0.99995390        2
  1884.81730209     0.99957384        2
  1884.83773371     0.99896535        2
  1884.85816534     0.99907845        2
  1884.91946021     0.99984049        2
  1884.93989184     1.00045634        2
  1884.96032346     1.00084415        2
  1884.98075519     1.00049536        2
  1885.00118672     1.00010870        2
  1885.02161844     0.99967949        2
  1885.04205007     0.99973442        2
  1885.06248160     1.00021122        2
  1885.08291332     1.00051131        2
  1885.10334495     0.99957379        2
  1885.12377648     0.99951724        2
  1885.16463983     0.99317394        2
  1885.18507136     0.99974657        2
  1885.20550308     0.99924249        2
  1885.22593471     0.99907973        2
  1885.24636644     0.99891294        2
  1885.26679797     0.99947214        2
  1885.28722960     0.99953448        2
  1885.30766132     0.99937991        2
  1885.32809285     0.99915489        2
  1885.34852448     0.99991249        2
  1885.36895621     1.00029337        2
  1885.40981937     1.00052581        2
  1885.43025109     1.00037542        2
  1885.45068272     1.00003362        2
  1885.47111435     1.00048311        2
  1885.49154598     1.00078297        2
  1885.51197761     1.00141935        2
  1885.53240924     1.00095476        2
  1885.55284087     1.00102712        2
  1885.57327240     1.00101651        2
  1885.59370413     1.00075287        2
  1885.61413576     0.99980051        2
  1885.65499902     0.99977788        2
  1885.67543065     0.99986383        2
  1885.69586238     0.99987718        2
  1885.71629391     1.00014503        2
  1885.73672554     1.00044812        2
  1885.75715727     1.00040454        2
  1885.77758881     0.99985811        2
  1885.79802044     1.00047113        2
  1885.81845217     1.00056179        2
  1885.83888370     1.00110684        2
  1885.85931543     1.00061383        2
  1885.90017859     1.00109077        2
  1885.92061033     1.00016200        2
  1885.94104196     1.00039197        2
  1885.96147359     1.00026207        2
  1885.98190522     0.99987089        2
  1886.00233686     0.99923412        2
  1886.02276849     1.00037523        2
  1886.04320012     0.99911791        2
  1886.06363176     0.99960686        2
  1886.08406349     0.99929241        2
  1886.10449512     0.99904355        2
  1886.16579002     0.99998881        2
  1886.18622156     1.00032633        2
  1886.20665329     1.00021046        2
  1886.22708482     1.00045793        2
  1886.24751656     0.99940453        2
  1886.26794819     0.99874871        2
  1886.28837973     0.99930265        2
  1886.30881146     0.99907931        2
  1886.32924310     0.99910618        2
  1886.34967463     0.99898455        2
  1886.39053800     0.99962702        2
  1886.41096954     0.99930165        2
  1886.43140127     0.99973861        2
  1886.45183291     1.00011698        2
  1886.47226465     0.99899773        2
  1886.49269618     0.99963201        2
  1886.51312782     1.00130559        2
  1886.53355955     0.99997641        2
  1886.63571774     1.00015761        2
  1886.65614938     0.99993677        2
  1886.67658101     1.00058510        2
  1886.69701265     1.00009276        2
  1886.71744429     1.00041058        2
  1886.73787593     1.00076939        2
  1886.88089739     0.99947956        2
  1886.90132903     0.99994400        2
  1886.92176077     1.00024895        2
  1886.94219231     0.99966488        2
  1886.96262395     1.00037021        2
  1886.98305569     1.00035736        2
  1887.12607717     0.99989934        2
  1887.14650881     0.99988423        2
  1887.16694045     1.00004115        2
  1887.18737209     0.99966901        2
  1887.20780373     0.99987883        2
  1887.22823538     1.00079877        2
  1887.24866712     0.99944329        2
  1887.26909866     1.00068732        2
  1887.28953030     0.99999726        2
  1887.30996204     1.00025200        2
  1887.33039368     1.00037314        2
  1887.37125697     1.00000458        2
  1887.39168861     0.99940139        2
  1887.41212015     0.99978886        2
  1887.43255190     0.99923867        2
  1887.45298354     0.99882696        2
  1887.47341518     0.99948440        2
  1887.49384683     1.00052516        2
  1887.51427847     0.99996231        2
  1887.53471021     1.00100306        2
  1887.55514176     1.00155948        2
  1887.57557340     1.00098700        2
  1887.61643669     1.00026757        2
  1887.63686843     1.00052349        2
  1887.65729998     1.00037411        2
  1887.67773162     1.00016748        2
  1887.69816337     1.00048147        2
  1887.71859491     1.00006096        2
  1887.73902656     0.99940234        2
  1887.75945830     0.99971988        2
  1887.77988985     0.99981584        2
  1887.86161653     0.99955768        2
  1887.88204818     0.99996361        2
  1887.90247982     0.99959994        2
  1887.92291147     0.99979944        2
  1887.94334312     1.00028783        2
  1887.96377476     1.00013104        2
  1887.98420651     1.00029396        2
  1891.04895620     1.00058838        3
  1891.06938787     1.00029046        3
  1891.08981965     0.99954784        3
  1891.11025122     1.00013353        3
  1891.13068290     0.99988711        3
  1891.15111467     0.99947643        3
  1891.17154624     1.00038919        3
  1891.19197802     1.00062251        3
  1891.21240969     0.99982987        3
  1891.23284127     0.99995936        3
  1891.29413630     1.00017118        3
  1891.31456807     0.99990800        3
  1891.33499975     1.00032792        3
  1891.35543152     1.00061745        3
  1891.37586310     1.00005399        3
  1891.39629478     1.00053179        3
  1891.41672655     0.99964030        3
  1891.43715813     0.99851991        3
  1891.45758981     0.99971661        3
  1891.47802159     0.99977348        3
  1891.49845326     0.99932225        3
  1891.53931662     0.99915641        3
  1891.55974820     0.99955118        3
  1891.58017998     1.00005012        3
  1891.60061166     0.99960995        3
  1891.62104323     0.99964744        3
  1891.64147501     0.99990145        3
  1891.66190669     1.00015133        3
  1891.68233827     1.00043686        3
  1891.70277005     1.00105300        3
  1891.72320173     1.00144754        3
  1891.74363351     1.00119711        3
  1891.78449677     0.99959220        3
  1891.80492855     0.99952790        3
  1891.82536013     0.99985864        3
  1891.84579181     0.99926423        3
  1891.86622360     0.99975788        3
  1891.88665518     0.99989464        3
  1891.90708686     1.00015329        3
  1891.92751864     1.00057558        3
  1891.94795022     1.00081586        3
  1891.96838201     1.00124553        3
  1891.98881369     1.00034704        3
  1892.02967705     0.99998609        3
  1892.05010874     1.00047973        3
  1892.07054042     0.99995112        3
  1892.09097210     0.99973349        3
  1892.11140379     1.00025177        3
  1892.13183557     1.00008108        3
  1892.15226726     1.00008844        3
  1892.17269884     1.00020632        3
  1892.19313062     1.00020565        3
  1892.21356221     0.99979372        3
  1892.23399389     0.99986546        3
  1892.27485726     0.99972342        3
  1892.29528905     0.99973558        3
  1892.31572074     1.00020278        3
  1892.33615232     1.00020114        3
  1892.35658411     1.00000000        3
  1892.37701579     1.00054742        3
  1892.39744738     1.00041169        3
  1892.41787917     0.99998287        3
  1892.43831085     0.99929236        3
  1892.45874244     0.99955731        3
  1892.52003770     0.99935236        3
  1892.54046929     0.99959373        3
  1892.56090098     1.00004040        3
  1892.58133277     1.00025402        3
  1892.60176436     1.00022249        3
  1892.62219605     0.99972411        3
  1892.64262783     0.99982168        3
  1892.82651305     1.00035852        3
  1892.84694474     0.99960502        3
  1892.86737653     1.00035276        3
  1892.88780812     0.99977432        3
  1892.90823991     1.00012218        3
  1892.92867150     1.00169356        3
  1892.94910320     1.00121939        3
  1892.96953499     1.00190390        3
  1893.01039827     0.99880707        3
  1893.03083007     1.00146759        3
  1893.05126166     1.00127219        3
  1893.07169345     1.00096402        3
  1893.09212515     0.99979026        3
  1893.11255674     0.99990136        3
  1893.13298853     1.00068995        3
  1893.15342023     0.99926387        3
  1893.17385182     0.99956723        3
  1893.19428362     0.99965072        3
  1893.21471531     1.00012529        3
  1893.31687379     0.99950340        3
  1893.33730549     0.99928180        3
  1893.35773728     0.99919724        3
  1893.37816898     0.99895432        3
  1893.39860058     0.99932045        3
  1893.41903237     1.00024186        3
  1893.43946407     1.00024814        3
  1893.45989587     1.00017054        3
  1893.50075917     1.00006833        3
  1893.52119096     0.99915819        3
  1893.54162256     0.99891329        3
  1893.56205416     0.99900507        3
  1893.58248596     0.99928034        3
  1893.60291766     0.99850285        3
  1893.62334946     0.99889033        3
  1893.64378106     0.99903956        3
  1893.66421276     0.99953669        3
  1893.68464456     0.99922220        3
  1893.70507616     0.99936177        3
  1893.74593966     0.99973789        3
  1893.76637126     1.00041966        3
  1893.78680296     1.00032549        3
  1893.80723476     1.00022484        3
  1893.82766636     0.99995334        3
  1893.84809816     1.00073552        3
  1893.86852987     1.00015154        3
  1893.88896157     1.00061479        3
  1893.90939327     0.99991203        3
  1893.92982497     0.99973199        3
  1894.01155189     1.00031001        3
  1894.03198359     1.00012650        3
  1894.05241519     1.00077858        3
  1894.07284700     1.00108561        3
  1894.09327870     1.00028052        3
  1894.11371031     0.99963257        3
  1894.13414211     1.00074485        3
  1894.15457382     1.00004326        3
  1894.17500552     1.00130525        3
  1894.19543723     1.00041278        3
  1894.23630064     1.00057313        3
  1894.25673235     1.00039322        3
  1894.27716395     0.99967122        3
  1894.29759576     0.99951349        3
  1894.31802747     0.99997028        3
  1894.33845907     1.00021903        3
  1894.35889088     1.00015193        3
  1894.37932259     1.00006414        3
  1894.39975440     1.00046934        3
  1894.42018600     1.00013828        3
  1894.44061771     1.00057982        3
  1894.48148113     1.00097930        3
  1894.50191284     1.00077163        3
  1894.52234465     1.00017719        3
  1894.54277636     1.00102575        3
  1894.56320807     1.00050876        3
  1894.58363978     1.00066910        3
  1894.60407149     1.00078796        3
  1894.72666175     1.00017315        3
  1894.74709356     1.00049408        3
  1894.76752517     0.99996066        3
  1894.78795699     1.00000247        3
  1894.80838870     0.99933105        3
  1894.82882031     0.99973043        3
  1894.84925212     1.00012562        3
  1894.97184240     0.99699927        3
  1894.99227402     0.99952463        3
  1895.01270583     0.99940394        3
  1895.03313755     0.99974449        3
  1895.05356926     0.99952099        3
  1895.07400098     0.99968704        3
  1895.09443269     0.99925827        3
  1895.11486451     0.99868620        3
  1895.13529613     0.99829726        3
  1895.15572784     0.99935939        3
  1895.17615966     0.99950501        3
  1895.21702299     0.99869165        3
  1895.23745481     0.99936749        3
  1895.25788653     0.99885200        3
  1895.27831815     0.99940852        3
  1895.29874996     0.99918826        3
  1895.31918168     0.99918830        3
  1895.33961350     0.99877351        3
  1895.36004512     0.99935146        3
  1895.38047684     0.99905469        3
  1895.40090866     0.99923189        3
  1895.42134028     0.99954572        3
  1895.46220382     0.99865069        3
  1895.48263544     1.00083446        3
  1895.50306726     1.00061601        3
  1895.52349888     1.00084694        3
  1895.54393060     1.00100634        3
  1895.56436242     1.00065331        3
  1895.58479404     1.00090399        3
  1895.60522576     1.00057483        3
  1895.62565758     1.00090130        3
  1895.64608920     1.00030272        3
  1895.66652103     1.00031479        3
  1895.70738447     1.00002519        3
  1895.72781619     1.00082330        3
  1895.74824792     1.00057640        3
  1895.76867964     1.00084296        3
  1895.78911136     1.00042695        3
  1895.80954309     1.00020255        3
  1895.82997481     1.00009871        3
  1895.85040664     1.00016327        3
  1895.87083826     0.99977285        3
  1895.89127009     1.00041395        3
  1895.91170181     1.00002458        3
  1895.95256526     0.99947064        3
  1895.97299699     1.00023342        3
  1895.99342861     1.00082924        3
  1896.01386044     1.00087981        3
  1896.03429217     1.00058604        3
  1896.05472399     1.00025568        3
  1896.07515562     1.00070312        3
  1896.09558735     1.00103915        3
  1896.11601908     1.00026602        3
  1896.13645080     1.00039879        3
  1896.15688253     0.99971641        3
  1896.19774599     1.00006868        3
  1896.21817782     0.99980417        3
  1896.23860945     0.99955125        3
  1896.25904117     0.99993646        3
  1896.27947300     1.00044930        3
  1896.29990463     0.99977610        3
  1896.32033636     1.00114244        3
  1896.34076819     0.99990377        3
  1896.36119982     1.00053279        3
  1896.48379031     0.99987957        3
  1896.50422204     0.99963707        3
  1896.52465378     1.00053918        3
  1896.54508551     0.99989686        3
  1896.56551734     0.99996386        3
  1896.58594898     0.99996739        3
  1896.60638081     0.99997343        3
  1896.62681254     0.99939288        3
  1896.64724418     1.00097462        3
  1896.68810775     0.99987426        3
  1896.70853938     0.99942063        3
  1896.72897121     0.99935523        3
  1896.74940295     0.99950708        3
  1896.76983469     0.99887835        3
  1896.79026642     0.99969052        3
  1896.81069816     0.99953403        3
  1896.83112989     0.99929069        3
  1896.85156163     0.99933849        3
  1896.87199337     0.99983038        3
  1896.89242510     0.99997036        3
  1896.93328858     0.99923332        3
  1896.95372032     0.99869945        3
  1896.97415205     0.99951057        3
  1896.99458389     0.99951955        3
  1897.01501553     0.99854196        3
  1897.03544727     0.99771351        3
  1897.05587911     0.99878094        3
  1897.07631085     0.99993112        3
  1897.09674249     1.00041441        3
  1897.11717433     1.00040868        3
  1897.17846955     1.00024497        3
  1897.19890129     1.00052364        3
  1897.21933313     1.00003130        3
  1897.23976477     1.00028275        3
  1897.26019651     0.99981192        3
  1897.28062835     0.99829447        3
  1897.30105999     0.99903143        3
  1897.32149184     0.99976572        3
  1897.34192358     0.99939212        3
  1897.36235522     0.99984170        3
  1897.38278707     0.99893700        3
  1897.42365045     1.00038464        3
  1897.44408230     1.00144258        3
  1897.46451404     1.00184594        3
  1897.48494588     1.00134055        3
  1897.50537753     1.00122124        3
  1897.52580917     1.00103380        3
  1897.54624102     1.00041836        3
  1897.56667276     1.00031246        3
  1897.58710451     1.00024895        3
  1897.60753626     1.00015627        3
  1897.62796800     1.00013565        3
  1897.73012684     1.00059979        3
  1897.75055848     1.00124869        3
  1897.77099033     1.00088073        3
  1897.79142208     1.00158086        3
  1897.81185373     1.00039576        3
  1897.83228558     0.99998821        3
  1897.85271733     0.99991074        3
  1897.87314918     1.00060471        3
  1897.91401257     0.99871996        3
  1897.93444442     0.99854274        3
  1897.95487607     0.99857319        3
  1897.97530783     0.99897013        3
  1897.99573968     0.99846093        3
  1898.01617133     0.99886651        4
  1898.03660318     0.99949635        4
  1898.05703493     0.99986327        4
  1898.07746658     1.00012403        4
  1898.09789843     0.99988295        4
  1898.11833019     1.00034025        4
  1898.15919369     1.00065143        4
  1898.17962535     1.00047742        4
  1898.20005720     1.00007643        4
  1898.22048895     0.99987069        4
  1898.24092061     0.99977833        4
  1898.26135246     0.99899473        4
  1898.28178422     0.99990161        4
  1898.30221597     0.99951986        4
  1898.32264772     1.00023367        4
  1898.40437475     1.00115928        4
  1898.42480660     1.00124706        4
  1898.44523836     1.00135690        4
  1898.46567002     1.00145423        4
  1898.48610187     1.00143940        4
  1898.50653363     1.00103974        4
  1898.52696529     1.00060494        4
  1898.54739715     0.99983209        4
  1898.56782891     1.00064836        4
  1898.58826076     1.00023338        4
  1898.64955604     0.99934080        4
  1898.66998770     1.00045073        4
  1898.69041946     1.00022772        4
  1898.71085132     1.00022695        4
  1898.73128298     0.99978867        4
  1898.75171484     1.00031247        4
  1898.77214660     0.99992092        4
  1898.79257826     1.00061981        4
  1898.81301013     0.99994297        4
  1898.83344179     0.99951469        4
  1898.85387355     0.99902850        4
  1898.89473707     0.99983563        4
  1898.91516884     0.99922224        4
  1898.93560070     0.99808228        4
  1898.95603246     0.99952381        4
  1898.97646423     0.99943051        4
  1898.99689599     0.99938993        4
  1899.01732776     0.99921787        4
  1899.03775952     0.99951083        4
  1899.05819128     0.99964932        4
  1899.07862305     0.99908052        4
  1899.09905491     0.99939097        4
  1899.13991845     0.99898925        4
  1899.16035021     0.99915912        4
  1899.18078188     1.00089794        4
  1899.20121375     1.00013935        4
  1899.22164551     1.00006471        4
  1899.24207718     1.00044029        4
  1899.26250905     0.99980721        4
  1899.28294081     0.99980534        4
  1899.30337268     0.99932255        4
  1899.32380435     0.99968812        4
  1899.34423612     0.99896209        4
  1899.38509966     0.99978962        4
  1899.40553143     0.99901532        4
  1899.42596330     1.00053181        4
  1899.44639497     1.00027085        4
  1899.46682684     1.00056576        4
  1899.48725851     0.99956944        4
  1899.50769028     1.00085514        4
  1899.52812215     1.00076438        4
  1899.54855382     1.00019049        4
  1899.56898559     1.00032970        4
  1899.58941746     1.00232455        4
  1899.63028091     1.00035819        4
  1899.65071278     0.99980851        4
  1899.67114455     0.99964269        4
  1899.69157633     1.00000000        4
  1899.71200810     1.00030773        4
  1899.73243987     1.00125717        4
  1899.75287175     1.00027897        4
  1899.77330342     1.00010574        4
  1899.79373520     0.99956818        4
  1899.81416707     0.99990637        4
  1899.83459875     1.00021114        4
  1899.87546240     1.00148381        4
  1899.89589408     1.00057782        4
  1899.91632595     0.99936774        4
  1899.93675773     1.00004211        4
  1899.95718941     0.99988222        4
  1899.97762128     0.99967128        4
  1899.99805306     1.00024581        4
  1900.01848494     0.99999893        4
  1900.03891662     1.00091325        4
  1900.05934839     1.00037487        4
  1900.07978017     1.00030336        4
  1900.12064373     1.00036448        4
  1900.14107551     1.00047351        4
  1900.16150729     1.00059252        4
  1900.18193917     1.00000379        4
  1900.20237085     1.00003405        4
  1900.22280263     1.00059307        4
  1900.24323451     0.99934026        4
  1900.26366619     0.99991148        4
  1900.28409797     0.99926477        4
  1900.30452986     0.99986753        4
  1900.32496164     0.99988352        4
  1900.36582520     1.00015611        4
  1900.38625699     1.00039196        4
  1900.40668887     0.99978921        4
  1900.42712055     0.99976640        4
  1900.44755234     0.99937182        4
  1900.46798422     0.99972055        4
  1900.48841591     0.99905890        4
  1900.50884769     1.00010243        4
  1900.52927957     1.00006305        4
  1900.54971126     0.99942206        4
  1900.57014315     1.00044707        4
  1900.61100662     1.00036412        4
  1900.63143850     0.99994983        4
  1900.65187029     1.00070236        4
  1900.67230198     0.99922173        4
  1900.69273386     0.99948266        4
  1900.85618817     1.00059605        4
  1900.87661996     1.00044438        4
  1900.89705185     0.99990704        4
  1900.91748364     1.00079127        4
  1900.93791533     1.00030526        4
  1900.95834722     1.00045257        4
  1900.97877902     0.99983246        4
  1900.99921071     1.00009772        4
  1901.01964260     0.99992602        4
  1901.04007439     1.00045554        4
  1901.06050608     1.00036492        4
  1901.10136977     1.00145552        4
  1901.12180166     1.00108986        4
  1901.14223336     1.00043266        4
  1901.16266515     1.00041594        4
  1901.18309704     1.00141238        4
  1901.20352874     1.00166235        4
  1901.22396053     1.00119172        4
  1901.24439243     1.00092490        4
  1901.26482412     1.00027569        4
  1901.28525602     1.00156583        4
  1901.30568782     0.99970653        4
  1901.34655141     0.99950440        4
  1901.36698321     0.99953558        4
  1901.38741500     0.99891358        4
  1901.40784680     0.99931327        4
  1901.42827860     0.99941242        4
  1901.44871040     1.00004248        4
  1901.46914219     0.99959250        4
  1901.48957399     1.00002522        4
  1901.51000579     0.99972320        4
  1901.53043759     0.99989272        4
  1901.55086939     0.99969039        4
  1901.59173299     0.99929857        4
  1901.61216489     0.99935987        4
  1901.63259669     0.99989628        4
  1901.65302839     0.99885335        4
  1901.67346029     0.99933265        4
  1901.69389209     0.99963264        4
  1901.71432380     0.99958515        4
  1901.73475570     0.99943052        4
  1901.75518750     0.99968512        4
  1901.77561920     0.99974167        4
  1901.79605111     0.99969195        4
  1901.83691481     0.99934973        4
  1901.85734652     1.00029159        4
  1901.87777832     0.99910556        4
  1901.89821023     0.99986141        4
  1901.91864193     0.99999584        4
  1901.93907374     0.99931879        4
  1901.95950564     0.99960211        4
  1901.97993735     0.99957832        4
  1902.00036925     0.99994466        4
  1902.08209648     1.00027194        4
  1902.10252819     1.00022583        4
  1902.12296010     0.99977883        4
  1902.14339191     0.99946845        4
  1902.16382371     0.99888134        4
  1902.18425552     0.99954088        4
  1902.20468733     1.00555213        4
  1902.22511914     0.99987588        4
  1902.24555095     1.00012358        4
  1902.26598276     1.00041629        4
  1902.28641467     1.00114232        4
  1902.32727819     1.00036641        4
  1902.34771010     1.00017996        4
  1902.36814182     0.99997687        4
  1902.38857373     1.00027889        4
  1902.40900554     1.00055279        4
  1902.42943725     0.99993327        4
  1902.57246005     1.00015086        4
  1902.59289186     1.00011675        4
  1902.61332378     0.99951080        4
  1902.63375549     0.99984761        4
  1902.65418731     1.00051533        4
  1902.67461922     1.00075787        4
  1902.69505094     1.00055563        4
  1902.71548286     1.00055856        4
  1902.73591467     1.00077930        4
  1902.75634639     1.00017547        4
  1902.77677831     1.00022416        4
  1902.81764195     0.99481009        4
  1902.83807376     0.99942524        4
  1902.85850558     1.00070968        4
  1902.87893730     1.00072950        4
  1902.89936922     0.99995399        4
  1902.91980104     1.00054407        4
  1902.94023296     0.99984349        4
  1902.96066468     1.00008055        4
  1902.98109650     1.00032770        4
  1903.00152842     1.00075211        4
  1903.02196015     0.99988613        4
  1903.18541483     0.99930590        4
  1903.20584655     0.99932222        4
  1903.22627848     0.99900896        4
  1903.24671030     0.99976160        4
  1903.26714223     0.99923568        4
  1903.30800578     0.99924118        4
  1903.32843770     0.99989189        4
  1903.34886943     1.00027021        4
  1903.36930126     1.00044806        4
  1903.38973318     0.99970969        4
  1903.41016501     0.99953148        4
  1903.43059684     0.99992749        4
  1903.45102857     1.00033731        4
  1903.47146039     1.00128725        4
  1903.49189232     1.00068843        4
  1903.51232415     0.99989225        4
  1903.55318781     1.00005802        4
  1903.57361964     1.00001837        4
  1903.59405137     1.00078097        4
  1903.61448330     1.00059604        4
  1903.63491513     1.00020322        4
  1903.65534706     1.00033368        4
  1903.67577879     0.99937122        4
  1903.69621063     1.00032026        4
  1903.71664256     1.00065188        4
  1903.73707429     0.99976753        4
  1903.75750612     1.00081677        4
  1903.79836979     1.00033176        4
  1903.81880172     1.00041224        4
  1903.83923356     1.00068322        4
  1903.85966529     1.00150634        4
  1903.88009723     1.00140024        4
  1903.90052906     1.00036138        4
  1903.92096080     1.00010122        4
  1903.94139273     1.00012995        4
  1903.96182457     0.99983100        4
  1903.98225650     0.99954452        4
  1904.00268824     0.99887894        4
  1904.04355191     0.99939968        4
  1904.06398385     0.99898919        4
  1904.08441559     0.99985136        4
  1904.10484743     0.99921289        4
  1904.12527927     0.99920691        4
  1904.14571110     0.99963892        4
  1904.16614304     1.00001149        4
  1904.18657478     0.99969358        4
  1904.20700672     0.99956414        4
  1904.22743856     0.99991302        4
  1904.24787030     0.99953591        4
  1904.28873409     1.00021351        4
  1904.30916583     0.99996437        4
  1904.32959777     0.99964788        4
  1904.35002961     0.99975881        4
  1904.37046155     1.00024782        4
  1904.39089329     1.00019877        4
  1904.41132514     0.99988237        4
  1904.43175708     0.99974621        4
  1904.45218882     1.00010619        4
  1904.47262067     1.00105795        4
  1904.49305261     1.00016023        4
  1904.61564369     1.00075516        4
  1904.63607553     1.00038628        4
  1904.65650738     1.00028683        4
  1904.67693923     1.00016462        4
  1904.69737107     0.99958436        4
  1904.71780292     0.99965317        4
  1904.73823477     0.99887845        4
  1904.77909847     1.00004873        4
  1904.79953032     0.99950257        4
  1904.81996226     0.99944095        4
  1904.84039401     0.99930011        4
  1904.86082586     0.99945723        4
  1905.02428068     1.00149904        4
  1905.04471263     1.00117899        4
  1905.06514448     1.00076758        4
  1905.08557644     1.00007497        4
  1905.10600819     1.00019813        4
  1905.12644005     1.00042247        4
  1905.14687200     0.99960035        4
  1905.16730376     1.00010828        4
  1905.18773561     0.99939075        4
