  1835.65851090     1.00116650        0
  1835.67894287     0.99987273        0
  1835.80153470     0.99970658        0
  1835.82196677     1.00014579        0
  1835.84239864     0.99928286        0
  1835.86283061     0.99967672        0
  1835.88326268     0.99947744        0
  1835.90369455     1.00024722        0
  1835.92412652     0.99942492        0
  1835.94455859     0.99971373        0
  1835.96499046     0.99964187        0
  1835.98542242     1.00001376        0
  1836.00585449     1.00024857        0
  1836.02628636     1.00041206        0
  1836.04671832     1.00025210        0
  1836.06715039     1.00008481        0
  1836.08758225     0.99987681        0
  1836.10801422     1.00048150        0
  1836.12844628     0.99997481        0
  1836.14887824     1.00047260        0
  1836.16931011     0.99962411        0
  1836.18974217     1.00074671        0
  1836.21017413     1.00037675        0
  1836.23060619     1.00028059        0
  1836.25103806     1.00378896        0
  1836.27147002     1.00026521        0
  1836.31233394     1.00034207        0
  1836.33276590     1.00089696        0
  1836.35319796     0.99991061        0
  1836.37362982     0.99984584        0
  1836.39406178     0.99944149        0
  1836.41449373     1.00000000        0
  1836.43492569     0.99975817        0
  1836.45535765     0.99946995        0
  1836.47578961     0.99991077        0
  1836.49622156     0.99967132        0
  1836.51665352     1.00041108        0
  1836.53708547     1.00008680        0
  1836.55751743     0.99953585        0
  1836.57794938     1.00014812        0
  1836.59838144     0.99992040        0
  1836.61881329     0.99997321        0
  1836.63924525     0.99990836        0
  1836.65967730     0.99987429        0
  1836.68010915     1.00035379        0
  1836.70054110     0.99992392        0
  1836.72097316     0.99996032        0
  1836.74140501     1.00007218        0
  1836.76183696     0.99883701        0
  1836.78226901     0.99999102        0
  1836.80270086     0.99980492        0
  1836.82313291     1.00130028        0
  1836.84356486     1.00041540        0
  1836.86399671     1.00017486        0
  1836.88442876     1.00007762        0
  1836.90486071     1.00009709        0
  1836.92529255     1.00057811        0
  1836.94572460     1.00263939        0
  1836.96615655     1.00058520        0
  1836.98658849     0.99988007        0
  1837.00702044     0.99957610        0
  1837.02745239     0.99926663        0
  1837.10918017     0.99998306        0
  1837.12961211     1.00012967        0
  1837.15004405     0.99899543        0
  1837.17047600     0.99951380        0
  1837.19090794     0.99994874        0
  1837.21133988     0.99974391        0
  1837.23177182     0.99966999        0
  1837.25220376     1.00012991        0
  1837.27263570     1.00019545        0
  1837.29306754     0.99940985        0
  1837.31349959     0.99955190        0
  1837.33393152     0.99988982        0
  1837.35436346     0.99980801        0
  1837.37479540     0.99985773        0
  1837.39522734     1.00006010        0
  1837.41565928     1.00019939        0
  1837.43609132     1.00066969        0
  1837.45652315     1.00058978        0
  1837.47695519     1.00034118        0
  1837.49738713     1.00017706        0
  1837.51781896     1.00008449        0
  1837.53825100     1.00018225        0
  1837.55868293     0.99978257        0
  1837.57911477     0.99998235        0
  1837.59954680     0.99957330        0
  1837.61997874     0.99943079        0
  1837.64041057     0.99944557        0
  1837.66084260     1.00005232        0
  1837.68127454     0.99980455        0
  1837.70170637     1.00070025        0
  1837.72213840     1.00024718        0
  1837.74257033     1.00033294        0
  1837.76300216     0.99958351        0
  1837.78343419     0.99923364        0
  1837.80386612     0.99972666        0
  1837.82429805     1.00013528        0
  1837.84472998     1.00034997        0
  1837.86516191     1.00095284        0
  1837.88559374     0.99995716        0
  1837.90602577     0.99946957        0
  1837.92645770     1.00011362        0
  1837.94688963     0.99989478        0
  1837.96732155     0.99999287        0
  1837.98775348     0.99998672        0
  1838.00818531     1.00000926        0
  1838.02861733     0.99984674        0
  1838.04904926     0.99948610        0
  1838.06948128     0.99999047        0
  1838.08991311     0.99952948        0
  1838.11034503     1.00020976        0
  1838.13077705     1.00009663        0
  1838.15120888     1.00031412        0
  1838.17164080     0.99957886        0
  1838.19207282     1.00043842        0
  1838.21250465     0.99986612        0
  1838.23293657     0.99934511        0
  1838.27380051     1.00042886        0
  1838.29423233     1.00061175        0
  1838.31466435     0.99981050        0
  1838.33509627     1.00084138        0
  1838.35552809     1.00413754        0
  1838.37596011     0.99946287        0
  1838.39639203     1.00013694        0
  1838.41682385     1.00067026        0
  1838.43725587     1.00062472        0
  1838.45768778     0.99983608        0
  1838.47811960     0.99961831        0
  1838.49855162     1.00029138        0
  1838.51898353     1.00029663        0
  1838.53941535     1.00033480        0
  1838.55984736     1.00033388        0
  1838.58027928     1.00008108        0
  1838.60071109     0.99974824        0
  1838.62114311     1.00008203        0
  1838.64157502     0.99967942        0
  1838.66200684     0.99997982        0
  1838.68243885     1.00065882        0
  1838.70287076     1.00110211        0
  1838.72330268     0.99981535        0
  1838.74373459     0.99982305        0
  1838.76416650     0.99953184        0
  1838.78459841     1.00040467        0
  1838.80503032     1.00001389        0
  1838.82546223     0.99997541        0
  1838.84589424     0.99994750        0
  1838.86632605     0.99988048        0
  1838.88675796     1.00034505        0
  1838.90718997     1.00213312        0
  1838.92762178     1.00023192        0
  1838.94805369     1.00016816        0
  1838.96848569     0.99859978        0
  1838.98891750     0.99979991        0
  1839.07064513     1.00085067        0
  1839.09107713     0.99977692        0
  1839.11150904     0.99961489        0
  1839.13194084     0.99921808        0
  1839.15237285     0.99972229        0
  1839.17280475     1.00002772        0
  1839.19323655     1.00023616        0
  1839.21366856     0.99941199        0
  1839.23410046     1.00034709        0
  1839.25453226     0.99981886        0
  1839.27496426     1.00000793        0
  1839.29539616     1.00023306        0
  1839.31582817     0.99974768        0
  1839.33625997     0.99982793        0
  1839.35669187     0.99963109        0
  1839.37712377     1.00099061        0
  1839.39755567     1.00009934        0
  1839.41798747     1.00035391        0
  1839.43841946     0.99992340        0
  1839.45885136     0.99985945        0
  1839.47928316     0.99993513        0
  1839.49971516     1.00026283        0
  1839.52014706     0.99952965        0
  1839.54057895     0.99938171        0
  1839.56101085     0.99966243        0
  1839.58144275     1.00007454        0
  1839.60187464     1.00014737        0
  1839.62230654     0.99991631        0
  1839.64273843     1.00038599        0
  1839.66317033     1.00010348        0
  1839.72446601     0.99955317        0
  1839.74489800     0.99963896        0
  1839.76532979     1.00007042        0
  1839.78576169     1.00049944        0
  1839.80619368     1.00019827        0
  1839.82662547     0.99997740        0
  1839.84705736     0.99894190        0
  1839.86748935     0.99984443        0
  1839.88792114     1.00014461        0
  1839.90835303     0.99985100        0
  1839.92878502     0.99946600        0
  1839.94921691     0.99907083        0
  1839.96964880     1.00027795        0
  1839.99008069     0.99976651        0
  1840.01051258     1.00016896        0
  1840.31699075     1.00018813        0
  1840.33742273     1.00008128        0
  1840.35785462     1.00058734        0
  1840.37828650     0.99996526        0
  1840.39871838     1.00003744        0
  1840.41915026     1.00000317        0
  1840.43958214     1.00011930        0
  1840.46001402     1.00082077        0
  1840.48044590     1.00014751        0
  1840.50087778     1.00027962        0
  1840.52130976     0.99995323        0
  1840.54174153     1.00453919        0
  1840.56217351     1.00006617        0
  1840.58260539     0.99943102        0
  1840.60303717     0.99945487        0
  1840.62346914     1.00212948        0
  1840.64390102     0.99976480        0
  1840.66433280     1.00065309        0
  1840.68476477     0.99988510        0
  1840.70519665     1.00196581        0
  1840.72562842     1.00024843        0
  1840.74606040     0.99977147        0
  1840.76649227     1.00031966        0
  1840.78692415     1.00032732        0
  1840.80735602     0.99940610        0
  1840.82778779     1.00023974        0
  1840.84821977     0.99997354        0
  1840.86865164     1.00035117        0
  1840.88908351     1.00008856        0
  1840.90951528     0.99951134        0
  1840.92994725     0.99984564        0
  1840.95037912     1.00072234        0
  1840.97081089     0.99951913        0
  1840.99124286     0.99950412        0
  1872.00652925     1.00007201        1
  1872.02696084     1.00100476        1
  1872.04739243     0.99942667        1
  1872.06782402     1.00001820        1
  1872.08825560     1.00046742        1
  1872.10868719     1.00128119        1
  1872.12911888     0.99940946        1
  1872.16998195     0.99978393        1
  1872.19041364     0.99954850        1
  1872.21084523     1.00005966        1
  1872.23127671     1.00058581        1
  1872.25170840     1.00028541        1
  1872.27213999     1.00021882        1
  1872.29257148     0.99928642        1
  1872.31300316     0.99979924        1
  1872.33343475     0.99963426        1
  1872.35386624     1.00037145        1
  1872.37429793     0.99961777        1
  1872.41516120     0.99947056        1
  1872.43559269     1.00510135        1
  1872.45602428     0.99986132        1
  1872.47645596     0.99975467        1
  1872.49688745     0.99973799        1
  1872.51731904     0.99993074        1
  1872.53775072     1.00059717        1
  1872.55818221     1.00047703        1
  1872.57861380     0.99977044        1
  1872.59904549     1.00049562        1
  1872.61947697     1.00011678        1
  1872.66034025     1.00020698        1
  1872.68077174     0.99976607        1
  1872.70120342     0.99900271        1
  1872.72163501     0.99990320        1
  1872.74206650     0.99930025        1
  1872.76249819     0.99983822        1
  1872.78292977     0.99988420        1
  1872.80336126     0.99940037        1
  1872.82379295     0.99946376        1
  1872.84422454     1.00026938        1
  1872.86465602     1.00001054        1
  1872.90551930     1.00024267        1
  1872.92595079     1.00010481        1
  1872.94638247     1.00033961        1
  1872.96681406     0.99989733        1
  1872.98724575     0.99986910        1
  1873.00767724     1.00109743        1
  1873.02810882     1.00008663        1
  1873.04854051     1.00059638        1
  1873.06897200     1.00000501        1
  1873.08940359     0.99982139        1
  1873.10983527     0.99953945        1
  1873.15069835     0.99976959        1
  1873.17113004     0.99978320        1
  1873.19156162     1.00010978        1
  1873.21199321     1.00000798        1
  1873.23242480     0.99999689        1
  1873.25285639     1.00081379        1
  1873.27328797     1.00002923        1
  1873.29371956     1.00040140        1
  1873.31415115     1.00030613        1
  1873.33458274     1.00051168        1
  1873.35501433     1.00027849        1
  1873.39587750     0.99842731        1
  1873.41630909     0.99996813        1
  1873.43674058     1.00624300        1
  1873.45717226     1.00030336        1
  1873.47760385     1.00018070        1
  1873.49803554     0.99960050        1
  1873.51846703     0.99964141        1
  1873.53889862     0.99994577        1
  1873.55933030     1.00013842        1
  1873.57976179     1.00023933        1
  1873.60019338     1.00465603        1
  1873.78407777     0.99972563        1
  1873.80450936     1.00068544        1
  1873.82494095     0.99983389        1
  1873.84537264     0.99996953        1
  1873.88623571     0.99958255        1
  1873.90666740     0.99988440        1
  1873.92709889     0.99997410        1
  1873.94753048     1.00041292        1
  1873.96796216     1.00088457        1
  1873.98839365     1.00061537        1
  1874.00882534     1.00004838        1
  1874.02925683     0.99969860        1
  1874.04968842     1.00030452        1
  1874.07012011     1.00032713        1
  1874.09055159     1.00016510        1
  1874.25400440     1.00024528        1
  1874.27443599     0.99975155        1
  1874.29486758     1.00033574        1
  1874.31529917     0.99943057        1
  1874.33573076     1.00036164        1
  1874.37659393     0.99961805        1
  1874.39702552     0.99956092        1
  1874.41745721     0.99951697        1
  1874.43788870     0.99983660        1
  1874.45832029     0.99967441        1
  1874.47875198     1.00018224        1
  1874.49918346     0.99995718        1
  1874.51961515     1.00010740        1
  1874.54004674     1.00293652        1
  1874.56047823     1.00362317        1
  1874.58090992     0.99967648        1
  1874.62177300     0.99998726        1
  1874.64220469     1.00001219        1
  1874.66263628     1.00045566        1
  1874.68306787     1.00081636        1
  1874.70349945     0.99971467        1
  1874.72393104     0.99999332        1
  1874.74436253     1.00038902        1
  1874.76479422     1.00018704        1
  1874.78522581     0.99958527        1
  1874.80565740     1.00032164        1
  1874.86695227     0.99927860        1
  1874.88738376     1.00003731        1
  1874.90781535     0.99948273        1
  1874.92824704     0.99988410        1
  1874.94867853     1.00076875        1
  1874.96911011     1.00027715        1
  1874.98954180     0.99914024        1
  1875.00997329     0.99970853        1
  1875.03040498     1.00060953        1
  1875.05083657     1.00091385        1
  1875.11213134     1.00086478        1
  1875.13256283     0.99949919        1
  1875.15299452     1.00158034        1
  1875.17342611     0.99967791        1
  1875.19385770     1.00009157        1
  1875.21428929     1.00019226        1
  1875.23472088     0.99942058        1
  1875.25515257     0.99983117        1
  1875.35731042     0.99882487        1
  1875.37774211     1.00038834        1
  1875.39817360     0.99954078        1
  1875.41860519     0.99992474        1
  1875.43903688     1.00031795        1
  1875.45946837     0.99999574        1
  1875.47989996     0.99962322        1
  1875.50033165     0.99979141        1
  1875.52076314     0.99950490        1
  1875.54119483     0.99971760        1
  1875.56162642     1.00019179        1
  1875.60248961     0.99994571        1
  1875.62292120     0.99975194        1
  1875.64335269     1.00027988        1
  1875.66378438     0.99994978        1
  1875.68421597     0.99947368        1
  1875.70464756     0.99959227        1
  1875.72507915     0.99985958        1
  1875.74551074     1.00013384        1
  1875.76594243     0.99943626        1
  1875.78637392     0.99955963        1
  1875.80680551     0.99973897        1
  1875.84766879     1.00055414        1
  1875.86810029     1.00043296        1
  1875.88853198     0.99976127        1
  1875.90896357     1.00015848        1
  1875.92939506     0.99946854        1
  1875.94982675     0.99999523        1
  1875.97025834     1.00038910        1
  1875.99069003     1.00009221        1
  1876.01112152     0.99973718        1
  1876.03155312     0.99972162        1
  1876.09284789     1.00041743        1
  1876.11327948     1.00011542        1
  1876.13371107     0.99964203        1
  1876.15414257     1.00067119        1
  1876.17457426     0.99997423        1
  1876.19500585     1.00047859        1
  1876.21543744     0.99997017        1
  1876.23586903     0.99990371        1
  1876.25630062     0.99944493        1
  1876.27673232     1.00209002        1
  1876.35845868     0.99995997        1
  1876.37889018     0.99989294        1
  1876.39932187     1.00015872        1
  1876.41975346     0.99902791        1
  1876.44018495     0.99983368        1
  1876.46061665     1.00034432        1
  1876.48104824     1.00046930        1
  1876.50147993     0.99908835        1
  1876.52191142     1.00068352        1
  1876.54234302     0.99963572        1
  1876.58320620     0.99979798        1
  1876.60363779     0.99997853        1
  1876.62406949     0.99954931        1
  1876.64450098     1.00037092        1
  1876.66493257     1.00017584        1
  1876.82838532     0.99956344        1
  1876.84881701     1.00079903        1
  1876.86924850     1.00024915        1
  1876.88968010     0.99970078        1
  1876.91011179     0.99943090        1
  1876.93054339     1.00084457        1
  1876.95097488     0.99988870        1
  1877.07356464     1.00008964        1
  1877.09399614     1.00038106        1
  1877.11442773     1.00023415        1
  1877.13485942     0.99964442        1
  1877.15529092     1.00026005        1
  1877.17572251     0.99996399        1
  1877.19615421     0.99987884        1
  1877.21658570     1.00019431        1
  1877.23701740     0.99989471        1
  1877.25744899     1.00026569        1
  1877.27788048     1.00022896        1
  1877.31874377     1.00075699        1
  1877.33917537     0.99967471        1
  1877.35960696     1.00019902        1
  1877.38003856     0.99998255        1
  1877.40047015     1.00034078        1
  1877.42090175     1.00016213        1
  1877.44133334     1.00027179        1
  1877.46176494     1.00054135        1
  1877.48219653     1.00000000        1
  1877.50262813     0.99940397        1
  1877.52305972     1.00060448        1
  1877.56392291     1.00003219        1
  1877.58435461     0.99976574        1
  1877.60478610     1.00006899        1
  1877.62521770     1.00021085        1
  1877.64564940     1.00046308        1
  1877.66608089     1.00018994        1
  1877.68651259     0.99909641        1
  1877.70694418     0.99970935        1
  1877.72737568     1.00039781        1
  1877.74780737     1.00002132        1
  1877.76823897     1.00034029        1
  1877.80910216     0.99946542        1
  1877.82953376     1.00014639        1
  1877.84996526     1.00015093        1
  1877.87039695     1.00020603        1
  1877.89082855     0.99977248        1
  1877.91126014     1.00017781        1
  1877.93169174     1.00003741        1
  1877.95212334     1.00010918        1
  1877.97255503     0.99994660        1
  1877.99298663     1.00043983        1
  1878.01341813     1.00034529        1
  1878.05428142     0.99993608        1
  1878.07471292     0.99966988        1
  1878.09514462     0.99992813        1
  1878.11557621     0.99972487        1
  1878.13600771     0.99958813        1
  1878.15643941     0.99929826        1
  1878.17687090     1.00005056        1
  1878.19730260     0.99995443        1
  1878.21773420     0.99998309        1
  1878.23816570     0.99922725        1
  1878.25859739     1.00018065        1
  1878.29946049     0.99957934        1
  1878.31989219     0.99974581        1
  1878.34032378     0.99977562        1
  1878.36075528     0.99973145        1
  1878.38118698     0.99959539        1
  1878.40161858     0.99955034        1
  1878.42205028     1.00013426        1
  1878.44248178     0.99940188        1
  1878.46291337     0.99966433        1
  1878.48334507     0.99979181        1
  1878.50377657     1.00111478        1
  1878.54463987     0.99919790        1
  1878.56507147     1.00015081        1
  1878.58550296     1.00045179        1
  1878.60593466     0.99966702        1
  1878.62636626     1.00034237        1
  1878.64679786     0.99963286        1
  1878.66722946     1.00025309        1
  1878.68766106     1.00010435        1
  1878.70809276     1.00022948        1
  1878.72852426     0.99946501        1
  1878.74895586     1.00005950        1
  1878.78981906     1.00046038        1
  1878.81025066     0.99944747        1
  1878.83068225     1.00056399        1
  1878.85111385     1.00166984        1
  1878.87154555     1.00007282        1
  1878.89197705     0.99988015        1
  1878.91240865     1.00014390        1
  1878.93284035     1.00000065        1
  1878.95327185     1.00005436        1
  1878.97370345     0.99976289        1
  1878.99413515     1.00060109        1
  1879.07586156     1.00014819        1
  1879.09629316     0.99963217        1
  1879.11672476     1.00029588        1
  1879.13715636     1.00021461        1
  1879.15758796     0.99974446        1
  1879.17801956     0.99986355        1
  1879.19845116     1.00007221        1
  1879.21888286     1.00019984        1
  1879.23931436     0.99996674        1
  1879.34147247     1.00060376        1
  1879.36190397     0.99975975        1
  1879.38233567     0.99977013        1
  1879.40276728     1.00012592        1
  1879.42319878     1.00025404        1
  1879.44363048     1.00010847        1
  1879.46406208     1.00014191        1
  1879.48449358     0.99985235        1
  1879.52535679     1.00027988        1
  1879.54578849     1.00383842        1
  1879.56622009     1.00667273        1
  1879.58665169     0.99978810        1
  1879.60708330     0.99978796        1
  1879.62751490     0.99993627        1
  1879.64794650     1.00028099        1
  1879.66837811     0.99997552        1
  1879.68880971     0.99988674        1
  1879.70924131     0.99922953        1
  1879.72967291     0.99963775        1
  1879.77053622     0.99989950        1
  1879.79096782     0.99981350        1
  1879.81139933     0.99989544        1
  1879.83183103     0.99982489        1
  1879.85226264     1.00050351        1
  1879.87269414     1.00034869        1
  1879.89312584     1.00004854        1
  1879.91355745     0.99971376        1
  1879.93398895     1.00026195        1
  1879.95442066     0.99951212        1
  1879.97485226     1.00718808        1
  1880.03614707     0.99976218        2
  1880.05657878     0.99970489        2
  1880.07701028     1.00012296        2
  1880.09744189     1.00007086        2
  1880.11787349     0.99988801        2
  1880.13830510     0.99989155        2
  1880.15873670     1.00021430        2
  1880.17916841     1.00062155        2
  1880.19959991     0.99982406        2
  1880.22003162     1.00346971        2
  1880.26089473     0.99943967        2
  1880.28132643     1.00000611        2
  1880.30175804     1.00029024        2
  1880.32218954     1.00029112        2
  1880.34262125     1.00001536        2
  1880.36305286     0.99998233        2
  1880.38348436     1.00012290        2
  1880.40391607     1.00042719        2
  1880.42434767     1.00010133        2
  1880.44477938     0.99988290        2
  1880.46521089     1.00033713        2
  1880.50607420     0.99982157        2
  1880.52650571     1.00001478        2
  1880.54693731     1.00063513        2
  1880.56736902     0.99998579        2
  1880.58780053     0.99909024        2
  1880.60823213     0.99979325        2
  1880.62866384     0.99999533        2
  1880.64909535     1.00015802        2
  1880.66952706     1.00031787        2
  1880.68995866     1.00062653        2
  1880.75125349     0.99992086        2
  1880.77168509     0.99936840        2
  1880.79211670     0.99999154        2
  1880.81254831     0.99995985        2
  1880.83297992     1.00004430        2
  1880.85341153     1.00008858        2
  1880.87384314     1.00021837        2
  1880.89427474     1.00236808        2
  1880.91470635     1.00044933        2
  1880.93513796     1.00066440        2
  1880.95556967     1.00003128        2
  1881.01686450     0.99926248        2
  1881.03729601     0.99970481        2
  1881.05772761     1.00001968        2
  1881.07815932     0.99961510        2
  1881.09859083     1.00014414        2
  1881.11902254     1.00001153        2
  1881.13945415     1.00011376        2
  1881.15988566     0.99991574        2
  1881.18031737     0.99955815        2
  1881.20074898     1.00013286        2
  1881.24161220     0.99963426        2
  1881.26204381     0.99954988        2
  1881.28247542     0.99951397        2
  1881.30290703     0.99969959        2
  1881.32333864     0.99941479        2
  1881.34377035     0.99998217        2
  1881.36420187     1.00045628        2
  1881.38463348     0.99968053        2
  1881.40506519     0.99913701        2
  1881.42549680     1.00084080        2
  1881.44592831     1.00087844        2
  1881.48679153     0.99976856        2
  1881.50722324     0.99894968        2
  1881.52765485     0.99993905        2
  1881.54808647     0.99936652        2
  1881.56851808     0.99977793        2
  1881.58894969     0.99951442        2
  1881.60938120     1.00031787        2
  1881.62981291     0.99972524        2
  1881.65024453     0.99965053        2
  1881.67067604     1.00001214        2
  1881.69110775     0.99954124        2
  1881.73197108     1.00006583        2
  1881.75240259     1.00100717        2
  1881.77283420     1.00038253        2
  1881.79326592     1.00026868        2
  1881.81369743     0.99928275        2
  1881.83412904     1.00014133        2
  1881.85456075     0.99956550        2
  1881.87499227     1.00002860        2
  1881.89542388     0.99956531        2
  1881.91585560     1.00006626        2
  1881.93628721     0.99992405        2
  1881.97715044     1.00034314        2
  1881.99758205     0.99987063        2
  1882.01801367     0.99977916        2
  1882.03844528     1.00043059        2
  1882.05887689     0.99987964        2
  1882.07930861     0.99992011        2
  1882.09974012     0.99975398        2
  1882.12017174     1.00021161        2
  1882.14060345     1.00007174        2
  1882.16103497     0.99969442        2
  1882.18146668     1.00028170        2
  1882.22232981     1.00000000        2
  1882.24276153     1.00080139        2
  1882.26319304     0.99998202        2
  1882.28362466     0.99975220        2
  1882.30405638     1.00066110        2
  1882.32448789     0.99980947        2
  1882.34491961     1.00014482        2
  1882.36535122     0.99982366        2
  1882.38578274     0.99984956        2
  1882.46750931     1.00012224        2
  1882.48794092     0.99991936        2
  1882.50837254     0.99937306        2
  1882.52880416     0.99952849        2
  1882.54923577     1.00023590        2
  1882.56966749     1.00093698        2
  1882.59009911     1.00003577        2
  1882.79441539     1.00025468        2
  1882.81484691     1.00039749        2
  1882.83527853     1.00234653        2
  1882.85571025     0.99991327        2
  1882.87614177     1.00011333        2
  1882.89657328     1.00043170        2
  1882.91700500     0.99979810        2
  1883.03959472     0.99989934        2
  1883.06002634     1.00080711        2
  1883.08045806     0.99992829        2
  1883.10088968     1.00004753        2
  1883.12132120     1.00009716        2
  1883.14175292     1.00011613        2
  1883.16218455     1.00008178        2
  1883.20304779     0.99973707        2
  1883.22347941     0.99968132        2
  1883.24391113     0.99957124        2
  1883.26434265     1.00021830        2
  1883.28477427     1.00012722        2
  1883.30520599     1.00016283        2
  1883.32563752     0.99991240        2
  1883.34606914     0.99944214        2
  1883.36650086     1.00011993        2
  1883.38693238     1.00038902        2
  1883.40736410     0.99943837        2
  1883.44822725     0.99950248        2
  1883.46865897     0.99999446        2
  1883.48909060     0.99978802        2
  1883.50952212     1.00009950        2
  1883.52995384     1.00071788        2
  1883.55038536     0.99981103        2
  1883.57081709     0.99999176        2
  1883.59124871     0.99965208        2
  1883.61168023     0.99983118        2
  1883.63211196     0.99978093        2
  1883.65254358     1.00029206        2
  1883.73427008     1.00099605        2
  1883.75470170     0.99973650        2
  1883.77513333     0.99998381        2
  1883.79556505     0.99993152        2
  1883.81599668     1.00001258        2
  1883.83642820     0.99951810        2
  1883.85685993     0.99973092        2
  1883.87729155     1.00025197        2
  1883.89772308     1.00038259        2
  1883.97944968     1.00003992        2
  1883.99988131     1.00001491        2
  1884.02031303     1.00023355        2
  1884.04074456     0.99999916        2
  1884.06117619     1.00023465        2
  1884.08160791     1.00041647        2
  1884.10203944     0.99974623        2
  1884.12247107     1.00033647        2
  1884.14290279     1.00050073        2
  1884.20419758     0.99984509        2
  1884.22462920     0.99988870        2
  1884.24506093     1.00006843        2
  1884.26549246     1.00001877        2
  1884.28592409     0.99971022        2
  1884.30635581     0.99992037        2
  1884.32678744     0.99977683        2
  1884.34721897     0.99962514        2
  1884.36765070     1.00043417        2
  1884.38808233     0.99986495        2
  1884.44937722     1.00031513        2
  1884.46980894     0.99967782        2
  1884.49024047     1.00002050        2
  1884.51067210     1.00003287        2
  1884.53110383     1.00017937        2
  1884.55153536     1.00027927        2
  1884.57196699     1.00022460        2
  1884.59239872     1.00022483        2
  1884.61283025     0.99961292        2
  1884.63326198     0.99726981        2
  1884.67412514     1.00000717        2
  1884.69455687     1.00039065        2
  1884.71498851     0.99958166        2
  1884.73542014     0.99990177        2
  1884.75585177     0.99981063        2
  1884.77628340     1.00030882        2
  1884.79671503     0.99965739        2
  1884.81714666     1.00282962        2
  1884.83757829     1.00052354        2
  1884.85800993     0.99976004        2
  1884.87844156     1.00058919        2
  1884.91930482     1.00039864        2
  1884.93973645     1.00028658        2
  1884.96016809     1.00008086        2
  1884.98059982     1.00029484        2
  1885.00103135     0.99988653        2
  1885.02146309     0.99955683        2
  1885.04189472     0.99968956        2
  1885.06232625     1.00039074        2
  1885.08275799     1.00009087        2
  1885.10318962     1.00030366        2
  1885.12362115     1.00733869        2
  1885.16448452     0.99565998        2
  1885.18491606     0.99991697        2
  1885.20534779     1.00029853        2
  1885.22577942     1.00015976        2
  1885.24621116     1.00039086        2
  1885.26664269     1.00071063        2
  1885.28707433     0.99961213        2
  1885.30750606     1.00022416        2
  1885.32793760     0.99954364        2
  1885.34836923     0.99940373        2
  1885.36880097     1.00037030        2
  1885.43009588     0.99979286        2
  1885.45052751     0.99950384        2
  1885.47095915     1.00016888        2
  1885.49139079     0.99942109        2
  1885.51182242     1.00017202        2
  1885.53225406     1.00007666        2
  1885.55268570     1.00033373        2
  1885.57311723     1.00017104        2
  1885.59354897     1.00019159        2
  1885.61398061     0.99975403        2
  1885.65484388     0.99997826        2
  1885.67527552     1.00011705        2
  1885.69570726     0.99976614        2
  1885.71613880     1.00053448        2
  1885.73657043     1.00084773        2
  1885.75700217     1.00023978        2
  1885.77743371     1.00002647        2
  1885.79786535     0.99995218        2
  1885.81829709     1.00029535        2
  1885.83872863     0.99990532        2
  1885.85916037     0.99944605        2
  1885.90002355     1.00009366        2
  1885.92045529     1.00077018        2
  1885.94088692     0.99997168        2
  1885.96131856     0.99947106        2
  1885.98175020     0.99977377        2
  1886.00218184     1.00014367        2
  1886.02261349     1.00051365        2
  1886.04304513     1.00024391        2
  1886.06347677     0.99964922        2
  1886.08390851     0.99998128        2
  1886.10434015     0.99946889        2
  1886.18606661     0.99986428        2
  1886.20649836     1.00054553        2
  1886.22692990     0.99948829        2
  1886.24736164     0.99990093        2
  1886.26779328     0.99966982        2
  1886.28822482     0.99995752        2
  1886.30865657     0.99986886        2
  1886.32908821     0.99989362        2
  1886.34951975     0.99981288        2
  1886.39038314     1.00033610        2
  1886.41081468     1.00005573        2
  1886.43124643     0.99977356        2
  1886.45167807     1.00061392        2
  1886.47210981     0.99965452        2
  1886.49254136     0.99994120        2
  1886.51297300     0.99982619        2
  1886.53340475     0.99985245        2
  1886.55383629     1.00001186        2
  1886.63556297     0.99979497        2
  1886.65599461     1.00022866        2
  1886.67642626     0.99983197        2
  1886.69685791     0.99987002        2
  1886.71728955     1.00005538        2
  1886.73772120     1.00027190        2
  1886.75815294     0.99986341        2
  1886.88074272     0.99982208        2
  1886.90117437     1.00052015        2
  1886.92160612     0.99962329        2
  1886.94203767     0.99946901        2
  1886.96246931     1.00017382        2
  1886.98290106     0.99995864        2
  1887.00333261     0.99945981        2
  1887.02376426     0.99908342        2
  1887.14635425     0.99996300        2
  1887.16678590     1.00006931        2
  1887.18721755     1.00020262        2
  1887.20764920     1.00041966        2
  1887.22808085     1.00097064        2
  1887.24851260     1.00295576        2
  1887.26894415     0.99998954        2
  1887.28937580     1.00014228        2
  1887.30980755     1.00000037        2
  1887.33023920     0.99972075        2
  1887.37110250     0.99956597        2
  1887.39153415     0.99983752        2
  1887.41196571     1.00095416        2
  1887.43239746     1.00044051        2
  1887.45282911     1.00020476        2
  1887.47326076     1.00015479        2
  1887.49369241     1.00045961        2
  1887.51412407     0.99934392        2
  1887.53455582     0.99989032        2
  1887.55498737     0.99993982        2
  1887.57541902     0.99928464        2
  1887.61628233     1.00073109        2
  1887.63671408     1.00056921        2
  1887.65714564     0.99954113        2
  1887.67757729     1.00023254        2
  1887.69800904     0.99970378        2
  1887.71844060     1.00004819        2
  1887.73887225     1.00103443        2
  1887.75930401     1.00032674        2
  1887.77973556     0.99916850        2
  1887.80016722     0.99877579        2
  1887.82059897     0.99908191        2
  1887.86146228     0.99990218        2
  1887.88189394     0.99934283        2
  1887.90232559     0.99958745        2
  1887.92275725     1.00003750        2
  1887.94318890     0.99986673        2
  1887.96362056     1.00011412        2
  1887.98405232     1.00091825        2
  1891.04880358     0.99986891        3
  1891.06923527     1.00000000        3
  1891.08966705     0.99982460        3
  1891.11009864     1.00036653        3
  1891.13053032     0.99969499        3
  1891.15096211     1.00055692        3
  1891.17139370     1.00016154        3
  1891.19182548     1.00026230        3
  1891.21225717     0.99970051        3
  1891.23268876     0.99973671        3
  1891.25312054     1.00040459        3
  1891.29398382     1.00004351        3
  1891.31441561     1.00025138        3
  1891.33484729     0.99999241        3
  1891.35527908     1.00061819        3
  1891.37571067     0.99987681        3
  1891.39614236     1.00077534        3
  1891.41657415     1.00007481        3
  1891.43700574     0.99965837        3
  1891.45743743     0.99984651        3
  1891.47786922     0.99994879        3
  1891.49830091     1.00023586        3
  1891.53916429     0.99987795        3
  1891.55959588     0.99938572        3
  1891.58002767     0.99947406        3
  1891.60045936     0.99972461        3
  1891.62089095     0.99994325        3
  1891.64132274     1.00055705        3
  1891.66175443     0.99943487        3
  1891.68218602     1.00022701        3
  1891.70261782     1.00009335        3
  1891.72304951     0.99948390        3
  1891.74348130     0.99965242        3
  1891.78434459     0.99953113        3
  1891.80477638     0.99946376        3
  1891.82520797     0.99993979        3
  1891.84563967     0.99894068        3
  1891.86607146     0.99962933        3
  1891.88650305     0.99815417        3
  1891.90693475     1.00067791        3
  1891.92736654     0.99993181        3
  1891.94779814     1.00022402        3
  1891.96822993     1.00013289        3
  1891.98866163     0.99945489        3
  1892.02952502     1.00022915        3
  1892.04995671     1.00030329        3
  1892.07038841     1.00034388        3
  1892.09082011     0.99976992        3
  1892.11125180     1.00002286        3
  1892.13168360     0.99978553        3
  1892.15211529     1.00011939        3
  1892.17254689     0.99983352        3
  1892.19297869     1.00005598        3
  1892.21341029     1.00052864        3
  1892.23384198     0.99996890        3
  1892.27470538     1.00005430        3
  1892.29513718     1.00035171        3
  1892.31556888     1.00037020        3
  1892.33600048     1.00016345        3
  1892.35643227     0.99994867        3
  1892.37686397     0.99992575        3
  1892.39729557     1.00072333        3
  1892.41772737     0.99984646        3
  1892.43815907     0.99963427        3
  1892.45859067     1.00045130        3
  1892.47902247     1.00058196        3
  1892.51988597     1.00017680        3
  1892.54031758     1.00011548        3
  1892.56074928     1.00022603        3
  1892.58118108     0.99982255        3
  1892.60161268     1.00043316        3
  1892.62204438     1.00002958        3
  1892.64247618     1.00008409        3
  1892.66290789     1.00104308        3
  1892.68333959     1.00009826        3
  1892.84679322     1.00039177        3
  1892.86722502     0.99999996        3
  1892.88765663     0.99968160        3
  1892.90808843     0.99971994        3
  1892.92852004     0.99980064        3
  1892.94895174     0.99988186        3
  1892.96938355     0.99972575        3
  1893.01024686     0.99900973        3
  1893.03067867     1.00022389        3
  1893.05111027     0.99956967        3
  1893.07154208     0.99973109        3
  1893.09197379     1.00037556        3
  1893.11240539     0.99969451        3
  1893.13283720     1.00037040        3
  1893.15326891     0.99951499        3
  1893.17370052     1.00026011        3
  1893.19413233     1.00005502        3
  1893.21456403     1.00033032        3
  1893.33715429     0.99981284        3
  1893.35758610     0.99969778        3
  1893.37801781     0.99930207        3
  1893.39844942     0.99952752        3
  1893.41888123     1.00007870        3
  1893.43931294     1.00058578        3
  1893.45974475     1.00088045        3
  1893.50060808     1.00044889        3
  1893.52103989     0.99994593        3
  1893.54147150     0.99974563        3
  1893.56190311     1.00246335        3
  1893.58233493     1.00022030        3
  1893.60276664     0.99986843        3
  1893.62319845     0.99980346        3
  1893.64363007     1.00001505        3
  1893.66406178     1.00002035        3
  1893.68449359     0.99987045        3
  1893.70492521     1.00045852        3
  1893.74578874     0.99970316        3
  1893.76622035     1.00025360        3
  1893.78665207     0.99950598        3
  1893.80708388     1.00041804        3
  1893.82751550     1.00042225        3
  1893.84794731     1.00014673        3
  1893.86837903     1.00015020        3
  1893.88881074     0.99986499        3
  1893.90924246     0.99957626        3
  1893.92967418     1.00667810        3
  1893.95010589     1.00669528        3
  1894.05226448     1.00065534        3
  1894.07269630     0.99981402        3
  1894.09312802     1.00012483        3
  1894.11355964     1.00015360        3
  1894.13399146     0.99961157        3
  1894.15442318     0.99988814        3
  1894.17485490     0.99977917        3
  1894.19528662     1.00000458        3
  1894.23615006     1.00012063        3
  1894.25658178     1.00002964        3
  1894.27701340     0.99973615        3
  1894.29744522     0.99936584        3
  1894.31787694     0.99972066        3
  1894.33830856     1.00019672        3
  1894.35874038     1.00049878        3
  1894.37917211     1.00027834        3
  1894.39960393     0.99997904        3
  1894.42003555     1.00038752        3
  1894.44046727     0.99997710        3
  1894.48133072     0.99995845        3
  1894.50176244     0.99947024        3
  1894.52219427     0.99988571        3
  1894.54262599     0.99983725        3
  1894.56305771     1.00013347        3
  1894.58348944     0.99959024        3
  1894.60392116     0.99983122        3
  1894.62435289     0.99993437        3
  1894.72651152     1.00060446        3
  1894.74694334     1.00050211        3
  1894.76737497     0.99993377        3
  1894.78780680     1.00044593        3
  1894.80823852     1.00057845        3
  1894.82867015     1.00000070        3
  1894.84910198     1.00018121        3
  1894.86953361     0.99957453        3
  1894.97169235     0.99824263        3
  1894.99212398     1.00025853        3
  1895.01255581     0.99979768        3
  1895.03298754     0.99943167        3
  1895.05341927     0.99980967        3
  1895.07385100     1.00015563        3
  1895.09428273     0.99990546        3
  1895.11471456     0.99936813        3
  1895.13514619     0.99993726        3
  1895.15557792     1.00001078        3
  1895.17600975     1.00026548        3
  1895.21687312     0.99959563        3
  1895.23730495     1.00030210        3
  1895.25773668     0.99957718        3
  1895.27816831     0.99991390        3
  1895.29860015     0.99970274        3
  1895.31903188     1.00033573        3
  1895.33946372     1.00016142        3
  1895.35989535     0.99962781        3
  1895.38032708     1.00159962        3
  1895.40075892     0.99992097        3
  1895.42119055     1.00028486        3
  1895.46205412     0.99981753        3
  1895.48248576     1.00028139        3
  1895.50291759     1.00041094        3
  1895.52334923     1.00024063        3
  1895.54378096     1.00060895        3
  1895.56421280     1.00012970        3
  1895.58464444     0.99982103        3
  1895.60507617     1.00090855        3
  1895.62550801     0.99998139        3
  1895.64593965     0.99998334        3
  1895.66637149     0.99975739        3
  1895.70723496     0.99977709        3
  1895.72766670     1.00026674        3
  1895.74809844     1.00028237        3
  1895.76853018     0.99967942        3
  1895.78896192     1.00040929        3
  1895.80939366     0.99993720        3
  1895.82982540     1.00009390        3
  1895.85025724     0.99942556        3
  1895.87068888     0.99969137        3
  1895.89112072     1.00044320        3
  1895.91155246     1.00035417        3
  1895.97284768     1.00007370        3
  1895.99327932     1.00002167        3
  1896.01371117     0.99993072        3
  1896.03414291     0.99967040        3
  1896.05457475     0.99953012        3
  1896.07500639     1.00033631        3
  1896.09543814     0.99996492        3
  1896.11586988     0.99994563        3
  1896.13630162     0.99982528        3
  1896.15673337     0.99962383        3
  1896.19759686     1.00032081        3
  1896.21802870     1.00012119        3
  1896.23846035     0.99976212        3
  1896.25889209     1.00075951        3
  1896.27932394     1.00012301        3
  1896.29975558     0.99983129        3
  1896.32018733     1.00008925        3
  1896.34061917     0.99991055        3
  1896.36105082     1.00009237        3
  1896.38148257     0.99891233        3
  1896.40191441     0.99959102        3
  1896.52450490     1.00035011        3
  1896.54493665     1.00001101        3
  1896.56536850     1.00024518        3
  1896.58580015     1.00038550        3
  1896.60623200     1.00065198        3
  1896.62666375     0.99979269        3
  1896.64709540     0.99977507        3
  1896.68795900     0.99888561        3
  1896.70839065     1.00018728        3
  1896.72882250     1.00025799        3
  1896.74925425     0.99992296        3
  1896.76968601     1.00039020        3
  1896.79011776     1.00008437        3
  1896.81054951     0.99956766        3
  1896.83098126     0.99960536        3
  1896.85141302     0.99973149        3
  1896.87184477     1.00039253        3
  1896.89227652     1.00065744        3
  1896.93314003     1.00005438        3
  1896.95357178     1.00016103        3
  1896.97400354     0.99998157        3
  1896.99443539     1.00022039        3
  1897.01486705     0.99991974        3
  1897.03529880     0.99941013        3
  1897.05573066     0.99919414        3
  1897.07616241     0.99991309        3
  1897.09659407     0.99998808        3
  1897.11702593     1.00020755        3
  1897.13745768     0.99937734        3
  1897.17832120     0.99997778        3
  1897.19875295     1.00001000        3
  1897.21918481     1.00030345        3
  1897.23961647     0.99977811        3
  1897.26004823     1.00030976        3
  1897.28048009     0.99945080        3
  1897.30091175     1.00056170        3
  1897.32134360     1.00048398        3
  1897.34177536     1.00047733        3
  1897.36220702     1.00048379        3
  1897.38263888     0.99985607        3
  1897.42350230     1.00001404        3
  1897.44393416     0.99990039        3
  1897.46436593     0.99989749        3
  1897.48479779     0.99959010        3
  1897.50522945     0.99992184        3
  1897.52566111     0.99996278        3
  1897.54609297     1.00007182        3
  1897.56652473     1.00002903        3
  1897.58695650     1.00051773        3
  1897.60738826     0.99966365        3
  1897.62782002     0.99955289        3
  1897.77084247     0.99989146        3
  1897.79127424     1.00040082        3
  1897.81170590     0.99951298        3
  1897.83213777     1.00016359        3
  1897.85256954     0.99998241        3
  1897.87300140     1.00033846        3
  1897.93429670     1.00023758        3
  1897.95472837     0.99982973        3
  1897.97516014     1.00014989        3
  1897.99559201     1.00032865        3
  1898.01602368     0.99988663        4
  1898.03645554     1.00030345        4
  1898.05688731     0.99966513        4
  1898.07731898     1.00028757        4
  1898.09775085     0.99978790        4
  1898.11818262     1.00037864        4
  1898.15904616     0.99942590        4
  1898.17947783     0.99973499        4
  1898.19990970     0.99992411        4
  1898.22034147     1.00056244        4
  1898.24077315     0.99997043        4
  1898.26120502     0.99988674        4
  1898.28163679     1.00012833        4
  1898.30206856     0.99965174        4
  1898.32250033     1.00015776        4
  1898.34293211     0.99997494        4
  1898.36336388     0.99993339        4
  1898.40422743     1.00017277        4
  1898.42465930     1.00013432        4
  1898.44509108     0.99971779        4
  1898.46552275     1.00030522        4
  1898.48595463     1.00033474        4
  1898.50638640     1.00015252        4
  1898.52681808     1.00036349        4
  1898.54724995     0.99946483        4
  1898.56768173     1.00044789        4
  1898.58811360     0.99992259        4
  1898.60854528     0.99919674        4
  1898.64940893     0.99817484        4
  1898.66984061     1.00007327        4
  1898.69027239     1.00060558        4
  1898.71070427     1.00016678        4
  1898.73113595     1.00033295        4
  1898.75156782     0.99983007        4
  1898.77199960     1.00003547        4
  1898.79243128     0.99984130        4
  1898.81286316     0.99989709        4
  1898.83329484     0.99931037        4
  1898.85372662     0.99976510        4
  1898.89459018     1.00005139        4
  1898.91502196     0.99915590        4
  1898.93545384     0.99954509        4
  1898.95588563     1.00089168        4
  1898.97631741     0.99965433        4
  1898.99674919     1.00007727        4
  1899.01718097     0.99937860        4
  1899.03761275     0.99959198        4
  1899.05804454     0.99998708        4
  1899.07847632     1.00001164        4
  1899.09890820     1.00071069        4
  1899.13977177     0.99931706        4
  1899.16020356     0.99958501        4
  1899.18063524     0.99965142        4
  1899.20106712     1.00006289        4
  1899.22149891     1.00016144        4
  1899.24193060     1.00034792        4
  1899.26236248     0.99996802        4
  1899.28279427     0.99993906        4
  1899.30322615     1.00022228        4
  1899.32365784     0.99949652        4
  1899.34408963     0.99987390        4
  1899.38495320     1.00018922        4
  1899.40538499     1.00037793        4
  1899.42581688     0.99994471        4
  1899.44624857     1.00047664        4
  1899.46668045     0.99997687        4
  1899.48711214     1.00018508        4
  1899.50754393     1.00021948        4
  1899.52797582     1.00032099        4
  1899.54840751     1.00031282        4
  1899.56883930     1.00000350        4
  1899.58927119     1.00026835        4
  1899.63013467     1.00000626        4
  1899.65056657     0.99979959        4
  1899.67099836     1.00059069        4
  1899.69143015     0.99968785        4
  1899.71186194     1.00006094        4
  1899.73229373     1.00011231        4
  1899.75272563     1.00001063        4
  1899.77315732     0.99999924        4
  1899.79358911     0.99981287        4
  1899.81402101     1.00014540        4
  1899.83445270     0.99960233        4
  1899.89574808     1.00005252        4
  1899.91617998     0.99925333        4
  1899.93661178     0.99919192        4
  1899.95704347     1.00044437        4
  1899.97747537     1.00026148        4
  1899.99790716     0.99988725        4
  1900.01833906     1.00013922        4
  1900.03877076     1.00004568        4
  1900.05920255     1.00045600        4
  1900.07963435     1.00011987        4
  1900.12049795     1.00014347        4
  1900.14092975     0.99993677        4
  1900.16136155     0.99997936        4
  1900.18179344     0.99933310        4
  1900.20222514     1.00036649        4
  1900.22265694     0.99968725        4
  1900.24308884     1.00039526        4
  1900.26352054     0.99963868        4
  1900.28395234     0.99963930        4
  1900.30438424     1.00027641        4
  1900.32481605     0.99954376        4
  1900.36567965     1.00026040        4
  1900.38611145     0.99983942        4
  1900.40654335     0.99948843        4
  1900.42697506     0.99993472        4
  1900.44740686     0.99980418        4
  1900.46783876     1.00035237        4
  1900.48827047     1.00020456        4
  1900.50870227     0.99990706        4
  1900.52913417     0.99992317        4
  1900.54956588     1.00024813        4
  1900.56999778     0.99991828        4
  1900.61086129     1.00040400        4
  1900.63129320     1.00037712        4
  1900.65172501     0.99974104        4
  1900.67215671     0.99967185        4
  1900.69258862     0.99965860        4
  1900.71302043     1.00056977        4
  1900.85604308     1.00040320        4
  1900.87647489     1.00011309        4
  1900.89690680     1.00172967        4
  1900.91733861     1.00040979        4
  1900.93777032     0.99980966        4
  1900.95820223     1.00004858        4
  1900.97863404     0.99889201        4
  1900.99906575     0.99994647        4
  1901.01949767     0.99908388        4
  1901.03992948     0.99966364        4
  1901.06036119     0.99940986        4
  1901.10122491     0.99978148        4
  1901.12165683     0.99986484        4
  1901.14208854     1.00012937        4
  1901.16252035     0.99976348        4
  1901.18295227     0.99992978        4
  1901.20338398     1.00011372        4
  1901.22381580     1.00006746        4
  1901.24424771     0.99894049        4
  1901.26467943     0.99981528        4
  1901.28511134     0.99961482        4
  1901.30554316     1.00008936        4
  1901.38727042     0.99914492        4
  1901.40770224     0.99972956        4
  1901.42813406     1.00069828        4
  1901.44856588     1.00015573        4
  1901.46899770     1.00044904        4
  1901.48942951     0.99995701        4
  1901.50986133     0.99974870        4
  1901.53029315     0.99972442        4
  1901.55072497     0.99906406        4
  1901.59158861     0.99967532        4
  1901.61202053     1.00011367        4
  1901.63245235     1.00056888        4
  1901.65288407     0.99942392        4
  1901.67331600     0.99952069        4
  1901.69374782     0.99979415        4
  1901.71417954     1.00087402        4
  1901.73461146     0.99993301        4
  1901.75504328     1.00021008        4
  1901.77547501     1.00020568        4
  1901.79590693     0.99953352        4
  1901.83677068     1.00004940        4
  1901.85720240     1.00092938        4
  1901.87763423     1.00012821        4
  1901.89806615     1.00020169        4
  1901.91849788     0.99973583        4
  1901.93892970     0.99962312        4
  1901.95936163     0.99988629        4
  1901.97979335     1.00032928        4
  1902.00022528     1.00046704        4
  1902.02065711     0.99986536        4
  1902.08195259     0.99989014        4
  1902.10238432     1.00037204        4
  1902.12281625     1.00048817        4
  1902.14324808     1.00055460        4
  1902.16367990     0.99927820        4
  1902.18411173     1.00016057        4
  1902.20454356     1.00032319        4
  1902.22497539     0.99937181        4
  1902.24540722     0.99992350        4
  1902.26583905     1.00061849        4
  1902.28627098     1.00042790        4
  1902.32713455     0.99997822        4
  1902.34756648     0.99997657        4
  1902.36799821     1.00019742        4
  1902.38843014     1.00032918        4
  1902.40886198     1.00069894        4
  1902.42929371     1.00020409        4
  1902.44972564     1.00055026        4
  1902.47015748     1.00020725        4
  1902.57231665     0.99974929        4
  1902.59274849     1.00032836        4
  1902.61318042     1.00013388        4
  1902.63361216     1.00027929        4
  1902.65404400     0.99991691        4
  1902.67447593     1.00004614        4
  1902.69490767     0.99986742        4
  1902.71533961     1.00002169        4
  1902.73577145     1.00000691        4
  1902.75620318     1.00012332        4
  1902.77663512     0.99939805        4
  1902.81749880     0.99539345        4
  1902.83793064     1.00027657        4
  1902.85836248     1.00001290        4
  1902.87879422     0.99977870        4
  1902.89922616     1.00035901        4
  1902.91965800     0.99986243        4
  1902.94008994     0.99949353        4
  1902.96052168     0.99984129        4
  1902.98095353     0.99980323        4
  1903.00138547     0.99986560        4
  1903.02181721     0.99891948        4
  1903.22613575     1.00034577        4
  1903.24656760     0.99998590        4
  1903.26699955     0.99964750        4
  1903.30786314     0.99958800        4
  1903.32829509     0.99983841        4
  1903.34872684     0.99969338        4
  1903.36915868     0.99983731        4
  1903.38959063     0.99999607        4
  1903.41002248     1.00000000        4
  1903.43045433     0.99921360        4
  1903.45088608     0.99957053        4
  1903.47131793     1.00019458        4
  1903.49174988     1.00012684        4
  1903.51218173     0.99958831        4
  1903.55304543     1.00017277        4
  1903.57347728     1.00025252        4
  1903.59390903     0.99989447        4
  1903.61434099     0.99965559        4
  1903.63477284     1.00022478        4
  1903.65520479     1.00031706        4
  1903.67563655     0.99962454        4
  1903.69606840     1.00009036        4
  1903.71650035     1.00001943        4
  1903.73693211     0.99949437        4
  1903.75736396     1.00006381        4
  1903.81865963     0.99973272        4
  1903.83909148     1.00019186        4
  1903.85952324     0.99971447        4
  1903.87995519     1.00107404        4
  1903.90038705     0.99939611        4
  1903.92081881     1.00003744        4
  1903.94125076     1.00015583        4
  1903.96168262     0.99971998        4
  1903.98211458     1.00012219        4
  1904.00254634     0.99918379        4
  1904.04341006     0.99997833        4
  1904.06384202     0.99996498        4
  1904.08427378     0.99997647        4
  1904.10470564     0.99954553        4
  1904.12513750     1.00048290        4
  1904.14556936     1.00050188        4
  1904.16600132     1.00025519        4
  1904.18643308     1.00020945        4
  1904.20686504     1.00003125        4
  1904.22729690     1.00029894        4
  1904.24772867     0.99960478        4
  1904.30902425     1.00095149        4
  1904.32945622     1.00020252        4
  1904.34988808     1.00006270        4
  1904.37032005     0.99993070        4
  1904.39075181     0.99974702        4
  1904.41118368     1.00009430        4
  1904.43161564     0.99987763        4
  1904.45204741     0.99932154        4
  1904.47247927     0.99993313        4
  1904.49291124     1.00040540        4
  1904.63593432     1.00072467        4
  1904.65636618     1.00002903        4
  1904.67679805     1.00032024        4
  1904.69722992     1.00004641        4
  1904.71766179     0.99965763        4
  1904.73809367     1.00002786        4
  1904.77895741     1.00032117        4
  1904.79938928     1.00016297        4
  1904.81982125     0.99969177        4
  1904.84025302     1.00028788        4
  1904.86068490     0.99989412        4
  1904.88111687     1.00289381        4
  1904.90154864     0.99953926        4
  1905.04457186     1.00001059        4
  1905.06500374     0.99991703        4
  1905.08543572     0.99948052        4
  1905.10586749     1.00655568        4
  1905.12629937     1.00010301        4
  1905.14673135     1.00031744        4
  1905.16716313     0.99994014        4
  1905.18759500     0.99972824        4
