  1835.65915062     0.99910146        0
  1835.67958280     0.99961277        0
  1835.80217581     0.99471511        0
  1835.82260808     1.00016244        0
  1835.84304014     1.00125950        0
  1835.86347231     0.99966430        0
  1835.88390457     1.00117685        0
  1835.90433664     0.99954522        0
  1835.92476880     0.99986151        0
  1835.94520107     1.00052470        0
  1835.96563313     1.00002175        0
  1835.98606529     1.00002154        0
  1836.00649756     0.99895867        0
  1836.02692962     1.00077011        0
  1836.04736178     0.99833707        0
  1836.06779404     1.00228071        0
  1836.08822610     1.00031600        0
  1836.10865826     0.99769507        0
  1836.12909052     1.00040218        0
  1836.14952268     1.00103579        0
  1836.16995474     0.99975046        0
  1836.19038700     1.00190010        0
  1836.21081915     1.00277157        0
  1836.23125141     1.00109339        0
  1836.25168347     1.00075750        0
  1836.27211562     0.99980664        0
  1836.31297993     1.00036504        0
  1836.33341209     1.00067631        0
  1836.35384434     0.99967906        0
  1836.37427640     1.00091093        0
  1836.39470855     0.99859490        0
  1836.41514070     0.99799269        0
  1836.43557285     1.00182383        0
  1836.45600500     0.99872239        0
  1836.47643716     0.99865917        0
  1836.49686931     1.00138542        0
  1836.51730146     0.99719826        0
  1836.53773361     0.99874293        0
  1836.55816575     1.00034515        0
  1836.57859790     0.99984126        0
  1836.59903015     1.00094483        0
  1836.61946220     0.99907354        0
  1836.63989435     0.99862456        0
  1836.66032659     0.99881309        0
  1836.68075864     0.99900108        0
  1836.70119078     0.99838873        0
  1836.72162303     0.99818920        0
  1836.74205507     0.99922382        0
  1836.76248722     0.99924593        0
  1836.78291946     0.99928348        0
  1836.80335150     0.99945063        0
  1836.82378375     1.00106118        0
  1836.84421589     1.00081335        0
  1836.86464793     1.00028748        0
  1836.88508017     1.00193359        0
  1836.90551231     1.00239386        0
  1836.92594435     1.00137748        0
  1836.94637659     1.00190720        0
  1836.96680873     1.00101653        0
  1836.98724087     0.99971504        0
  1837.00767301     1.00450617        0
  1837.02810515     0.99771978        0
  1837.08940156     1.00028004        0
  1837.10983369     1.00085842        0
  1837.13026583     1.00025141        0
  1837.15069796     0.99924530        0
  1837.17113010     0.99859777        0
  1837.19156223     0.99792934        0
  1837.21199436     0.99897150        0
  1837.23242650     0.99914474        0
  1837.25285863     0.99774177        0
  1837.27329076     0.99858661        0
  1837.29372279     0.99916050        0
  1837.31415502     0.99979619        0
  1837.33458715     1.00122801        0
  1837.35501928     1.00132259        0
  1837.37545141     1.00028372        0
  1837.39588354     1.00120585        0
  1837.41631567     0.99945226        0
  1837.43674790     1.00087770        0
  1837.45717992     0.99944384        0
  1837.47761215     1.00233985        0
  1837.49804428     1.00119070        0
  1837.51847630     0.99984850        0
  1837.53890853     1.00102492        0
  1837.55934065     1.00194867        0
  1837.57977268     1.00154904        0
  1837.60020490     1.00044305        0
  1837.62063702     0.99916534        0
  1837.64106905     1.00039251        0
  1837.66150127     1.00027093        0
  1837.68193339     1.00166658        0
  1837.70236541     1.00015706        0
  1837.72279764     1.00071707        0
  1837.74322976     1.00322207        0
  1837.76366178     0.99848471        0
  1837.78409400     0.99920288        0
  1837.80452611     0.99913636        0
  1837.82495823     1.00121507        0
  1837.84539035     0.99991229        0
  1837.86582247     1.00116399        0
  1837.88625449     1.00080647        0
  1837.90668670     0.99847686        0
  1837.92711882     0.99847918        0
  1837.94755093     1.00000000        0
  1837.96798305     1.00091675        0
  1837.98841516     1.00003554        0
  1838.00884718     0.99868619        0
  1838.02927939     0.99881438        0
  1838.04971151     0.99948656        0
  1838.07014372     0.99938294        0
  1838.09057573     0.99904075        0
  1838.11100784     1.00856900        0
  1838.13144005     1.00229100        0
  1838.15187207     0.99820965        0
  1838.17230418     0.99936845        0
  1838.19273639     0.99925688        0
  1838.21316840     1.00060945        0
  1838.29489683     1.00072263        0
  1838.31532904     0.99894334        0
  1838.33576114     0.99932498        0
  1838.35619315     1.00083917        0
  1838.37662535     0.99938035        0
  1838.39705746     1.00109896        0
  1838.41748946     1.00071608        0
  1838.43792167     1.00125772        0
  1838.45835377     0.99715181        0
  1838.47878578     0.99952003        0
  1838.49921798     1.00014937        0
  1838.51965008     0.99984280        0
  1838.54008208     1.00035223        0
  1838.56051428     1.00335281        0
  1838.58094638     1.00001023        0
  1838.60137838     1.00067214        0
  1838.62181058     0.99950561        0
  1838.64224268     0.99955952        0
  1838.66267468     0.99818415        0
  1838.68310688     0.99993947        0
  1838.70353898     1.00061735        0
  1838.72397108     1.00043885        0
  1838.74440317     0.99901706        0
  1838.76483527     1.00283153        0
  1838.78526737     0.99934496        0
  1838.80569946     1.00113921        0
  1838.82613156     0.99973555        0
  1838.84656375     0.99868658        0
  1838.86699575     0.99908596        0
  1838.88742784     0.99848509        0
  1838.90786003     0.99640318        0
  1838.92829203     0.99790649        0
  1838.94872412     0.99988408        0
  1838.96915631     0.99977681        0
  1838.98958830     0.99577218        0
  1839.05088457     1.00184385        0
  1839.09174885     1.00063135        0
  1839.11218094     1.00031196        0
  1839.13261293     1.00048206        0
  1839.15304512     0.99975683        0
  1839.17347720     1.00167406        0
  1839.19390919     1.00080388        0
  1839.21434138     1.00105520        0
  1839.23477346     1.00014393        0
  1839.25520545     1.00149475        0
  1839.27563763     1.00090424        0
  1839.29606972     0.99984513        0
  1839.31650190     0.99972165        0
  1839.33693388     1.00017336        0
  1839.35736597     1.00180716        0
  1839.37779805     1.00003566        0
  1839.39823013     1.00032495        0
  1839.41866211     1.00096921        0
  1839.43909429     0.99891433        0
  1839.45952637     0.99805344        0
  1839.47995835     0.99924316        0
  1839.50039053     1.00409992        0
  1839.52082261     1.00080126        0
  1839.54125469     0.99924272        0
  1839.56168677     0.99981526        0
  1839.58211885     0.99986133        0
  1839.60255092     0.99851914        0
  1839.62298300     0.99963928        0
  1839.64341508     0.99930205        0
  1839.66384715     0.99997518        0
  1839.72514338     0.99519278        0
  1839.74557555     0.99812449        0
  1839.76600753     0.99802595        0
  1839.78643960     0.99989146        0
  1839.80687177     0.99874829        0
  1839.82730374     0.99990862        0
  1839.84773582     1.00945922        0
  1839.86816799     0.99931904        0
  1839.88859996     1.00148323        0
  1839.90903203     1.00087308        0
  1839.92946420     1.00298313        0
  1839.94989627     1.00093912        0
  1839.97032834     1.00176885        0
  1839.99076041     1.00109555        0
  1840.01119247     1.00182025        0
  1840.27680932     1.00140625        0
  1840.31767334     0.99831649        0
  1840.33810550     0.99995028        0
  1840.35853756     1.00299625        0
  1840.37896962     0.99904844        0
  1840.39940168     1.00350529        0
  1840.41983374     0.99876142        0
  1840.44026580     0.99877854        0
  1840.46069785     0.99914570        0
  1840.48112991     0.99813387        0
  1840.50156197     1.02281936        0
  1840.52199412     0.99864112        0
  1840.54242608     1.00131048        0
  1840.56285824     0.99737048        0
  1840.58329029     0.99854994        0
  1840.60372225     1.00123877        0
  1840.62415440     1.00096015        0
  1840.64458645     0.99839723        0
  1840.66501841     1.00006637        0
  1840.68545056     1.00080724        0
  1840.70588261     0.99924955        0
  1840.72631456     1.00056187        0
  1840.74674672     1.00030635        0
  1840.76717877     1.00045490        0
  1840.78761082     0.99915753        0
  1840.80804287     1.00067940        0
  1840.82847482     0.99953204        0
  1840.84890697     1.00141199        0
  1840.86933902     1.00046643        0
  1840.88977106     1.00069315        0
  1840.91020301     0.99998137        0
  1840.93063516     1.00043100        0
  1840.95106721     0.99818986        0
  1840.97149915     0.99824616        0
  1840.99193130     1.00222852        0
  1872.00737885     0.99982548        1
  1872.02781047     1.00123506        1
  1872.04824209     0.99964870        1
  1872.06867371     0.99913679        1
  1872.08910533     0.99908806        1
  1872.10953695     0.99896051        1
  1872.12996867     1.00003812        1
  1872.17083181     1.00017290        1
  1872.19126353     1.00269851        1
  1872.21169515     1.00132137        1
  1872.23212667     0.99983615        1
  1872.25255839     0.99970852        1
  1872.27299001     1.01490839        1
  1872.29342152     1.00121252        1
  1872.31385324     1.00112080        1
  1872.33428486     0.99938124        1
  1872.35471638     1.00040263        1
  1872.37514810     1.00058552        1
  1872.41601144     0.99987468        1
  1872.43644295     0.99919378        1
  1872.45687457     0.99846387        1
  1872.47730629     1.00242321        1
  1872.49773781     1.00058241        1
  1872.51816943     0.99890142        1
  1872.53860114     0.99821583        1
  1872.55903266     1.00032700        1
  1872.57946428     0.99855036        1
  1872.59989600     0.99859480        1
  1872.62032751     0.99880773        1
  1872.66119085     1.00051952        1
  1872.68162236     0.99828945        1
  1872.70205408     1.00086140        1
  1872.72248570     1.00254619        1
  1872.74291722     0.99893111        1
  1872.76334893     0.99973605        1
  1872.78378055     0.99935533        1
  1872.80421207     1.00042891        1
  1872.82464378     1.00008363        1
  1872.84507540     0.99917977        1
  1872.86550691     1.00113992        1
  1872.90637025     0.99949613        1
  1872.92680176     0.99807560        1
  1872.94723348     1.00010727        1
  1872.96766509     1.00213165        1
  1872.98809681     1.00100792        1
  1873.00852832     1.00151459        1
  1873.02895994     1.00010585        1
  1873.04939166     1.00098279        1
  1873.06982317     0.99810298        1
  1873.15154963     0.99868176        1
  1873.17198135     0.99908326        1
  1873.19241296     1.00055832        1
  1873.21284458     0.99997799        1
  1873.23327619     1.00055022        1
  1873.25370780     0.99964343        1
  1873.27413942     1.00169455        1
  1873.29457103     0.99900301        1
  1873.31500265     1.00003672        1
  1873.33543426     0.99864402        1
  1873.35586588     0.99726491        1
  1873.39672910     0.99519998        1
  1873.41716072     1.00184010        1
  1873.43759223     0.99681663        1
  1873.45802394     0.99877775        1
  1873.47845556     1.00232914        1
  1873.49888727     1.00054801        1
  1873.51931879     1.00199541        1
  1873.53975040     1.00034912        1
  1873.56018211     0.99843168        1
  1873.58061362     1.00122526        1
  1873.60104524     1.00658774        1
  1873.72363491     1.00101367        1
  1873.74406663     1.00071302        1
  1873.76449824     1.00035675        1
  1873.78492985     1.00120446        1
  1873.80536146     1.00249014        1
  1873.82579308     1.00150973        1
  1873.84622479     1.00107025        1
  1873.88708791     0.99957520        1
  1873.90751962     0.99904253        1
  1873.92795114     0.99852775        1
  1873.94838275     0.99648622        1
  1873.96881446     1.00180961        1
  1873.98924597     0.99751833        1
  1874.00967768     0.99857662        1
  1874.03010919     0.99921495        1
  1874.05054080     1.00004622        1
  1874.07097252     0.99862916        1
  1874.09140403     0.99813750        1
  1874.23442530     0.99810135        1
  1874.25485701     0.99599416        1
  1874.27528862     1.00636798        1
  1874.29572023     1.00378545        1
  1874.31615184     1.00143827        1
  1874.33658345     1.00234779        1
  1874.37744667     1.00027628        1
  1874.39787828     0.99956587        1
  1874.41830999     1.00281964        1
  1874.43874150     1.00034991        1
  1874.45917311     1.00246628        1
  1874.47960482     1.00221300        1
  1874.50003633     0.99963121        1
  1874.52046804     0.99942594        1
  1874.54089965     1.00148981        1
  1874.56133116     0.99875734        1
  1874.58176287     1.00029307        1
  1874.62262599     0.99973074        1
  1874.64305770     0.99935480        1
  1874.66348931     1.00133189        1
  1874.68392092     0.99923021        1
  1874.70435252     0.99947458        1
  1874.72478413     0.99870814        1
  1874.74521564     0.99989715        1
  1874.76564735     0.99824456        1
  1874.78607896     1.00028426        1
  1874.86780549     1.00271788        1
  1874.88823700     1.01012897        1
  1874.90866861     1.00547110        1
  1874.92910032     0.99884504        1
  1874.94953183     0.99795910        1
  1874.96996343     0.99877626        1
  1874.99039514     0.99849743        1
  1875.01082665     1.00010367        1
  1875.03125836     0.99979428        1
  1875.05168997     1.00154269        1
  1875.11298479     1.00142755        1
  1875.13341630     1.00202814        1
  1875.15384800     1.00103484        1
  1875.17427961     0.99945498        1
  1875.19471122     0.99989192        1
  1875.21514282     1.00047073        1
  1875.23557443     1.00236033        1
  1875.35816407     0.99673668        1
  1875.37859578     0.99752277        1
  1875.39902729     0.99830004        1
  1875.41945889     0.99965174        1
  1875.43989060     1.00064460        1
  1875.46032211     1.00006201        1
  1875.48075371     0.99919631        1
  1875.50118542     0.99993120        1
  1875.52161693     0.99946593        1
  1875.54204863     0.99789718        1
  1875.56248024     1.00400698        1
  1875.60334345     1.00018650        1
  1875.62377506     1.00005157        1
  1875.64420656     1.00044611        1
  1875.66463827     1.00045027        1
  1875.68506987     0.99876901        1
  1875.70550148     1.00090304        1
  1875.72593308     1.00422495        1
  1875.74636469     1.00234869        1
  1875.76679640     1.00110462        1
  1875.78722790     0.99926200        1
  1875.80765951     0.99995398        1
  1875.84852282     0.99781439        1
  1875.86895432     0.99905407        1
  1875.88938603     1.00352555        1
  1875.90981763     1.00188262        1
  1875.93024914     1.00176689        1
  1875.95068084     0.99822970        1
  1875.97111245     0.99936623        1
  1875.99154415     0.99938378        1
  1876.01197566     1.00080543        1
  1876.09370208     0.99825471        1
  1876.11413368     1.00115062        1
  1876.13456529     1.00176105        1
  1876.15499679     1.00015299        1
  1876.17542849     0.99781412        1
  1876.19586010     0.99948470        1
  1876.21629170     0.99956497        1
  1876.23672331     0.99959069        1
  1876.25715491     0.99917225        1
  1876.27758662     0.99716872        1
  1876.33888143     0.99674670        1
  1876.35931303     0.99935765        1
  1876.37974454     0.99861267        1
  1876.40017624     0.99849816        1
  1876.42060784     0.99815926        1
  1876.44103935     0.99787820        1
  1876.46147105     0.99943000        1
  1876.48190265     1.00039516        1
  1876.50233436     1.00142133        1
  1876.52276586     1.00019995        1
  1876.54319747     1.00386703        1
  1876.58406067     1.00028887        1
  1876.60449228     1.00026307        1
  1876.62492398     1.00181821        1
  1876.64535548     1.00080892        1
  1876.66578709     1.01063579        1
  1876.82923991     1.00200460        1
  1876.84967161     0.99981219        1
  1876.87010311     0.99826340        1
  1876.89053472     1.00097053        1
  1876.91096642     0.99855664        1
  1876.93139802     0.99949975        1
  1877.07441934     0.99913433        1
  1877.09485084     0.99957250        1
  1877.11528244     0.99900629        1
  1877.13571415     1.00093940        1
  1877.15614565     0.99817644        1
  1877.17657725     1.00012977        1
  1877.19700895     0.99759435        1
  1877.21744045     1.00064719        1
  1877.23787216     1.00043378        1
  1877.25830376     1.00165771        1
  1877.27873526     1.00034241        1
  1877.31959856     1.00049514        1
  1877.34003017     1.00125024        1
  1877.36046177     1.00302669        1
  1877.38089337     1.00100916        1
  1877.40132497     1.00287765        1
  1877.42175657     1.00242135        1
  1877.44218817     1.00044557        1
  1877.46261978     0.99727652        1
  1877.48305138     1.00282699        1
  1877.50348298     1.00188886        1
  1877.52391458     1.00115164        1
  1877.56477778     1.00134244        1
  1877.58520948     1.00150897        1
  1877.60564099     0.99997973        1
  1877.62607259     1.00098407        1
  1877.64650429     1.00043413        1
  1877.66693579     1.00095829        1
  1877.68736749     1.00130558        1
  1877.70779909     1.00206170        1
  1877.72823059     0.99941972        1
  1877.74866229     1.00004034        1
  1877.76909389     0.99743247        1
  1877.80995710     0.99898159        1
  1877.83038870     0.99765537        1
  1877.85082020     0.99894176        1
  1877.87125190     1.00083634        1
  1877.89168350     0.99815831        1
  1877.91211510     1.00002972        1
  1877.93254670     0.99979286        1
  1877.95297830     0.99861773        1
  1877.97341000     0.99774638        1
  1877.99384160     0.99970898        1
  1878.01427310     1.00000835        1
  1878.05513640     1.00264484        1
  1878.07556790     0.99807938        1
  1878.09599960     0.99904233        1
  1878.11643121     0.99821907        1
  1878.13686271     0.99866376        1
  1878.15729441     1.00079193        1
  1878.17772591     1.00631577        1
  1878.19815761     0.99928096        1
  1878.21858921     1.00088298        1
  1878.23902071     1.00098704        1
  1878.25945241     1.00813617        1
  1878.30031551     1.00000000        1
  1878.32074721     1.00412166        1
  1878.34117881     0.99895691        1
  1878.36161031     0.99905966        1
  1878.38204201     0.99886481        1
  1878.40247361     1.00145216        1
  1878.42290531     1.00230249        1
  1878.44333681     0.99804232        1
  1878.46376841     1.00026718        1
  1878.48420011     1.00284331        1
  1878.54549491     0.99814557        1
  1878.56592651     0.99989951        1
  1878.58635801     0.99796300        1
  1878.60678971     1.00013540        1
  1878.62722131     0.99887380        1
  1878.64765291     0.99799832        1
  1878.66808451     0.99765264        1
  1878.68851611     1.00030000        1
  1878.70894780     0.99786180        1
  1878.72937930     0.99681110        1
  1878.74981090     0.99569323        1
  1878.79067410     0.99981324        1
  1878.81110570     0.99763652        1
  1878.83153730     1.00217605        1
  1878.85196890     1.00116454        1
  1878.87240060     1.00236743        1
  1878.89283210     1.00104983        1
  1878.91326370     0.99923342        1
  1878.93369540     0.99930043        1
  1878.95412690     1.00152907        1
  1878.97455850     0.99983200        1
  1878.99499020     1.00005826        1
  1879.07671659     0.99917163        1
  1879.09714819     1.00065368        1
  1879.11757979     1.00224720        1
  1879.13801139     0.99932484        1
  1879.15844299     1.00164501        1
  1879.17887459     0.99971372        1
  1879.19930619     1.00136721        1
  1879.21973789     1.00374835        1
  1879.24016939     1.00386993        1
  1879.28103268     0.99972643        1
  1879.32189588     1.00070244        1
  1879.34232748     1.00051118        1
  1879.36275898     1.00198122        1
  1879.38319068     0.99773652        1
  1879.40362228     0.99870979        1
  1879.42405378     0.99766705        1
  1879.44448548     0.99926014        1
  1879.46491708     0.99951837        1
  1879.48534857     1.00013018        1
  1879.52621177     0.99757293        1
  1879.54664347     0.99896973        1
  1879.56707507     1.00346701        1
  1879.58750667     0.99853229        1
  1879.60793827     0.99993150        1
  1879.62836987     0.99905146        1
  1879.64880146     1.00179406        1
  1879.66923306     0.99974249        1
  1879.68966466     1.00011344        1
  1879.71009626     0.99922510        1
  1879.73052786     1.00057014        1
  1879.77139116     0.99944851        1
  1879.79182275     1.00071398        1
  1879.81225425     1.00281059        1
  1879.83268595     1.00101548        1
  1879.85311755     0.99985845        1
  1879.87354905     0.99972323        1
  1879.89398075     0.99995304        1
  1879.91441235     1.00163240        1
  1879.93484384     0.99919280        1
  1879.95527554     0.99881431        1
  1879.97570714     0.99926811        1
  1880.01657034     0.99980918        2
  1880.03700194     1.00309561        2
  1880.05743364     0.99975264        2
  1880.07786513     0.99955286        2
  1880.09829673     0.99929282        2
  1880.11872833     0.99986773        2
  1880.13915993     0.99886958        2
  1880.15959153     0.99851602        2
  1880.18002323     0.99655449        2
  1880.20045473     0.99925989        2
  1880.22088642     1.00133946        2
  1880.26174952     0.99757051        2
  1880.28218122     0.99949095        2
  1880.30261282     1.00040042        2
  1880.32304432     0.99903766        2
  1880.34347601     0.99926668        2
  1880.36390761     0.99959356        2
  1880.38433911     0.99930110        2
  1880.40477081     0.99891409        2
  1880.42520241     0.99943873        2
  1880.44563411     1.00068971        2
  1880.50692890     1.00163078        2
  1880.52736040     1.00186449        2
  1880.54779200     1.00199337        2
  1880.56822370     1.00221574        2
  1880.58865520     1.00176050        2
  1880.60908679     1.00118424        2
  1880.62951849     1.00185811        2
  1880.64994999     1.00052342        2
  1880.67038169     1.00211993        2
  1880.75210808     1.00143958        2
  1880.77253968     1.00099363        2
  1880.79297128     1.00250139        2
  1880.81340288     1.00238398        2
  1880.83383448     1.00004759        2
  1880.85426607     0.99922943        2
  1880.87469767     0.99969176        2
  1880.89512927     1.00025667        2
  1880.91556087     0.99990687        2
  1880.93599247     1.00010786        2
  1880.95642417     1.00089546        2
  1880.99728726     0.99985348        2
  1881.01771896     1.00018465        2
  1881.03815046     1.00041300        2
  1881.05858206     1.00013076        2
  1881.07901376     1.00020225        2
  1881.09944525     0.99940772        2
  1881.11987695     1.00031161        2
  1881.14030855     0.99809826        2
  1881.16074005     1.00147835        2
  1881.18117175     0.99875871        2
  1881.20160335     1.00146827        2
  1881.24246654     0.99999905        2
  1881.26289814     0.99880857        2
  1881.28332974     0.99969031        2
  1881.30376134     0.99926264        2
  1881.32419294     0.99960812        2
  1881.34462464     1.00196428        2
  1881.36505613     0.99995837        2
  1881.38548773     0.99956473        2
  1881.40591943     1.00250236        2
  1881.42635103     1.00076899        2
  1881.44678253     0.99946215        2
  1881.48764572     0.99992232        2
  1881.50807742     0.99839978        2
  1881.52850902     1.00562697        2
  1881.54894062     1.00045828        2
  1881.56937222     1.00099888        2
  1881.58980382     0.99977557        2
  1881.61023532     0.99672191        2
  1881.63066701     0.99828967        2
  1881.65109861     0.99792415        2
  1881.67153011     0.99736919        2
  1881.69196181     1.00076859        2
  1881.73282511     0.99761801        2
  1881.75325661     0.99967134        2
  1881.77368820     0.99851399        2
  1881.79411990     0.99879372        2
  1881.81455140     0.99970753        2
  1881.83498300     0.99889140        2
  1881.85541470     0.99960898        2
  1881.87584620     0.99962667        2
  1881.89627780     0.99861223        2
  1881.91670949     1.00006088        2
  1881.93714109     0.99947033        2
  1881.97800429     1.00035151        2
  1881.99843589     0.99795130        2
  1882.01886749     1.00077546        2
  1882.03929909     1.00075978        2
  1882.05973069     1.00074315        2
  1882.08016238     0.99886102        2
  1882.10059388     1.00115400        2
  1882.12102548     1.00019472        2
  1882.14145718     1.00136411        2
  1882.16188868     1.00194204        2
  1882.22318348     0.99980324        2
  1882.24361518     1.00084632        2
  1882.26404667     0.99866206        2
  1882.28447827     1.00129355        2
  1882.30490997     1.00119175        2
  1882.32534147     1.00187603        2
  1882.34577317     0.99907051        2
  1882.36620477     0.99827197        2
  1882.46836276     1.00067985        2
  1882.48879436     0.99845027        2
  1882.50922596     0.99705753        2
  1882.52965756     0.99854913        2
  1882.55008916     0.99720280        2
  1882.57052086     0.99785906        2
  1882.77483685     1.01180898        2
  1882.79526855     1.00667615        2
  1882.81570005     1.00700639        2
  1882.83613165     1.00581635        2
  1882.85656335     1.00477113        2
  1882.87699485     1.00411116        2
  1882.89742635     1.00390454        2
  1882.91785805     1.00330127        2
  1883.02001615     1.00059620        2
  1883.04044765     1.00412550        2
  1883.06087925     1.00308434        2
  1883.08131095     0.99993910        2
  1883.10174255     1.00040028        2
  1883.12217405     0.99963142        2
  1883.14260575     0.99921586        2
  1883.16303735     1.01400433        2
  1883.20390055     1.00238211        2
  1883.22433215     1.00027799        2
  1883.24476385     1.00162514        2
  1883.26519535     1.00212307        2
  1883.28562695     0.99949731        2
  1883.30605865     1.00184426        2
  1883.32649015     0.99729857        2
  1883.34692175     0.99882562        2
  1883.36735345     1.00058877        2
  1883.38778495     1.00092020        2
  1883.40821665     1.00129941        2
  1883.44907975     1.00109387        2
  1883.46951145     1.00447631        2
  1883.48994305     1.00245775        2
  1883.51037455     0.99909916        2
  1883.53080625     1.00067947        2
  1883.55123775     0.99941003        2
  1883.57166945     1.00099661        2
  1883.59210105     1.00013266        2
  1883.61253255     0.99785411        2
  1883.63296425     0.99984096        2
  1883.65339585     1.00122451        2
  1883.71469065     0.99957776        2
  1883.73512226     0.99972413        2
  1883.75555386     0.99808653        2
  1883.77598546     0.99983524        2
  1883.79641716     1.00015710        2
  1883.81684876     1.00193510        2
  1883.83728026     0.99984865        2
  1883.85771196     0.99755739        2
  1883.87814356     0.99881733        2
  1883.89857506     0.99825905        2
  1883.95986987     1.00008740        2
  1883.98030157     1.00009784        2
  1884.00073317     0.99795392        2
  1884.02116487     0.99867208        2
  1884.04159637     0.99754337        2
  1884.06202797     0.99986417        2
  1884.08245967     0.99975771        2
  1884.10289117     0.99975734        2
  1884.12332278     1.00045448        2
  1884.14375448     1.00069211        2
  1884.20504918     0.99784444        2
  1884.22548078     0.99926118        2
  1884.24591249     1.00066866        2
  1884.26634399     0.99955786        2
  1884.28677559     1.00045395        2
  1884.30720729     0.99988704        2
  1884.32763889     0.99898053        2
  1884.34807039     0.99933793        2
  1884.36850210     1.00226152        2
  1884.38893370     1.00128558        2
  1884.42979690     0.99932452        2
  1884.45022850     1.00033451        2
  1884.47066021     1.00208897        2
  1884.49109171     1.00186223        2
  1884.51152331     1.00087774        2
  1884.53195501     1.00013455        2
  1884.55238651     1.00005983        2
  1884.57281812     0.99913049        2
  1884.59324982     0.99849331        2
  1884.61368132     0.99959461        2
  1884.63411302     0.99677468        2
  1884.67497613     1.00138891        2
  1884.69540783     0.99889495        2
  1884.71583943     0.99824694        2
  1884.73627104     0.99809523        2
  1884.75670264     1.00094786        2
  1884.77713424     1.00015273        2
  1884.79756584     0.99879051        2
  1884.81799745     1.00160193        2
  1884.83842905     1.00193712        2
  1884.85886065     0.99933665        2
  1884.92015546     0.99979303        2
  1884.94058706     0.99990351        2
  1884.96101867     1.00000000        2
  1884.98145037     1.00231344        2
  1885.00188187     1.00035098        2
  1885.02231358     1.00096909        2
  1885.04274518     0.99996598        2
  1885.06317668     0.99868344        2
  1885.08360839     0.99937986        2
  1885.10403999     1.00100186        2
  1885.12447149     1.00073327        2
  1885.16533480     0.98343586        2
  1885.18576631     1.00128078        2
  1885.20619801     1.00135392        2
  1885.22662961     0.99996534        2
  1885.24706132     1.00034983        2
  1885.26749282     1.00231859        2
  1885.28792442     1.00139117        2
  1885.30835613     1.00108762        2
  1885.32878763     0.99949078        2
  1885.34921924     1.00003800        2
  1885.36965094     0.99876956        2
  1885.41051405     1.00098877        2
  1885.43094575     1.00127849        2
  1885.45137736     0.99948577        2
  1885.47180896     0.99835279        2
  1885.49224057     0.99619637        2
  1885.51267217     0.99785991        2
  1885.53310377     0.99767434        2
  1885.55353538     0.99943831        2
  1885.57396688     0.99996852        2
  1885.59439859     0.99912054        2
  1885.61483019     1.00091694        2
  1885.65569340     1.00097028        2
  1885.67612501     1.00028716        2
  1885.69655671     0.99999631        2
  1885.71698822     1.00020331        2
  1885.73741982     0.99824602        2
  1885.75785153     0.99844865        2
  1885.77828303     1.00133623        2
  1885.79871464     1.00020243        2
  1885.81914634     1.00078010        2
  1885.83957785     0.99996699        2
  1885.86000955     1.00257042        2
  1885.90087267     1.00127375        2
  1885.92130437     1.00228711        2
  1885.94173598     1.00028255        2
  1885.96216758     0.99968912        2
  1885.98259919     0.99930811        2
  1886.00303079     1.00281142        2
  1886.02346240     1.00031077        2
  1886.04389401     0.99957591        2
  1886.06432561     1.00045435        2
  1886.08475732     1.00089627        2
  1886.10518892     1.00185628        2
  1886.16648374     0.99910021        2
  1886.18691525     0.99725574        2
  1886.20734696     0.99741919        2
  1886.22777846     0.99735433        2
  1886.24821017     0.99922992        2
  1886.26864178     0.99877569        2
  1886.28907328     0.99878585        2
  1886.30950499     0.99571022        2
  1886.32993660     1.00042117        2
  1886.35036810     0.99922232        2
  1886.39123142     0.99728756        2
  1886.41166292     1.00085972        2
  1886.43209463     0.99998485        2
  1886.45252624     0.99949694        2
  1886.47295794     1.00062184        2
  1886.49338945     0.99976433        2
  1886.51382106     1.00392835        2
  1886.53425277     1.00002428        2
  1886.63641080     1.00167436        2
  1886.65684241     1.00109306        2
  1886.67727402     1.00080957        2
  1886.69770563     0.99971241        2
  1886.71813724     1.00011335        2
  1886.73856884     1.00092453        2
  1886.88159010     1.00005148        2
  1886.90202171     1.00042750        2
  1886.92245342     0.99966511        2
  1886.94288493     0.99928284        2
  1886.96331654     0.99889283        2
  1886.98374825     0.99794237        2
  1887.00417976     0.99802389        2
  1887.12676951     0.99896445        2
  1887.14720112     0.99888560        2
  1887.16763273     0.99975326        2
  1887.18806434     1.00021005        2
  1887.20849595     1.00062983        2
  1887.22892756     1.00201672        2
  1887.24935927     0.99818187        2
  1887.26979078     0.99936583        2
  1887.29022239     0.99962062        2
  1887.31065410     1.00163829        2
  1887.33108571     0.99997639        2
  1887.37194893     1.00080598        2
  1887.39238054     1.00215110        2
  1887.41281205     1.00041958        2
  1887.43324376     1.00263016        2
  1887.45367537     1.00273767        2
  1887.47410698     1.00066149        2
  1887.49453859     0.99950474        2
  1887.51497020     1.00086275        2
  1887.53540191     1.00194405        2
  1887.55583342     1.00093120        2
  1887.57626503     1.00134562        2
  1887.61712826     1.00155061        2
  1887.63755997     0.99988671        2
  1887.65799148     0.99938182        2
  1887.67842309     1.00094780        2
  1887.69885480     1.00047203        2
  1887.71928631     1.00085270        2
  1887.73971793     0.99784913        2
  1887.76014964     0.99982031        2
  1887.78058115     0.99911884        2
  1887.80101276     1.00013045        2
  1887.86230770     0.99991947        2
  1887.88273931     0.99841995        2
  1887.90317092     0.99955552        2
  1887.92360253     1.00006612        2
  1887.94403415     1.00070781        2
  1887.96446576     0.99941300        2
  1887.98489747     0.99885069        2
  1891.04964110     0.99973549        3
  1891.07007272     0.99982871        3
  1891.09050445     1.00023057        3
  1891.11093598     0.99891916        3
  1891.13136760     1.00144186        3
  1891.15179933     1.00060460        3
  1891.17223086     1.00174541        3
  1891.19266259     1.00223435        3
  1891.21309422     0.99966682        3
  1891.29482063     0.99990703        3
  1891.31525236     1.00008543        3
  1891.33568399     0.99928530        3
  1891.35611572     0.99998231        3
  1891.37654725     1.00064175        3
  1891.39697887     1.00058769        3
  1891.41741060     1.00008856        3
  1891.43784213     0.99842291        3
  1891.45827376     1.00003720        3
  1891.47870549     0.99916449        3
  1891.49913712     0.99904189        3
  1891.54000038     0.99850231        3
  1891.56043191     0.99938683        3
  1891.58086364     1.02783542        3
  1891.60129527     1.01586588        3
  1891.62172680     1.00274352        3
  1891.64215853     0.99735821        3
  1891.66259016     0.99711770        3
  1891.68302170     0.99989715        3
  1891.70345343     1.00051814        3
  1891.72388506     0.99973444        3
  1891.74431679     0.99841871        3
  1891.78517995     0.99935617        3
  1891.80561168     0.99897512        3
  1891.82604321     0.99868493        3
  1891.84647485     0.99809212        3
  1891.86690658     0.99883939        3
  1891.88733811     1.00028383        3
  1891.90776974     0.99900557        3
  1891.92820147     0.99950500        3
  1891.94863301     1.00042282        3
  1891.96906474     0.99960345        3
  1891.98949637     1.00081262        3
  1892.03035964     1.00038962        3
  1892.05079127     1.00219847        3
  1892.07122290     1.00114784        3
  1892.09165454     1.00062727        3
  1892.11208617     1.00115797        3
  1892.13251790     1.00418061        3
  1892.15294954     1.00188677        3
  1892.17338107     1.00027610        3
  1892.19381281     1.00196151        3
  1892.21424434     1.00843329        3
  1892.23467597     1.00604732        3
  1892.27553924     1.00001424        3
  1892.29597098     0.99995789        3
  1892.31640261     1.00006814        3
  1892.33683415     0.99927262        3
  1892.35726588     0.99784535        3
  1892.37769752     0.99879180        3
  1892.39812905     1.00352347        3
  1892.41856079     1.00175893        3
  1892.43899242     0.99915894        3
  1892.45942396     0.99978423        3
  1892.52071907     0.99807809        3
  1892.54115060     1.00038127        3
  1892.56158224     1.00017627        3
  1892.58201397     0.99817810        3
  1892.60244551     1.00010701        3
  1892.62287715     1.00219490        3
  1892.64330888     1.00072218        3
  1892.66374052     1.00432649        3
  1892.82719362     1.00093591        3
  1892.84762526     1.00024682        3
  1892.86805700     1.00171959        3
  1892.88848854     0.99938746        3
  1892.90892027     1.00671183        3
  1892.92935181     1.00509958        3
  1892.94978345     1.00253396        3
  1892.97021519     1.00086621        3
  1893.01107837     0.99258144        3
  1893.03151011     0.99798765        3
  1893.05194165     0.99838833        3
  1893.07237339     0.99898720        3
  1893.09280503     0.99889689        3
  1893.11323657     0.99876268        3
  1893.13366831     0.99729784        3
  1893.15409995     0.99827953        3
  1893.17453149     0.99722819        3
  1893.19496323     0.99817522        3
  1893.21539487     0.99793190        3
  1893.31755307     0.99858082        3
  1893.33798471     1.00330162        3
  1893.35841646     0.99972301        3
  1893.37884810     1.00070799        3
  1893.39927964     0.99811886        3
  1893.41971138     0.99957653        3
  1893.44014302     1.00281695        3
  1893.46057476     1.00034132        3
  1893.50143795     1.00118111        3
  1893.52186969     0.99821000        3
  1893.54230124     0.99882136        3
  1893.56273278     1.00224493        3
  1893.58316452     1.00057425        3
  1893.60359616     1.00083416        3
  1893.62402791     1.00098367        3
  1893.64445945     0.99959291        3
  1893.66489109     0.99967767        3
  1893.68532284     1.00108013        3
  1893.70575438     1.00130860        3
  1893.74661777     1.00071310        3
  1893.76704931     1.00176081        3
  1893.78748096     1.00343889        3
  1893.80791270     1.00063671        3
  1893.82834425     1.00040073        3
  1893.84877599     0.99801197        3
  1893.86920764     0.99781672        3
  1893.88963928     0.99885960        3
  1893.91007093     0.99707444        3
  1893.93050257     0.99786285        3
  1894.01222926     0.99651927        3
  1894.03266090     1.00011485        3
  1894.05309245     0.99717334        3
  1894.07352420     0.99787173        3
  1894.09395584     0.99829728        3
  1894.11438739     0.99886548        3
  1894.13481914     0.99789387        3
  1894.15525078     0.99981910        3
  1894.17568243     1.00021001        3
  1894.19611408     1.00185628        3
  1894.23697737     0.99866385        3
  1894.25740902     0.99909304        3
  1894.27784057     1.00029918        3
  1894.29827232     0.99757370        3
  1894.31870397     1.00180756        3
  1894.33913551     1.00118021        3
  1894.35956726     1.00518132        3
  1894.37999891     1.00287965        3
  1894.40043066     1.00270711        3
  1894.42086221     1.00079525        3
  1894.44129386     1.00144605        3
  1894.48215716     1.00044568        3
  1894.50258881     1.00162306        3
  1894.52302056     1.00064472        3
  1894.54345221     0.99833120        3
  1894.56388386     1.01203256        3
  1894.58431551     1.00097340        3
  1894.60474716     1.00124670        3
  1894.72733706     0.99982699        3
  1894.74776881     0.99740573        3
  1894.76820037     0.99644273        3
  1894.78863212     0.99971888        3
  1894.80906377     0.99872015        3
  1894.82949532     1.00082354        3
  1894.84992707     0.99813014        3
  1894.87035863     1.00000000        3
  1894.97251699     0.99262256        3
  1894.99294854     0.99874557        3
  1895.01338030     1.00004078        3
  1895.03381195     1.00218345        3
  1895.05424361     1.00068464        3
  1895.07467526     1.00050232        3
  1895.09510691     1.00154708        3
  1895.11553867     1.00028632        3
  1895.13597022     1.00079004        3
  1895.15640188     0.99984912        3
  1895.17683363     1.00074480        3
  1895.21769684     1.00218307        3
  1895.23812860     1.00005979        3
  1895.25856025     1.00217228        3
  1895.27899181     0.99885269        3
  1895.29942356     1.00050712        3
  1895.31985522     0.99962753        3
  1895.34028697     1.00064802        3
  1895.36071853     0.99889553        3
  1895.38115019     0.99995310        3
  1895.40158194     1.00086240        3
  1895.42201350     1.00048348        3
  1895.46287691     1.00005511        3
  1895.48330847     1.00032200        3
  1895.50374023     1.00119953        3
  1895.52417179     0.99925689        3
  1895.54460344     0.99840299        3
  1895.56503520     0.99636644        3
  1895.58546676     0.99917421        3
  1895.60589842     0.99958619        3
  1895.62633018     0.99762707        3
  1895.64676173     0.99916522        3
  1895.66719349     1.00010488        3
  1895.70805681     1.00011242        3
  1895.72848847     0.99864144        3
  1895.74892013     0.99849130        3
  1895.76935179     1.00369690        3
  1895.78978345     0.99930491        3
  1895.81021511     0.99939258        3
  1895.83064677     0.99824580        3
  1895.85107853     1.00070032        3
  1895.87151009     1.00205653        3
  1895.89194185     0.99875139        3
  1895.91237351     0.99964416        3
  1895.97366849     1.00113396        3
  1895.99410005     1.00044667        3
  1896.01453181     1.00269534        3
  1896.03496348     0.99869652        3
  1896.05539524     1.00097067        3
  1896.07582680     1.00172345        3
  1896.09625846     1.00262169        3
  1896.11669012     0.99990787        3
  1896.13712179     0.99899422        3
  1896.15755345     0.99706082        3
  1896.19841677     0.99602376        3
  1896.21884854     0.99570603        3
  1896.23928010     0.99900945        3
  1896.25971176     0.99812025        3
  1896.28014353     1.00044150        3
  1896.30057509     0.99774520        3
  1896.32100676     1.00022926        3
  1896.34143852     0.99730810        3
  1896.36187008     0.99951009        3
  1896.38230175     1.00027312        3
  1896.50489184     1.00159274        3
  1896.52532350     1.00199279        3
  1896.54575517     1.00309176        3
  1896.56618694     1.00140678        3
  1896.58661850     1.00221868        3
  1896.60705027     1.00043852        3
  1896.62748194     0.99973488        3
  1896.64791350     1.01287253        3
  1896.68877694     1.00018046        3
  1896.70920850     1.00101196        3
  1896.72964027     1.00287820        3
  1896.75007194     0.99944116        3
  1896.77050361     1.00126629        3
  1896.79093527     1.00026716        3
  1896.81136694     0.99914745        3
  1896.83179861     1.00086936        3
  1896.85223028     1.00354995        3
  1896.87266195     0.99928170        3
  1896.89309362     1.00023242        3
  1896.93395695     1.00067165        3
  1896.95438862     0.99827008        3
  1896.97482029     0.99793968        3
  1896.99525206     0.99751273        3
  1897.01568363     0.99976739        3
  1897.03611530     0.99705334        3
  1897.05654707     0.99878334        3
  1897.07697874     0.99927639        3
  1897.09741031     1.00101587        3
  1897.11784208     0.99993476        3
  1897.13827376     0.99862680        3
  1897.17913710     0.99905312        3
  1897.19956877     0.99932882        3
  1897.22000054     0.99998978        3
  1897.24043211     0.99954908        3
  1897.26086378     1.00308153        3
  1897.28129556     0.99902478        3
  1897.30172713     1.00000795        3
  1897.32215890     1.00090178        3
  1897.34259057     1.00101329        3
  1897.36302215     0.99970554        3
  1897.38345392     0.99963456        3
  1897.42431717     0.99880382        3
  1897.44474894     1.00093986        3
  1897.46518062     1.00184430        3
  1897.48561239     1.00250323        3
  1897.50604396     0.99889007        3
  1897.52647554     1.00029356        3
  1897.54690731     0.99881365        3
  1897.56733899     0.99852267        3
  1897.58777066     0.99932142        3
  1897.60820234     0.99963005        3
  1897.62863401     1.00164422        3
  1897.75122407     0.99902255        3
  1897.77165584     0.99736849        3
  1897.79208752     0.99917553        3
  1897.81251910     0.99825275        3
  1897.83295088     0.99801592        3
  1897.85338255     0.99850945        3
  1897.87381433     1.00040882        3
  1897.91467759     1.00446386        3
  1897.93510936     1.00257389        3
  1897.95554094     1.00011305        3
  1897.97597262     0.99977487        3
  1897.99640440     0.99985303        3
  1898.01683598     0.99925315        4
  1898.03726776     0.99987039        4
  1898.05769944     1.00170221        4
  1898.07813102     1.00093074        4
  1898.09856280     0.99811115        4
  1898.11899448     1.00050969        4
  1898.15985784     1.00283680        4
  1898.18028942     1.00163560        4
  1898.20072120     1.00034964        4
  1898.22115288     1.00021036        4
  1898.24158446     1.00305079        4
  1898.26201624     0.99987149        4
  1898.28244792     0.99990468        4
  1898.30287960     1.00109415        4
  1898.32331128     0.99942996        4
  1898.40503801     0.99966580        4
  1898.42546979     0.99881096        4
  1898.44590148     0.99952040        4
  1898.46633306     1.00004583        4
  1898.48676484     0.99936409        4
  1898.50719653     0.99625366        4
  1898.52762811     0.99909942        4
  1898.54805989     0.99886518        4
  1898.56849158     0.99757164        4
  1898.58892336     0.99841790        4
  1898.65021842     1.00151492        4
  1898.67065000     0.99937467        4
  1898.69108169     1.00236192        4
  1898.71151347     0.99755245        4
  1898.73194506     0.99883809        4
  1898.75237684     1.00196161        4
  1898.77280853     0.99996274        4
  1898.79324012     1.00141207        4
  1898.81367190     0.99883999        4
  1898.83410349     1.00121168        4
  1898.85453517     1.00049019        4
  1898.89539855     1.00102710        4
  1898.91583024     1.00134363        4
  1898.93626202     1.00127332        4
  1898.95669371     0.99969378        4
  1898.97712540     1.00094148        4
  1898.99755709     1.00117590        4
  1899.01798878     0.99873958        4
  1899.03842046     1.00090514        4
  1899.05885215     1.00001654        4
  1899.07928384     1.00240354        4
  1899.09971563     0.99979782        4
  1899.14057901     0.99791439        4
  1899.16101070     0.99809170        4
  1899.18144229     0.99989066        4
  1899.20187408     0.99806839        4
  1899.22230577     0.99923431        4
  1899.24273736     0.99886529        4
  1899.26316915     0.99919701        4
  1899.28360084     0.99927930        4
  1899.30403263     0.99976430        4
  1899.32446422     0.99901509        4
  1899.34489592     0.99856157        4
  1899.38575930     1.00003520        4
  1899.40619099     0.99958199        4
  1899.42662278     0.99922513        4
  1899.44705438     1.00092733        4
  1899.46748617     0.99940127        4
  1899.48791776     1.00037701        4
  1899.50834945     0.99957196        4
  1899.52878125     0.99885533        4
  1899.54921284     0.99895543        4
  1899.56964454     1.00166451        4
  1899.59007633     0.99881876        4
  1899.63093962     1.00133720        4
  1899.65137141     1.00174949        4
  1899.67180311     1.00386134        4
  1899.69223480     1.00160173        4
  1899.71266650     1.00057594        4
  1899.73309819     1.00054087        4
  1899.75352999     1.00201934        4
  1899.77396158     1.00094728        4
  1899.79439328     1.00245768        4
  1899.81482508     1.00314229        4
  1899.83525667     1.00098280        4
  1899.87612017     1.00099079        4
  1899.89655176     0.99855274        4
  1899.91698356     0.99804660        4
  1899.93741526     0.99964371        4
  1899.95784686     0.99980712        4
  1899.97827865     1.00089789        4
  1899.99871035     0.99911549        4
  1900.01914215     1.00073884        4
  1900.03957375     0.99965175        4
  1900.06000545     1.00002109        4
  1900.08043715     0.99921913        4
  1900.12130054     1.00238851        4
  1900.14173224     0.99940368        4
  1900.16216394     0.99888160        4
  1900.18259574     0.99928964        4
  1900.20302734     1.00230352        4
  1900.22345904     1.00177478        4
  1900.24389084     1.00061467        4
  1900.26432245     0.99980009        4
  1900.28475415     0.99817975        4
  1900.30518595     1.00324264        4
  1900.32561765     1.00100687        4
  1900.36648105     1.00212921        4
  1900.38691275     0.99874684        4
  1900.40734456     0.99983214        4
  1900.42777616     0.99990586        4
  1900.44820786     1.00088794        4
  1900.46863967     1.00007443        4
  1900.48907127     1.00068063        4
  1900.50950297     1.00041308        4
  1900.52993478     1.00134579        4
  1900.55036638     0.99992124        4
  1900.57079818     1.00096263        4
  1900.61166149     1.00065452        4
  1900.63209330     1.00359247        4
  1900.65252500     1.00134019        4
  1900.67295661     0.99942483        4
  1900.69338841     1.00104751        4
  1900.71382012     1.00170970        4
  1900.85684206     0.99896338        4
  1900.87727377     0.99730776        4
  1900.89770558     0.99951096        4
  1900.91813728     0.99744194        4
  1900.93856889     0.99605932        4
  1900.95900070     0.99854905        4
  1900.97943241     0.99624172        4
  1900.99986402     0.99896130        4
  1901.02029583     0.99908838        4
  1901.04072753     0.99951154        4
  1901.06115914     0.99941214        4
  1901.10202266     0.99868432        4
  1901.12245447     0.99818818        4
  1901.14288608     0.99927716        4
  1901.16331779     0.99878797        4
  1901.18374960     0.99942527        4
  1901.20418121     0.99981611        4
  1901.22461293     1.00398286        4
  1901.24504474     1.00134149        4
  1901.26547635     0.99996758        4
  1901.28590816     0.99960339        4
  1901.30633987     0.99944934        4
  1901.36763501     1.00269456        4
  1901.38806672     1.00046127        4
  1901.40849843     1.00073224        4
  1901.42893015     1.00221395        4
  1901.44936186     1.00207076        4
  1901.46979357     1.00156846        4
  1901.49022529     1.00132385        4
  1901.51065700     1.00741017        4
  1901.53108872     1.00100813        4
  1901.55152043     1.00152130        4
  1901.59238386     0.99977218        4
  1901.61281568     0.99780328        4
  1901.63324739     0.99829364        4
  1901.65367901     0.99859132        4
  1901.67411082     0.99520266        4
  1901.69454254     0.99830443        4
  1901.71497416     0.99817840        4
  1901.73540597     0.99815237        4
  1901.75583769     0.99861956        4
  1901.77626931     0.99862397        4
  1901.79670112     0.99963345        4
  1901.83756466     1.00029796        4
  1901.85799628     1.00138542        4
  1901.87842799     1.00144445        4
  1901.89885981     1.00237619        4
  1901.91929143     1.00139598        4
  1901.93972315     1.00009145        4
  1901.96015497     0.99974345        4
  1901.98058659     1.00013441        4
  1902.00101841     1.00203557        4
  1902.02145013     1.00099879        4
  1902.08274529     1.00077568        4
  1902.10317691     0.99828433        4
  1902.12360873     1.00183708        4
  1902.14404045     0.99979110        4
  1902.16447217     1.00009345        4
  1902.18490389     0.99888593        4
  1902.20533562     0.99926729        4
  1902.22576734     1.00048487        4
  1902.24619906     0.99824697        4
  1902.26663078     0.99918361        4
  1902.28706260     0.99670467        4
  1902.32792595     1.00196628        4
  1902.34835777     0.99862759        4
  1902.36878940     0.99997657        4
  1902.38922122     0.99926008        4
  1902.40965295     0.99878774        4
  1902.43008457     0.99807910        4
  1902.45051640     0.99749588        4
  1902.57310675     0.99971003        4
  1902.59353847     1.00051392        4
  1902.61397030     1.00020310        4
  1902.63440193     1.00019945        4
  1902.65483365     1.00160542        4
  1902.67526548     1.00007319        4
  1902.69569711     1.00022200        4
  1902.71612894     0.99999182        4
  1902.73656066     1.00309752        4
  1902.75699229     1.00172004        4
  1902.77742412     1.00364700        4
  1902.81828758     0.99088760        4
  1902.83871931     1.00000000        4
  1902.85915104     1.00499249        4
  1902.87958267     1.00263778        4
  1902.90001450     1.00299825        4
  1902.92044623     1.00180129        4
  1902.94087806     0.99862145        4
  1902.96130969     1.00026090        4
  1902.98174142     0.99940907        4
  1903.00217325     1.00059605        4
  1903.02260488     0.99891588        4
  1903.20649047     0.99802654        4
  1903.22692230     0.99963316        4
  1903.24735404     0.99929450        4
  1903.26778587     1.00011758        4
  1903.30864924     0.99835402        4
  1903.32908108     0.99887516        4
  1903.34951271     1.00225965        4
  1903.36994445     1.00336768        4
  1903.39037628     1.00296865        4
  1903.41080802     1.00094062        4
  1903.43123975     0.99936919        4
  1903.45167139     1.00164529        4
  1903.47210313     1.00002885        4
  1903.49253496     1.00104270        4
  1903.51296670     1.00037218        4
  1903.55383017     1.00043711        4
  1903.57426191     1.00023480        4
  1903.59469355     1.00089931        4
  1903.61512539     1.00078256        4
  1903.63555713     1.00090899        4
  1903.65598897     1.00109934        4
  1903.67642060     1.00071653        4
  1903.69685234     0.99843760        4
  1903.71728418     1.00062722        4
  1903.73771582     0.99951569        4
  1903.75814756     0.99797537        4
  1903.81944288     0.99785252        4
  1903.83987463     0.99965290        4
  1903.86030627     0.99946956        4
  1903.88073811     1.00056530        4
  1903.90116985     0.99873154        4
  1903.92160149     0.99873993        4
  1903.94203333     0.99897991        4
  1903.96246508     0.99708874        4
  1903.98289692     0.99858361        4
  1904.00332856     0.99862004        4
  1904.04419205     0.99988460        4
  1904.06462389     1.00016116        4
  1904.08505554     0.99984785        4
  1904.10548728     0.99838413        4
  1904.12591902     1.00059627        4
  1904.14635077     1.00148713        4
  1904.16678261     1.00046275        4
  1904.18721426     1.00150166        4
  1904.20764610     0.99925780        4
  1904.22807785     1.00159513        4
  1904.24850950     0.99952738        4
  1904.28937309     1.00191186        4
  1904.30980473     1.00444163        4
  1904.33023658     1.00186149        4
  1904.35066833     1.00170072        4
  1904.37110018     1.00080179        4
  1904.39153182     1.00156839        4
  1904.41196357     1.00212540        4
  1904.43239542     1.00213316        4
  1904.45282707     0.99775811        4
  1904.47325882     1.00273337        4
  1904.49369067     1.00081392        4
  1904.61628116     0.99812487        4
  1904.63671292     0.99560266        4
  1904.65714467     0.99578035        4
  1904.67757642     0.99610997        4
  1904.69800817     1.00738089        4
  1904.71843992     0.99942616        4
  1904.73887167     0.99765264        4
  1904.77973518     0.99635774        4
  1904.80016693     0.99797762        4
  1904.82059878     0.99818466        4
  1904.84103044     0.99839168        4
  1904.86146219     0.99657575        4
  1904.88189404     1.00096063        4
  1905.04534808     1.00214623        4
  1905.06577984     1.00615382        4
  1905.08621170     1.00122642        4
  1905.10664335     1.00220531        4
  1905.12707511     1.00038844        4
  1905.14750697     0.99998828        4
  1905.16793862     1.00021654        4
  1905.18837038     1.00062693        4
