  1835.65910430     0.99757768        0
  1835.67953647     0.99799678        0
  1835.80212950     0.99275424        0
  1835.82256177     0.99956457        0
  1835.84299384     0.99950759        0
  1835.86342601     0.99994930        0
  1835.88385827     1.00000987        0
  1835.90429034     1.00002891        0
  1835.92472251     1.00001858        0
  1835.94515478     1.00046739        0
  1835.96558684     1.00000682        0
  1835.98601901     1.00031710        0
  1836.00645127     1.00052435        0
  1836.02688334     1.00086609        0
  1836.04731550     1.00070565        0
  1836.06774777     1.00062382        0
  1836.08817983     1.00092135        0
  1836.10861199     1.00060440        0
  1836.12904425     1.00078482        0
  1836.14947642     1.00010393        0
  1836.16990848     1.00022162        0
  1836.19034074     1.00005420        0
  1836.21077290     0.99977478        0
  1836.23120516     0.99966716        0
  1836.25163722     0.99952003        0
  1836.27206938     0.99946823        0
  1836.31293369     0.99896245        0
  1836.33336585     0.99905727        0
  1836.35379811     0.99921940        0
  1836.37423016     0.99929304        0
  1836.39466232     0.99954656        0
  1836.41509447     0.99939204        0
  1836.43552663     0.99972986        0
  1836.45595878     0.99991949        0
  1836.47639094     0.99986969        0
  1836.49682309     1.00004486        0
  1836.51725524     1.00019734        0
  1836.53768739     1.00099162        0
  1836.55811955     1.00011540        0
  1836.57855170     1.00032884        0
  1836.59898395     0.99990761        0
  1836.61941600     0.99974510        0
  1836.63984815     0.99964518        0
  1836.66028040     0.99928766        0
  1836.68071245     0.99947269        0
  1836.70114460     0.99913749        0
  1836.72157684     0.99917173        0
  1836.74200889     0.99946931        0
  1836.76244104     0.99975567        0
  1836.78287328     0.99969218        0
  1836.80330533     0.99991091        0
  1836.82373758     0.99966371        0
  1836.84416972     0.99993979        0
  1836.86460177     1.00026206        0
  1836.88503401     1.00074281        0
  1836.90546615     1.00050847        0
  1836.92589820     1.00054135        0
  1836.94633044     1.00094071        0
  1836.96676258     1.00117581        0
  1836.98719472     1.00099203        0
  1837.00762686     1.00092158        0
  1837.02805900     0.99664927        0
  1837.10978756     1.00003455        0
  1837.13021970     0.99974602        0
  1837.15065184     0.99987779        0
  1837.17108398     0.99947773        0
  1837.19151611     1.00002867        0
  1837.21194825     1.00008592        0
  1837.23238038     1.00039312        0
  1837.25281252     1.00023444        0
  1837.27324465     1.00086512        0
  1837.29367669     1.00058032        0
  1837.31410892     1.00091878        0
  1837.33454106     1.00120767        0
  1837.35497319     1.00095838        0
  1837.37540532     1.00082396        0
  1837.39583745     1.00058195        0
  1837.41626958     1.00068915        0
  1837.43670182     1.00059687        0
  1837.45713385     1.00041404        0
  1837.47756608     1.00052397        0
  1837.49799821     1.00009663        0
  1837.51843023     0.99992733        0
  1837.53886246     0.99962718        0
  1837.55929459     0.99968475        0
  1837.57972662     0.99973841        0
  1837.60015885     0.99967353        0
  1837.62059097     0.99992582        0
  1837.64102300     0.99975713        0
  1837.66145522     0.99983675        0
  1837.68188735     0.99988271        0
  1837.70231937     0.99945801        0
  1837.72275160     0.99987191        0
  1837.74318372     1.00008785        0
  1837.76361575     0.99993104        0
  1837.78404797     0.99964572        0
  1837.80448009     0.99992767        0
  1837.82491221     0.99957592        0
  1837.84534433     0.99967991        0
  1837.86577645     0.99970942        0
  1837.88620848     0.99961613        0
  1837.90664070     0.99958947        0
  1837.92707281     0.99970584        0
  1837.94750493     1.00016253        0
  1837.96793705     1.00018644        0
  1837.98836917     1.00022866        0
  1838.00880119     0.99988149        0
  1838.02923340     1.00006458        0
  1838.04966552     0.99992228        0
  1838.07009774     1.00004388        0
  1838.09052975     0.99994786        0
  1838.11096187     1.00025280        0
  1838.13139408     1.00003678        0
  1838.15182610     1.00011012        0
  1838.17225821     1.00024496        0
  1838.19269042     1.00023826        0
  1838.21312244     0.99992675        0
  1838.23355455     0.99993523        0
  1838.27441887     1.00007754        0
  1838.29485088     0.99996697        0
  1838.31528309     0.99948738        0
  1838.33571520     0.99958654        0
  1838.35614721     0.99931653        0
  1838.37657942     0.99943380        0
  1838.39701153     0.99946052        0
  1838.41744354     0.99953300        0
  1838.43787575     0.99978953        0
  1838.45830785     0.99953174        0
  1838.47873986     0.99969042        0
  1838.49917207     0.99985308        0
  1838.51960417     0.99964081        0
  1838.54003618     0.99993389        0
  1838.56046838     1.00014414        0
  1838.58090049     1.00034288        0
  1838.60133249     1.00010655        0
  1838.62176469     1.00052679        0
  1838.64219680     1.00044194        0
  1838.66262880     1.00055519        0
  1838.68306100     1.00046584        0
  1838.70349310     1.00072768        0
  1838.72392520     1.00079511        0
  1838.74435730     1.00037678        0
  1838.76478940     1.00052091        0
  1838.78522150     1.00045545        0
  1838.80565360     1.00001281        0
  1838.82608570     0.99961866        0
  1838.84651790     0.99946121        0
  1838.86694990     0.99890611        0
  1838.88738199     0.99933931        0
  1838.90781419     0.99894947        0
  1838.92824619     0.99912469        0
  1838.94867828     0.99928424        0
  1838.96911048     0.99916409        0
  1838.98954247     0.99505315        0
  1839.07127085     1.00054188        0
  1839.09170304     1.00026203        0
  1839.11213513     1.00038387        0
  1839.13256713     1.00038277        0
  1839.15299932     1.00033400        0
  1839.17343141     1.00054628        0
  1839.19386340     1.00055950        0
  1839.21429559     1.00032141        0
  1839.23472768     1.00026910        0
  1839.25515967     1.00025009        0
  1839.27559185     1.00078271        0
  1839.29602394     1.00050510        0
  1839.31645613     1.00026119        0
  1839.33688812     1.00037492        0
  1839.35732020     1.00024119        0
  1839.37775229     0.99987675        0
  1839.39818437     1.00009263        0
  1839.41861636     1.00028173        0
  1839.43904854     1.00000000        0
  1839.45948063     0.99998109        0
  1839.47991261     1.00016068        0
  1839.50034480     1.00064338        0
  1839.52077688     1.00056669        0
  1839.54120896     1.00029646        0
  1839.56164104     1.00073008        0
  1839.58207312     1.00060535        0
  1839.60250521     1.00037435        0
  1839.62293729     1.00099657        0
  1839.64336937     1.00055565        0
  1839.72509768     0.99455255        0
  1839.74552986     0.99978341        0
  1839.76596184     0.99979162        0
  1839.78639391     0.99953122        0
  1839.80682609     0.99940991        0
  1839.82725807     0.99947419        0
  1839.84769014     0.99927746        0
  1839.86812232     0.99936060        0
  1839.88855429     0.99905631        0
  1839.90898637     0.99944993        0
  1839.92941854     0.99968103        0
  1839.94985061     0.99959184        0
  1839.97028269     0.99973723        0
  1839.99071476     0.99970709        0
  1840.01114683     1.00001140        0
  1840.29719579     0.99989439        0
  1840.31762775     1.00000460        0
  1840.33805992     0.99995782        0
  1840.35849198     0.99960231        0
  1840.37892405     0.99950073        0
  1840.39935611     0.99932393        0
  1840.41978817     0.99945522        0
  1840.44022023     0.99947332        0
  1840.46065230     0.99971073        0
  1840.48108436     1.00001819        0
  1840.50151642     0.99989745        0
  1840.52194858     1.00008188        0
  1840.54238054     1.00003278        0
  1840.56281270     1.00028084        0
  1840.58324476     1.00069523        0
  1840.60367672     1.00065184        0
  1840.62410887     1.00078385        0
  1840.64454093     1.00074671        0
  1840.66497289     1.00045675        0
  1840.68540505     1.00003035        0
  1840.70583710     0.99651635        0
  1840.72626906     1.00058722        0
  1840.74670121     1.00027979        0
  1840.76713327     1.00047925        0
  1840.78756532     1.00033592        0
  1840.80799738     1.00068044        0
  1840.82842933     1.00068736        0
  1840.84886149     1.00043615        0
  1840.86929354     0.99988035        0
  1840.88972559     0.99969089        0
  1840.91015754     0.99966290        0
  1840.93058969     0.99943785        0
  1840.95102174     0.99945185        0
  1840.97145370     0.99964474        0
  1840.99188585     0.99942046        0
  1872.00734566     0.99980264        1
  1872.02777729     1.00011983        1
  1872.04820893     0.99980057        1
  1872.06864056     0.99978237        1
  1872.08907219     0.99963049        1
  1872.10950382     1.00035450        1
  1872.12993555     1.00028648        1
  1872.17079871     1.00053978        1
  1872.19123044     1.00027038        1
  1872.21166208     1.00030397        1
  1872.23209361     1.00034961        1
  1872.25252534     1.00007471        1
  1872.27295697     1.00030792        1
  1872.29338850     1.00027286        1
  1872.31382023     1.00018751        1
  1872.33425186     1.00014832        1
  1872.35468339     0.99983956        1
  1872.37511512     0.99976176        1
  1872.41597848     0.99879212        1
  1872.43641001     0.99896250        1
  1872.45684164     0.99960882        1
  1872.47727337     0.99933423        1
  1872.49770490     0.99979375        1
  1872.51813653     0.99997702        1
  1872.53856826     0.99988150        1
  1872.55899979     0.99973428        1
  1872.57943142     0.99964675        1
  1872.59986315     0.99985681        1
  1872.62029467     0.99996388        1
  1872.66115803     0.99962600        1
  1872.68158956     0.99964036        1
  1872.70202129     0.99946734        1
  1872.72245292     0.99969737        1
  1872.74288445     0.99988021        1
  1872.76331618     0.99970444        1
  1872.78374780     0.99971095        1
  1872.80417933     0.99967481        1
  1872.82461106     0.99953797        1
  1872.84504269     0.99971961        1
  1872.86547422     0.99988589        1
  1872.90633757     0.99986437        1
  1872.92676910     1.00007128        1
  1872.94720083     1.00016170        1
  1872.96763245     1.00023752        1
  1872.98806418     1.00030012        1
  1873.00849571     1.00055241        1
  1873.02892734     1.00055020        1
  1873.04935906     1.00053228        1
  1873.06979059     1.00097171        1
  1873.09022222     1.00093326        1
  1873.15151710     1.00025632        1
  1873.17194882     1.00019196        1
  1873.19238045     1.00032527        1
  1873.21281208     1.00022247        1
  1873.23324370     0.99997651        1
  1873.25367533     1.00036617        1
  1873.27410696     1.00054615        1
  1873.29453858     1.00107424        1
  1873.31497021     1.00097996        1
  1873.33540184     1.00122937        1
  1873.35583346     1.00114858        1
  1873.39669671     0.99846309        1
  1873.41712834     0.99998704        1
  1873.43755986     0.99929314        1
  1873.45799159     1.00032666        1
  1873.47842322     0.99957567        1
  1873.49885494     0.99964908        1
  1873.51928647     0.99948658        1
  1873.53971809     0.99958524        1
  1873.56014982     0.99956384        1
  1873.58058134     0.99939846        1
  1873.60101297     0.99955104        1
  1873.74403444     0.99958486        1
  1873.76446606     0.99886543        1
  1873.78489769     0.99941953        1
  1873.80532931     1.00021895        1
  1873.82576094     1.00044271        1
  1873.84619266     1.00041243        1
  1873.88705581     1.00034533        1
  1873.90748753     1.00056973        1
  1873.92791905     1.00017774        1
  1873.94835068     1.00004967        1
  1873.96878240     0.99970913        1
  1873.98921393     0.99941613        1
  1874.00964565     0.99927530        1
  1874.03007717     0.99977151        1
  1874.05050880     0.99948250        1
  1874.07094052     0.99937137        1
  1874.09137204     0.99957269        1
  1874.23439340     0.99911106        1
  1874.25482512     0.99977039        1
  1874.27525675     0.99999023        1
  1874.29568837     0.99981687        1
  1874.31611999     1.00011081        1
  1874.33655161     1.00023384        1
  1874.37741486     1.00047173        1
  1874.39784648     1.00029339        1
  1874.41827820     1.00022866        1
  1874.43870972     1.00022150        1
  1874.45914135     0.99997313        1
  1874.47957307     0.99988924        1
  1874.50000459     0.99982646        1
  1874.52043631     1.00010208        1
  1874.54086793     1.00003938        1
  1874.56129945     1.00016287        1
  1874.58173117     1.00039242        1
  1874.62259432     1.00097914        1
  1874.64302604     1.00118295        1
  1874.66345766     1.00116953        1
  1874.68388928     1.00130112        1
  1874.70432090     1.00117456        1
  1874.72475252     1.00131426        1
  1874.74518404     1.00125226        1
  1874.76561576     1.00084614        1
  1874.78604738     1.00126067        1
  1874.86777397     0.99987618        1
  1874.88820549     1.00000000        1
  1874.90863711     0.99976000        1
  1874.92906883     0.99978340        1
  1874.94950035     0.99954586        1
  1874.96993197     0.99947397        1
  1874.99036369     0.99896716        1
  1875.01079521     0.99915674        1
  1875.03122693     0.99970502        1
  1875.05165855     0.99959250        1
  1875.11295341     0.99974304        1
  1875.13338493     0.99996966        1
  1875.15381665     0.99997976        1
  1875.17424827     1.00019302        1
  1875.19467989     1.00016656        1
  1875.21511151     1.00055750        1
  1875.23554312     0.99972828        1
  1875.35813284     0.99737689        1
  1875.37856456     0.99673428        1
  1875.39899608     0.99812543        1
  1875.41942770     0.99819887        1
  1875.43985941     0.99822492        1
  1875.46029093     0.99841550        1
  1875.48072255     0.99855605        1
  1875.50115427     0.99847933        1
  1875.52158579     0.99810920        1
  1875.54201751     0.99855870        1
  1875.56244913     0.99905058        1
  1875.60331236     0.99911559        1
  1875.62374398     0.99932871        1
  1875.64417550     0.99984794        1
  1875.66460722     1.00019556        1
  1875.68503884     1.00082087        1
  1875.70547045     1.00093009        1
  1875.72590207     1.00158693        1
  1875.74633369     1.00177536        1
  1875.76676541     1.00177875        1
  1875.78719692     1.00162792        1
  1875.80762854     1.00136791        1
  1875.84849188     1.00064134        1
  1875.86892340     1.00027513        1
  1875.88935511     0.99979365        1
  1875.90978673     0.99950892        1
  1875.93021825     0.99929523        1
  1875.95064997     0.99926583        1
  1875.97108158     0.99950963        1
  1875.99151330     0.99932422        1
  1876.01194482     0.99939586        1
  1876.09367129     1.00019080        1
  1876.11410290     1.00044647        1
  1876.13453452     1.00041510        1
  1876.15496604     1.00053387        1
  1876.17539775     1.00044993        1
  1876.19582937     1.00046503        1
  1876.21626099     1.00060400        1
  1876.23669260     1.00032906        1
  1876.25712422     1.00106693        1
  1876.27755594     1.00070442        1
  1876.33885079     1.00091303        1
  1876.35928240     1.00114313        1
  1876.37971392     1.00083354        1
  1876.40014563     1.00043937        1
  1876.42057725     1.00036502        1
  1876.44100877     1.00006110        1
  1876.46144048     0.99964016        1
  1876.48187210     0.99970313        1
  1876.50230382     0.99953086        1
  1876.52273533     0.99934738        1
  1876.54316695     0.99933373        1
  1876.58403018     0.99954665        1
  1876.60446179     0.99971921        1
  1876.62489351     0.99977802        1
  1876.64532503     0.99979292        1
  1876.66575664     0.99992797        1
  1876.82920957     0.99903625        1
  1876.84964128     0.99847020        1
  1876.87007280     0.99843260        1
  1876.89050441     0.99837560        1
  1876.91093613     0.99815506        1
  1876.93136774     0.99825227        1
  1877.07438915     1.00000495        1
  1877.09482066     0.99973194        1
  1877.11525228     1.00035578        1
  1877.13568399     1.00011995        1
  1877.15611551     1.00012149        1
  1877.17654712     1.00017971        1
  1877.19697883     1.00038118        1
  1877.21741035     1.00011806        1
  1877.23784206     1.00018577        1
  1877.25827368     1.00016599        1
  1877.27870519     0.99993795        1
  1877.31956852     1.00002944        1
  1877.34000014     0.99957107        1
  1877.36043175     0.99983851        1
  1877.38086336     1.00005549        1
  1877.40129498     1.00018194        1
  1877.42172659     1.00028641        1
  1877.44215821     1.00021446        1
  1877.46258982     1.00006092        1
  1877.48302143     0.99982989        1
  1877.50345305     0.99936252        1
  1877.52388466     0.99913548        1
  1877.56474789     0.99956714        1
  1877.58517960     0.99939690        1
  1877.60561112     0.99990841        1
  1877.62604273     0.99974771        1
  1877.64647445     1.00010186        1
  1877.66690596     1.00023822        1
  1877.68733767     1.00023122        1
  1877.70776929     1.00052338        1
  1877.72820080     1.00024682        1
  1877.74863252     1.00056181        1
  1877.76906413     1.00060459        1
  1877.80992736     1.00051296        1
  1877.83035897     1.00015188        1
  1877.85079048     0.99966109        1
  1877.87122220     1.00016330        1
  1877.89165381     0.99986515        1
  1877.91208542     1.00014798        1
  1877.93251704     1.00029206        1
  1877.95294865     1.00045023        1
  1877.97338036     1.00060927        1
  1877.99381198     1.00073346        1
  1878.01424349     1.00042705        1
  1878.05510682     1.00063878        1
  1878.07553833     1.00054269        1
  1878.09597004     1.00011880        1
  1878.11640166     1.00025571        1
  1878.13683317     1.00023718        1
  1878.15726488     1.00020830        1
  1878.17769640     1.00046265        1
  1878.19812811     1.00024954        1
  1878.21855972     1.00005678        1
  1878.23899123     1.00009615        1
  1878.25942295     0.99994497        1
  1878.30028607     1.00036114        1
  1878.32071779     1.00025325        1
  1878.34114940     0.99973528        1
  1878.36158091     0.99955633        1
  1878.38201262     0.99974848        1
  1878.40244424     0.99949480        1
  1878.42287595     0.99907959        1
  1878.44330746     0.99891224        1
  1878.46373908     0.99887343        1
  1878.48417079     0.99853235        1
  1878.54546563     0.99866016        1
  1878.56589724     0.99913181        1
  1878.58632875     0.99941372        1
  1878.60676046     0.99944373        1
  1878.62719208     0.99965624        1
  1878.64762369     0.99973702        1
  1878.66805530     1.00000582        1
  1878.68848691     0.99984097        1
  1878.70891863     0.99993032        1
  1878.72935014     1.00016867        1
  1878.74978175     1.00020286        1
  1878.79064498     1.00094720        1
  1878.81107659     1.00063105        1
  1878.83150820     1.00043641        1
  1878.85193981     1.00037297        1
  1878.87237152     1.00004856        1
  1878.89280304     1.00003490        1
  1878.91323465     0.99976947        1
  1878.93366636     0.99995390        1
  1878.95409787     1.00021454        1
  1878.97452949     1.00003617        1
  1878.99496120     1.00007421        1
  1879.07668765     1.00085769        1
  1879.09711926     1.00043013        1
  1879.11755087     1.00019665        1
  1879.13798248     1.00021699        1
  1879.15841409     1.00005197        1
  1879.17884571     0.99975025        1
  1879.19927732     1.00008603        1
  1879.21970903     1.00013960        1
  1879.24014054     1.00002143        1
  1879.30143538     1.00114857        1
  1879.32186709     1.00072126        1
  1879.34229870     1.00024022        1
  1879.36273021     0.99964839        1
  1879.38316193     0.99933739        1
  1879.40359354     0.99951667        1
  1879.42402505     0.99930158        1
  1879.44445676     0.99981402        1
  1879.46488837     0.99960143        1
  1879.48531988     0.99963010        1
  1879.52618311     1.00055506        1
  1879.54661482     0.99972857        1
  1879.56704643     1.00025336        1
  1879.58747804     0.99968487        1
  1879.60790965     0.99963924        1
  1879.62834127     0.99955853        1
  1879.64877288     0.99956922        1
  1879.66920449     0.99994811        1
  1879.68963610     0.99945549        1
  1879.71006771     0.99981265        1
  1879.73049932     0.99961631        1
  1879.77136265     0.99931169        1
  1879.79179426     0.99983282        1
  1879.81222577     0.99945443        1
  1879.83265748     0.99977189        1
  1879.85308909     0.99990038        1
  1879.87352061     1.00016370        1
  1879.89395232     1.00016235        1
  1879.91438393     1.00010953        1
  1879.93481544     1.00055250        1
  1879.95524715     1.00096641        1
  1879.97567876     1.00120008        1
  1880.01654199     0.99976123        2
  1880.03697360     0.99981239        2
  1880.05740531     0.99990356        2
  1880.07783682     0.99984642        2
  1880.09826843     0.99986128        2
  1880.11870005     0.99975484        2
  1880.13913166     0.99988444        2
  1880.15956327     0.99937858        2
  1880.17999498     0.99958065        2
  1880.20042649     0.99967458        2
  1880.22085820     0.99979765        2
  1880.26172133     0.99981832        2
  1880.28215304     0.99952692        2
  1880.30258465     0.99970502        2
  1880.32301616     1.00030417        2
  1880.34344787     1.00000510        2
  1880.36387948     1.00026197        2
  1880.38431099     1.00011253        2
  1880.40474271     1.00059894        2
  1880.42517432     0.99967283        2
  1880.44560603     1.00962270        2
  1880.50690086     1.00016835        2
  1880.52733238     1.00049834        2
  1880.54776399     1.00052663        2
  1880.56819570     1.00070215        2
  1880.58862721     1.00071640        2
  1880.60905882     1.00068157        2
  1880.62949053     1.00046095        2
  1880.64992204     1.00034796        2
  1880.67035376     1.00024795        2
  1880.75208020     1.00057159        2
  1880.77251181     1.00030911        2
  1880.79294342     1.00049535        2
  1880.81337504     1.00062705        2
  1880.83380665     1.00031077        2
  1880.85423826     1.00018984        2
  1880.87466987     1.00018253        2
  1880.89510148     1.00011937        2
  1880.91553309     1.00033363        2
  1880.93596471     1.00027228        2
  1880.95639642     1.00034951        2
  1880.99725954     0.99992772        2
  1881.01769125     0.99982339        2
  1881.03812276     0.99965563        2
  1881.05855437     1.00015079        2
  1881.07898609     0.99980616        2
  1881.09941760     1.00033260        2
  1881.11984931     1.00026539        2
  1881.14028092     1.00013107        2
  1881.16071243     1.00008496        2
  1881.18114414     1.00035963        2
  1881.20157576     0.99986333        2
  1881.24243898     1.00039994        2
  1881.26287059     1.00044666        2
  1881.28330220     0.99964729        2
  1881.30373381     0.99940359        2
  1881.32416543     0.99970031        2
  1881.34459714     0.99964799        2
  1881.36502865     0.99943288        2
  1881.38546026     0.99936494        2
  1881.40589197     0.99901162        2
  1881.42632358     0.99879930        2
  1881.44675510     0.99944227        2
  1881.48761832     0.99905473        2
  1881.50805003     0.99891011        2
  1881.52848164     0.99911498        2
  1881.54891325     0.99947766        2
  1881.56934487     1.00009515        2
  1881.58977648     1.00021766        2
  1881.61020799     1.00052752        2
  1881.63063970     1.00000013        2
  1881.65107131     1.00034245        2
  1881.67150283     1.00013718        2
  1881.69193454     1.00005711        2
  1881.73279786     0.99995003        2
  1881.75322937     1.00023626        2
  1881.77366099     1.00017061        2
  1881.79409270     0.99986529        2
  1881.81452421     0.99966553        2
  1881.83495582     0.99955223        2
  1881.85538753     0.99960160        2
  1881.87581905     0.99967000        2
  1881.89625066     0.99956901        2
  1881.91668237     1.00029094        2
  1881.93711398     1.00041522        2
  1881.97797721     1.00147317        2
  1881.99840882     1.00133926        2
  1882.01884043     1.00105621        2
  1882.03927204     1.00123800        2
  1882.05970365     1.00108406        2
  1882.08013537     1.00092514        2
  1882.10056688     1.00032570        2
  1882.12099849     1.00011181        2
  1882.14143020     0.99975573        2
  1882.16186171     0.99963342        2
  1882.22315655     0.99989894        2
  1882.24358826     0.99958452        2
  1882.26401978     0.99980581        2
  1882.28445139     0.99935510        2
  1882.30488310     1.00127667        2
  1882.32531461     0.99950277        2
  1882.34574633     0.99916321        2
  1882.36617794     0.99922664        2
  1882.46833600     0.99996100        2
  1882.48876761     1.00015362        2
  1882.50919923     0.99984145        2
  1882.52963084     0.99961031        2
  1882.55006245     0.99951765        2
  1882.57049416     0.99965434        2
  1882.77481029     0.99966687        2
  1882.79524200     0.99968995        2
  1882.81567352     0.99997629        2
  1882.83610513     0.99945396        2
  1882.85653684     0.99984827        2
  1882.87696836     0.99985678        2
  1882.89739987     1.00007464        2
  1882.91783158     0.99986609        2
  1883.01998975     1.00026757        2
  1883.04042126     1.00049480        2
  1883.06085287     1.00060120        2
  1883.08128459     1.00047487        2
  1883.10171620     1.00037824        2
  1883.12214771     1.00000000        2
  1883.14257943     0.99973462        2
  1883.16301104     0.99936393        2
  1883.20387427     0.99863489        2
  1883.22430588     0.99923599        2
  1883.24473760     0.99881988        2
  1883.26516911     0.99853108        2
  1883.28560072     0.99924432        2
  1883.30603244     0.99948338        2
  1883.32646395     0.99957329        2
  1883.34689556     0.99957509        2
  1883.36732728     0.99952213        2
  1883.38775879     0.99964875        2
  1883.40819050     0.99971425        2
  1883.44905363     0.99984109        2
  1883.46948535     0.99996642        2
  1883.48991696     1.00005909        2
  1883.51034847     0.99985167        2
  1883.53078019     0.99991179        2
  1883.55121170     1.00014875        2
  1883.57164342     1.00023702        2
  1883.59207503     1.00067693        2
  1883.61250654     1.00067970        2
  1883.63293826     1.00104937        2
  1883.65336987     1.00097666        2
  1883.69423310     1.00103870        2
  1883.71466472     1.00098558        2
  1883.73509633     1.00132723        2
  1883.75552794     1.00136183        2
  1883.77595956     1.00133438        2
  1883.79639127     1.00108131        2
  1883.81682289     1.00082968        2
  1883.83725440     1.00089809        2
  1883.85768612     1.00084712        2
  1883.87811773     1.00069732        2
  1883.89854925     1.00009758        2
  1883.95984409     1.00022604        2
  1883.98027580     1.00010984        2
  1884.00070742     1.00021942        2
  1884.02113913     1.00016312        2
  1884.04157065     1.00010320        2
  1884.06200226     1.00041303        2
  1884.08243398     0.99997297        2
  1884.10286549     0.99998250        2
  1884.12329711     1.00030229        2
  1884.14372882     1.00016139        2
  1884.20502357     0.99983534        2
  1884.22545518     1.00070213        2
  1884.24588690     1.00073050        2
  1884.26631842     1.00091934        2
  1884.28675003     1.00119992        2
  1884.30718175     1.00073436        2
  1884.32761336     1.00080339        2
  1884.34804488     1.00109518        2
  1884.36847659     1.00076116        2
  1884.38890821     1.00047712        2
  1884.42977144     1.00032733        2
  1884.45020306     1.00017504        2
  1884.47063477     1.00006289        2
  1884.49106629     1.00009605        2
  1884.51149790     0.99981380        2
  1884.53192962     0.99998041        2
  1884.55236113     1.00005085        2
  1884.57279275     0.99967142        2
  1884.59322447     0.99980585        2
  1884.61365598     1.00038289        2
  1884.63408770     1.00000125        2
  1884.67495083     1.00012106        2
  1884.69538255     1.00018826        2
  1884.71581416     0.99967499        2
  1884.73624578     0.99993091        2
  1884.75667740     0.99979967        2
  1884.77710901     0.99976945        2
  1884.79754063     0.99933173        2
  1884.81797225     0.99917808        2
  1884.83840386     0.99907234        2
  1884.85883548     0.99900792        2
  1884.92013033     0.99973107        2
  1884.94056195     1.00006612        2
  1884.96099356     0.99992266        2
  1884.98142528     0.99974073        2
  1885.00185680     0.99968783        2
  1885.02228851     0.99955683        2
  1885.04272013     0.99957929        2
  1885.06315165     0.99922888        2
  1885.08358337     0.99947282        2
  1885.10401498     0.99902928        2
  1885.12444650     0.99913283        2
  1885.16530984     0.99111058        2
  1885.18574135     0.99928561        2
  1885.20617307     0.99950682        2
  1885.22660469     0.99942617        2
  1885.24703641     0.99942491        2
  1885.26746792     0.99956482        2
  1885.28789954     0.99941727        2
  1885.30833126     0.99952480        2
  1885.32876278     0.99878153        2
  1885.34919439     0.99911427        2
  1885.36962611     0.99881669        2
  1885.41048925     0.99895718        2
  1885.43092097     0.99903211        2
  1885.45135259     0.99927470        2
  1885.47178420     0.99956525        2
  1885.49221582     0.99964827        2
  1885.51264744     1.00017668        2
  1885.53307906     1.00079089        2
  1885.55351068     1.00046019        2
  1885.57394220     1.00070092        2
  1885.59437391     1.00030346        2
  1885.61480553     1.00052775        2
  1885.65566877     1.00052773        2
  1885.67610039     1.00034294        2
  1885.69653211     1.00033159        2
  1885.71696363     1.00023670        2
  1885.73739525     1.00013157        2
  1885.75782696     1.00003288        2
  1885.77825848     1.00000237        2
  1885.79869010     0.99995024        2
  1885.81912182     0.99984327        2
  1885.83955334     0.99967053        2
  1885.85998506     0.99958266        2
  1885.90084820     1.00005250        2
  1885.92127992     1.00071984        2
  1885.94171154     1.00049263        2
  1885.96214316     1.00052395        2
  1885.98257478     1.02923555        2
  1886.00300640     1.00039771        2
  1886.02343802     1.00048090        2
  1886.04386964     1.00031330        2
  1886.06430126     1.00033800        2
  1886.08473298     1.00032045        2
  1886.10516460     0.99995974        2
  1886.16645946     0.99968979        2
  1886.18689098     0.99989765        2
  1886.20732270     0.99980118        2
  1886.22775422     0.99995761        2
  1886.24818594     0.99999748        2
  1886.26861756     0.99999775        2
  1886.28904908     1.00019054        2
  1886.30948080     0.99975914        2
  1886.32991242     0.99973971        2
  1886.35034394     0.99971925        2
  1886.39120728     0.99960461        2
  1886.41163881     0.99993041        2
  1886.43207053     0.99962986        2
  1886.45250215     0.99955360        2
  1886.47293387     0.99990685        2
  1886.49336539     0.99974306        2
  1886.51379701     0.99945696        2
  1886.53422873     0.99970535        2
  1886.63638684     1.00134210        2
  1886.65681846     1.00061345        2
  1886.67725008     1.00054365        2
  1886.69768171     1.00065811        2
  1886.71811333     1.00066468        2
  1886.73854495     1.00084629        2
  1886.88156631     1.00125834        2
  1886.90199793     1.00134327        2
  1886.92242965     1.00115377        2
  1886.94286118     1.00081738        2
  1886.96329280     1.00060889        2
  1886.98372452     1.00036829        2
  1887.00415604     1.00061465        2
  1887.12674588     1.00014125        2
  1887.14717751     1.00005629        2
  1887.16760913     1.00012311        2
  1887.18804076     1.00009653        2
  1887.20847238     1.00011730        2
  1887.22890400     1.00028376        2
  1887.24933573     1.00023703        2
  1887.26976725     0.99978314        2
  1887.29019887     0.99911874        2
  1887.31063060     0.99948251        2
  1887.33106222     0.99954204        2
  1887.37192547     0.99969755        2
  1887.39235710     0.99911152        2
  1887.41278862     0.99998091        2
  1887.43322035     1.00029986        2
  1887.45365197     0.99980713        2
  1887.47408359     1.00011384        2
  1887.49451522     0.99978836        2
  1887.51494684     1.00015543        2
  1887.53537857     1.00027337        2
  1887.55581009     0.99967433        2
  1887.57624172     0.99960513        2
  1887.61710497     0.99973168        2
  1887.63753670     0.99966266        2
  1887.65796822     0.99969742        2
  1887.67839985     0.99965350        2
  1887.69883157     0.99995585        2
  1887.71926310     0.99969403        2
  1887.73969472     0.99957307        2
  1887.76012645     1.00019480        2
  1887.78055798     0.99966392        2
  1887.86228458     0.99950987        2
  1887.88271621     1.00001166        2
  1887.90314783     1.00027411        2
  1887.92357946     1.00037325        2
  1887.94401109     1.00017784        2
  1887.96444271     1.00048384        2
  1887.98487444     1.00083961        2
  1891.04962022     0.99859793        3
  1891.07005187     0.99879229        3
  1891.09048361     0.99922418        3
  1891.11091515     0.99955514        3
  1891.13134679     0.99929119        3
  1891.15177853     0.99956737        3
  1891.17221008     0.99970813        3
  1891.19264182     0.99999715        3
  1891.21307346     0.99994652        3
  1891.23350501     0.99990734        3
  1891.29479993     1.00021199        3
  1891.31523168     1.00030581        3
  1891.33566332     1.00014139        3
  1891.35609506     1.00039593        3
  1891.37652661     1.00029144        3
  1891.39695825     1.00039182        3
  1891.41739000     1.00067303        3
  1891.43782154     1.00031826        3
  1891.45825318     1.00075709        3
  1891.47868493     1.00069923        3
  1891.49911657     1.00067743        3
  1891.53997986     1.00007231        3
  1891.56041141     1.00019098        3
  1891.58084315     0.99994543        3
  1891.60127480     1.00045947        3
  1891.62170634     1.00062115        3
  1891.64213809     1.00079891        3
  1891.66256973     1.00073043        3
  1891.68300128     1.00071462        3
  1891.70343302     1.00087492        3
  1891.72386467     1.00046614        3
  1891.74429641     1.00062041        3
  1891.78515961     0.99981587        3
  1891.80559135     0.99947505        3
  1891.82602290     0.99950265        3
  1891.84645455     0.99942028        3
  1891.86688629     0.99955932        3
  1891.88731784     0.99973699        3
  1891.90774949     0.99980706        3
  1891.92818123     1.00065128        3
  1891.94861278     0.99962763        3
  1891.96904453     1.00038410        3
  1891.98947617     1.00021810        3
  1892.03033947     0.99990647        3
  1892.05077112     0.99958655        3
  1892.07120277     0.99940548        3
  1892.09163441     0.99921027        3
  1892.11206606     0.99945466        3
  1892.13249781     0.99956090        3
  1892.15292946     0.99928889        3
  1892.17336101     0.99917325        3
  1892.19379276     0.99935721        3
  1892.21422430     0.99947214        3
  1892.23465595     0.99995982        3
  1892.27551925     0.99925032        3
  1892.29595100     0.99929742        3
  1892.31638265     0.99971122        3
  1892.33681420     0.99986744        3
  1892.35724595     0.99999485        3
  1892.37767760     1.00017708        3
  1892.39810915     1.00016365        3
  1892.41854090     1.00003671        3
  1892.43897255     0.99987280        3
  1892.45940410     0.99972889        3
  1892.52069925     0.99997561        3
  1892.54113080     1.00014525        3
  1892.56156245     1.00029122        3
  1892.58199420     1.00040594        3
  1892.60242576     1.00058137        3
  1892.62285741     1.00028579        3
  1892.64328916     1.00012393        3
  1892.66372081     1.00063452        3
  1892.82717403     0.99991948        3
  1892.84760568     0.99958475        3
  1892.86803743     0.99983082        3
  1892.88846899     0.99990463        3
  1892.90890074     1.00006850        3
  1892.92933229     1.00016370        3
  1892.94976395     0.99993092        3
  1892.97019570     1.00023915        3
  1893.01105891     0.99892787        3
  1893.03149066     1.00028117        3
  1893.05192222     1.00038808        3
  1893.07235397     1.00005927        3
  1893.09278563     0.99989159        3
  1893.11321718     0.99974117        3
  1893.13364894     0.99954974        3
  1893.15408059     0.99930642        3
  1893.17451215     0.99912748        3
  1893.19494390     0.99949448        3
  1893.21537556     0.99903568        3
  1893.31753384     0.99958355        3
  1893.33796549     0.99954971        3
  1893.35839725     0.99935964        3
  1893.37882890     0.99963951        3
  1893.39926046     0.99990346        3
  1893.41969222     1.00005135        3
  1893.44012387     1.00015693        3
  1893.46055563     1.00041779        3
  1893.50141885     1.00052047        3
  1893.52185060     1.00057541        3
  1893.54228216     1.00056662        3
  1893.56271372     1.00074556        3
  1893.58314548     1.00051881        3
  1893.60357714     1.00037031        3
  1893.62400889     1.00032459        3
  1893.64444045     0.99977389        3
  1893.66487211     0.99986560        3
  1893.68530387     0.99978465        3
  1893.70573543     0.99976439        3
  1893.74659885     0.99995329        3
  1893.76703040     0.99979009        3
  1893.78746206     1.00047974        3
  1893.80789382     1.00024224        3
  1893.82832538     1.00010782        3
  1893.84875714     1.00015578        3
  1893.86918880     1.00041147        3
  1893.88962046     1.00029306        3
  1893.91005212     1.00002288        3
  1893.93048378     1.00029411        3
  1894.01221053     0.99980458        3
  1894.03264219     0.99997594        3
  1894.05307375     0.99980842        3
  1894.07350551     0.99984386        3
  1894.09393717     0.99992185        3
  1894.11436873     0.99983071        3
  1894.13480050     0.99984934        3
  1894.15523216     1.00017319        3
  1894.17566382     1.00011903        3
  1894.19609548     1.00009301        3
  1894.23695881     1.00036108        3
  1894.25739047     1.00075473        3
  1894.27782203     1.00035466        3
  1894.29825380     1.00037395        3
  1894.31868546     0.99991018        3
  1894.33911702     1.00012771        3
  1894.35954879     1.00040220        3
  1894.37998045     1.00000000        3
  1894.40041221     0.99996334        3
  1894.42084378     0.99960921        3
  1894.44127544     0.99915438        3
  1894.48213877     0.99904378        3
  1894.50257044     0.99863142        3
  1894.52300220     0.99846095        3
  1894.54343386     0.99850955        3
  1894.56386553     0.99900319        3
  1894.58429720     0.99865612        3
  1894.60472886     0.99897692        3
  1894.72731886     1.00084118        3
  1894.74775062     1.00083285        3
  1894.76818219     1.00045821        3
  1894.78861396     1.00053589        3
  1894.80904562     1.00026357        3
  1894.82947719     1.00067770        3
  1894.84990896     1.00044195        3
  1894.97249896     0.99961992        3
  1894.99293053     1.00087197        3
  1895.01336230     1.00091926        3
  1895.03379397     1.00077849        3
  1895.05422564     1.00087979        3
  1895.07465731     1.00040920        3
  1895.09508898     1.00025870        3
  1895.11552075     1.00027758        3
  1895.13595231     0.99975371        3
  1895.15638398     0.99996802        3
  1895.17681575     1.00002580        3
  1895.21767899     0.99871550        3
  1895.23811076     0.99911127        3
  1895.25854244     0.99940220        3
  1895.27897401     0.99972557        3
  1895.29940578     1.00022271        3
  1895.31983745     1.00017249        3
  1895.34026922     1.00027972        3
  1895.36070079     1.00057811        3
  1895.38113246     1.00050137        3
  1895.40156423     1.00040185        3
  1895.42199580     1.00054403        3
  1895.46285925     1.00029976        3
  1895.48329082     1.00073083        3
  1895.50372259     1.00046114        3
  1895.52415417     1.00023705        3
  1895.54458584     0.99988616        3
  1895.56501761     0.99993032        3
  1895.58544918     0.99943510        3
  1895.60588086     0.99976660        3
  1895.62631263     0.99941660        3
  1895.64674420     0.99955532        3
  1895.66717598     0.99970803        3
  1895.70803933     0.99992676        3
  1895.72847100     0.99977908        3
  1895.74890267     0.99969629        3
  1895.76933435     1.00002999        3
  1895.78976602     0.99962846        3
  1895.81019770     0.99969889        3
  1895.83062937     0.99978135        3
  1895.85106115     0.99966714        3
  1895.87149272     0.99978486        3
  1895.89192450     1.00004750        3
  1895.91235617     1.00005815        3
  1895.95321953     1.00053821        3
  1895.97365120     1.00028055        3
  1895.99408278     1.00018006        3
  1896.01451456     1.00021108        3
  1896.03494623     0.99987876        3
  1896.05537801     0.99969142        3
  1896.07580959     0.99994666        3
  1896.09624126     1.00002537        3
  1896.11667294     0.99951932        3
  1896.13710462     0.99898962        3
  1896.15753630     0.99887426        3
  1896.19839965     0.99817952        3
  1896.21883143     0.99818955        3
  1896.23926301     0.99786234        3
  1896.25969469     0.99784519        3
  1896.28012647     0.99766874        3
  1896.30055805     0.99795015        3
  1896.32098972     0.99838864        3
  1896.34142150     0.99855661        3
  1896.36185308     0.99894265        3
  1896.48444326     1.00022964        3
  1896.50487494     1.00009810        3
  1896.52530662     1.00036220        3
  1896.54573831     0.99985540        3
  1896.56617009     0.99961074        3
  1896.58660167     0.99994773        3
  1896.60703345     0.99934763        3
  1896.62746513     0.99950480        3
  1896.64789671     0.99904048        3
  1896.68876018     0.99971464        3
  1896.70919176     1.00005981        3
  1896.72962354     1.00027559        3
  1896.75005523     1.00026952        3
  1896.77048691     1.00036584        3
  1896.79091859     1.00037151        3
  1896.81135028     1.00046816        3
  1896.83178196     1.00086450        3
  1896.85221364     1.00098552        3
  1896.87264533     1.00106228        3
  1896.89307701     1.00151898        3
  1896.93394038     1.00120788        3
  1896.95437206     1.00071567        3
  1896.97480375     1.00076099        3
  1896.99523553     1.00053464        3
  1897.01566712     1.00012084        3
  1897.03609880     0.99995273        3
  1897.05653059     1.00002719        3
  1897.07696227     0.99993333        3
  1897.09739386     0.99946416        3
  1897.11782565     0.99962952        3
  1897.17912071     0.99957248        3
  1897.19955239     0.99985002        3
  1897.21998418     1.00000600        3
  1897.24041577     1.00019832        3
  1897.26084745     1.00008259        3
  1897.28127924     0.99981074        3
  1897.30171083     0.99984799        3
  1897.32214262     1.00001884        3
  1897.34257430     1.00015572        3
  1897.36300589     1.00060801        3
  1897.38343768     1.00034189        3
  1897.42430096     1.00015694        3
  1897.44473275     1.00031952        3
  1897.46516444     1.00009754        3
  1897.48559622     0.99985297        3
  1897.50602781     0.99976541        3
  1897.52645940     1.00004242        3
  1897.54689119     0.99945568        3
  1897.56732288     1.00006647        3
  1897.58775457     1.00012506        3
  1897.60818626     0.99961807        3
  1897.62861795     0.99996569        3
  1897.75120810     0.99986076        3
  1897.77163989     1.00001140        3
  1897.79207159     0.99993957        3
  1897.81250318     1.00026328        3
  1897.83293497     1.00016874        3
  1897.85336666     1.00014960        3
  1897.87379846     1.00017377        3
  1897.91466174     1.00045013        3
  1897.93509354     1.00006886        3
  1897.95552513     1.00004510        3
  1897.97595682     0.99929537        3
  1897.99638862     0.99924222        3
  1898.01682021     0.99990794        4
  1898.03725201     0.99990521        4
  1898.05768370     0.99959671        4
  1898.07811529     0.99977569        4
  1898.09854709     0.99987842        4
  1898.11897878     1.00018727        4
  1898.15984218     1.00024767        4
  1898.18027377     1.00021974        4
  1898.20070557     1.00003015        4
  1898.22113726     1.00023738        4
  1898.24156886     1.00016470        4
  1898.26200066     1.00013743        4
  1898.28243235     1.00014543        4
  1898.30286405     1.00002435        4
  1898.32329575     1.00022050        4
  1898.40502254     0.99975916        4
  1898.42545433     0.99988814        4
  1898.44588603     0.99978098        4
  1898.46631763     0.99981147        4
  1898.48674943     1.00028204        4
  1898.50718113     1.00061054        4
  1898.52761273     1.00076298        4
  1898.54804453     1.00038098        4
  1898.56847623     1.00024695        4
  1898.58890803     1.00009611        4
  1898.65020313     1.00001720        4
  1898.67063473     0.99955487        4
  1898.69106643     0.99956001        4
  1898.71149823     0.99931141        4
  1898.73192983     0.99926025        4
  1898.75236163     0.99924124        4
  1898.77279333     0.99930198        4
  1898.79322493     0.99932464        4
  1898.81365673     0.99946241        4
  1898.83408834     0.99949722        4
  1898.85452004     0.99963831        4
  1898.89538344     0.99980764        4
  1898.91581514     0.99995091        4
  1898.93624695     0.99967883        4
  1898.95667865     1.00035579        4
  1898.97711035     1.00046052        4
  1898.99754206     1.00071123        4
  1899.01797376     1.00068642        4
  1899.03840547     1.00046790        4
  1899.05883717     1.00096757        4
  1899.07926887     1.00077322        4
  1899.09970068     1.00052368        4
  1899.14056409     1.00016309        4
  1899.16099579     0.99959873        4
  1899.18142740     1.00028515        4
  1899.20185920     1.00023542        4
  1899.22229091     0.99988685        4
  1899.24272252     1.00014770        4
  1899.26315432     1.00011513        4
  1899.28358603     1.00033653        4
  1899.30401783     1.00086340        4
  1899.32444944     1.00040866        4
  1899.34488115     1.00027025        4
  1899.38574456     1.00068517        4
  1899.40617627     1.00020425        4
  1899.42660808     1.00090038        4
  1899.44703969     1.00049720        4
  1899.46747149     1.00036839        4
  1899.48790310     1.00049105        4
  1899.50833481     0.99978687        4
  1899.52876662     0.99978777        4
  1899.54919823     0.99941567        4
  1899.56962994     0.99874183        4
  1899.59006175     0.99869332        4
  1899.63092507     0.99870522        4
  1899.65135688     0.99875812        4
  1899.67178859     0.99893820        4
  1899.69222030     0.99924672        4
  1899.71265201     0.99941457        4
  1899.73308372     0.99938467        4
  1899.75351553     0.99948948        4
  1899.77394714     0.99981035        4
  1899.79437885     1.00029326        4
  1899.81481066     1.00031999        4
  1899.83524228     1.00021110        4
  1899.87610580     1.00000907        4
  1899.89653741     1.00005283        4
  1899.91696923     0.99971935        4
  1899.93740094     0.99973259        4
  1899.95783255     0.99993987        4
  1899.97826437     0.99947567        4
  1899.99869608     0.99950093        4
  1900.01912789     0.99947268        4
  1900.03955951     0.99918433        4
  1900.05999122     0.99908808        4
  1900.08042293     0.99896414        4
  1900.12128636     0.99921497        4
  1900.14171808     0.99961187        4
  1900.16214979     0.99933127        4
  1900.18258161     0.99919638        4
  1900.20301323     0.99983612        4
  1900.22344494     0.99966664        4
  1900.24387676     0.99976405        4
  1900.26430837     1.00034811        4
  1900.28474009     1.00011968        4
  1900.30517191     1.00042549        4
  1900.32560362     1.00037405        4
  1900.36646706     1.00037931        4
  1900.38689878     1.00031006        4
  1900.40733059     1.00042439        4
  1900.42776221     1.00032153        4
  1900.44819393     1.00067336        4
  1900.46862575     1.00049933        4
  1900.48905737     1.00073644        4
  1900.50948909     1.00048208        4
  1900.52992091     1.00063600        4
  1900.55035253     1.00059185        4
  1900.57078434     1.00042535        4
  1900.61164768     1.00060342        4
  1900.63207950     1.00036875        4
  1900.65251122     1.00007899        4
  1900.67294285     1.00008537        4
  1900.69337467     1.00009480        4
  1900.71380639     1.00030899        4
  1900.85682844     1.00161593        4
  1900.87726016     1.00147611        4
  1900.89769199     1.00113667        4
  1900.91812371     1.00122646        4
  1900.93855533     1.00088153        4
  1900.95898716     1.00099534        4
  1900.97941888     1.00023931        4
  1900.99985050     1.00057535        4
  1901.02028233     1.00033678        4
  1901.04071405     1.00044293        4
  1901.06114568     1.00063563        4
  1901.10200923     1.00017894        4
  1901.12244105     1.00002400        4
  1901.14287268     0.99973211        4
  1901.16330441     0.99965040        4
  1901.18373623     0.99983460        4
  1901.20416786     0.99969793        4
  1901.22459958     0.99971049        4
  1901.24503141     0.99995272        4
  1901.26546304     0.99970943        4
  1901.28589487     0.99947796        4
  1901.30632659     0.99943205        4
  1901.34719005     0.99927997        4
  1901.36762178     0.99968326        4
  1901.38805350     0.99945635        4
  1901.40848523     0.99965508        4
  1901.42891696     0.99969000        4
  1901.44934869     0.99976520        4
  1901.46978042     1.00002267        4
  1901.49021215     1.00009723        4
  1901.51064388     1.00045672        4
  1901.53107561     1.00138408        4
  1901.55150734     1.00047860        4
  1901.59237080     0.99985962        4
  1901.61280263     1.00001879        4
  1901.63323436     1.00015811        4
  1901.65366599     1.00018224        4
  1901.67409782     0.99975079        4
  1901.69452956     0.99978334        4
  1901.71496119     0.99961821        4
  1901.73539302     0.99960238        4
  1901.75582475     0.99982845        4
  1901.77625639     1.00001180        4
  1901.79668822     0.99988689        4
  1901.83755179     0.99994593        4
  1901.85798342     1.00001640        4
  1901.87841515     0.99984633        4
  1901.89884699     0.99992212        4
  1901.91927862     0.99968362        4
  1901.93971035     0.99981851        4
  1901.96014219     1.00000000        4
  1901.98057382     0.99993527        4
  1902.00100566     0.99975932        4
  1902.08273260     0.99943037        4
  1902.10316424     0.99963289        4
  1902.12359608     0.99972691        4
  1902.14402781     0.99975120        4
  1902.16445955     0.99946501        4
  1902.18489129     0.99975488        4
  1902.20532302     0.99964155        4
  1902.22575476     0.99973445        4
  1902.24618650     0.99974240        4
  1902.26661824     0.99944844        4
  1902.32791345     1.00002836        4
  1902.34834529     0.99971486        4
  1902.36877693     0.99991854        4
  1902.38920877     0.99957250        4
  1902.40964051     0.99960999        4
  1902.43007215     0.99977782        4
  1902.57309444     0.99985302        4
  1902.59352618     0.99988839        4
  1902.61395802     0.99992460        4
  1902.63438966     1.00014666        4
  1902.65482141     1.00009030        4
  1902.67525325     1.00006288        4
  1902.69568489     0.99967867        4
  1902.71611674     0.99978812        4
  1902.73654848     0.99996868        4
  1902.75698012     1.00004162        4
  1902.77741197     1.00001940        4
  1902.81827546     0.99740207        4
  1902.83870720     1.00027389        4
  1902.85913895     1.00057222        4
  1902.87957059     1.00051859        4
  1902.90000244     1.00051935        4
  1902.92043418     1.00051873        4
  1902.94086603     1.00040022        4
  1902.96129767     1.00051043        4
  1902.98172942     1.00099845        4
  1903.00216127     1.00102892        4
  1903.02259291     1.00078961        4
  1903.18604700     1.00022335        4
  1903.20647865     1.00049207        4
  1903.22691050     1.00044079        4
  1903.24734225     1.00067489        4
  1903.26777410     1.00060592        4
  1903.30863750     1.00035860        4
  1903.32906935     1.00059828        4
  1903.34950100     1.00046121        4
  1903.36993275     1.00028964        4
  1903.39036460     1.00038540        4
  1903.41079635     1.00037422        4
  1903.43122810     0.99978587        4
  1903.45165976     1.00007313        4
  1903.47209151     0.99997350        4
  1903.49252336     1.00001894        4
  1903.51295511     0.99930727        4
  1903.55381862     0.99916297        4
  1903.57425037     0.99909035        4
  1903.59468203     0.99905658        4
  1903.61511388     0.99934697        4
  1903.63554563     0.99935036        4
  1903.65597749     0.99964891        4
  1903.67640914     0.99997213        4
  1903.69684090     1.00016064        4
  1903.71727275     1.00039497        4
  1903.73770441     1.00051776        4
  1903.75813616     1.00054390        4
  1903.79899968     1.00018626        4
  1903.81943153     0.99965593        4
  1903.83986329     1.00036328        4
  1903.86029495     0.99999625        4
  1903.88072680     1.00017599        4
  1903.90115856     1.00032179        4
  1903.92159022     1.00033396        4
  1903.94202208     0.99990690        4
  1903.96245383     0.99986088        4
  1903.98288569     0.99983757        4
  1904.00331735     0.99974700        4
  1904.04418087     0.99930864        4
  1904.06461273     0.99927508        4
  1904.08504439     0.99959852        4
  1904.10547615     0.99953640        4
  1904.12590791     0.99928179        4
  1904.14633967     0.99973030        4
  1904.16677153     0.99967649        4
  1904.18720319     0.99972933        4
  1904.20763505     0.99994303        4
  1904.22806681     0.99993342        4
  1904.24849848     1.00013959        4
  1904.28936210     1.00025724        4
  1904.30979376     1.00039379        4
  1904.33022562     1.00043354        4
  1904.35065739     1.00029585        4
  1904.37108925     1.00032166        4
  1904.39152091     1.00028810        4
  1904.41195268     0.99997797        4
  1904.43238454     0.99988229        4
  1904.45281621     0.99959707        4
  1904.47324797     0.99988110        4
  1904.49367984     1.00016350        4
  1904.61627043     0.99931548        4
  1904.63670220     0.99907758        4
  1904.65713396     0.99968839        4
  1904.67756573     0.99967494        4
  1904.69799750     0.99963989        4
  1904.71842926     0.99966669        4
  1904.73886103     0.99987308        4
  1904.77972457     1.00020170        4
  1904.80015634     1.00053592        4
  1904.82058821     1.00062664        4
  1904.84101987     1.00036020        4
  1904.86145164     1.00035540        4
  1905.02490581     1.00069328        4
  1905.04533768     1.00062941        4
  1905.06576945     1.00058791        4
  1905.08620132     1.00016870        4
  1905.10663300     1.00029791        4
  1905.12706477     0.99973505        4
  1905.14749664     0.99965523        4
  1905.16792832     0.99961610        4
  1905.18836009     0.99936804        4
