  1835.65887947     1.00009363        0
  1835.67931156     1.00042639        0
  1835.80190411     0.99818388        0
  1835.82233630     0.99998102        0
  1835.84276829     1.00043468        0
  1835.86320038     1.00020121        0
  1835.88363257     0.99973527        0
  1835.90406455     0.99974751        0
  1835.92449664     0.99987269        0
  1835.94492883     1.00000963        0
  1835.96536081     0.99979544        0
  1835.98579290     1.00014240        0
  1836.00622508     0.99958912        0
  1836.02665707     0.99973350        0
  1836.04708915     0.99996941        0
  1836.06752134     1.00014704        0
  1836.08795332     1.00013752        0
  1836.10838540     0.99951456        0
  1836.12881759     0.99991062        0
  1836.14924967     0.99972037        0
  1836.16968165     1.00018995        0
  1836.19011383     1.00058655        0
  1836.21054591     0.99997317        0
  1836.23097809     0.99964497        0
  1836.25141007     1.00028480        0
  1836.27184215     0.99953093        0
  1836.31270631     1.00059511        0
  1836.33313838     0.99932862        0
  1836.35357056     0.99984186        0
  1836.37400254     1.00004286        0
  1836.39443461     0.99994673        0
  1836.41486669     1.00026181        0
  1836.43529877     1.00005082        0
  1836.45573084     1.00013659        0
  1836.47616292     0.99998294        0
  1836.49659499     0.99997701        0
  1836.51702706     1.00023550        0
  1836.53745914     1.00005484        0
  1836.55789121     1.00019584        0
  1836.57832328     0.99954510        0
  1836.59875545     0.99950159        0
  1836.61918742     1.00001315        0
  1836.63961949     1.00036259        0
  1836.66005167     1.00012688        0
  1836.68048363     0.99962668        0
  1836.70091570     0.99975363        0
  1836.72134787     1.00042577        0
  1836.74177984     0.99938921        0
  1836.76221191     0.99954290        0
  1836.78264408     1.00003718        0
  1836.80307605     1.00067305        0
  1836.82350821     1.00001869        0
  1836.84394028     0.99987444        0
  1836.86437224     1.00044168        0
  1836.88480441     1.00096207        0
  1836.90523647     0.99998537        0
  1836.92566844     1.00021856        0
  1836.94610060     1.00003441        0
  1836.96653267     1.00009618        0
  1836.98696473     1.00029145        0
  1837.00739679     1.00174294        0
  1837.02782885     0.99896439        0
  1837.10955710     1.00020411        0
  1837.12998916     0.99998203        0
  1837.15042122     1.00008454        0
  1837.17085328     0.99954799        0
  1837.19128533     0.99981405        0
  1837.21171739     1.00027599        0
  1837.23214945     1.00015686        0
  1837.25258151     0.99980385        0
  1837.27301356     0.99988620        0
  1837.29344552     0.99942934        0
  1837.31387768     0.99971408        0
  1837.33430973     1.00000002        0
  1837.35474179     1.00011357        0
  1837.37517384     1.00026691        0
  1837.39560589     0.99991603        0
  1837.41603795     1.00037042        0
  1837.43647010     1.00005426        0
  1837.45690205     1.00006834        0
  1837.47733421     0.99986805        0
  1837.49776626     1.00053249        0
  1837.51819821     1.00031044        0
  1837.53863036     1.00051046        0
  1837.55906241     0.99977273        0
  1837.57949436     1.00032288        0
  1837.59992651     0.99998773        0
  1837.62035856     0.99962753        0
  1837.64079051     1.00042110        0
  1837.66122265     0.99991525        0
  1837.68165470     1.00023613        0
  1837.70208665     0.99961757        0
  1837.72251880     0.99972051        0
  1837.74295084     0.99975035        0
  1837.76338279     1.00007212        0
  1837.78381493     1.00003400        0
  1837.80424698     0.99985488        0
  1837.82467902     1.00134320        0
  1837.84511107     1.00042753        0
  1837.86554311     0.99990361        0
  1837.88597505     0.99962858        0
  1837.90640720     0.99985240        0
  1837.92683924     1.00007162        0
  1837.94727128     0.99983994        0
  1837.96770332     0.99949308        0
  1837.98813536     0.99985831        0
  1838.00856730     1.00003478        0
  1838.02899944     1.00001955        0
  1838.04943148     0.99979286        0
  1838.06986362     0.99969939        0
  1838.09029556     1.00043009        0
  1838.11072760     0.99993460        0
  1838.13115974     1.00014417        0
  1838.15159167     0.99959356        0
  1838.17202371     0.99993888        0
  1838.19245585     0.99920208        0
  1838.21288778     0.99935482        0
  1838.23331982     1.00040849        0
  1838.27418399     0.99978249        0
  1838.29461592     1.00029144        0
  1838.31504806     1.00033661        0
  1838.33548009     1.00026099        0
  1838.35591202     0.99941133        0
  1838.37634416     1.00018873        0
  1838.39677619     0.99995299        0
  1838.41720812     1.00009627        0
  1838.43764025     1.00067165        0
  1838.45807228     1.00033227        0
  1838.47850421     1.00064682        0
  1838.49893634     0.99952751        0
  1838.51936837     0.99951606        0
  1838.53980030     0.99922684        0
  1838.56023243     0.99985152        0
  1838.58066446     1.00010477        0
  1838.60109638     0.99970051        0
  1838.62152851     1.00013796        0
  1838.64196054     1.00026030        0
  1838.66239246     0.99994615        0
  1838.68282459     1.00000000        0
  1838.70325662     1.00009912        0
  1838.72368864     1.00025100        0
  1838.74412067     1.00026138        0
  1838.76455269     1.00134776        0
  1838.78498471     1.00004599        0
  1838.80541674     1.00006679        0
  1838.82584876     1.00006139        0
  1838.84628088     1.00032243        0
  1838.86671280     1.00005355        0
  1838.88714483     1.00041948        0
  1838.90757695     0.99989116        0
  1838.92800887     0.99976993        0
  1838.94844089     0.99978920        0
  1838.96887301     0.99988859        0
  1838.98930493     0.99883535        0
  1839.07103300     0.99996242        0
  1839.09146512     1.00033109        0
  1839.11189713     1.00002770        0
  1839.13232905     0.99984109        0
  1839.15276117     0.99996299        0
  1839.17319318     1.00022936        0
  1839.19362510     0.99939999        0
  1839.21405721     0.99993426        0
  1839.23448922     1.00027167        0
  1839.25492114     1.00055330        0
  1839.27535325     1.00000647        0
  1839.29578526     0.99960374        0
  1839.31621738     1.00047339        0
  1839.33664929     0.99958143        0
  1839.35708130     0.99948158        0
  1839.37751331     0.99991499        0
  1839.39794532     0.99969783        0
  1839.41837723     0.99998632        0
  1839.43880934     1.00030611        0
  1839.45924135     0.99997773        0
  1839.47967326     1.00079227        0
  1839.50010537     1.00025906        0
  1839.52053738     1.00011646        0
  1839.54096938     0.99985398        0
  1839.56140139     0.99992502        0
  1839.58183340     1.00013812        0
  1839.60226540     0.99997300        0
  1839.62269741     1.00011588        0
  1839.64312942     1.00007004        0
  1839.72485743     0.99864291        0
  1839.74528954     1.00013609        0
  1839.76572144     1.00008497        0
  1839.78615344     0.99976945        0
  1839.80658554     0.99998450        0
  1839.82701745     1.00045807        0
  1839.84744945     0.99997788        0
  1839.86788155     0.99998080        0
  1839.88831345     1.00020515        0
  1839.90874545     0.99996021        0
  1839.92917755     0.99966265        0
  1839.94960955     1.00017254        0
  1839.97004155     1.00012486        0
  1839.99047354     0.99935095        0
  1840.01090554     1.00022055        0
  1840.29695347     1.00040380        0
  1840.31738536     0.99984940        0
  1840.33781745     0.99999613        0
  1840.35824944     1.00013881        0
  1840.37868143     0.99989720        0
  1840.39911342     0.99995759        0
  1840.41954541     0.99993112        0
  1840.43997740     1.00015310        0
  1840.46040939     1.00043827        0
  1840.48084137     0.99949900        0
  1840.50127336     0.99938429        0
  1840.52170545     0.99983973        0
  1840.54213734     0.99993190        0
  1840.56256942     1.00016140        0
  1840.58300141     1.00072761        0
  1840.60343329     1.00002372        0
  1840.62386538     0.99952968        0
  1840.64429736     0.99978156        0
  1840.66472925     1.00016304        0
  1840.68516133     1.00009560        0
  1840.70559332     0.99826663        0
  1840.72602520     0.99973501        0
  1840.74645728     1.00023728        0
  1840.76688926     0.99982273        0
  1840.78732124     0.99998949        0
  1840.80775323     1.00002601        0
  1840.82818511     0.99993040        0
  1840.84861719     1.00064157        0
  1840.86904917     0.99942950        0
  1840.88948115     0.99997708        0
  1840.90991303     1.00009256        0
  1840.93034511     1.00030167        0
  1840.95077708     1.00033323        0
  1840.97120896     0.99996900        0
  1840.99164104     0.99966024        0
  1872.00703076     0.99988481        1
  1872.02746238     1.00013832        1
  1872.04789399     0.99987699        1
  1872.06832561     0.99976041        1
  1872.08875722     0.99977005        1
  1872.10918883     0.99976155        1
  1872.12962055     1.00004908        1
  1872.17048367     0.99966983        1
  1872.19091539     1.00002878        1
  1872.21134700     1.00022354        1
  1872.23177851     1.00003442        1
  1872.25221022     1.00023072        1
  1872.27264184     1.00006774        1
  1872.29307335     0.99997047        1
  1872.31350506     0.99984740        1
  1872.33393668     1.00009526        1
  1872.35436819     0.99980718        1
  1872.37479990     0.99998700        1
  1872.41566323     0.99914749        1
  1872.43609474     1.00029184        1
  1872.45652635     0.99979490        1
  1872.47695806     1.00007478        1
  1872.49738958     0.99931140        1
  1872.51782119     0.99982599        1
  1872.53825290     1.00342885        1
  1872.55868441     1.00005968        1
  1872.57911603     1.00019291        1
  1872.59954774     1.00015468        1
  1872.61997925     1.00024675        1
  1872.66084257     1.00019397        1
  1872.68127408     0.99983149        1
  1872.70170580     0.99993691        1
  1872.72213741     1.00024699        1
  1872.74256892     0.99975791        1
  1872.76300063     1.00030105        1
  1872.78343224     1.00002838        1
  1872.80386375     1.00005409        1
  1872.82429547     1.00044815        1
  1872.84472708     0.99987859        1
  1872.86515859     1.00046105        1
  1872.90602191     0.99992366        1
  1872.92645342     0.99991880        1
  1872.94688513     0.99976533        1
  1872.96731675     1.00004508        1
  1872.98774846     0.99998772        1
  1873.00817997     0.99996271        1
  1873.02861158     1.00007716        1
  1873.04904329     0.99965213        1
  1873.06947480     0.99965857        1
  1873.15120124     1.00026966        1
  1873.17163295     0.99947109        1
  1873.19206457     1.00006163        1
  1873.21249618     1.00012937        1
  1873.23292779     0.99969017        1
  1873.25335940     1.00042891        1
  1873.27379101     1.00030333        1
  1873.29422262     1.00011461        1
  1873.31465423     1.00032654        1
  1873.33508584     1.00008253        1
  1873.35551745     1.00059813        1
  1873.39638067     0.99876930        1
  1873.41681228     0.99976093        1
  1873.43724379     0.99968186        1
  1873.45767550     1.00039506        1
  1873.47810711     0.99989992        1
  1873.49853882     1.00079912        1
  1873.51897033     1.00038626        1
  1873.53940194     1.00021507        1
  1873.55983365     0.99972972        1
  1873.58026516     0.99983867        1
  1873.60069677     0.99974786        1
  1873.72328643     0.99967459        1
  1873.74371814     0.99982567        1
  1873.76414975     0.99967349        1
  1873.78458135     1.00006724        1
  1873.80501296     0.99976142        1
  1873.82544457     0.99985899        1
  1873.84587628     1.00002845        1
  1873.88673940     0.99983110        1
  1873.90717111     0.99992285        1
  1873.92760262     0.99985327        1
  1873.94803423     1.00015581        1
  1873.96846594     0.99985804        1
  1873.98889745     0.99998854        1
  1874.00932916     0.99973901        1
  1874.02976066     1.00007783        1
  1874.05019227     0.99945056        1
  1874.07062398     1.00011014        1
  1874.09105549     1.00042635        1
  1874.23407675     0.99977272        1
  1874.25450846     0.99978425        1
  1874.27494007     1.00010070        1
  1874.29537168     0.99954797        1
  1874.31580329     0.99993286        1
  1874.33623489     0.99977683        1
  1874.37709811     0.99993851        1
  1874.39752972     1.00060031        1
  1874.41796143     0.99982102        1
  1874.43839294     1.00019522        1
  1874.45882454     0.99994522        1
  1874.47925625     1.00009686        1
  1874.49968776     1.00017054        1
  1874.52011947     1.00023651        1
  1874.54055108     0.99973947        1
  1874.56098258     0.99984739        1
  1874.58141429     0.99960289        1
  1874.62227741     1.00035456        1
  1874.64270912     0.99956115        1
  1874.66314072     0.99995656        1
  1874.68357233     1.00026342        1
  1874.70400394     1.00005946        1
  1874.72443555     0.99988597        1
  1874.74486706     1.00007820        1
  1874.76529876     1.00030249        1
  1874.78573037     0.99985521        1
  1874.86745690     0.99955702        1
  1874.88788841     1.00000000        1
  1874.90832002     0.99993633        1
  1874.92875173     1.00022955        1
  1874.94918323     0.99998401        1
  1874.96961484     1.00029429        1
  1874.99004655     1.00006651        1
  1875.01047806     1.00048261        1
  1875.03090976     1.00014792        1
  1875.05134137     1.00008419        1
  1875.11263619     1.00011681        1
  1875.13306770     1.00001102        1
  1875.15349941     1.00028925        1
  1875.17393101     1.00010141        1
  1875.19436262     0.99982130        1
  1875.21479423     1.00026696        1
  1875.23522584     1.00009573        1
  1875.35781548     0.99846269        1
  1875.37824719     0.99926755        1
  1875.39867869     1.00001311        1
  1875.41911030     0.99945267        1
  1875.43954201     0.99989242        1
  1875.45997351     1.00004940        1
  1875.48040512     0.99990352        1
  1875.50083683     1.00013228        1
  1875.52126833     0.99961518        1
  1875.54170004     1.00011334        1
  1875.56213165     1.00018407        1
  1875.60299486     1.00004869        1
  1875.62342647     0.99966753        1
  1875.64385798     0.99941908        1
  1875.66428968     1.00014555        1
  1875.68472129     1.00036876        1
  1875.70515290     0.99973645        1
  1875.72558450     0.99982082        1
  1875.74601611     1.00005746        1
  1875.76644782     0.99994333        1
  1875.78687932     1.00008458        1
  1875.80731093     0.99992887        1
  1875.84817424     0.99970548        1
  1875.86860575     1.00030024        1
  1875.88903746     1.00005574        1
  1875.90946906     0.99971724        1
  1875.92990057     1.00006391        1
  1875.95033228     0.99963911        1
  1875.97076388     0.99957121        1
  1875.99119559     1.00005490        1
  1876.01162710     0.99986218        1
  1876.09335352     1.00035804        1
  1876.11378513     1.00035896        1
  1876.13421673     0.99988925        1
  1876.15464824     1.00005639        1
  1876.17507995     0.99986987        1
  1876.19551155     0.99959445        1
  1876.21594316     0.99983378        1
  1876.23637477     0.99907152        1
  1876.25680637     1.00005166        1
  1876.27723808     1.00043527        1
  1876.33853290     1.00028019        1
  1876.35896451     0.99978250        1
  1876.37939601     0.99980823        1
  1876.39982772     1.00015168        1
  1876.42025932     1.00022569        1
  1876.44069083     1.00004266        1
  1876.46112254     1.00024163        1
  1876.48155414     1.00025535        1
  1876.50198585     1.00021658        1
  1876.52241736     0.99974975        1
  1876.54284896     1.00005677        1
  1876.58371217     1.00087432        1
  1876.60414378     1.00004528        1
  1876.62457549     0.99991214        1
  1876.64500699     1.00033874        1
  1876.66543860     1.00013228        1
  1876.82889145     1.00058677        1
  1876.84932316     0.99959643        1
  1876.86975466     0.99990816        1
  1876.89018627     1.00038212        1
  1876.91061797     0.99975054        1
  1876.93104958     0.99987061        1
  1877.07407092     1.00022068        1
  1877.09450243     1.00013950        1
  1877.11493404     1.00021224        1
  1877.13536574     0.99983964        1
  1877.15579725     1.00001419        1
  1877.17622885     1.00027776        1
  1877.19666056     0.99998485        1
  1877.21709207     1.00017898        1
  1877.23752377     1.00045258        1
  1877.25795538     1.00032493        1
  1877.27838688     0.99987701        1
  1877.31925020     0.99994134        1
  1877.33968180     0.99960189        1
  1877.36011341     0.99992198        1
  1877.38054502     1.00011806        1
  1877.40097662     0.99991621        1
  1877.42140823     0.99948032        1
  1877.44183983     1.00030843        1
  1877.46227144     1.00018514        1
  1877.48270305     0.99974556        1
  1877.50313465     1.00011219        1
  1877.52356626     0.99948460        1
  1877.56442947     1.00000374        1
  1877.58486118     1.00009571        1
  1877.60529268     0.99982401        1
  1877.62572429     0.99986001        1
  1877.64615600     1.00031680        1
  1877.66658750     1.00001951        1
  1877.68701921     0.99999383        1
  1877.70745081     1.00015230        1
  1877.72788232     0.99966368        1
  1877.74831403     0.99999191        1
  1877.76874563     0.99970154        1
  1877.80960885     1.00007940        1
  1877.83004045     0.99998731        1
  1877.85047196     0.99991345        1
  1877.87090366     0.99965379        1
  1877.89133527     0.99949552        1
  1877.91176688     1.00013392        1
  1877.93219848     0.99974578        1
  1877.95263009     0.99979579        1
  1877.97306180     1.00003136        1
  1877.99349340     0.99983099        1
  1878.01392491     0.99972693        1
  1878.05478822     0.99975089        1
  1878.07521973     1.00023724        1
  1878.09565143     0.99959311        1
  1878.11608304     0.99997867        1
  1878.13651455     0.99992900        1
  1878.15694625     1.00027888        1
  1878.17737776     0.99985621        1
  1878.19780947     1.00009171        1
  1878.21824107     1.00019697        1
  1878.23867258     0.99975179        1
  1878.25910429     0.99953657        1
  1878.29996740     0.99982460        1
  1878.32039910     0.99969529        1
  1878.34083071     1.00005306        1
  1878.36126222     0.99979282        1
  1878.38169392     0.99969784        1
  1878.40212553     0.99980759        1
  1878.42255724     1.00001467        1
  1878.44298874     1.00012220        1
  1878.46342035     1.00016788        1
  1878.48385206     0.99980058        1
  1878.54514688     1.00013220        1
  1878.56557848     0.99993175        1
  1878.58600999     1.00036080        1
  1878.60644170     1.00003924        1
  1878.62687330     0.99985868        1
  1878.64730491     1.00013808        1
  1878.66773652     0.99981292        1
  1878.68816812     1.00019542        1
  1878.70859983     0.99999808        1
  1878.72903134     1.00009117        1
  1878.74946294     1.00075434        1
  1878.79032616     1.00113062        1
  1878.81075777     1.00870226        1
  1878.83118937     1.00011825        1
  1878.85162098     1.00019142        1
  1878.87205269     1.00010798        1
  1878.89248419     0.99980848        1
  1878.91291580     1.00003616        1
  1878.93334751     0.99981700        1
  1878.95377901     0.99992597        1
  1878.97421062     0.99981609        1
  1878.99464233     1.00017471        1
  1879.07636876     1.00064681        1
  1879.09680036     0.99991266        1
  1879.11723197     1.00052309        1
  1879.13766358     1.00015368        1
  1879.15809519     1.00000005        1
  1879.17852679     1.00029635        1
  1879.19895840     0.99981417        1
  1879.21939011     0.99997881        1
  1879.23982161     0.99975716        1
  1879.30111644     1.00048802        1
  1879.32154814     1.00020840        1
  1879.34197975     1.00048528        1
  1879.36241126     0.99990991        1
  1879.38284297     1.00042627        1
  1879.40327457     1.00049097        1
  1879.42370608     0.99975030        1
  1879.44413779     0.99973854        1
  1879.46456940     0.99984966        1
  1879.48500090     1.00010582        1
  1879.52586412     1.00101126        1
  1879.54629583     0.99961986        1
  1879.56672743     0.99944388        1
  1879.58715904     0.99964362        1
  1879.60759065     0.99931073        1
  1879.62802226     0.99973006        1
  1879.64845387     0.99996787        1
  1879.66888547     1.00018422        1
  1879.68931708     0.99972559        1
  1879.70974869     1.00001033        1
  1879.73018030     1.00050409        1
  1879.77104361     0.99985486        1
  1879.79147522     1.00000539        1
  1879.81190673     0.99986308        1
  1879.83233844     1.00002305        1
  1879.85277005     1.00015532        1
  1879.87320155     0.99970794        1
  1879.89363326     1.00069991        1
  1879.91406487     0.99993773        1
  1879.93449638     1.00007308        1
  1879.95492809     0.99989128        1
  1879.97535970     0.99984124        1
  1880.01622291     0.99981037        2
  1880.03665452     0.99994793        2
  1880.05708623     0.99996287        2
  1880.07751774     0.99992449        2
  1880.09794935     0.99987395        2
  1880.11838095     1.00004899        2
  1880.13881256     0.99980183        2
  1880.15924417     1.00022284        2
  1880.17967588     0.99987029        2
  1880.20010739     1.00015980        2
  1880.22053910     1.00026750        2
  1880.26140222     1.00030238        2
  1880.28183392     1.00061766        2
  1880.30226553     1.00051996        2
  1880.32269704     1.00003029        2
  1880.34312875     0.99981067        2
  1880.36356036     1.00009871        2
  1880.38399187     0.99999999        2
  1880.40442358     1.00047977        2
  1880.42485519     0.99947472        2
  1880.44528690     0.99990018        2
  1880.50658172     1.00007720        2
  1880.52701323     1.00003915        2
  1880.54744484     1.00007580        2
  1880.56787655     0.99977691        2
  1880.58830806     1.00016452        2
  1880.60873967     0.99976789        2
  1880.62917138     1.00007713        2
  1880.64960289     0.99951390        2
  1880.67003460     0.99981676        2
  1880.75176104     1.00002272        2
  1880.77219265     1.00009689        2
  1880.79262426     1.00008533        2
  1880.81305587     1.00013624        2
  1880.83348748     0.99991430        2
  1880.85391909     1.00020003        2
  1880.87435070     1.00011024        2
  1880.89478231     0.99993025        2
  1880.91521392     0.99994369        2
  1880.93564553     0.99992830        2
  1880.95607724     0.99951820        2
  1880.99694036     1.00007535        2
  1881.01737207     0.99999522        2
  1881.03780358     0.99985621        2
  1881.05823519     1.00008172        2
  1881.07866690     0.99992683        2
  1881.09909841     1.00003576        2
  1881.11953012     1.00028124        2
  1881.13996173     1.00011654        2
  1881.16039324     1.00003162        2
  1881.18082495     0.99999977        2
  1881.20125656     0.99989428        2
  1881.24211978     0.99983673        2
  1881.26255139     0.99981058        2
  1881.28298300     0.99989485        2
  1881.30341462     0.99972546        2
  1881.32384623     1.00025869        2
  1881.34427794     0.99983163        2
  1881.36470945     1.00043079        2
  1881.38514106     0.99959435        2
  1881.40557277     1.00017313        2
  1881.42600438     0.99964092        2
  1881.44643589     0.99932888        2
  1881.48729912     0.99990738        2
  1881.50773083     0.99980705        2
  1881.52816244     0.99985998        2
  1881.54859405     0.99988357        2
  1881.56902566     1.00022419        2
  1881.58945727     1.00001248        2
  1881.60988878     0.99963142        2
  1881.63032050     0.99982808        2
  1881.65075211     1.00036540        2
  1881.67118362     1.00019632        2
  1881.69161533     1.00012128        2
  1881.73247865     1.00026459        2
  1881.75291017     1.00015230        2
  1881.77334178     1.00001123        2
  1881.79377349     1.00006351        2
  1881.81420500     0.99977992        2
  1881.83463661     0.99991473        2
  1881.85506833     0.99984792        2
  1881.87549984     0.99956816        2
  1881.89593145     0.99984934        2
  1881.91636316     0.99988696        2
  1881.93679478     1.00012745        2
  1881.97765800     0.99989868        2
  1881.99808961     1.00002816        2
  1882.01852123     1.00001668        2
  1882.03895284     1.00057492        2
  1882.05938445     1.00007076        2
  1882.07981617     0.99997612        2
  1882.10024768     1.00020436        2
  1882.12067929     1.00003030        2
  1882.14111100     0.99999910        2
  1882.16154252     0.99985604        2
  1882.22283736     0.99990656        2
  1882.24326907     1.00008506        2
  1882.26370058     1.00024175        2
  1882.28413220     1.00016793        2
  1882.30456391     1.00023201        2
  1882.32499542     1.00016692        2
  1882.34542714     0.99988692        2
  1882.36585875     1.00000000        2
  1882.38629026     1.00002095        2
  1882.46801682     1.00010244        2
  1882.48844843     1.00010682        2
  1882.50888005     0.99949410        2
  1882.52931166     1.00016601        2
  1882.54974328     0.99949074        2
  1882.57017499     0.99958050        2
  1882.77449114     1.00030063        2
  1882.79492285     0.99972783        2
  1882.81535437     0.99990658        2
  1882.83578598     0.99989927        2
  1882.85621770     1.00013363        2
  1882.87664921     1.00015974        2
  1882.89708073     0.99988654        2
  1882.91751244     0.99997069        2
  1883.01967062     0.99902076        2
  1883.04010213     0.99994041        2
  1883.06053375     1.00011277        2
  1883.08096547     1.00005109        2
  1883.10139708     1.00004380        2
  1883.12182860     0.99992167        2
  1883.14226031     1.00018547        2
  1883.16269193     1.00001024        2
  1883.20355516     1.00026264        2
  1883.22398678     1.00029355        2
  1883.24441849     0.99996751        2
  1883.26485001     0.99998478        2
  1883.28528163     1.00006290        2
  1883.30571334     0.99987561        2
  1883.32614486     0.99954206        2
  1883.34657648     0.99959971        2
  1883.36700819     0.99976682        2
  1883.38743971     1.00062205        2
  1883.40787143     0.99995890        2
  1883.44873456     0.99984523        2
  1883.46916628     0.99968814        2
  1883.48959790     0.99976713        2
  1883.51002941     0.99967895        2
  1883.53046113     0.99982117        2
  1883.55089265     1.00003532        2
  1883.57132437     0.99977116        2
  1883.59175598     1.00029182        2
  1883.61218750     0.99977502        2
  1883.63261922     1.00008404        2
  1883.65305084     0.99998281        2
  1883.71434569     1.00010911        2
  1883.73477731     1.00024686        2
  1883.75520893     0.99995647        2
  1883.77564054     1.00029212        2
  1883.79607226     0.99990093        2
  1883.81650388     1.00024510        2
  1883.83693540     0.99980945        2
  1883.85736712     1.00012273        2
  1883.87779874     0.99996749        2
  1883.89823026     1.00006951        2
  1883.97995683     0.99978024        2
  1884.00038845     1.00016373        2
  1884.02082017     1.00018215        2
  1884.04125169     0.99993009        2
  1884.06168331     1.00012261        2
  1884.08211503     1.00003381        2
  1884.10254655     0.99999322        2
  1884.12297817     1.00012823        2
  1884.14340989     0.99960938        2
  1884.20470464     1.00038051        2
  1884.22513626     1.00012397        2
  1884.24556798     0.99989188        2
  1884.26599950     0.99995112        2
  1884.28643113     1.00009554        2
  1884.30686285     1.00063719        2
  1884.32729447     1.00008704        2
  1884.34772599     0.99997041        2
  1884.36815771     1.00006487        2
  1884.38858933     0.99951963        2
  1884.42945257     1.00012655        2
  1884.44988419     1.00027020        2
  1884.47031591     0.99995795        2
  1884.49074743     1.00010758        2
  1884.51117905     0.99948295        2
  1884.53161077     0.99974123        2
  1884.55204229     0.99940982        2
  1884.57247392     1.00273958        2
  1884.59290564     1.00394357        2
  1884.61333716     1.00029215        2
  1884.63376888     0.99944574        2
  1884.67463202     1.00003942        2
  1884.69506375     0.99996464        2
  1884.71549537     1.00000352        2
  1884.73592699     1.00017133        2
  1884.75635861     0.99999732        2
  1884.77679023     1.00009491        2
  1884.79722186     1.00027848        2
  1884.81765348     0.99993855        2
  1884.83808510     0.99979665        2
  1884.85851672     1.00029419        2
  1884.91981159     0.99980586        2
  1884.94024321     1.00008934        2
  1884.96067484     1.00033961        2
  1884.98110656     0.99978562        2
  1885.00153808     1.00019553        2
  1885.02196981     1.00005856        2
  1885.04240143     0.99956945        2
  1885.06283295     1.00006975        2
  1885.08326468     1.00013538        2
  1885.10369630     1.00006189        2
  1885.12412782     1.00024141        2
  1885.16499117     0.99751505        2
  1885.18542269     1.00011928        2
  1885.20585442     1.00001073        2
  1885.22628604     0.99984836        2
  1885.24671777     0.99983690        2
  1885.26714929     0.99988538        2
  1885.28758091     0.99997132        2
  1885.30801264     0.99997193        2
  1885.32844416     1.00026822        2
  1885.34887579     0.99997090        2
  1885.36930751     0.99928706        2
  1885.41017066     0.99984630        2
  1885.43060239     0.99992605        2
  1885.45103401     1.00010582        2
  1885.47146564     1.00002619        2
  1885.49189726     0.99983434        2
  1885.51232889     0.99985152        2
  1885.53276051     1.00011041        2
  1885.55319214     0.99998757        2
  1885.57362367     1.00006871        2
  1885.59405539     0.99980472        2
  1885.61448702     1.00441098        2
  1885.65535027     1.00027032        2
  1885.67578190     1.00008785        2
  1885.69621362     0.99994168        2
  1885.71664515     1.00002117        2
  1885.73707677     0.99992376        2
  1885.75750850     0.99986266        2
  1885.77794003     1.00032604        2
  1885.79837165     0.99987541        2
  1885.81880338     0.99972745        2
  1885.83923491     1.00014171        2
  1885.85966663     0.99990750        2
  1885.90052979     1.00020646        2
  1885.92096152     0.99978597        2
  1885.94139314     1.00010778        2
  1885.96182477     0.99994304        2
  1885.98225640     0.99995812        2
  1886.00268803     0.99995246        2
  1886.02311965     0.99977836        2
  1886.04355128     0.99974772        2
  1886.06398291     1.00022407        2
  1886.08441464     1.00022090        2
  1886.10484627     1.00026494        2
  1886.16614115     0.99978222        2
  1886.18657268     1.00000292        2
  1886.20700441     1.00000177        2
  1886.22743594     0.99996521        2
  1886.24786767     0.99971958        2
  1886.26829929     0.99981103        2
  1886.28873082     0.99972153        2
  1886.30916255     1.00009797        2
  1886.32959418     0.99990508        2
  1886.35002571     1.00008790        2
  1886.39088907     0.99993192        2
  1886.41132060     1.00013417        2
  1886.43175233     1.00024096        2
  1886.45218396     0.99963670        2
  1886.47261569     0.99989212        2
  1886.49304722     0.99961320        2
  1886.51347885     1.00018366        2
  1886.53391058     0.99994370        2
  1886.63606873     1.00017356        2
  1886.65650037     0.99992582        2
  1886.67693200     0.99957677        2
  1886.69736363     1.00018487        2
  1886.71779526     1.00026076        2
  1886.73822689     1.00032733        2
  1886.88124831     1.00027689        2
  1886.90167994     1.00012536        2
  1886.92211168     1.00034828        2
  1886.94254321     1.00018282        2
  1886.96297484     1.00009477        2
  1886.98340658     0.99987978        2
  1887.00383811     1.00021034        2
  1887.12642801     1.00003224        2
  1887.14685964     1.00001066        2
  1887.16729127     1.00018309        2
  1887.18772291     0.99982921        2
  1887.20815454     1.00008292        2
  1887.22858618     1.00022611        2
  1887.24901791     0.99976351        2
  1887.26944944     0.99976873        2
  1887.28988108     0.99999897        2
  1887.31031281     0.99991556        2
  1887.33074445     1.00016629        2
  1887.37160772     0.99982775        2
  1887.39203935     0.99979832        2
  1887.41247089     0.99991345        2
  1887.43290262     0.99991154        2
  1887.45333426     0.99967797        2
  1887.47376589     1.00025547        2
  1887.49419753     1.00004436        2
  1887.51462916     1.00000243        2
  1887.53506090     0.99980396        2
  1887.55549244     0.99939041        2
  1887.57592407     0.99994159        2
  1887.61678734     0.99975212        2
  1887.63721908     1.00021566        2
  1887.65765062     0.99968879        2
  1887.67808225     0.99981259        2
  1887.69851399     1.00003909        2
  1887.71894553     1.00002529        2
  1887.73937716     1.00009804        2
  1887.75980890     1.00009770        2
  1887.78024044     1.00009787        2
  1887.80067208     1.00033704        2
  1887.86196709     0.99980575        2
  1887.88239873     0.99989188        2
  1887.90283036     0.99963412        2
  1887.92326200     0.99961300        2
  1887.94369364     1.00028921        2
  1887.96412528     1.00027660        2
  1887.98455702     1.00006458        2
  1891.04930496     1.00008068        3
  1891.06973662     1.00024373        3
  1891.09016838     0.99992327        3
  1891.11059994     1.00017834        3
  1891.13103160     1.00002645        3
  1891.15146336     0.99941730        3
  1891.17189492     0.99998666        3
  1891.19232668     0.99982612        3
  1891.21275834     0.99972989        3
  1891.23318990     0.99950297        3
  1891.29448488     1.00027464        3
  1891.31491664     1.00007021        3
  1891.33534830     0.99999123        3
  1891.35578006     1.00031035        3
  1891.37621162     0.99998073        3
  1891.39664328     1.00010081        3
  1891.41707505     0.99979757        3
  1891.43750661     0.99987757        3
  1891.45793827     1.00003175        3
  1891.47837003     1.00030987        3
  1891.49880169     1.00024431        3
  1891.53966502     0.99944328        3
  1891.56009658     0.99970027        3
  1891.58052834     0.99972411        3
  1891.60096001     1.00009592        3
  1891.62139157     1.00025732        3
  1891.64182333     1.00023831        3
  1891.66225500     0.99928716        3
  1891.68268656     0.99983386        3
  1891.70311833     0.99980547        3
  1891.72354999     0.99981845        3
  1891.74398175     1.00006852        3
  1891.78484498     1.00014117        3
  1891.80527675     0.99992317        3
  1891.82570831     0.99995323        3
  1891.84613998     0.99997429        3
  1891.86657174     1.00018507        3
  1891.88700331     0.99989744        3
  1891.90743497     0.99991313        3
  1891.92786674     0.99998687        3
  1891.94829831     0.99976375        3
  1891.96873007     1.00013558        3
  1891.98916174     0.99992958        3
  1892.03002507     1.00005779        3
  1892.05045674     0.99997601        3
  1892.07088840     0.99999461        3
  1892.09132007     1.00015884        3
  1892.11175174     0.99956782        3
  1892.13218351     0.99986423        3
  1892.15261517     1.00007944        3
  1892.17304674     1.00000000        3
  1892.19347851     1.00024153        3
  1892.21391008     0.99980997        3
  1892.23434175     1.00000922        3
  1892.27520508     0.99995600        3
  1892.29563685     1.00006861        3
  1892.31606852     1.00006370        3
  1892.33650009     1.00007409        3
  1892.35693186     0.99992972        3
  1892.37736353     1.00012972        3
  1892.39779510     1.00025306        3
  1892.41822687     1.00010509        3
  1892.43865854     1.00007961        3
  1892.45909011     0.99998185        3
  1892.52038532     1.00007709        3
  1892.54081689     0.99980912        3
  1892.56124856     1.00024682        3
  1892.58168033     0.99997403        3
  1892.60211190     1.00034563        3
  1892.62254357     0.99946884        3
  1892.64297534     1.00045101        3
  1892.66340702     0.99937634        3
  1892.82686040     0.99998701        3
  1892.84729207     1.00011014        3
  1892.86772384     0.99994397        3
  1892.88815542     1.00030216        3
  1892.90858719     1.00020102        3
  1892.92901876     1.00031608        3
  1892.94945044     1.00022524        3
  1892.96988221     0.99983769        3
  1893.01074546     0.99982207        3
  1893.03117724     0.99978825        3
  1893.05160881     0.99998751        3
  1893.07204059     0.99991223        3
  1893.09247226     0.99952767        3
  1893.11290384     0.99962240        3
  1893.13333561     1.00004073        3
  1893.15376729     0.99984248        3
  1893.17419887     0.99979937        3
  1893.19463064     0.99996214        3
  1893.21506232     0.99985802        3
  1893.33765238     0.99985673        3
  1893.35808416     1.00003803        3
  1893.37851584     0.99996456        3
  1893.39894741     1.00012703        3
  1893.41937919     1.00005228        3
  1893.43981087     0.99999662        3
  1893.46024265     0.99994304        3
  1893.50110591     0.99968163        3
  1893.52153769     0.99980437        3
  1893.54196926     0.99983283        3
  1893.56240084     1.00004924        3
  1893.58283262     1.00001103        3
  1893.60326430     0.99989524        3
  1893.62369608     0.99966434        3
  1893.64412766     1.00001786        3
  1893.66455934     1.00003060        3
  1893.68499112     1.00036658        3
  1893.70542271     1.00015633        3
  1893.74628617     0.99994988        3
  1893.76671775     1.00016882        3
  1893.78714943     0.99983077        3
  1893.80758121     1.00010155        3
  1893.82801279     1.00021847        3
  1893.84844458     0.99964285        3
  1893.86887626     1.00040836        3
  1893.88930794     0.99953232        3
  1893.90973962     1.00005228        3
  1893.93017131     0.99989821        3
  1894.03232982     1.00005589        3
  1894.05276141     1.00012044        3
  1894.07319319     1.00003003        3
  1894.09362487     0.99996835        3
  1894.11405646     1.00006805        3
  1894.13448824     1.00043248        3
  1894.15491993     1.00011631        3
  1894.17535161     0.99994844        3
  1894.19578330     1.00013573        3
  1894.23664667     0.99950981        3
  1894.25707835     1.00061039        3
  1894.27750994     1.00128016        3
  1894.29794173     0.99994261        3
  1894.31837341     0.99965375        3
  1894.33880500     1.00000692        3
  1894.35923679     0.99986080        3
  1894.37966847     1.00014314        3
  1894.40010026     0.99990149        3
  1894.42053185     0.99993549        3
  1894.44096353     1.00020537        3
  1894.48182691     1.00007254        3
  1894.50225860     1.00002807        3
  1894.52269039     0.99998518        3
  1894.54312207     1.00013638        3
  1894.56355376     1.00015155        3
  1894.58398545     1.00007827        3
  1894.60441714     0.99946003        3
  1894.62484883     0.99919886        3
  1894.72700728     1.00016071        3
  1894.74743907     1.00030051        3
  1894.76787066     0.99991721        3
  1894.78830245     0.99987068        3
  1894.80873414     0.99984316        3
  1894.82916573     1.00021523        3
  1894.84959752     1.00002563        3
  1894.87002911     1.00014345        3
  1894.97218767     0.99939115        3
  1894.99261927     1.00027012        3
  1895.01305106     1.00014377        3
  1895.03348275     1.00024159        3
  1895.05391444     1.00003858        3
  1895.07434614     0.99986895        3
  1895.09477783     0.99974356        3
  1895.11520962     1.00006942        3
  1895.13564122     0.99985939        3
  1895.15607291     1.00013382        3
  1895.17650471     0.99970555        3
  1895.21736800     0.99971308        3
  1895.23779979     0.99961761        3
  1895.25823149     0.99957106        3
  1895.27866308     1.00024455        3
  1895.29909488     1.00009810        3
  1895.31952657     1.00020990        3
  1895.33995837     0.99995965        3
  1895.36038996     1.00017725        3
  1895.38082166     1.00010607        3
  1895.40125346     0.99980009        3
  1895.42168505     0.99992809        3
  1895.46254855     1.00022832        3
  1895.48298015     1.00001723        3
  1895.50341194     0.99997243        3
  1895.52384354     0.99963815        3
  1895.54427524     0.99969299        3
  1895.56470704     0.99983488        3
  1895.58513864     1.00005679        3
  1895.60557033     1.00000805        3
  1895.62600213     0.99951602        3
  1895.64643373     0.99994096        3
  1895.66686553     1.00042270        3
  1895.70772893     0.99996030        3
  1895.72816063     0.99997558        3
  1895.74859233     0.99978081        3
  1895.76902403     1.00005573        3
  1895.78945573     0.99975852        3
  1895.80988743     1.00006904        3
  1895.83031913     0.99954015        3
  1895.85075093     1.00006288        3
  1895.87118253     1.00027955        3
  1895.89161433     1.00013697        3
  1895.91204604     1.00015719        3
  1895.95290944     0.99963179        3
  1895.97334114     0.99991168        3
  1895.99377274     1.00036524        3
  1896.01420455     1.00079020        3
  1896.03463625     0.99993602        3
  1896.05506805     1.00002815        3
  1896.07549966     1.00013300        3
  1896.09593136     0.99994901        3
  1896.11636306     1.00033985        3
  1896.13679477     0.99991669        3
  1896.15722647     1.00003930        3
  1896.19808988     1.00017141        3
  1896.21852168     0.99994830        3
  1896.23895329     1.00028766        3
  1896.25938499     1.00013718        3
  1896.27981680     1.00032798        3
  1896.30024840     0.99993597        3
  1896.32068011     0.99983111        3
  1896.34111192     1.00000154        3
  1896.36154352     0.99986777        3
  1896.50456557     1.00001951        3
  1896.52499728     1.00013370        3
  1896.54542899     0.99974645        3
  1896.56586079     0.99981320        3
  1896.58629240     1.00007121        3
  1896.60672421     1.00010667        3
  1896.62715592     0.99979223        3
  1896.64758753     1.00017756        3
  1896.68845105     0.99959040        3
  1896.70888266     0.99954339        3
  1896.72931447     0.99947083        3
  1896.74974618     0.99976578        3
  1896.77017789     1.00025424        3
  1896.79060960     0.99967344        3
  1896.81104131     0.99980370        3
  1896.83147302     1.00021795        3
  1896.85190473     1.00020241        3
  1896.87233644     0.99998139        3
  1896.89276815     1.00024213        3
  1896.93363158     0.99990387        3
  1896.95406329     0.99990986        3
  1896.97449500     0.99991864        3
  1896.99492682     1.00003369        3
  1897.01535843     0.99956296        3
  1897.03579014     0.99956070        3
  1897.05622195     0.99984065        3
  1897.07665367     0.99992892        3
  1897.09708528     1.00019494        3
  1897.11751710     1.00002525        3
  1897.13794881     1.00015727        3
  1897.17881224     1.00026175        3
  1897.19924395     1.00006072        3
  1897.21967577     1.00035836        3
  1897.24010738     1.00027792        3
  1897.26053910     1.00003133        3
  1897.28097092     0.99961974        3
  1897.30140253     1.00026686        3
  1897.32183435     1.00013658        3
  1897.34226606     0.99985041        3
  1897.36269768     0.99985379        3
  1897.38312950     1.00012631        3
  1897.42399283     0.99997533        3
  1897.44442465     1.00013222        3
  1897.46485637     0.99993766        3
  1897.48528818     0.99979602        3
  1897.50571980     0.99985279        3
  1897.52615142     0.99999630        3
  1897.54658324     1.00000604        3
  1897.56701496     1.00021280        3
  1897.58744668     0.99993719        3
  1897.60787840     0.99969990        3
  1897.62831012     1.00015539        3
  1897.75090044     0.99983885        3
  1897.77133226     1.00036877        3
  1897.79176398     0.99996013        3
  1897.81219560     1.00027582        3
  1897.83262742     1.00016569        3
  1897.85305914     1.00002809        3
  1897.87349097     1.00007735        3
  1897.91435431     1.00022113        3
  1897.93478613     1.00004119        3
  1897.95521776     0.99977637        3
  1897.97564948     0.99991626        3
  1897.99608130     0.99981515        3
  1898.01651293     1.00003706        4
  1898.03694475     0.99982620        4
  1898.05737648     0.99981765        4
  1898.07780810     1.00022487        4
  1898.09823992     0.99989990        4
  1898.11867165     1.00006664        4
  1898.15953510     0.99953411        4
  1898.17996673     1.00000848        4
  1898.20039855     1.00007307        4
  1898.22083028     0.99999833        4
  1898.24126190     1.00015365        4
  1898.26169373     1.00017815        4
  1898.28212546     0.99996094        4
  1898.30255718     1.00015430        4
  1898.32298891     1.00018810        4
  1898.34342064     1.00006218        4
  1898.40471582     1.00002536        4
  1898.42514765     0.99990123        4
  1898.44557938     0.99991993        4
  1898.46601101     0.99983917        4
  1898.48644284     0.99996298        4
  1898.50687456     1.00044656        4
  1898.52730619     1.00009857        4
  1898.54773802     0.99990451        4
  1898.56816975     0.99998001        4
  1898.58860158     0.99984703        4
  1898.64989678     1.00004817        4
  1898.67032841     0.99991167        4
  1898.69076014     0.99999213        4
  1898.71119197     1.00007112        4
  1898.73162360     0.99999706        4
  1898.75205543     0.99993123        4
  1898.77248717     1.00010042        4
  1898.79291880     1.00016827        4
  1898.81335063     0.99996072        4
  1898.83378226     1.00035225        4
  1898.85421400     1.00020570        4
  1898.89507746     0.99945219        4
  1898.91550920     0.99982517        4
  1898.93594103     0.99956328        4
  1898.95637277     0.99984293        4
  1898.97680450     0.99992374        4
  1898.99723623     1.00013529        4
  1899.01766797     0.99977841        4
  1899.03809970     0.99989951        4
  1899.05853144     1.00012861        4
  1899.07896318     0.99992640        4
  1899.09939501     1.00035030        4
  1899.14025848     0.99979305        4
  1899.16069022     0.99963617        4
  1899.18112186     1.00024847        4
  1899.20155370     0.99994857        4
  1899.22198543     0.99993174        4
  1899.24241707     0.99976338        4
  1899.26284891     1.00001405        4
  1899.28328065     0.99974336        4
  1899.30371248     1.00020989        4
  1899.32414412     1.00003100        4
  1899.34457586     0.99995526        4
  1899.38543934     1.00015765        4
  1899.40587108     0.99989217        4
  1899.42630292     1.00019079        4
  1899.44673456     1.00025117        4
  1899.46716640     1.00024592        4
  1899.48759804     0.99997587        4
  1899.50802978     1.00000159        4
  1899.52846162     1.00017918        4
  1899.54889326     1.00030526        4
  1899.56932500     0.99996174        4
  1899.58975685     1.00022836        4
  1899.63062023     1.00021562        4
  1899.65105207     1.00011786        4
  1899.67148381     1.00006850        4
  1899.69191556     1.00000467        4
  1899.71234730     0.99985392        4
  1899.73277904     0.99990569        4
  1899.75321089     1.00024927        4
  1899.77364253     1.00005515        4
  1899.79407428     1.00006662        4
  1899.81450612     0.99982672        4
  1899.83493776     0.99985016        4
  1899.89623300     0.99979464        4
  1899.91666485     1.00013764        4
  1899.93709659     1.00018511        4
  1899.95752824     0.99990585        4
  1899.97796008     1.00013686        4
  1899.99839183     0.99996746        4
  1900.01882368     1.00005889        4
  1900.03925532     0.99979961        4
  1900.05968707     0.99987428        4
  1900.08011882     0.99978132        4
  1900.12098231     1.00039694        4
  1900.14141406     1.00009445        4
  1900.16184581     1.00000051        4
  1900.18227766     0.99984134        4
  1900.20270931     0.99997517        4
  1900.22314106     0.99979225        4
  1900.24357291     0.99997850        4
  1900.26400456     0.99999757        4
  1900.28443631     0.99997753        4
  1900.30486816     1.00023725        4
  1900.32529991     0.99996144        4
  1900.36616341     1.00016630        4
  1900.38659516     1.00012929        4
  1900.40702701     0.99964039        4
  1900.42745866     0.99981375        4
  1900.44789042     1.00012496        4
  1900.46832227     0.99996950        4
  1900.48875392     0.99984740        4
  1900.50918567     0.99995784        4
  1900.52961753     0.99981060        4
  1900.55004918     0.99994476        4
  1900.57048103     0.99990046        4
  1900.61134444     0.99986764        4
  1900.63177630     1.00017740        4
  1900.65220805     0.99969134        4
  1900.67263971     0.99991672        4
  1900.69307156     0.99969839        4
  1900.71350332     1.00015400        4
  1900.85652561     0.99994266        4
  1900.87695737     0.99979149        4
  1900.89738922     0.99923771        4
  1900.91782098     1.00017197        4
  1900.93825264     0.99930207        4
  1900.95868450     1.00038966        4
  1900.97911626     0.99999017        4
  1900.99954792     1.00008411        4
  1901.01997978     1.00025812        4
  1901.04041153     0.99993294        4
  1901.06084319     1.00001739        4
  1901.10170681     0.99991383        4
  1901.12213867     1.00008889        4
  1901.14257034     0.99974850        4
  1901.16300210     1.00004149        4
  1901.18343396     1.00037045        4
  1901.20386562     1.00015043        4
  1901.22429738     0.99994049        4
  1901.24472924     0.99996740        4
  1901.26516090     1.00023791        4
  1901.28559277     0.99994855        4
  1901.30602453     0.99994914        4
  1901.36731982     1.00011025        4
  1901.38775158     0.99977798        4
  1901.40818335     1.00009901        4
  1901.42861511     0.99939412        4
  1901.44904687     1.00003427        4
  1901.46947864     0.99971941        4
  1901.48991040     1.00058008        4
  1901.51034217     1.00017264        4
  1901.53077394     1.00001357        4
  1901.55120570     1.00004089        4
  1901.59206923     1.00013395        4
  1901.61250110     1.00005548        4
  1901.63293287     1.00011339        4
  1901.65336453     0.99998318        4
  1901.67379640     1.00001549        4
  1901.69422817     1.00013880        4
  1901.71465984     1.00010582        4
  1901.73509170     1.00003542        4
  1901.75552347     1.00016565        4
  1901.77595514     1.00002615        4
  1901.79638701     1.00001147        4
  1901.83725065     1.00011885        4
  1901.85768232     1.00004483        4
  1901.87811409     0.99978112        4
  1901.89854596     0.99999764        4
  1901.91897763     1.00007876        4
  1901.93940940     0.99961205        4
  1901.95984127     1.00020445        4
  1901.98027294     1.00004848        4
  1902.00070481     0.99993308        4
  1902.02113659     1.00004059        4
  1902.08243190     0.99975142        4
  1902.10286358     0.99996571        4
  1902.12329545     1.00004500        4
  1902.14372722     1.00018614        4
  1902.16415900     1.00024083        4
  1902.18459077     1.00003641        4
  1902.20502254     0.99967989        4
  1902.22545432     0.99994319        4
  1902.24588609     1.00016635        4
  1902.26631787     1.00006555        4
  1902.28674974     0.99959613        4
  1902.32761320     0.99998171        4
  1902.34804507     0.99986996        4
  1902.36847675     0.99989939        4
  1902.38890862     0.99998546        4
  1902.40934040     1.00003471        4
  1902.42977208     1.00013903        4
  1902.45020396     0.99974029        4
  1902.57279463     0.99962437        4
  1902.59322641     1.00027670        4
  1902.61365829     1.00009575        4
  1902.63408996     1.00016359        4
  1902.65452175     0.99995704        4
  1902.67495363     1.00011334        4
  1902.69538531     1.00023485        4
  1902.71581719     1.00008786        4
  1902.73624897     0.99999846        4
  1902.75668065     1.00018931        4
  1902.77711253     0.99999714        4
  1902.81797610     0.99849923        4
  1902.83840788     0.99971423        4
  1902.85883966     0.99995337        4
  1902.87927134     1.00007901        4
  1902.89970323     1.00017214        4
  1902.92013501     0.99972377        4
  1902.94056690     0.99986329        4
  1902.96099858     0.99997833        4
  1902.98143036     0.99991650        4
  1903.00186225     0.99980928        4
  1903.02229393     0.99958533        4
  1903.20618001     0.99998534        4
  1903.22661190     1.00022234        4
  1903.24704369     1.00005052        4
  1903.26747558     1.00038039        4
  1903.30833905     1.00018225        4
  1903.32877094     1.00031523        4
  1903.34920263     1.00004785        4
  1903.36963442     0.99986481        4
  1903.39006631     0.99966053        4
  1903.41049810     0.99996453        4
  1903.43092989     0.99951299        4
  1903.45136158     0.99980676        4
  1903.47179337     1.00001202        4
  1903.49222527     0.99989699        4
  1903.51265706     0.99970821        4
  1903.55352064     0.99989882        4
  1903.57395243     0.99969749        4
  1903.59438413     0.99996657        4
  1903.61481602     0.99999772        4
  1903.63524781     1.00022761        4
  1903.65567971     0.99973516        4
  1903.67611140     1.00000000        4
  1903.69654320     0.99981707        4
  1903.71697509     0.99996651        4
  1903.73740679     1.00002647        4
  1903.75783858     1.00018662        4
  1903.79870217     0.99991030        4
  1903.81913407     1.00018689        4
  1903.83956586     1.00008809        4
  1903.85999756     1.00001256        4
  1903.88042946     1.00023435        4
  1903.90086125     1.00026097        4
  1903.92129295     1.00027608        4
  1903.94172485     0.99996230        4
  1903.96215665     1.00025970        4
  1903.98258854     1.00005129        4
  1904.00302024     0.99976705        4
  1904.04388384     1.00005558        4
  1904.06431574     1.00004418        4
  1904.08474744     0.99991909        4
  1904.10517924     1.00023075        4
  1904.12561104     1.00004766        4
  1904.14604284     1.00009286        4
  1904.16647474     0.99999509        4
  1904.18690644     1.00000291        4
  1904.20733834     0.99994178        4
  1904.22777014     0.99987294        4
  1904.24820185     0.99959653        4
  1904.30949725     1.00035562        4
  1904.32992916     1.00005506        4
  1904.35036096     1.00007175        4
  1904.37079286     1.00005523        4
  1904.39122457     1.00002784        4
  1904.41165637     1.00005495        4
  1904.43208828     0.99988679        4
  1904.45251998     0.99974632        4
  1904.47295179     1.00007057        4
  1904.49338369     1.00002322        4
  1904.61597453     0.99995703        4
  1904.63640634     1.00005726        4
  1904.65683814     0.99987256        4
  1904.67726995     0.99984142        4
  1904.69770176     1.00006254        4
  1904.71813357     1.00007902        4
  1904.73856538     1.00007569        4
  1904.77942900     0.99982598        4
  1904.79986081     0.99999187        4
  1904.82029272     1.00036699        4
  1904.84072443     0.99998739        4
  1904.86115624     0.99976468        4
  1904.88158815     1.00021904        4
  1905.04504265     1.00019996        4
  1905.06547446     0.99988195        4
  1905.08590637     0.99994686        4
  1905.10633809     0.99984740        4
  1905.12676990     0.99982104        4
  1905.14720182     1.00026136        4
  1905.16763353     1.00019829        4
  1905.18806535     0.99984501        4
