  1835.65881606     1.00004351        0
  1835.80184056     1.00052267        0
  1835.82227272     1.00013280        0
  1835.84270469     1.00001172        0
  1835.86313676     1.00007666        0
  1835.88356893     1.00002800        0
  1835.90400090     1.00003179        0
  1835.92443296     1.00004601        0
  1835.94486513     1.00004884        0
  1835.96529709     0.99995324        0
  1835.98572916     0.99996443        0
  1836.00616132     0.99992484        0
  1836.02659329     0.99991910        0
  1836.04702535     0.99989875        0
  1836.06745752     0.99998940        0
  1836.08788948     1.00002977        0
  1836.10832154     0.99994464        0
  1836.12875370     0.99989835        0
  1836.14918577     0.99995854        0
  1836.16961773     0.99992364        0
  1836.19004989     0.99993490        0
  1836.21048195     0.99991853        0
  1836.23091411     0.99995940        0
  1836.25134607     0.99989942        0
  1836.27177813     1.00006759        0
  1836.31264224     0.99993375        0
  1836.33307430     1.00012262        0
  1836.35350646     0.99997028        0
  1836.37393841     0.99998742        0
  1836.39437047     0.99996165        0
  1836.41480253     1.00008079        0
  1836.43523458     1.00006551        0
  1836.45566664     1.00008944        0
  1836.47609869     1.00014626        0
  1836.49653074     0.99999711        0
  1836.51696280     0.99991534        0
  1836.53739485     1.00005641        0
  1836.55782690     0.99999112        0
  1836.57825896     1.00004493        0
  1836.59869111     1.00007170        0
  1836.61912306     0.99992340        0
  1836.63955511     1.00001392        0
  1836.65998726     1.00005347        0
  1836.68041921     0.99988418        0
  1836.70085126     1.00001155        0
  1836.72128341     1.00007352        0
  1836.74171536     1.00003992        0
  1836.76214740     0.99996998        0
  1836.78257955     1.00006226        0
  1836.80301150     1.00001378        0
  1836.82344365     0.99999485        0
  1836.84387569     1.00011078        0
  1836.86430764     1.00000559        0
  1836.88473978     1.00016133        0
  1836.90517183     1.00050749        0
  1836.92560377     1.00000416        0
  1836.94603592     1.00000157        0
  1836.96646796     1.00016544        0
  1836.98690000     1.00004364        0
  1837.00733205     1.00007594        0
  1837.02776409     1.00059769        0
  1837.04819613     0.99999546        0
  1837.06862827     0.99992782        0
  1837.08906021     1.00001471        0
  1837.10949225     1.00004501        0
  1837.12992429     1.00000917        0
  1837.15035633     1.00002907        0
  1837.17078837     1.00001252        0
  1837.19122041     1.00010870        0
  1837.21165245     0.99996422        0
  1837.23208449     1.00014606        0
  1837.25251652     1.00003156        0
  1837.27294856     1.00001324        0
  1837.29338050     0.99998659        0
  1837.31381263     0.99997675        0
  1837.33424467     0.99998189        0
  1837.35467670     0.99994585        0
  1837.37510874     0.99997822        0
  1837.39554077     0.99996275        0
  1837.41597281     0.99996116        0
  1837.43640494     0.99999136        0
  1837.45683687     1.00003243        0
  1837.47726900     0.99998101        0
  1837.49770104     0.99982360        0
  1837.51813297     0.99997928        0
  1837.53856510     0.99986638        0
  1837.55899713     1.00002700        0
  1837.57942906     0.99999671        0
  1837.59986119     1.00004197        0
  1837.62029322     1.00003655        0
  1837.64072515     0.99997637        0
  1837.66115728     0.99994684        0
  1837.68158930     1.00000145        0
  1837.70202123     0.99998365        0
  1837.72245336     0.99994374        0
  1837.74288539     1.00015535        0
  1837.76331731     1.00002139        0
  1837.78374944     1.00006458        0
  1837.80418146     1.00002436        0
  1837.82461349     0.99995986        0
  1837.84504551     0.99990041        0
  1837.86547754     1.00002035        0
  1837.88590946     0.99995899        0
  1837.90634158     1.00004583        0
  1837.92677361     0.99989634        0
  1837.94720563     0.99984982        0
  1837.96763765     0.99998961        0
  1837.98806967     0.99990423        0
  1838.00850159     0.99992902        0
  1838.02893371     0.99996650        0
  1838.04936573     0.99982624        0
  1838.06979785     1.00001059        0
  1838.09022977     0.99985934        0
  1838.11066179     0.99991656        0
  1838.13109391     1.00001526        0
  1838.15152583     0.99997104        0
  1838.17195785     0.99993724        0
  1838.19238996     0.99997089        0
  1838.27411803     1.00009515        0
  1838.29454994     0.99991587        0
  1838.31498206     1.00002166        0
  1838.33541407     1.00000371        0
  1838.35584598     0.99997897        0
  1838.37627810     0.99994267        0
  1838.39671011     0.99993141        0
  1838.41714202     0.99990586        0
  1838.43757413     0.99998937        0
  1838.45800614     1.00004568        0
  1838.47843806     1.00004114        0
  1838.49887017     1.00010358        0
  1838.51930218     1.00006682        0
  1838.53973409     0.99993258        0
  1838.56016619     0.99992941        0
  1838.58059820     0.99996571        0
  1838.60103011     1.00004345        0
  1838.62146222     1.00001000        0
  1838.64189423     0.99991769        0
  1838.66232613     1.00000595        0
  1838.68275824     1.00009240        0
  1838.70319025     1.00000502        0
  1838.72362225     0.99992529        0
  1838.74405426     1.00006546        0
  1838.76448626     1.00021178        0
  1838.78491827     1.00011561        0
  1838.80535027     1.00019544        0
  1838.82578228     1.00001833        0
  1838.84621438     1.00004480        0
  1838.86664628     0.99991589        0
  1838.88707828     1.00003664        0
  1838.90751039     1.00001065        0
  1838.92794229     1.00006301        0
  1838.94837429     1.00004896        0
  1838.96880639     1.00001329        0
  1838.98923829     1.00068151        0
  1839.05053429     1.00002330        0
  1839.07096629     1.00006785        0
  1839.09139838     0.99994551        0
  1839.11183038     0.99999796        0
  1839.13226228     1.00005240        0
  1839.15269438     0.99999502        0
  1839.17312637     0.99991783        0
  1839.19355827     1.00002974        0
  1839.21399036     1.00004784        0
  1839.23442236     1.00013281        0
  1839.25485425     0.99997041        0
  1839.27528635     0.99991892        0
  1839.29571834     0.99995004        0
  1839.31615043     0.99994058        0
  1839.33658233     1.00005077        0
  1839.35701432     0.99991940        0
  1839.37744631     1.00002074        0
  1839.39787830     1.00003334        0
  1839.41831019     0.99998871        0
  1839.43874229     1.00014148        0
  1839.45917428     0.99992044        0
  1839.47960617     0.99999403        0
  1839.50003826     1.00010336        0
  1839.52047025     0.99995563        0
  1839.54090223     0.99997795        0
  1839.56133422     0.99990539        0
  1839.58176621     1.00001584        0
  1839.60219820     1.00011278        0
  1839.62263018     1.00003933        0
  1839.64306217     1.00003650        0
  1839.72479011     1.00035103        0
  1839.74522220     0.99985669        0
  1839.76565408     0.99996036        0
  1839.78608607     0.99992545        0
  1839.80651815     0.99992010        0
  1839.82695003     0.99995117        0
  1839.84738201     0.99995007        0
  1839.86781410     1.00001776        0
  1839.88824598     0.99996521        0
  1839.90867796     0.99995498        0
  1839.92911004     0.99998374        0
  1839.94954202     0.99995408        0
  1839.96997400     0.99990629        0
  1839.99040598     0.99988263        0
  1840.29688562     0.99993241        0
  1840.31731750     1.00004925        0
  1840.33774957     0.99994144        0
  1840.35818154     0.99989671        0
  1840.37861351     0.99997993        0
  1840.39904548     0.99989478        0
  1840.41947745     1.00002934        0
  1840.43990942     1.00003867        0
  1840.46034140     0.99997379        0
  1840.48077336     0.99999871        0
  1840.50120533     1.00002021        0
  1840.52163740     1.00004334        0
  1840.54206927     0.99997781        0
  1840.56250134     1.00000000        0
  1840.58293331     1.00008036        0
  1840.60336517     1.00010796        0
  1840.62379724     1.00010587        0
  1840.64422921     1.00010987        0
  1840.66466107     1.00011616        0
  1840.68509314     1.00008672        0
  1840.70552510     1.00077332        0
  1840.72595697     0.99997324        0
  1840.74638903     0.99998859        0
  1840.76682100     0.99994883        0
  1840.78725296     0.99994948        0
  1840.80768492     1.00005897        0
  1840.82811678     0.99996812        0
  1840.84854885     1.00001025        0
  1840.86898081     0.99987809        0
  1840.88941277     1.00001200        0
  1840.90984463     1.00012020        0
  1840.93027669     0.99989025        0
  1840.95070865     1.00002267        0
  1840.97114051     0.99993666        0
  1840.99157257     0.99996565        0
  1872.00694532     0.99995110        1
  1872.02737693     0.99986964        1
  1872.04780854     1.00002969        1
  1872.06824015     0.99988286        1
  1872.08867176     0.99999601        1
  1872.10910337     0.99995293        1
  1872.12953508     1.00000395        1
  1872.17039820     0.99996509        1
  1872.19082991     1.00022479        1
  1872.21126152     1.00003263        1
  1872.23169303     0.99998948        1
  1872.25212474     1.00001937        1
  1872.27255635     1.00008862        1
  1872.29298786     1.00014150        1
  1872.31341957     1.00000944        1
  1872.33385118     1.00011281        1
  1872.35428269     0.99994634        1
  1872.37471439     1.00013188        1
  1872.41557771     0.99997259        1
  1872.43600922     0.99997593        1
  1872.45644083     0.99995892        1
  1872.47687254     0.99984003        1
  1872.49730405     0.99999131        1
  1872.51773566     0.99991751        1
  1872.53816737     0.99987978        1
  1872.55859888     0.99995961        1
  1872.57903048     0.99993975        1
  1872.59946219     1.00003490        1
  1872.61989370     1.00002248        1
  1872.66075702     1.00008505        1
  1872.68118853     1.00004370        1
  1872.70162024     1.00007274        1
  1872.72205184     0.99998551        1
  1872.74248335     1.00007848        1
  1872.76291506     1.00012257        1
  1872.78334667     1.00007208        1
  1872.80377818     1.00004784        1
  1872.82420988     1.00014454        1
  1872.84464149     1.00006605        1
  1872.86507300     0.99992230        1
  1872.90593632     0.99999182        1
  1872.92636783     1.00018083        1
  1872.94679953     0.99997285        1
  1872.96723114     0.99987454        1
  1872.98766285     1.00006822        1
  1873.00809436     0.99988731        1
  1873.02852596     1.00004957        1
  1873.04895767     1.00006467        1
  1873.06938918     0.99994735        1
  1873.08982079     1.00007872        1
  1873.11025250     0.99997300        1
  1873.15111561     0.99987295        1
  1873.17154732     0.99984501        1
  1873.19197893     0.99983508        1
  1873.21241053     0.99988095        1
  1873.23284214     0.99982713        1
  1873.25327375     0.99995801        1
  1873.27370536     0.99995795        1
  1873.29413696     1.00006257        1
  1873.31456857     0.99985303        1
  1873.33500018     0.99989783        1
  1873.35543179     1.00001590        1
  1873.39629500     1.00056892        1
  1873.41672661     1.00005667        1
  1873.43715811     1.00020949        1
  1873.45758982     0.99994680        1
  1873.47802143     0.99999477        1
  1873.49845313     1.00001131        1
  1873.51888464     0.99989702        1
  1873.53931625     0.99996808        1
  1873.55974796     1.00000372        1
  1873.58017946     0.99998336        1
  1873.60061107     1.00014553        1
  1873.82535884     0.99997835        1
  1873.84579055     0.99994894        1
  1873.88665366     1.00001123        1
  1873.90708537     0.99992174        1
  1873.92751687     0.99999203        1
  1873.94794848     1.00007210        1
  1873.96838019     1.00001751        1
  1873.98881169     1.00014550        1
  1874.00924340     1.00008141        1
  1874.02967491     0.99998114        1
  1874.05010651     1.00011991        1
  1874.07053822     0.99996226        1
  1874.09096973     1.00007985        1
  1874.27485428     1.00009194        1
  1874.29528589     1.00000245        1
  1874.31571749     0.99995374        1
  1874.33614910     0.99989756        1
  1874.37701231     0.99997946        1
  1874.39744391     1.00010786        1
  1874.41787562     1.00011212        1
  1874.43830713     1.00007385        1
  1874.45873873     1.00008881        1
  1874.47917044     1.00003329        1
  1874.49960194     0.99997813        1
  1874.52003365     1.00013538        1
  1874.54046525     1.00007228        1
  1874.56089676     1.00019386        1
  1874.58132847     1.00128645        1
  1874.62219158     0.99992985        1
  1874.64262328     1.00003109        1
  1874.66305489     1.00005271        1
  1874.68348649     0.99991892        1
  1874.70391810     0.99992306        1
  1874.72434971     1.00002339        1
  1874.74478121     0.99999265        1
  1874.76521292     0.99981773        1
  1874.78564452     0.99994390        1
  1874.80607613     1.00002751        1
  1874.82650773     0.99994055        1
  1874.86737104     0.99993326        1
  1874.88780255     0.99992180        1
  1874.90823415     0.99971644        1
  1874.92866586     0.99993244        1
  1874.94909736     0.99999870        1
  1874.96952897     0.99997853        1
  1874.98996067     0.99991836        1
  1875.01039218     0.99995756        1
  1875.03082389     0.99998522        1
  1875.05125549     0.99994038        1
  1875.07168700     1.00001243        1
  1875.11255031     0.99995364        1
  1875.13298181     0.99982774        1
  1875.15341352     0.99989948        1
  1875.17384512     0.99990850        1
  1875.19427673     0.99998293        1
  1875.21470833     0.99995105        1
  1875.23513994     0.99988806        1
  1875.25557164     0.99994525        1
  1875.35772957     1.00036335        1
  1875.37816127     1.00034676        1
  1875.39859278     1.00008864        1
  1875.41902438     0.99986642        1
  1875.43945609     1.00000220        1
  1875.45988759     1.00004830        1
  1875.48031920     1.00008194        1
  1875.50075090     0.99997652        1
  1875.52118241     0.99996316        1
  1875.54161411     1.00006917        1
  1875.56204572     1.00011754        1
  1875.60290893     0.99990924        1
  1875.62334053     0.99997881        1
  1875.64377204     0.99997023        1
  1875.66420374     1.00003260        1
  1875.68463535     0.99996806        1
  1875.70506695     1.00021843        1
  1875.72549856     0.99988127        1
  1875.74593016     0.99984076        1
  1875.76636187     0.99992414        1
  1875.78679337     0.99988386        1
  1875.80722498     1.00018277        1
  1875.84808829     1.00000511        1
  1875.86851979     1.00001955        1
  1875.88895150     1.00012878        1
  1875.90938310     1.00011478        1
  1875.92981461     1.00015215        1
  1875.95024631     1.00012685        1
  1875.97067792     0.99998912        1
  1875.99110962     1.00003435        1
  1876.01154112     1.00007863        1
  1876.03197273     1.00013254        1
  1876.09326754     1.00001556        1
  1876.11369915     0.99990961        1
  1876.13413075     1.00000133        1
  1876.15456226     0.99993284        1
  1876.17499396     1.00006938        1
  1876.19542557     1.00011700        1
  1876.21585717     1.00030747        1
  1876.23628878     1.00010142        1
  1876.25672038     0.99998861        1
  1876.27715209     0.99998871        1
  1876.29758359     1.00024062        1
  1876.35887851     1.00001582        1
  1876.37931001     0.99998768        1
  1876.39974172     1.00000000        1
  1876.42017332     1.00000046        1
  1876.44060483     1.00001724        1
  1876.46103653     0.99998621        1
  1876.48146814     1.00006778        1
  1876.50189984     0.99993446        1
  1876.52233134     1.00001916        1
  1876.54276295     1.00004503        1
  1876.58362616     1.00008562        1
  1876.60405776     1.00005630        1
  1876.62448947     1.00002569        1
  1876.64492097     0.99996674        1
  1876.66535258     0.99992516        1
  1876.68578428     1.00035219        1
  1876.82880542     1.00005039        1
  1876.84923712     0.99996641        1
  1876.86966863     1.00000112        1
  1876.89010023     0.99991324        1
  1876.91053194     0.99988837        1
  1876.93096354     0.99994763        1
  1876.95139505     0.99994330        1
  1877.07398488     0.99990689        1
  1877.09441638     0.99998669        1
  1877.11484799     0.99994632        1
  1877.13527969     0.99991997        1
  1877.15571120     0.99984361        1
  1877.17614280     0.99990386        1
  1877.19657451     0.99985054        1
  1877.21700601     1.00276811        1
  1877.23743772     1.00002842        1
  1877.25786932     0.99983097        1
  1877.27830083     1.00055782        1
  1877.31916414     1.00004320        1
  1877.33959574     0.99995382        1
  1877.36002735     1.00007406        1
  1877.38045895     1.00000866        1
  1877.40089056     1.00010969        1
  1877.42132216     1.00008941        1
  1877.44175377     1.00006895        1
  1877.46218537     0.99997844        1
  1877.48261698     1.00003321        1
  1877.50304858     1.00000563        1
  1877.52348019     1.00001376        1
  1877.56434340     1.00001425        1
  1877.58477510     1.00005853        1
  1877.60520661     0.99993528        1
  1877.62563821     0.99987922        1
  1877.64606992     0.99996167        1
  1877.66650143     1.00004144        1
  1877.68693313     0.99994568        1
  1877.70736474     0.99996113        1
  1877.72779624     1.00003710        1
  1877.74822795     1.00000271        1
  1877.76865955     0.99995223        1
  1877.80952276     1.00005362        1
  1877.82995437     0.99994001        1
  1877.85038587     1.00014056        1
  1877.87081758     1.00005622        1
  1877.89124918     1.00011788        1
  1877.91168079     1.00000685        1
  1877.93211240     1.00005914        1
  1877.95254400     0.99993410        1
  1877.97297571     0.99986222        1
  1877.99340731     1.00005266        1
  1878.01383882     1.00010958        1
  1878.05470213     0.99988306        1
  1878.07513364     0.99997187        1
  1878.09556534     1.00007444        1
  1878.11599695     0.99990670        1
  1878.13642845     1.00005412        1
  1878.15686016     1.00006893        1
  1878.17729166     1.00000172        1
  1878.19772337     1.00013889        1
  1878.21815498     1.00001685        1
  1878.23858648     0.99993991        1
  1878.25901819     0.99997661        1
  1878.29988130     0.99990221        1
  1878.32031300     0.99999842        1
  1878.34074461     0.99989882        1
  1878.36117612     0.99999151        1
  1878.38160782     1.00001158        1
  1878.40203943     1.00006866        1
  1878.42247113     1.00000956        1
  1878.44290264     0.99995752        1
  1878.46333425     0.99997758        1
  1878.48376595     0.99993169        1
  1878.50419746     0.99999897        1
  1878.54506077     1.00002549        1
  1878.56549238     1.00005723        1
  1878.58592388     0.99997574        1
  1878.60635559     1.00001148        1
  1878.62678720     0.99998182        1
  1878.64721880     1.00003558        1
  1878.66765041     0.99997202        1
  1878.68808202     0.99988705        1
  1878.70851372     0.99998562        1
  1878.72894523     1.00009442        1
  1878.74937684     0.99994331        1
  1878.79024005     1.00006298        1
  1878.81067165     1.00005731        1
  1878.83110326     1.00007835        1
  1878.85153487     1.00001255        1
  1878.87196657     0.99998457        1
  1878.89239808     0.99985605        1
  1878.91282969     0.99981328        1
  1878.93326139     0.99989878        1
  1878.95369290     0.99992048        1
  1878.97412451     0.99994172        1
  1878.99455622     0.99977220        1
  1879.09671425     1.00001609        1
  1879.11714586     0.99999990        1
  1879.13757746     1.00005282        1
  1879.15800907     1.00012933        1
  1879.17844068     0.99987005        1
  1879.19887229     0.99979867        1
  1879.21930399     0.99986044        1
  1879.23973550     0.99999091        1
  1879.34189364     1.00009523        1
  1879.36232514     1.00018763        1
  1879.38275685     1.00014701        1
  1879.40318846     1.00000816        1
  1879.42361997     1.00016762        1
  1879.44405167     1.00017815        1
  1879.46448328     0.99999214        1
  1879.48491479     1.00021317        1
  1879.52577800     1.00000440        1
  1879.54620971     1.00002305        1
  1879.56664132     0.99993382        1
  1879.58707293     1.00010567        1
  1879.60750453     1.00002159        1
  1879.62793614     0.99997179        1
  1879.64836775     1.00006612        1
  1879.66879936     0.99998204        1
  1879.68923097     1.00007825        1
  1879.70966257     0.99993897        1
  1879.73009418     1.00000218        1
  1879.77095750     1.00000470        1
  1879.79138911     0.99997743        1
  1879.81182062     1.00003019        1
  1879.83225232     1.00008480        1
  1879.85268393     0.99995281        1
  1879.87311544     0.99988194        1
  1879.89354715     1.00001123        1
  1879.91397876     1.00009098        1
  1879.93441027     0.99987842        1
  1879.95484197     0.99991993        1
  1879.97527358     0.99980445        1
  1880.05700012     1.00002816        2
  1880.07743163     0.99997987        2
  1880.09786323     0.99994794        2
  1880.11829484     1.00000000        2
  1880.13872645     1.00000205        2
  1880.15915806     1.00004632        2
  1880.17958977     1.00013342        2
  1880.20002128     0.99991802        2
  1880.22045299     0.99997908        2
  1880.26131611     1.00006777        2
  1880.28174782     0.99999767        2
  1880.30217943     0.99994656        2
  1880.32261093     1.00003637        2
  1880.34304264     0.99991961        2
  1880.36347425     1.00007569        2
  1880.38390576     1.00001351        2
  1880.40433747     1.00003302        2
  1880.42476908     0.99989073        2
  1880.44520079     1.00013048        2
  1880.46563230     1.00007097        2
  1880.50649562     1.00006927        2
  1880.52692713     1.00002112        2
  1880.54735874     1.00001410        2
  1880.56779045     1.00007569        2
  1880.58822196     0.99999702        2
  1880.60865357     1.00003894        2
  1880.62908528     1.00004172        2
  1880.64951679     0.99995945        2
  1880.66994850     0.99994556        2
  1880.69038011     0.99990001        2
  1880.75167494     0.99991083        2
  1880.77210655     1.00006348        2
  1880.79253816     0.99988255        2
  1880.81296977     0.99993116        2
  1880.83340138     0.99988794        2
  1880.85383299     1.00008895        2
  1880.87426460     1.00003404        2
  1880.89469622     0.99989699        2
  1880.91512783     0.99999000        2
  1880.93555944     0.99993694        2
  1880.95599115     0.99989102        2
  1881.01728598     0.99988098        2
  1881.03771749     0.99994057        2
  1881.05814910     0.99988228        2
  1881.07858081     1.00010400        2
  1881.09901232     1.00002922        2
  1881.11944404     0.99987641        2
  1881.13987565     0.99977820        2
  1881.16030716     0.99989068        2
  1881.18073887     0.99992214        2
  1881.20117048     0.99991753        2
  1881.24203370     0.99994316        2
  1881.26246532     1.00002979        2
  1881.28289693     1.00006955        2
  1881.30332854     1.00018659        2
  1881.32376015     0.99995488        2
  1881.34419186     0.99994286        2
  1881.36462338     0.99991832        2
  1881.38505499     0.99997157        2
  1881.40548670     1.00011719        2
  1881.42591831     1.00003182        2
  1881.44634982     0.99998556        2
  1881.48721305     0.99997753        2
  1881.50764476     1.00006505        2
  1881.52807637     1.00020106        2
  1881.54850799     1.00008468        2
  1881.56893960     1.00010248        2
  1881.58937121     1.00011528        2
  1881.60980272     1.00013745        2
  1881.63023444     0.99999093        2
  1881.65066605     0.99991406        2
  1881.67109756     1.00001181        2
  1881.69152927     0.99998268        2
  1881.73239260     1.00010306        2
  1881.75282411     1.00008778        2
  1881.77325573     0.99995164        2
  1881.79368744     0.99994297        2
  1881.81411895     1.00005938        2
  1881.83455057     1.00018253        2
  1881.85498228     1.00003045        2
  1881.87541379     1.00005205        2
  1881.89584541     1.00004882        2
  1881.91627712     0.99996400        2
  1881.93670873     1.00014583        2
  1881.97757196     0.99986706        2
  1881.99800358     1.00007796        2
  1882.01843519     0.99986600        2
  1882.03886680     0.99997074        2
  1882.05929842     0.99990454        2
  1882.07973013     1.00008932        2
  1882.10016165     1.00019309        2
  1882.12059326     0.99992657        2
  1882.14102497     0.99995798        2
  1882.16145649     1.00001876        2
  1882.18188820     1.00028789        2
  1882.22275133     0.99993574        2
  1882.24318305     1.00005121        2
  1882.26361456     0.99992424        2
  1882.28404618     1.00001491        2
  1882.30447789     1.00005494        2
  1882.32490941     0.99988141        2
  1882.34534112     0.99996061        2
  1882.36577274     1.00005284        2
  1882.38620425     1.00008762        2
  1882.46793081     1.00010983        2
  1882.48836243     1.00003729        2
  1882.50879404     0.99994396        2
  1882.52922566     1.00005763        2
  1882.54965727     1.00013721        2
  1882.57008899     1.00001229        2
  1882.59052061     0.99998610        2
  1882.77440515     0.99997133        2
  1882.79483687     0.99999083        2
  1882.81526838     0.99985634        2
  1882.83570000     1.00005793        2
  1882.85613172     0.99991275        2
  1882.87656323     0.99984768        2
  1882.89699475     0.99978331        2
  1882.91742647     0.99990258        2
  1883.04001617     1.00007149        2
  1883.06044779     0.99991368        2
  1883.08087951     1.00003927        2
  1883.10131112     0.99994153        2
  1883.12174264     0.99989784        2
  1883.14217436     0.99989500        2
  1883.16260598     1.00005897        2
  1883.20346921     1.00023392        2
  1883.22390083     0.99998807        2
  1883.24433255     0.99995862        2
  1883.26476407     0.99993145        2
  1883.28519569     0.99994689        2
  1883.30562741     0.99980408        2
  1883.32605892     0.99998971        2
  1883.34649054     1.00008042        2
  1883.36692226     1.00004980        2
  1883.38735378     0.99994430        2
  1883.40778550     0.99996738        2
  1883.44864864     0.99995127        2
  1883.46908036     1.00000334        2
  1883.48951198     1.00004955        2
  1883.50994349     0.99993835        2
  1883.53037521     1.00013037        2
  1883.55080673     1.00005180        2
  1883.57123845     1.00004631        2
  1883.59167007     1.00020352        2
  1883.61210159     1.00015682        2
  1883.63253331     1.00006703        2
  1883.65296493     1.00003442        2
  1883.73469141     1.00006173        2
  1883.75512303     1.00000152        2
  1883.77555465     0.99999983        2
  1883.79598637     0.99999276        2
  1883.81641799     1.00014839        2
  1883.83684951     1.00002273        2
  1883.85728123     1.00004088        2
  1883.87771286     0.99995545        2
  1883.89814438     0.99988779        2
  1883.97987096     1.00011726        2
  1884.00030258     0.99984196        2
  1884.02073430     0.99988185        2
  1884.04116582     0.99993257        2
  1884.06159745     0.99997521        2
  1884.08202917     1.00007156        2
  1884.10246069     1.00002329        2
  1884.12289231     0.99991913        2
  1884.14332403     1.00002589        2
  1884.20461880     1.00006932        2
  1884.22505042     0.99981687        2
  1884.24548214     0.99999856        2
  1884.26591367     1.00000704        2
  1884.28634529     1.00000571        2
  1884.30677701     0.99992650        2
  1884.32720863     1.00002187        2
  1884.34764016     0.99999054        2
  1884.36807188     1.00007653        2
  1884.38850350     1.00011258        2
  1884.44979837     0.99984652        2
  1884.47023010     0.99990141        2
  1884.49066162     1.00002972        2
  1884.51109324     1.00007198        2
  1884.53152497     1.00009620        2
  1884.55195649     1.00004336        2
  1884.57238811     1.00016552        2
  1884.59281984     0.99998465        2
  1884.61325136     0.99997252        2
  1884.63368309     1.00000902        2
  1884.67454623     0.99998369        2
  1884.69497796     0.99989798        2
  1884.71540958     0.99998073        2
  1884.73584121     0.99991973        2
  1884.75627283     0.99994492        2
  1884.77670446     0.99999191        2
  1884.79713608     0.99999699        2
  1884.81756771     0.99984486        2
  1884.83799933     1.00001872        2
  1884.85843096     0.99992006        2
  1884.87886258     1.00003253        2
  1884.91972583     0.99989870        2
  1884.94015746     1.00002562        2
  1884.96058908     0.99998772        2
  1884.98102081     0.99993058        2
  1885.00145233     0.99991731        2
  1885.02188406     0.99986261        2
  1885.04231569     0.99979636        2
  1885.06274721     1.00003767        2
  1885.08317894     1.00000468        2
  1885.10361057     0.99987329        2
  1885.12404209     0.99980501        2
  1885.16490544     1.00129653        2
  1885.18533697     0.99992916        2
  1885.20576870     0.99993409        2
  1885.22620032     0.99991306        2
  1885.24663205     1.00006405        2
  1885.26706358     0.99998756        2
  1885.28749521     0.99996406        2
  1885.30792693     0.99998714        2
  1885.32835846     0.99990496        2
  1885.34879009     0.99993577        2
  1885.36922182     1.00001725        2
  1885.43051670     1.00013364        2
  1885.45094833     1.00009931        2
  1885.47137996     1.00010125        2
  1885.49181158     1.00020712        2
  1885.51224321     1.00007421        2
  1885.53267484     1.00002512        2
  1885.55310647     1.00002245        2
  1885.57353800     1.00000726        2
  1885.59396973     1.00001760        2
  1885.61440136     1.00017114        2
  1885.65526461     0.99994061        2
  1885.67569624     1.00012307        2
  1885.69612797     1.00006042        2
  1885.71655950     0.99992251        2
  1885.73699113     0.99992308        2
  1885.75742286     0.99996573        2
  1885.77785439     0.99990553        2
  1885.79828602     1.00015578        2
  1885.81871775     0.99998594        2
  1885.83914928     0.99999155        2
  1885.85958101     1.00005555        2
  1885.90044417     1.00007206        2
  1885.92087590     1.00004235        2
  1885.94130753     1.00001829        2
  1885.96173916     0.99997418        2
  1885.98217079     1.00008091        2
  1886.00260242     1.00015443        2
  1886.02303405     1.00011976        2
  1886.04346569     1.00013693        2
  1886.06389732     1.00001499        2
  1886.08432905     1.00007033        2
  1886.10476068     1.00004764        2
  1886.18648711     0.99990472        2
  1886.20691884     0.99997179        2
  1886.22735037     1.00006397        2
  1886.24778210     1.00008523        2
  1886.26821373     1.00008811        2
  1886.28864527     1.00000164        2
  1886.30907700     1.00014092        2
  1886.32950863     0.99992554        2
  1886.34994016     0.99998887        2
  1886.39080353     1.00000548        2
  1886.41123506     0.99995189        2
  1886.43166680     1.00012533        2
  1886.45209843     1.00005407        2
  1886.47253016     1.00008602        2
  1886.49296170     0.99994101        2
  1886.51339333     0.99996482        2
  1886.53382506     1.00014651        2
  1886.55425660     1.00001934        2
  1886.63598324     0.99985596        2
  1886.65641487     0.99998005        2
  1886.67684650     0.99997820        2
  1886.69727814     0.99992835        2
  1886.71770977     0.99986177        2
  1886.73814141     0.99983032        2
  1886.75857314     0.99993470        2
  1886.88116286     0.99981774        2
  1886.90159449     0.99982326        2
  1886.92202623     0.99979551        2
  1886.94245776     1.00008470        2
  1886.96288940     0.99998242        2
  1886.98332114     0.99992887        2
  1887.00375267     0.99991485        2
  1887.02418431     0.99999981        2
  1887.12634259     1.00005731        2
  1887.14677423     0.99995643        2
  1887.16720587     0.99995965        2
  1887.18763751     1.00001422        2
  1887.20806914     1.00000434        2
  1887.22850078     0.99993308        2
  1887.24893252     1.00003449        2
  1887.26936406     1.00005220        2
  1887.28979570     1.00007792        2
  1887.31022744     1.00001806        2
  1887.33065907     0.99993231        2
  1887.37152235     1.00007367        2
  1887.39195399     1.00011022        2
  1887.41238553     1.00002797        2
  1887.43281727     0.99999383        2
  1887.45324891     1.00000716        2
  1887.47368055     0.99991848        2
  1887.49411219     0.99997429        2
  1887.51454382     1.00000309        2
  1887.53497556     1.00004649        2
  1887.55540710     0.99995128        2
  1887.57583874     1.00006776        2
  1887.61670202     0.99986476        2
  1887.63713376     1.00001338        2
  1887.65756531     1.00018170        2
  1887.67799695     0.99996008        2
  1887.69842869     0.99986051        2
  1887.71886023     0.99987415        2
  1887.73929187     0.99998735        2
  1887.75972361     0.99992570        2
  1887.78015515     0.99992973        2
  1887.80058679     1.00002749        2
  1887.86188182     1.00006984        2
  1887.88231346     1.00001835        2
  1887.90274510     1.00006776        2
  1887.92317674     0.99999095        2
  1887.94360838     1.00007431        2
  1887.96404003     1.00001143        2
  1887.98447177     1.00004965        2
  1891.04922045     0.99993247        3
  1891.06965211     0.99983633        3
  1891.09008387     0.99985527        3
  1891.11051544     0.99993204        3
  1891.13094711     0.99999905        3
  1891.15137887     1.00012393        3
  1891.17181044     1.00003401        3
  1891.19224220     1.00011504        3
  1891.21267387     1.00011301        3
  1891.23310543     1.00025463        3
  1891.29440043     0.99999370        3
  1891.31483220     0.99993411        3
  1891.33526387     1.00008092        3
  1891.35569563     1.00000938        3
  1891.37612720     0.99997711        3
  1891.39655887     0.99990706        3
  1891.41699064     0.99997012        3
  1891.43742220     1.00021899        3
  1891.45785387     0.99994975        3
  1891.47828564     1.00010705        3
  1891.49871731     1.00012231        3
  1891.53958064     0.99994745        3
  1891.56001221     1.00004995        3
  1891.58044398     1.00006122        3
  1891.60087565     0.99990761        3
  1891.62130722     0.99996534        3
  1891.64173899     0.99999107        3
  1891.66217066     1.00013826        3
  1891.68260223     0.99987508        3
  1891.70303400     1.00001154        3
  1891.72346567     0.99993841        3
  1891.74389744     1.00005630        3
  1891.78476068     1.00003095        3
  1891.80519245     1.00000081        3
  1891.82562402     1.00007432        3
  1891.84605569     1.00007276        3
  1891.86648746     0.99998662        3
  1891.88691903     0.99999986        3
  1891.90735071     1.00005039        3
  1891.92778248     1.00010695        3
  1891.94821405     1.00011548        3
  1891.96864582     1.00001479        3
  1891.98907749     1.00006023        3
  1892.02994084     1.00000172        3
  1892.05037251     0.99998795        3
  1892.07080418     1.00007746        3
  1892.09123586     0.99996785        3
  1892.11166753     0.99993656        3
  1892.13209930     1.00005564        3
  1892.15253098     0.99991711        3
  1892.17296255     1.00003588        3
  1892.19339433     0.99998758        3
  1892.21382590     0.99994631        3
  1892.23425757     1.00004645        3
  1892.27512092     0.99999240        3
  1892.29555270     0.99995974        3
  1892.31598437     0.99996922        3
  1892.33641595     0.99988935        3
  1892.35684772     1.00011858        3
  1892.37727940     0.99999350        3
  1892.39771098     1.00007036        3
  1892.41814275     0.99992839        3
  1892.43857443     1.00031537        3
  1892.45900600     0.99997847        3
  1892.47943778     0.99995011        3
  1892.52030123     0.99994999        3
  1892.54073281     0.99997778        3
  1892.56116449     0.99995373        3
  1892.58159627     0.99996084        3
  1892.60202784     0.99987618        3
  1892.62245952     0.99991246        3
  1892.64289130     0.99987732        3
  1892.66332298     1.00007076        3
  1892.84720809     1.00010736        3
  1892.86763987     0.99998302        3
  1892.88807145     1.00000355        3
  1892.90850323     0.99988544        3
  1892.92893481     0.99991223        3
  1892.94936649     0.99992627        3
  1892.96979827     1.00000659        3
  1893.01066153     1.00033974        3
  1893.03109331     0.99991532        3
  1893.05152490     0.99994100        3
  1893.07195668     0.99998810        3
  1893.09238836     1.00017695        3
  1893.11281994     1.00004437        3
  1893.13325172     1.00004964        3
  1893.15368341     1.00032305        3
  1893.17411499     1.00013450        3
  1893.19454677     1.00022687        3
  1893.21497846     0.99995489        3
  1893.33756856     0.99983877        3
  1893.35800034     0.99990022        3
  1893.37843203     1.00017765        3
  1893.39886361     0.99997758        3
  1893.41929540     0.99998518        3
  1893.43972708     0.99994540        3
  1893.46015887     1.00017502        3
  1893.50102214     1.00005068        3
  1893.52145392     1.00006594        3
  1893.54188551     1.00009983        3
  1893.56231710     1.00001296        3
  1893.58274888     1.00004416        3
  1893.60318057     1.00012590        3
  1893.62361236     1.00025590        3
  1893.64404394     1.00001581        3
  1893.66447563     1.00008675        3
  1893.68490742     1.00001767        3
  1893.70533900     0.99997570        3
  1893.74620248     1.00004491        3
  1893.76663407     1.00001570        3
  1893.78706576     1.00001437        3
  1893.80749755     1.00001092        3
  1893.82792913     0.99989413        3
  1893.84836092     1.00019924        3
  1893.86879261     0.99999738        3
  1893.88922430     1.00001950        3
  1893.90965599     1.00006091        3
  1893.93008768     1.00003484        3
  1893.95051937     1.00019194        3
  1894.03224623     1.00008098        3
  1894.05267782     0.99995681        3
  1894.07310961     1.00006034        3
  1894.09354131     0.99999544        3
  1894.11397290     0.99989541        3
  1894.13440469     1.00004139        3
  1894.15483638     0.99995125        3
  1894.17526807     0.99995739        3
  1894.19569976     1.00001000        3
  1894.23656315     0.99998902        3
  1894.25699484     0.99993022        3
  1894.27742644     0.99992303        3
  1894.29785823     1.00012509        3
  1894.31828992     0.99996743        3
  1894.33872152     0.99991845        3
  1894.35915331     1.00007123        3
  1894.37958500     0.99987601        3
  1894.40001680     0.99986469        3
  1894.42044839     0.99997743        3
  1894.44088009     1.00012340        3
  1894.48174348     0.99996265        3
  1894.50217517     0.99997793        3
  1894.52260697     0.99992316        3
  1894.54303866     1.00007942        3
  1894.56347036     0.99986021        3
  1894.58390205     0.99997932        3
  1894.60433375     0.99995973        3
  1894.62476545     1.00004986        3
  1894.72692393     0.99997764        3
  1894.74735573     0.99993259        3
  1894.76778733     1.00003860        3
  1894.78821912     0.99987004        3
  1894.80865082     1.00003751        3
  1894.82908242     0.99997090        3
  1894.84951422     0.99990230        3
  1894.86994582     0.99995954        3
  1894.97210442     1.00026886        3
  1894.99253602     0.99994905        3
  1895.01296782     1.00001443        3
  1895.03339952     1.00001737        3
  1895.05383122     1.00005813        3
  1895.07426292     1.00002215        3
  1895.09469462     0.99996130        3
  1895.11512642     1.00000639        3
  1895.13555802     1.00004993        3
  1895.15598972     0.99995241        3
  1895.17642153     0.99998534        3
  1895.21728483     1.00048198        3
  1895.23771663     1.00024328        3
  1895.25814834     1.00009699        3
  1895.27857994     1.00000148        3
  1895.29901174     0.99997531        3
  1895.31944344     0.99996537        3
  1895.33987525     0.99993781        3
  1895.36030685     0.99997180        3
  1895.38073856     0.99997504        3
  1895.40117036     0.99999663        3
  1895.42160196     0.99999826        3
  1895.46246547     1.00005098        3
  1895.48289708     1.00004541        3
  1895.50332888     1.00018418        3
  1895.52376049     1.00023855        3
  1895.54419219     1.00003879        3
  1895.56462400     1.00014814        3
  1895.58505561     0.99998216        3
  1895.60548731     0.99991491        3
  1895.62591912     1.00011167        3
  1895.64635073     1.00005438        3
  1895.66678253     1.00012925        3
  1895.70764595     1.00009917        3
  1895.72807766     1.00011602        3
  1895.74850936     1.00005831        3
  1895.76894107     1.00007208        3
  1895.78937278     1.00010464        3
  1895.80980449     1.00009430        3
  1895.83023620     1.00016481        3
  1895.85066800     1.00000000        3
  1895.87109961     0.99994883        3
  1895.89153142     0.99991568        3
  1895.91196313     0.99996379        3
  1895.97325826     0.99992063        3
  1895.99368987     0.99994610        3
  1896.01412168     0.99993210        3
  1896.03455339     1.00009244        3
  1896.05498520     1.00001093        3
  1896.07541682     1.00010420        3
  1896.09584853     1.00011574        3
  1896.11628024     1.00002563        3
  1896.13671195     0.99997916        3
  1896.15714366     1.00026813        3
  1896.19800709     0.99992681        3
  1896.21843890     0.99997435        3
  1896.23887051     0.99993971        3
  1896.25930223     0.99992741        3
  1896.27973404     0.99998144        3
  1896.30016565     0.99999366        3
  1896.32059737     0.99990041        3
  1896.34102918     1.00003271        3
  1896.36146079     0.99987514        3
  1896.38189251     1.00040741        3
  1896.40232432     0.99987067        3
  1896.50448290     1.00002708        3
  1896.52491462     0.99992616        3
  1896.54534633     0.99998697        3
  1896.56577815     1.00001077        3
  1896.58620977     0.99982136        3
  1896.60664158     0.99997493        3
  1896.62707330     1.00005345        3
  1896.64750492     1.00011808        3
  1896.68836845     0.99994566        3
  1896.70880007     0.99995704        3
  1896.72923189     0.99992753        3
  1896.74966361     1.00004090        3
  1896.77009532     0.99979299        3
  1896.79052704     0.99987395        3
  1896.81095876     0.99996244        3
  1896.83139048     1.00009311        3
  1896.85182220     0.99995227        3
  1896.87225392     0.99995997        3
  1896.89268564     0.99998910        3
  1896.93354908     1.00002495        3
  1896.95398080     0.99993189        3
  1896.97441252     1.00003776        3
  1896.99484434     0.99997942        3
  1897.01527597     1.00016471        3
  1897.03570769     1.00037181        3
  1897.05613951     1.00025716        3
  1897.07657123     0.99992207        3
  1897.09700285     0.99995732        3
  1897.11743467     0.99992059        3
  1897.13786640     0.99996083        3
  1897.17872984     1.00004601        3
  1897.19916157     0.99998930        3
  1897.21959339     1.00005236        3
  1897.24002501     1.00002031        3
  1897.26045674     1.00009036        3
  1897.28088856     1.00025647        3
  1897.30132019     1.00002812        3
  1897.32175201     0.99999814        3
  1897.34218374     1.00008283        3
  1897.36261536     1.00008497        3
  1897.38304719     1.00033069        3
  1897.42391054     1.00007781        3
  1897.44434236     0.99994685        3
  1897.46477409     1.00005563        3
  1897.48520592     1.00000692        3
  1897.50563754     1.00014402        3
  1897.52606917     1.00016021        3
  1897.54650100     0.99998735        3
  1897.56693273     0.99993698        3
  1897.58736445     0.99999672        3
  1897.60779618     1.00001722        3
  1897.62822791     1.00005174        3
  1897.77125011     1.00004108        3
  1897.79168184     0.99998470        3
  1897.81211347     1.00002734        3
  1897.83254530     1.00008629        3
  1897.85297703     0.99986626        3
  1897.87340886     0.99987331        3
  1897.93470406     1.00004694        3
  1897.95513569     0.99995273        3
  1897.97556742     0.99999660        3
  1897.99599926     0.99996696        3
  1898.01643089     1.00007365        4
  1898.03686272     0.99992063        4
  1898.05729445     0.99994915        4
  1898.07772609     1.00008945        4
  1898.09815792     1.00006337        4
  1898.11858965     0.99997152        4
  1898.15945312     0.99992997        4
  1898.17988476     0.99992754        4
  1898.20031659     1.00002300        4
  1898.22074833     1.00009267        4
  1898.24117996     1.00009844        4
  1898.26161180     1.00012907        4
  1898.28204353     1.00014068        4
  1898.30247527     0.99996087        4
  1898.32290700     1.00000654        4
  1898.34333874     0.99997888        4
  1898.40463395     0.99987555        4
  1898.42506579     0.99993520        4
  1898.44549753     0.99993931        4
  1898.46592916     0.99987712        4
  1898.48636100     0.99987462        4
  1898.50679274     1.00002261        4
  1898.52722438     1.00002454        4
  1898.54765622     1.00006349        4
  1898.56808796     1.00004923        4
  1898.58851980     1.00001913        4
  1898.60895143     1.00027337        4
  1898.64981501     0.99979769        4
  1898.67024665     0.99993855        4
  1898.69067839     0.99996198        4
  1898.71111024     0.99980975        4
  1898.73154188     0.99986282        4
  1898.75197372     1.00000027        4
  1898.77240546     0.99997527        4
  1898.79283710     0.99993254        4
  1898.81326894     1.00003040        4
  1898.83370058     0.99999581        4
  1898.85413233     1.00004127        4
  1898.89499581     1.00012729        4
  1898.91542756     1.00009708        4
  1898.93585940     1.00004358        4
  1898.95629114     1.00009581        4
  1898.97672289     1.00002131        4
  1898.99715463     0.99995016        4
  1899.01758637     1.00009176        4
  1899.03801812     1.00001252        4
  1899.05844986     1.00002655        4
  1899.07888161     0.99993690        4
  1899.09931345     0.99989551        4
  1899.14017695     0.99993768        4
  1899.16060869     0.99998116        4
  1899.18104034     0.99989089        4
  1899.20147218     0.99995794        4
  1899.22190393     1.00002432        4
  1899.24233558     1.00011421        4
  1899.26276743     1.00033345        4
  1899.28319917     1.00021863        4
  1899.30363102     0.99993199        4
  1899.32406267     1.00002891        4
  1899.34449442     1.00006420        4
  1899.38535791     0.99988854        4
  1899.40578966     1.00014225        4
  1899.42622151     1.00002155        4
  1899.44665316     0.99987685        4
  1899.46708501     0.99999619        4
  1899.48751666     0.99996530        4
  1899.50794841     0.99999424        4
  1899.52838026     1.00016621        4
  1899.54881191     1.00006861        4
  1899.56924366     0.99995458        4
  1899.58967552     1.00001396        4
  1899.63053892     0.99990322        4
  1899.65097077     0.99987826        4
  1899.67140252     0.99994798        4
  1899.69183428     1.00010458        4
  1899.71226603     1.00016894        4
  1899.73269778     1.00005388        4
  1899.75312963     0.99998511        4
  1899.77356129     1.00001150        4
  1899.79399304     0.99999432        4
  1899.81442490     0.99997648        4
  1899.83485655     1.00019672        4
  1899.89615181     0.99998920        4
  1899.91658367     1.00012484        4
  1899.93701543     0.99994995        4
  1899.95744708     1.00001994        4
  1899.97787894     0.99995745        4
  1899.99831069     1.00003416        4
  1900.01874255     0.99991490        4
  1900.03917421     0.99985812        4
  1900.05960596     0.99984057        4
  1900.08003772     1.00005908        4
  1900.12090124     0.99994480        4
  1900.14133299     0.99998046        4
  1900.16176475     1.00001744        4
  1900.18219661     1.00017700        4
  1900.20262827     0.99987640        4
  1900.22306003     0.99997356        4
  1900.24349189     0.99993434        4
  1900.26392355     0.99987965        4
  1900.28435531     1.00018757        4
  1900.30478717     0.99993232        4
  1900.32521893     0.99998391        4
  1900.36608245     1.00000209        4
  1900.38651421     0.99990900        4
  1900.40694607     0.99999167        4
  1900.42737773     0.99995602        4
  1900.44780950     1.00007252        4
  1900.46824136     0.99990966        4
  1900.48867302     1.00006600        4
  1900.50910478     0.99999199        4
  1900.52953665     1.00008560        4
  1900.54996831     0.99993619        4
  1900.57040017     1.00000000        4
  1900.61126360     0.99996384        4
  1900.63169547     0.99998346        4
  1900.65212723     0.99992188        4
  1900.67255890     1.00008933        4
  1900.69299076     0.99987849        4
  1900.71342253     1.00008690        4
  1900.85644489     0.99995922        4
  1900.87687666     1.00005482        4
  1900.89730853     1.00014758        4
  1900.91774029     1.00010748        4
  1900.93817196     1.00022575        4
  1900.95860383     1.00002257        4
  1900.97903560     1.00010164        4
  1900.99946727     0.99999662        4
  1901.01989914     0.99985664        4
  1901.04033091     1.00002120        4
  1901.06076258     1.00001554        4
  1901.10162622     0.99987047        4
  1901.12205809     0.99995900        4
  1901.14248976     1.00009065        4
  1901.16292153     0.99997350        4
  1901.18335340     1.00004003        4
  1901.20378507     0.99986791        4
  1901.22421684     1.00009692        4
  1901.24464872     1.00023338        4
  1901.26508039     1.00016892        4
  1901.28551226     1.00009692        4
  1901.30594404     1.00009892        4
  1901.38767113     1.00001769        4
  1901.40810290     0.99997928        4
  1901.42853468     1.00005673        4
  1901.44896645     0.99992838        4
  1901.46939823     1.00008879        4
  1901.48983000     0.99997545        4
  1901.51026178     1.00002468        4
  1901.53069356     0.99999519        4
  1901.55112533     1.00016296        4
  1901.59198889     1.00003957        4
  1901.61242076     0.99994358        4
  1901.63285254     1.00001452        4
  1901.65328422     0.99992547        4
  1901.67371610     1.00019559        4
  1901.69414787     0.99998328        4
  1901.71457955     0.99996174        4
  1901.73501143     0.99990677        4
  1901.75544321     0.99990445        4
  1901.77587489     0.99997677        4
  1901.79630677     1.00006543        4
  1901.83717043     1.00002159        4
  1901.85760211     0.99999399        4
  1901.87803389     1.00001335        4
  1901.89846577     1.00009394        4
  1901.91889745     1.00001221        4
  1901.93932923     0.99999383        4
  1901.95976111     0.99980558        4
  1901.98019280     0.99996237        4
  1902.00062468     0.99990949        4
  1902.02105646     0.99995050        4
  1902.08235181     1.00004595        4
  1902.10278349     0.99999310        4
  1902.12321538     0.99980162        4
  1902.14364716     0.99982390        4
  1902.16407894     1.00004931        4
  1902.18451073     0.99996871        4
  1902.20494251     1.00002997        4
  1902.22537430     0.99995160        4
  1902.24580609     0.99993698        4
  1902.26623787     0.99982002        4
  1902.28666976     1.00016258        4
  1902.32753323     0.99990503        4
  1902.34796512     0.99992276        4
  1902.36839680     1.00003251        4
  1902.38882869     0.99985383        4
  1902.40926048     0.99985337        4
  1902.42969217     0.99977114        4
  1902.45012406     1.00003517        4
  1902.47055584     0.99996395        4
  1902.57271479     0.99993881        4
  1902.59314658     1.00004126        4
  1902.61357847     1.00001279        4
  1902.63401016     0.99990478        4
  1902.65444195     0.99984471        4
  1902.67487384     1.00001191        4
  1902.69530554     1.00000956        4
  1902.71573743     0.99986998        4
  1902.73616922     0.99984665        4
  1902.75660091     0.99975010        4
  1902.77703281     1.00011997        4
  1902.81789639     1.00074314        4
  1902.83832819     1.00012064        4
  1902.85875998     0.99994559        4
  1902.87919167     1.00005893        4
  1902.89962357     0.99998474        4
  1902.92005536     1.00000047        4
  1902.94048726     1.00010193        4
  1902.96091895     0.99995841        4
  1902.98135075     1.00009157        4
  1903.00178264     1.00003878        4
  1903.02221434     1.00035775        4
  1903.22653242     0.99997216        4
  1903.24696422     0.99998286        4
  1903.26739612     1.00004598        4
  1903.30825962     1.00010209        4
  1903.32869152     1.00010195        4
  1903.34912322     1.00015863        4
  1903.36955502     1.00004774        4
  1903.38998692     1.00026304        4
  1903.41041872     1.00005094        4
  1903.43085052     1.00036472        4
  1903.45128223     1.00001381        4
  1903.47171403     1.00000906        4
  1903.49214593     1.00000892        4
  1903.51257773     1.00005702        4
  1903.55344134     1.00003146        4
  1903.57387314     1.00021267        4
  1903.59430485     1.00008400        4
  1903.61473675     0.99997014        4
  1903.63516856     1.00005443        4
  1903.65560046     0.99989898        4
  1903.67603217     0.99992836        4
  1903.69646397     1.00004024        4
  1903.71689588     1.00011529        4
  1903.73732759     1.00003773        4
  1903.75775939     1.00001481        4
  1903.81905491     1.00013250        4
  1903.83948672     1.00007318        4
  1903.85991843     0.99999266        4
  1903.88035034     0.99998070        4
  1903.90078215     1.00003769        4
  1903.92121385     0.99997930        4
  1903.94164576     0.99997912        4
  1903.96207757     0.99993555        4
  1903.98250948     1.00000966        4
  1904.00294119     1.00005432        4
  1904.04380481     1.00011805        4
  1904.06423672     1.00012820        4
  1904.08466844     0.99993369        4
  1904.10510025     0.99988939        4
  1904.12553206     0.99999876        4
  1904.14596387     0.99993423        4
  1904.16639578     0.99987975        4
  1904.18682750     0.99991645        4
  1904.20725941     0.99985345        4
  1904.22769122     0.99987024        4
  1904.24812294     0.99988694        4
  1904.30941838     0.99989155        4
  1904.32985029     1.00004562        4
  1904.35028211     0.99998867        4
  1904.37071402     1.00001796        4
  1904.39114574     1.00002420        4
  1904.41157755     0.99991856        4
  1904.43200947     1.00007988        4
  1904.45244119     1.00029259        4
  1904.47287300     0.99999251        4
  1904.49330492     0.99986547        4
  1904.61589583     0.99996864        4
  1904.63632765     0.99997990        4
  1904.65675947     0.99997836        4
  1904.67719129     1.00005384        4
  1904.69762311     1.00000131        4
  1904.71805493     0.99997998        4
  1904.73848675     0.99992317        4
  1904.77935039     1.00005655        4
  1904.79978221     1.00004046        4
  1904.82021413     0.99987023        4
  1904.84064586     0.99987564        4
  1904.86107768     0.99993989        4
  1904.88150960     1.00005357        4
  1904.90194132     0.99997808        4
  1905.04496419     0.99994493        4
  1905.06539602     1.00006873        4
  1905.08582795     1.00000389        4
  1905.10625967     1.00004980        4
  1905.12669150     1.00027289        4
  1905.14712343     0.99994511        4
  1905.16755515     1.00004679        4
  1905.18798698     1.00007920        4
