  1835.65857340     1.00038561        0
  1835.67900540     1.00068029        0
  1835.80159737     0.99753107        0
  1835.82202946     0.99936880        0
  1835.84246136     0.99963979        0
  1835.86289335     0.99964052        0
  1835.88332544     0.99932851        0
  1835.90375733     1.00062641        0
  1835.92418932     0.99993625        0
  1835.94462141     0.99953425        0
  1835.96505330     0.99935999        0
  1835.98548529     1.00073797        0
  1836.00591738     1.00100613        0
  1836.02634927     0.99984573        0
  1836.04678126     1.00022895        0
  1836.06721335     0.99994151        0
  1836.08764524     1.00251990        0
  1836.10807722     0.99999258        0
  1836.12850931     1.00222212        0
  1836.14894130     1.00049730        0
  1836.16937318     0.99900258        0
  1836.18980527     1.00092876        0
  1836.21023725     1.00060622        0
  1836.23066934     1.00083943        0
  1836.25110122     1.00005410        0
  1836.27153321     0.99976834        0
  1836.31239717     0.99996864        0
  1836.33282916     1.00006364        0
  1836.35326124     1.00025913        0
  1836.37369312     1.00030490        0
  1836.39412510     0.99848687        0
  1836.41455708     1.00005383        0
  1836.43498906     0.99593956        0
  1836.45542104     0.99898990        0
  1836.47585302     0.99957890        0
  1836.49628500     0.99996950        0
  1836.51671698     1.00023286        0
  1836.53714896     1.00069280        0
  1836.55758094     0.99967346        0
  1836.57801292     0.99945465        0
  1836.59844499     0.99934997        0
  1836.61887687     0.99856514        0
  1836.63930885     0.99856972        0
  1836.65974092     0.99974776        0
  1836.68017280     0.99965782        0
  1836.70060477     1.00859627        0
  1836.72103685     1.00128046        0
  1836.74146872     1.00121461        0
  1836.76190069     1.00057390        0
  1836.78233277     1.00017790        0
  1836.80276464     1.01086214        0
  1836.82319671     0.99944754        0
  1836.84362869     1.00103274        0
  1836.86406056     0.99961162        0
  1836.88449263     0.99866922        0
  1836.90492460     1.00103671        0
  1836.92535647     1.00091387        0
  1836.94578854     0.99883462        0
  1836.96622051     1.00026651        0
  1836.98665248     1.00055026        0
  1837.00708445     0.99829615        0
  1837.02751642     0.99528489        0
  1837.08881232     1.00062112        0
  1837.10924428     1.00129267        0
  1837.12967625     0.99986987        0
  1837.15010822     0.99988048        0
  1837.17054018     0.99846232        0
  1837.19097215     0.99853321        0
  1837.21140411     0.99901255        0
  1837.23183607     1.00065019        0
  1837.25226804     0.99901836        0
  1837.27270000     0.99916667        0
  1837.29313187     1.00060261        0
  1837.31356393     0.99911500        0
  1837.33399589     1.00090254        0
  1837.35442785     0.99914982        0
  1837.37485981     1.00063744        0
  1837.39529177     1.00148637        0
  1837.41572373     1.00151272        0
  1837.43615579     1.00126343        0
  1837.45658765     1.00143604        0
  1837.47701971     0.99957516        0
  1837.49745167     1.00101780        0
  1837.51788353     1.00255398        0
  1837.53831559     1.00095876        0
  1837.55874754     1.00011167        0
  1837.57917940     0.99969943        0
  1837.59961146     0.99919532        0
  1837.62004341     0.99908657        0
  1837.64047527     0.99982421        0
  1837.66090733     1.00040209        0
  1837.68133928     0.99785499        0
  1837.70177114     1.00048871        0
  1837.72220319     0.99933257        0
  1837.74263514     1.00025970        0
  1837.76306700     1.00027304        0
  1837.78349905     1.00039959        0
  1837.80393100     0.99803780        0
  1837.82436295     1.00098260        0
  1837.84479491     1.00170991        0
  1837.86522686     1.00061946        0
  1837.88565871     1.00119921        0
  1837.90609076     0.99964482        0
  1837.92652271     0.99875049        0
  1837.94695466     1.00044910        0
  1837.96738661     0.99965309        0
  1837.98781856     1.00004108        0
  1838.00825041     1.00047942        0
  1838.02868245     0.99958286        0
  1838.04911440     0.99937472        0
  1838.06954645     1.00057953        0
  1838.08997830     0.99949111        0
  1838.11041024     1.00034207        0
  1838.13084229     1.00049104        0
  1838.15127413     0.99918435        0
  1838.17170608     0.99997314        0
  1838.19213812     0.99877291        0
  1838.21256997     1.00015883        0
  1838.23300191     0.99993079        0
  1838.27386590     0.99943838        0
  1838.29429774     1.00063393        0
  1838.31472978     0.99946950        0
  1838.33516173     1.00116805        0
  1838.35559357     1.00088510        0
  1838.37602561     0.99850570        0
  1838.39645755     1.00034263        0
  1838.41688939     0.99784788        0
  1838.43732143     0.99985013        0
  1838.45775337     1.00052286        0
  1838.47818521     1.00065535        0
  1838.49861725     1.00425243        0
  1838.51904918     0.99999487        0
  1838.53948102     1.00028693        0
  1838.55991306     1.00000000        0
  1838.58034500     1.00139110        0
  1838.60077683     1.00042392        0
  1838.62120887     1.00015503        0
  1838.64164081     0.99860001        0
  1838.66207264     0.99946965        0
  1838.68250468     0.99932563        0
  1838.70293661     0.99867112        0
  1838.72336855     0.99937316        0
  1838.74380048     0.99943903        0
  1838.76423241     0.99975991        0
  1838.78466435     0.99956594        0
  1838.80509628     1.00101522        0
  1838.82552821     0.99783058        0
  1838.84596024     0.99940913        0
  1838.86639208     1.00071894        0
  1838.88682401     1.00035460        0
  1838.90725604     1.00082724        0
  1838.92768787     0.99972453        0
  1838.94811980     0.99930531        0
  1838.96855183     0.99938176        0
  1838.98898366     0.99565189        0
  1839.07071137     1.00083359        0
  1839.09114340     1.00074697        0
  1839.11157532     0.99947893        0
  1839.13200715     0.99934195        0
  1839.15243917     1.00048989        0
  1839.17287110     1.00539163        0
  1839.19330293     1.00220351        0
  1839.21373495     0.99955130        0
  1839.23416687     0.99900009        0
  1839.25459870     1.00105062        0
  1839.27503072     1.00071435        0
  1839.29546265     1.00181866        0
  1839.31589467     1.00109447        0
  1839.33632649     0.99883471        0
  1839.35675841     1.00114366        0
  1839.37719033     0.99838212        0
  1839.39762226     0.99950926        0
  1839.41805408     1.00079138        0
  1839.43848610     1.00058335        0
  1839.45891802     1.00180792        0
  1839.47934984     1.00088148        0
  1839.49978186     1.00169744        0
  1839.52021377     0.99982265        0
  1839.54064569     0.99921999        0
  1839.56107761     0.99849907        0
  1839.58150953     0.99829147        0
  1839.60194145     1.00180683        0
  1839.62237336     0.99814505        0
  1839.64280528     0.99955319        0
  1839.72453294     0.99708767        0
  1839.74496496     0.99930910        0
  1839.76539677     0.99949720        0
  1839.78582868     0.99881404        0
  1839.80626070     0.99966876        0
  1839.82669251     1.00103550        0
  1839.84712442     0.99959854        0
  1839.86755644     1.00040761        0
  1839.88798825     1.00021197        0
  1839.90842016     1.00082961        0
  1839.92885217     1.00040874        0
  1839.94928408     0.99968741        0
  1839.96971599     1.00175206        0
  1839.99014790     1.00149307        0
  1840.01057981     1.00138494        0
  1840.31705831     0.99914765        0
  1840.33749031     0.99941283        0
  1840.35792221     1.00007241        0
  1840.37835412     0.99933200        0
  1840.39878602     0.99960878        0
  1840.41921792     1.00105466        0
  1840.43964982     0.99950733        0
  1840.46008172     1.00047769        0
  1840.48051362     1.00033193        0
  1840.50094553     0.99939507        0
  1840.52137752     1.00100339        0
  1840.54180932     0.99820820        0
  1840.56224132     0.99967413        0
  1840.58267322     1.00023088        0
  1840.60310502     1.00001070        0
  1840.62353702     1.00065118        0
  1840.64396892     1.00071622        0
  1840.66440071     1.00034747        0
  1840.68483271     0.99818140        0
  1840.70526461     0.99672680        0
  1840.72569640     1.00024553        0
  1840.74612840     0.99889926        0
  1840.76656030     0.99937888        0
  1840.78699219     1.00122951        0
  1840.80742408     1.00038331        0
  1840.82785588     0.99953071        0
  1840.84828787     0.99999281        0
  1840.86871977     0.99999374        0
  1840.88915166     1.00038944        0
  1840.90958345     1.00086131        0
  1840.93001545     1.00122337        0
  1840.95044734     0.99915632        0
  1840.97087913     0.99867675        0
  1840.99131112     1.00120630        0
  1872.00661956     1.00053325        1
  1872.02705115     1.00037475        1
  1872.04748274     1.00052726        1
  1872.06791434     0.99927653        1
  1872.08834593     1.00273049        1
  1872.10877753     1.00081037        1
  1872.12920922     1.00100835        1
  1872.17007231     0.99963693        1
  1872.19050401     0.99938711        1
  1872.21093560     0.99948409        1
  1872.23136710     0.99972434        1
  1872.25179879     0.99908919        1
  1872.27223039     0.99949252        1
  1872.29266188     0.99989138        1
  1872.31309358     1.00011749        1
  1872.33352517     0.99956886        1
  1872.35395667     0.99779147        1
  1872.37438836     0.99921947        1
  1872.41525165     1.00029201        1
  1872.43568314     1.00108788        1
  1872.45611474     1.00035827        1
  1872.47654643     1.00100609        1
  1872.49697793     1.00083671        1
  1872.51740952     1.00127948        1
  1872.53784122     0.99999882        1
  1872.55827271     0.99967702        1
  1872.57870431     0.99975935        1
  1872.59913600     0.99975928        1
  1872.61956749     1.00586081        1
  1872.66043078     0.99986054        1
  1872.68086228     1.00143171        1
  1872.70129397     0.99961842        1
  1872.72172557     1.00063729        1
  1872.74215706     0.99960978        1
  1872.76258876     0.99940842        1
  1872.78302035     1.00007005        1
  1872.80345185     0.99991901        1
  1872.82388354     0.99992500        1
  1872.84431513     0.99905855        1
  1872.86474663     0.99977410        1
  1872.90560992     0.99978631        1
  1872.92604141     0.99999426        1
  1872.94647311     0.99893338        1
  1872.96690470     1.00020140        1
  1872.98733640     0.99950888        1
  1873.00776789     0.99925559        1
  1873.02819948     0.99976844        1
  1873.04863118     0.99915599        1
  1873.06906267     1.00008001        1
  1873.08949427     1.00022933        1
  1873.15078905     0.99953100        1
  1873.17122075     1.00118236        1
  1873.19165234     1.00018888        1
  1873.21208393     0.99944438        1
  1873.23251553     0.99976340        1
  1873.25294712     1.00077164        1
  1873.27337872     0.99962041        1
  1873.29381031     1.00032141        1
  1873.31424191     1.00032322        1
  1873.33467350     0.99964426        1
  1873.35510510     1.00056322        1
  1873.39596829     0.99625063        1
  1873.41639988     1.00096222        1
  1873.43683137     0.99984492        1
  1873.45726307     0.99965065        1
  1873.47769466     1.00127085        1
  1873.49812636     0.99994684        1
  1873.51855785     1.00022623        1
  1873.53898945     1.00042792        1
  1873.55942114     1.00061640        1
  1873.57985264     1.00124143        1
  1873.60028423     0.99939180        1
  1873.74330549     0.99975591        1
  1873.76373709     0.99999183        1
  1873.78416868     1.00020353        1
  1873.80460028     1.00032678        1
  1873.82503187     1.00065463        1
  1873.84546357     0.99998254        1
  1873.88632665     0.99948617        1
  1873.90675835     1.00042253        1
  1873.92718984     0.99967177        1
  1873.94762144     0.99992087        1
  1873.96805313     0.99951495        1
  1873.98848463     1.00032727        1
  1874.00891632     1.00014545        1
  1874.02934782     1.00068787        1
  1874.04977941     0.99972630        1
  1874.07021111     0.99918349        1
  1874.09064260     0.99927382        1
  1874.23366377     0.99923304        1
  1874.25409546     1.00040335        1
  1874.27452706     1.00053633        1
  1874.29495865     1.00125495        1
  1874.31539024     1.00081298        1
  1874.33582184     1.00005397        1
  1874.37668503     1.00065535        1
  1874.39711662     0.99995362        1
  1874.41754832     0.99936101        1
  1874.43797981     1.00031490        1
  1874.45841141     1.00097260        1
  1874.47884310     0.99903095        1
  1874.49927460     1.00064865        1
  1874.51970629     0.99958156        1
  1874.54013789     0.99931576        1
  1874.56056938     0.99994051        1
  1874.58100108     0.99974624        1
  1874.62186417     1.00065347        1
  1874.64229587     1.00029158        1
  1874.66272746     0.99917660        1
  1874.68315906     1.00036136        1
  1874.70359065     1.00049523        1
  1874.72402225     0.99906193        1
  1874.74445374     0.99952811        1
  1874.76488544     1.00079854        1
  1874.78531703     1.00008455        1
  1874.80574863     1.00007779        1
  1874.86704351     0.99971216        1
  1874.88747501     1.00085618        1
  1874.90790660     1.00012915        1
  1874.92833830     1.00139112        1
  1874.94876979     1.00038039        1
  1874.96920139     1.00110736        1
  1874.98963309     1.00069088        1
  1875.01006458     0.99850105        1
  1875.03049628     0.99981159        1
  1875.05092787     0.99929817        1
  1875.11222266     1.00015683        1
  1875.13265415     1.00136507        1
  1875.15308585     0.99873594        1
  1875.17351745     0.99989224        1
  1875.19394904     1.00040238        1
  1875.21438064     0.99944745        1
  1875.23481223     0.99998953        1
  1875.35740181     0.99921064        1
  1875.37783350     0.99850788        1
  1875.39826500     1.00147365        1
  1875.41869660     1.00040374        1
  1875.43912829     1.00136083        1
  1875.45955979     0.99998167        1
  1875.47999138     0.99944778        1
  1875.50042308     0.99938833        1
  1875.52085458     0.99928365        1
  1875.54128627     0.99931928        1
  1875.56171787     0.99867657        1
  1875.60258106     1.00058635        1
  1875.62301266     0.99999894        1
  1875.64344415     0.99769854        1
  1875.66387585     0.99975595        1
  1875.68430745     1.00022869        1
  1875.70473904     0.99911463        1
  1875.72517064     1.00052403        1
  1875.74560224     1.00008444        1
  1875.76603393     0.99967041        1
  1875.78646543     0.99969796        1
  1875.80689703     1.00085608        1
  1875.84776032     1.00019490        1
  1875.86819182     1.00068922        1
  1875.88862351     0.99982787        1
  1875.90905511     0.99951452        1
  1875.92948661     0.99873434        1
  1875.94991830     0.99991143        1
  1875.97034990     0.99966906        1
  1875.99078160     0.99987993        1
  1876.01121309     0.99851614        1
  1876.09293948     1.00039809        1
  1876.11337108     1.00116289        1
  1876.13380267     0.99914423        1
  1876.15423417     1.00117786        1
  1876.17466587     0.99904750        1
  1876.19509747     0.99879899        1
  1876.21552906     0.99950546        1
  1876.23596066     0.99994650        1
  1876.25639226     1.00019330        1
  1876.33811875     1.00139754        1
  1876.35855034     1.00035521        1
  1876.37898184     0.99966342        1
  1876.39941354     1.00010593        1
  1876.41984514     1.00039888        1
  1876.44027663     0.99958078        1
  1876.46070833     0.99983717        1
  1876.48113993     1.00016926        1
  1876.50157163     0.99960340        1
  1876.52200313     0.99924809        1
  1876.54243472     1.00124631        1
  1876.58329792     1.00009702        1
  1876.60372952     0.99992889        1
  1876.62416122     1.00026946        1
  1876.64459271     1.00107420        1
  1876.66502431     1.00065628        1
  1876.82847710     0.99939605        1
  1876.84890880     1.00126813        1
  1876.86934029     1.00009130        1
  1876.88977189     1.00086384        1
  1876.91020359     1.00027066        1
  1876.93063519     1.00164680        1
  1877.07365648     1.00123031        1
  1877.09408798     1.00048861        1
  1877.11451958     1.00046641        1
  1877.13495128     1.00038187        1
  1877.15538278     1.00029050        1
  1877.17581438     1.00087320        1
  1877.19624608     1.00082735        1
  1877.21667758     1.00069268        1
  1877.23710927     1.00053511        1
  1877.25754087     0.99967568        1
  1877.27797237     0.99977181        1
  1877.31883567     0.99891999        1
  1877.33926727     1.00010570        1
  1877.35969887     1.00018131        1
  1877.38013047     0.99974427        1
  1877.40056207     1.00015348        1
  1877.42099367     0.99861496        1
  1877.44142527     1.00018938        1
  1877.46185687     1.00002216        1
  1877.48228847     0.99918468        1
  1877.50272007     1.00038102        1
  1877.52315167     0.99901431        1
  1877.56401487     0.99942098        1
  1877.58444657     1.00031282        1
  1877.60487807     0.99911293        1
  1877.62530967     0.99990755        1
  1877.64574137     0.99925526        1
  1877.66617287     0.99984894        1
  1877.68660457     0.99951178        1
  1877.70703617     0.99911690        1
  1877.72746767     1.00316994        1
  1877.74789937     1.00019894        1
  1877.76833097     0.99935307        1
  1877.80919418     0.99918380        1
  1877.82962578     0.99930439        1
  1877.85005728     0.99897586        1
  1877.87048898     0.99861924        1
  1877.89092058     0.99884864        1
  1877.91135218     0.99805479        1
  1877.93178378     0.99780435        1
  1877.95221538     0.99981886        1
  1877.97264708     0.99972742        1
  1877.99307868     1.00074549        1
  1878.01351019     1.00029793        1
  1878.05437349     1.00102059        1
  1878.07480499     1.00066394        1
  1878.09523669     1.00044769        1
  1878.11566829     0.99947684        1
  1878.13609979     1.00153490        1
  1878.15653150     1.00076870        1
  1878.17696300     1.00034438        1
  1878.19739470     0.99972309        1
  1878.21782630     1.00048924        1
  1878.23825780     1.00022151        1
  1878.25868951     1.00063730        1
  1878.29955261     1.00117970        1
  1878.31998431     1.00048241        1
  1878.34041591     1.00055269        1
  1878.36084742     1.00031812        1
  1878.38127912     0.99991273        1
  1878.40171072     1.00047678        1
  1878.42214242     1.00086131        1
  1878.44257393     1.00174777        1
  1878.46300553     0.99949661        1
  1878.48343723     1.00022523        1
  1878.54473204     0.99925781        1
  1878.56516364     1.00054721        1
  1878.58559515     0.99945526        1
  1878.60602685     1.00060286        1
  1878.62645845     0.99979175        1
  1878.64689005     0.99973394        1
  1878.66732166     0.99991124        1
  1878.68775326     1.00086067        1
  1878.70818496     1.00059435        1
  1878.72861647     1.00046200        1
  1878.74904807     1.00350480        1
  1878.78991128     1.00051943        1
  1878.81034288     0.99907152        1
  1878.83077449     1.00010465        1
  1878.85120609     0.99979587        1
  1878.87163779     1.00392245        1
  1878.89206930     0.99972455        1
  1878.91250090     1.00045447        1
  1878.93293261     0.99960531        1
  1878.95336411     1.00112329        1
  1878.97379571     1.00009105        1
  1878.99422742     1.00008693        1
  1879.07595384     0.99944186        1
  1879.09638544     0.99821553        1
  1879.11681705     0.99782404        1
  1879.13724865     0.99890576        1
  1879.15768025     0.99984712        1
  1879.17811186     0.99988624        1
  1879.19854346     1.00019731        1
  1879.21897517     0.99904351        1
  1879.23940667     1.00063799        1
  1879.30070149     0.99881454        1
  1879.32113320     0.99952969        1
  1879.34156480     1.00059906        1
  1879.36199631     1.00014100        1
  1879.38242801     0.99885039        1
  1879.40285962     1.00001867        1
  1879.42329112     0.99944752        1
  1879.44372283     1.00000775        1
  1879.46415444     1.00066329        1
  1879.48458594     0.99999457        1
  1879.52544915     0.99986552        1
  1879.54588086     1.00012306        1
  1879.56631246     0.99959992        1
  1879.58674407     0.99892053        1
  1879.60717568     1.00032661        1
  1879.62760728     1.00086051        1
  1879.64803889     1.00159065        1
  1879.66847050     1.00084136        1
  1879.68890210     0.99913673        1
  1879.70933371     1.00093408        1
  1879.72976532     1.00135523        1
  1879.77062863     0.99953063        1
  1879.79106024     1.00026665        1
  1879.81149175     0.99896912        1
  1879.83192345     0.99963447        1
  1879.85235506     0.99944804        1
  1879.87278657     1.00021420        1
  1879.89321827     1.00062826        1
  1879.91364988     0.99979432        1
  1879.93408139     1.00107806        1
  1879.95451310     0.99978537        1
  1879.97494471     1.00000000        1
  1880.01580792     0.99943270        2
  1880.03623953     1.00073883        2
  1880.05667124     0.99991517        2
  1880.07710275     0.99907136        2
  1880.09753435     1.00088336        2
  1880.11796596     0.99937155        2
  1880.13839757     1.00163861        2
  1880.15882918     0.99948050        2
  1880.17926089     0.99879204        2
  1880.19969240     1.00185278        2
  1880.22012410     1.00075825        2
  1880.26098722     1.00062591        2
  1880.28141893     0.99996758        2
  1880.30185054     0.99969268        2
  1880.32228205     0.99957948        2
  1880.34271376     0.99965740        2
  1880.36314537     1.00033795        2
  1880.38357688     1.00004128        2
  1880.40400859     1.00426807        2
  1880.42444020     0.99986666        2
  1880.44487191     1.00006413        2
  1880.50616674     0.99895816        2
  1880.52659825     1.00012216        2
  1880.54702986     1.00053988        2
  1880.56746157     1.00006325        2
  1880.58789308     1.00067160        2
  1880.60832469     0.99687753        2
  1880.62875640     1.00025472        2
  1880.64918791     0.99923465        2
  1880.66961962     1.00017841        2
  1880.75134606     0.99948482        2
  1880.77177767     1.00027410        2
  1880.79220928     1.00011020        2
  1880.81264089     1.00047374        2
  1880.83307251     0.99944121        2
  1880.85350412     1.00005901        2
  1880.87393573     1.00079505        2
  1880.89436734     1.00057765        2
  1880.91479895     0.99871924        2
  1880.93523056     1.00103386        2
  1880.95566227     1.00005273        2
  1880.99652540     1.00034883        2
  1881.01695711     0.99895033        2
  1881.03738862     0.99912351        2
  1881.05782024     1.00112177        2
  1881.07825195     1.00008831        2
  1881.09868346     1.00016620        2
  1881.11911517     1.00076100        2
  1881.13954679     1.00077183        2
  1881.15997830     0.99990190        2
  1881.18041001     1.00067858        2
  1881.20084162     0.99947810        2
  1881.24170485     0.99882454        2
  1881.26213646     0.99998747        2
  1881.28256808     0.99831898        2
  1881.30299969     0.99944165        2
  1881.32343130     0.99901533        2
  1881.34386302     1.00019874        2
  1881.36429453     0.99973599        2
  1881.38472614     0.99978971        2
  1881.40515786     0.99996779        2
  1881.42558947     0.99983893        2
  1881.44602099     1.00051388        2
  1881.48688421     1.00019276        2
  1881.50731593     0.99940761        2
  1881.52774754     0.99919497        2
  1881.54817916     1.00091832        2
  1881.56861077     1.00082999        2
  1881.58904239     0.99975552        2
  1881.60947390     0.99929262        2
  1881.62990562     1.00006978        2
  1881.65033723     0.99920506        2
  1881.67076875     0.99949269        2
  1881.69120046     0.99779597        2
  1881.73206379     1.00134183        2
  1881.75249531     0.99962293        2
  1881.77292692     0.99993266        2
  1881.79335864     0.99880089        2
  1881.81379015     0.99887684        2
  1881.83422177     0.99905721        2
  1881.85465349     1.00084780        2
  1881.87508500     1.00075306        2
  1881.89551662     0.99984973        2
  1881.91594833     1.00108862        2
  1881.93637995     0.99980015        2
  1881.97724318     1.00046932        2
  1881.99767480     0.99882666        2
  1882.01810642     0.99976066        2
  1882.03853803     1.00019967        2
  1882.05896965     1.00045082        2
  1882.07940137     0.99999225        2
  1882.09983289     0.99987956        2
  1882.12026450     1.00015421        2
  1882.14069622     1.00041726        2
  1882.16112774     1.00115551        2
  1882.22242259     1.00031485        2
  1882.24285431     0.99911748        2
  1882.26328583     1.00070990        2
  1882.28371744     1.00040660        2
  1882.30414916     1.00035888        2
  1882.32458068     0.99969525        2
  1882.34501240     0.99986916        2
  1882.36544402     1.00012596        2
  1882.38587554     1.00031860        2
  1882.46760211     1.00092484        2
  1882.48803373     1.00028411        2
  1882.50846535     0.99925233        2
  1882.52889697     0.99906010        2
  1882.54932859     0.99926263        2
  1882.56976031     0.99707428        2
  1882.77407651     0.99848774        2
  1882.79450823     1.00128010        2
  1882.81493975     1.00061918        2
  1882.83537137     0.99953365        2
  1882.85580310     1.00044602        2
  1882.87623462     1.00051825        2
  1882.89666614     1.00036793        2
  1882.91709786     0.99939126        2
  1883.01925607     1.00079388        2
  1883.03968759     1.00023395        2
  1883.06011921     1.00031195        2
  1883.08055093     0.99913633        2
  1883.10098256     1.00109456        2
  1883.12141408     0.99999857        2
  1883.14184580     1.00016154        2
  1883.16227743     0.99986671        2
  1883.20314067     0.99983023        2
  1883.22357229     0.99974218        2
  1883.24400402     0.99936247        2
  1883.26443554     0.99993615        2
  1883.28486716     1.00031274        2
  1883.30529889     0.99944205        2
  1883.32573041     1.00032764        2
  1883.34616204     0.99995862        2
  1883.36659376     0.99871995        2
  1883.38702528     1.00011808        2
  1883.40745701     1.00052433        2
  1883.44832016     1.00084172        2
  1883.46875188     1.00069267        2
  1883.48918351     0.99888167        2
  1883.50961503     0.99904168        2
  1883.53004676     0.99971271        2
  1883.55047828     0.99993290        2
  1883.57091001     0.99925239        2
  1883.59134163     0.99898572        2
  1883.61177316     0.99839007        2
  1883.63220488     1.00001531        2
  1883.65263651     1.00024735        2
  1883.69349976     1.00023970        2
  1883.71393139     0.99970979        2
  1883.73436301     1.00033141        2
  1883.75479464     1.00061643        2
  1883.77522626     1.00024707        2
  1883.79565799     1.00070912        2
  1883.81608962     0.99990403        2
  1883.83652114     1.00058917        2
  1883.85695287     1.00062939        2
  1883.87738450     0.99988129        2
  1883.89781602     0.99997196        2
  1883.97954263     1.00021583        2
  1883.99997426     1.00060716        2
  1884.02040599     1.00046688        2
  1884.04083752     1.00024111        2
  1884.06126915     0.99949237        2
  1884.08170087     1.00018089        2
  1884.10213240     0.99948837        2
  1884.12256403     1.00005995        2
  1884.14299576     0.99926905        2
  1884.20429055     0.99980108        2
  1884.22472217     1.00078500        2
  1884.24515390     0.99954347        2
  1884.26558543     1.00202661        2
  1884.28601706     1.00027970        2
  1884.30644879     1.00077456        2
  1884.32688042     1.00003559        2
  1884.34731195     0.99986631        2
  1884.36774368     0.99973931        2
  1884.38817531     1.00017613        2
  1884.42903857     0.99978106        2
  1884.44947020     0.99934088        2
  1884.46990193     0.99999003        2
  1884.49033346     1.00085862        2
  1884.51076509     0.99837562        2
  1884.53119683     0.99979897        2
  1884.55162836     1.00203540        2
  1884.57205999     1.00000000        2
  1884.59249172     0.99978243        2
  1884.61292325     1.00024059        2
  1884.63335498     1.00030378        2
  1884.67421815     1.00156134        2
  1884.69464988     0.99961106        2
  1884.71508151     0.99995096        2
  1884.73551314     0.99912585        2
  1884.75594477     0.99900419        2
  1884.77637641     1.00018963        2
  1884.79680804     1.00046000        2
  1884.81723967     1.00004782        2
  1884.83767131     0.99993272        2
  1884.85810294     1.00221254        2
  1884.91939784     0.99994398        2
  1884.93982947     1.00038522        2
  1884.96026111     1.00048151        2
  1884.98069284     1.00020009        2
  1885.00112437     1.00069082        2
  1885.02155611     1.00188387        2
  1885.04198774     1.00138882        2
  1885.06241928     1.00122111        2
  1885.08285101     1.00086527        2
  1885.10328265     0.99850135        2
  1885.12371418     0.99801727        2
  1885.16457755     0.98941712        2
  1885.18500909     0.99954041        2
  1885.20544082     0.99965569        2
  1885.22587246     0.99959483        2
  1885.24630419     0.99942079        2
  1885.26673573     0.99997073        2
  1885.28716736     1.00021283        2
  1885.30759910     0.99972256        2
  1885.32803064     0.99968359        2
  1885.34846227     0.99994245        2
  1885.36889401     1.00030684        2
  1885.40975718     0.99972859        2
  1885.43018892     0.99962926        2
  1885.45062056     0.99877160        2
  1885.47105219     1.00058963        2
  1885.49148383     0.99927745        2
  1885.51191547     0.99947796        2
  1885.53234711     1.00076800        2
  1885.55277874     1.00067840        2
  1885.57321028     0.99987472        2
  1885.59364202     0.99959524        2
  1885.61407366     0.99906324        2
  1885.65493693     0.99941888        2
  1885.67536857     0.99983442        2
  1885.69580031     1.00025076        2
  1885.71623185     1.00048439        2
  1885.73666349     0.99974371        2
  1885.75709523     0.99914108        2
  1885.77752677     1.00006420        2
  1885.79795841     0.99767202        2
  1885.81839015     1.00059990        2
  1885.83882169     0.99953746        2
  1885.85925343     0.99944691        2
  1885.90011661     0.99930069        2
  1885.92054835     0.99886733        2
  1885.94097999     0.99961770        2
  1885.96141163     1.00000471        2
  1885.98184327     0.99928941        2
  1886.00227491     0.99896993        2
  1886.02270655     1.00013413        2
  1886.04313819     0.99972770        2
  1886.06356983     1.00007067        2
  1886.08400157     1.00066018        2
  1886.10443321     0.99831670        2
  1886.16572814     1.00058114        2
  1886.18615968     1.00060368        2
  1886.20659142     1.00099168        2
  1886.22702297     0.99999964        2
  1886.24745471     0.99981258        2
  1886.26788635     1.00001825        2
  1886.28831790     1.00082736        2
  1886.30874964     1.00007450        2
  1886.32918128     1.00026222        2
  1886.34961282     1.00127461        2
  1886.39047621     1.00072814        2
  1886.41090776     1.00120092        2
  1886.43133950     1.00044990        2
  1886.45177114     1.00079951        2
  1886.47220289     1.00008823        2
  1886.49263443     1.00033956        2
  1886.51306608     1.00070724        2
  1886.53349782     0.99977280        2
  1886.63565605     1.00089002        2
  1886.65608769     1.00124538        2
  1886.67651934     1.00002102        2
  1886.69695098     1.00030047        2
  1886.71738263     1.00025300        2
  1886.73781428     1.00013823        2
  1886.88083580     0.99919277        2
  1886.90126745     1.00028306        2
  1886.92169920     0.99955263        2
  1886.94213075     1.00026666        2
  1886.96256240     1.00000998        2
  1886.98299414     1.00070966        2
  1887.00342569     0.99936441        2
  1887.12601568     0.99999282        2
  1887.14644733     0.99999564        2
  1887.16687898     1.00085324        2
  1887.18731063     0.99899385        2
  1887.20774228     1.00138624        2
  1887.22817393     1.00067488        2
  1887.24860568     0.99955677        2
  1887.26903723     0.99885178        2
  1887.28946888     0.99891767        2
  1887.30990063     0.99991265        2
  1887.33033228     0.99810972        2
  1887.37119559     0.99964903        2
  1887.39162724     1.00030775        2
  1887.41205879     0.99956265        2
  1887.43249054     0.99988024        2
  1887.45292219     0.99939446        2
  1887.47335384     1.00098555        2
  1887.49378550     1.00000374        2
  1887.51421715     0.99930276        2
  1887.53464890     0.99904699        2
  1887.55508045     1.00005345        2
  1887.57551211     0.99782138        2
  1887.61637541     1.00015723        2
  1887.63680716     0.99951691        2
  1887.65723872     0.99826126        2
  1887.67767037     0.99993326        2
  1887.69810213     0.99992902        2
  1887.71853368     0.99985830        2
  1887.73896533     0.99909188        2
  1887.75939709     1.00131830        2
  1887.77982864     0.99937205        2
  1887.86155536     1.00048851        2
  1887.88198702     1.00118070        2
  1887.90241867     1.00025684        2
  1887.92285033     1.00120636        2
  1887.94328198     0.99996472        2
  1887.96371364     1.00043554        2
  1887.98414539     0.99937363        2
  1891.04889650     1.00125928        3
  1891.06932818     1.00046124        3
  1891.08975996     0.99994025        3
  1891.11019155     0.99985872        3
  1891.13062323     0.99932467        3
  1891.15105502     1.00043916        3
  1891.17148660     0.99989201        3
  1891.19191838     0.99939740        3
  1891.21235007     0.99986235        3
  1891.23278166     0.99894753        3
  1891.29407671     1.00024738        3
  1891.31450850     0.99956155        3
  1891.33494018     0.99957115        3
  1891.35537197     0.99930845        3
  1891.37580356     1.00055850        3
  1891.39623524     1.00155792        3
  1891.41666703     1.00036739        3
  1891.43709862     0.99900645        3
  1891.45753031     0.99930210        3
  1891.47796209     1.00021590        3
  1891.49839378     0.99921833        3
  1891.53925716     0.99999075        3
  1891.55968875     0.99947975        3
  1891.58012053     0.99963975        3
  1891.60055222     1.00161584        3
  1891.62098381     1.00013019        3
  1891.64141560     0.99926671        3
  1891.66184729     0.99952792        3
  1891.68227888     1.00080959        3
  1891.70271067     1.00075568        3
  1891.72314236     1.00037089        3
  1891.74357415     1.00053776        3
  1891.78443743     0.99975839        3
  1891.80486922     1.00004529        3
  1891.82530081     0.99998958        3
  1891.84573250     1.00047953        3
  1891.86616430     0.99966536        3
  1891.88659589     1.00016750        3
  1891.90702758     1.00032908        3
  1891.92745937     0.99915532        3
  1891.94789096     0.99866305        3
  1891.96832276     1.00001779        3
  1891.98875445     0.99918187        3
  1892.02961784     0.99961467        3
  1892.05004953     0.99993147        3
  1892.07048122     0.99989641        3
  1892.09091292     1.00027384        3
  1892.11134461     1.00017866        3
  1892.13177640     1.00011881        3
  1892.15220810     1.00043009        3
  1892.17263969     0.99971994        3
  1892.19307149     1.00017893        3
  1892.21350308     0.99991569        3
  1892.23393478     1.00083507        3
  1892.27479817     0.99980199        3
  1892.29522997     1.00140907        3
  1892.31566166     1.00048798        3
  1892.33609326     1.00059896        3
  1892.35652505     0.99992467        3
  1892.37695675     1.00006201        3
  1892.39738835     1.00046525        3
  1892.41782015     1.00110380        3
  1892.43825184     1.00009696        3
  1892.45868344     1.00054339        3
  1892.51997873     1.00057073        3
  1892.54041033     1.00189938        3
  1892.56084203     0.99978286        3
  1892.58127383     1.00002414        3
  1892.60170543     1.00189093        3
  1892.62213713     0.99928588        3
  1892.64256893     0.99972806        3
  1892.66300063     0.99962114        3
  1892.82645423     0.99938523        3
  1892.84688593     0.99903728        3
  1892.86731774     0.99845672        3
  1892.88774934     0.99916892        3
  1892.90818114     1.00006902        3
  1892.92861274     0.99966077        3
  1892.94904445     1.00039963        3
  1892.96947625     0.99925474        3
  1893.01033956     0.99810874        3
  1893.03077136     0.99961745        3
  1893.05120296     1.00155909        3
  1893.07163477     1.00009613        3
  1893.09206647     0.99931887        3
  1893.11249808     0.99923589        3
  1893.13292988     1.00080180        3
  1893.15336159     0.99809274        3
  1893.17379319     0.99886073        3
  1893.19422500     0.99887925        3
  1893.21465670     0.99714819        3
  1893.33724694     1.00006788        3
  1893.35767875     1.00036346        3
  1893.37811046     0.99928590        3
  1893.39854206     1.00004359        3
  1893.41897387     0.99949007        3
  1893.43940558     1.00057910        3
  1893.45983739     1.00015864        3
  1893.50070070     1.00010331        3
  1893.52113251     0.99946245        3
  1893.54156412     0.99980826        3
  1893.56199573     0.99976555        3
  1893.58242754     1.00005934        3
  1893.60285925     0.99921986        3
  1893.62329106     1.00081182        3
  1893.64372267     1.00007762        3
  1893.66415438     0.99974128        3
  1893.68458619     1.00002873        3
  1893.70501780     0.99827622        3
  1893.74588133     1.00011603        3
  1893.76631294     1.00061844        3
  1893.78674465     0.99995195        3
  1893.80717646     1.00077171        3
  1893.82760808     1.00055290        3
  1893.84803989     0.99657027        3
  1893.86847160     0.99977871        3
  1893.88890331     0.99710804        3
  1893.90933503     0.99946548        3
  1893.92976674     0.99996310        3
  1894.03192541     0.99879635        3
  1894.05235703     1.00162547        3
  1894.07278884     0.99987171        3
  1894.09322056     1.00089657        3
  1894.11365217     1.00049137        3
  1894.13408399     0.99881528        3
  1894.15451570     0.99989697        3
  1894.17494742     1.00046495        3
  1894.19537914     0.99959451        3
  1894.23624257     1.00055956        3
  1894.25667429     0.99961481        3
  1894.27710590     1.00076371        3
  1894.29753772     1.00077773        3
  1894.31796944     1.00094961        3
  1894.33840106     1.00024921        3
  1894.35883288     1.00017383        3
  1894.37926460     1.00095812        3
  1894.39969641     1.00120135        3
  1894.42012803     1.00142541        3
  1894.44055975     1.00011099        3
  1894.48142319     1.00134139        3
  1894.50185491     0.99937870        3
  1894.52228673     1.00095080        3
  1894.54271845     1.00002014        3
  1894.56315017     1.00089017        3
  1894.58358189     0.99960275        3
  1894.60401362     1.00032091        3
  1894.62444534     0.99918759        3
  1894.72660395     1.00048804        3
  1894.74703577     0.99952066        3
  1894.76746739     1.00115306        3
  1894.78789922     0.99974207        3
  1894.80833094     1.00087152        3
  1894.82876256     1.00056921        3
  1894.84919439     0.99921019        3
  1894.97178474     0.99710254        3
  1894.99221636     1.00054143        3
  1895.01264819     0.99955531        3
  1895.03307991     1.00000296        3
  1895.05351164     0.99986842        3
  1895.07394337     0.99972200        3
  1895.09437509     0.99941353        3
  1895.11480692     0.99924046        3
  1895.13523855     0.99881508        3
  1895.15567028     1.00065879        3
  1895.17610210     0.99915454        3
  1895.21696546     0.99833019        3
  1895.23739729     0.99875498        3
  1895.25782902     0.99916453        3
  1895.27826065     1.00030173        3
  1895.29869248     0.99933439        3
  1895.31912420     1.00021546        3
  1895.33955603     1.00016753        3
  1895.35998766     1.00035616        3
  1895.38041939     0.99934772        3
  1895.40085123     1.00092967        3
  1895.42128286     1.00073168        3
  1895.46214642     0.99900728        3
  1895.48257805     1.00011095        3
  1895.50300988     1.00001357        3
  1895.52344151     0.99870509        3
  1895.54387325     0.99984363        3
  1895.56430508     1.00216724        3
  1895.58473671     0.99909937        3
  1895.60516844     0.99979388        3
  1895.62560028     0.99868996        3
  1895.64603191     0.99921505        3
  1895.66646374     1.00103063        3
  1895.70732721     0.99976186        3
  1895.72775895     0.99983977        3
  1895.74819068     1.00056704        3
  1895.76862242     1.00106481        3
  1895.78905415     1.00021582        3
  1895.80948589     0.99970188        3
  1895.82991762     1.00013425        3
  1895.85034946     0.99981564        3
  1895.87078109     0.99896882        3
  1895.89121293     1.00017112        3
  1895.91164467     1.00044258        3
  1895.97293988     0.99920655        3
  1895.99337152     1.00023657        3
  1896.01380335     0.99952037        3
  1896.03423509     1.00010509        3
  1896.05466693     1.00011378        3
  1896.07509857     0.99999342        3
  1896.09553031     0.99989525        3
  1896.11596205     0.99931051        3
  1896.13639379     1.00049631        3
  1896.15682553     1.00129604        3
  1896.19768901     0.99990410        3
  1896.21812085     1.00002476        3
  1896.23855249     0.99986975        3
  1896.25898423     0.99916182        3
  1896.27941607     0.99947085        3
  1896.29984771     0.99995269        3
  1896.32027945     1.00027231        3
  1896.34071129     1.00006057        3
  1896.36114294     1.00038177        3
  1896.38157468     0.99973036        3
  1896.48373349     1.00018219        3
  1896.50416524     1.00123975        3
  1896.52459698     1.00024077        3
  1896.54502873     1.00117067        3
  1896.56546057     0.99902264        3
  1896.58589222     0.99839071        3
  1896.60632406     0.99909883        3
  1896.62675581     0.99962638        3
  1896.64718745     1.00037384        3
  1896.68805104     0.99919217        3
  1896.70848269     0.99875563        3
  1896.72891454     1.00034400        3
  1896.74934628     1.00075513        3
  1896.76977803     1.00240956        3
  1896.79020978     1.00098727        3
  1896.81064153     1.00043744        3
  1896.83107327     1.00003162        3
  1896.85150502     1.00083423        3
  1896.87193677     1.00213573        3
  1896.89236852     1.00139700        3
  1896.93323202     0.99932423        3
  1896.95366377     0.99980543        3
  1896.97409552     0.99893155        3
  1896.99452737     0.99974167        3
  1897.01495902     0.99806379        3
  1897.03539077     0.99707315        3
  1897.05582262     1.00062223        3
  1897.07625437     0.99981709        3
  1897.09668602     0.99944843        3
  1897.11711787     1.00040504        3
  1897.13754963     1.00070150        3
  1897.17841313     1.00108627        3
  1897.19884488     1.00046292        3
  1897.21927674     1.00000000        3
  1897.23970839     1.00002455        3
  1897.26014014     0.99970931        3
  1897.28057200     1.00022586        3
  1897.30100365     0.99929385        3
  1897.32143550     1.00041323        3
  1897.34186726     1.00082188        3
  1897.36229891     0.99953576        3
  1897.38273077     0.99862960        3
  1897.42359418     1.00031617        3
  1897.44402604     0.99987642        3
  1897.46445779     1.00017840        3
  1897.48488965     0.99866474        3
  1897.50532130     0.99928176        3
  1897.52575296     0.99550109        3
  1897.54618482     0.99961646        3
  1897.56661658     1.00012179        3
  1897.58704833     1.00301726        3
  1897.60748009     0.99956118        3
  1897.62791185     0.99980364        3
  1897.75050240     1.00187385        3
  1897.77093426     1.00048656        3
  1897.79136602     1.00037465        3
  1897.81179769     0.99922278        3
  1897.83222955     0.99962351        3
  1897.85266131     0.99976396        3
  1897.87309317     1.00044020        3
  1897.91395659     0.99855534        3
  1897.93438845     1.00009333        3
  1897.95482012     0.99995666        3
  1897.97525188     1.00021324        3
  1897.99568374     1.00030123        3
  1898.01611541     1.00043545        4
  1898.03654727     0.99987368        4
  1898.05697903     0.99963421        4
  1898.07741070     1.00023892        4
  1898.09784256     1.00060389        4
  1898.11827433     1.00005630        4
  1898.15913786     0.99922904        4
  1898.17956952     1.00030264        4
  1898.20000139     1.00003507        4
  1898.22043315     0.99980725        4
  1898.24086482     0.99933466        4
  1898.26129669     0.99850682        4
  1898.28172845     0.99891576        4
  1898.30216022     0.99726498        4
  1898.32259199     1.00015251        4
  1898.40431906     0.99973881        4
  1898.42475093     1.00092271        4
  1898.44518270     1.00045744        4
  1898.46561437     1.00040648        4
  1898.48604624     0.99995281        4
  1898.50647801     1.00158448        4
  1898.52690968     1.00043606        4
  1898.54734155     1.00107720        4
  1898.56777332     1.00059061        4
  1898.58820519     1.00033544        4
  1898.64950050     1.00027462        4
  1898.66993217     0.99967425        4
  1898.69036395     1.00047196        4
  1898.71079582     1.00016892        4
  1898.73122749     0.99954996        4
  1898.75165936     1.00024292        4
  1898.77209114     0.99991844        4
  1898.79252281     0.99979170        4
  1898.81295469     0.99935062        4
  1898.83338636     0.99992483        4
  1898.85381813     0.99982644        4
  1898.89468168     1.00010159        4
  1898.91511346     0.99919479        4
  1898.93554533     0.99849089        4
  1898.95597711     1.00038782        4
  1898.97640889     1.00030079        4
  1898.99684066     0.99976906        4
  1899.01727244     1.00045201        4
  1899.03770422     0.99954695        4
  1899.05813599     0.99985053        4
  1899.07856777     1.00081859        4
  1899.09899965     0.99957713        4
  1899.13986321     0.99936590        4
  1899.16029498     0.99982365        4
  1899.18072666     1.00134272        4
  1899.20115854     0.99915351        4
  1899.22159032     0.99966662        4
  1899.24202200     0.99972595        4
  1899.26245388     0.99986731        4
  1899.28288566     1.00018030        4
  1899.30331754     1.00054794        4
  1899.32374922     0.99983493        4
  1899.34418101     0.99983352        4
  1899.38504457     1.00034214        4
  1899.40547635     1.00042234        4
  1899.42590823     1.00007988        4
  1899.44633992     1.00038812        4
  1899.46677180     0.99976559        4
  1899.48720348     0.99922362        4
  1899.50763526     0.99993134        4
  1899.52806715     0.99941556        4
  1899.54849883     1.00200077        4
  1899.56893062     1.00003139        4
  1899.58936250     0.99919997        4
  1899.63022597     1.00002088        4
  1899.65065786     1.00008672        4
  1899.67108964     1.00031327        4
  1899.69152143     1.00154740        4
  1899.71195321     0.99995461        4
  1899.73238500     0.99983339        4
  1899.75281689     1.00091875        4
  1899.77324858     0.99953660        4
  1899.79368036     1.00082974        4
  1899.81411225     0.99951011        4
  1899.83454394     0.99863524        4
  1899.89583930     1.00025146        4
  1899.91627119     1.00009243        4
  1899.93670298     1.00083420        4
  1899.95713467     1.00050205        4
  1899.97756656     0.99985008        4
  1899.99799835     1.00046029        4
  1900.01843024     0.99920962        4
  1900.03886193     0.99939710        4
  1900.05929373     0.99983096        4
  1900.07972552     1.00064722        4
  1900.12058910     1.00060740        4
  1900.14102089     0.99991010        4
  1900.16145269     0.99971336        4
  1900.18188458     0.99978566        4
  1900.20231627     1.00137202        4
  1900.22274807     1.00078350        4
  1900.24317996     1.00029532        4
  1900.26361165     1.00094578        4
  1900.28404345     0.99922671        4
  1900.30447534     0.99992572        4
  1900.32490714     1.00081386        4
  1900.36577073     1.00055164        4
  1900.38620252     1.00032150        4
  1900.40663442     1.00003373        4
  1900.42706612     0.99984746        4
  1900.44749791     0.99992925        4
  1900.46792981     0.99861338        4
  1900.48836151     0.99964464        4
  1900.50879331     1.00004768        4
  1900.52922520     1.00002888        4
  1900.54965690     0.99931488        4
  1900.57008880     0.99822803        4
  1900.61095230     0.99909364        4
  1900.63138420     1.00011030        4
  1900.65181600     1.00113163        4
  1900.67224770     1.00060028        4
  1900.69267960     0.99997315        4
  1900.71311140     1.00132416        4
  1900.85613401     0.99980161        4
  1900.87656581     0.99955500        4
  1900.89699771     0.99812682        4
  1900.91742952     1.00038945        4
  1900.93786122     0.99973838        4
  1900.95829313     0.99905141        4
  1900.97872493     0.99963424        4
  1900.99915664     0.99967507        4
  1901.01958854     0.99965470        4
  1901.04002035     0.99957007        4
  1901.06045205     0.99910463        4
  1901.10131576     0.99950639        4
  1901.12174767     1.00027007        4
  1901.14217938     1.00066539        4
  1901.16261118     0.99877063        4
  1901.18304309     0.99987795        4
  1901.20347480     0.99925803        4
  1901.22390661     0.99979778        4
  1901.24433851     0.99862606        4
  1901.26477022     0.99896076        4
  1901.28520213     1.00041859        4
  1901.30563394     1.00022695        4
  1901.36692937     1.00078580        4
  1901.38736118     0.99937273        4
  1901.40779299     0.99983844        4
  1901.42822480     1.00095444        4
  1901.44865661     0.99929855        4
  1901.46908843     0.99972377        4
  1901.48952024     0.99980626        4
  1901.50995205     1.00000154        4
  1901.53038386     1.00037321        4
  1901.55081567     1.00043193        4
  1901.59167930     0.99972223        4
  1901.61211121     1.00030074        4
  1901.63254303     1.00018198        4
  1901.65297474     1.00028868        4
  1901.67340666     0.99977913        4
  1901.69383847     0.99990243        4
  1901.71427019     0.99937894        4
  1901.73470210     0.99961411        4
  1901.75513392     1.00072459        4
  1901.77556563     1.00003482        4
  1901.79599755     1.00051111        4
  1901.83686129     1.00003383        4
  1901.85729300     1.00113245        4
  1901.87772482     1.00004184        4
  1901.89815674     0.99919438        4
  1901.91858846     1.00026430        4
  1901.93902028     1.00064325        4
  1901.95945219     1.00125557        4
  1901.97988391     1.00068800        4
  1902.00031583     1.00074361        4
  1902.02074765     1.00108151        4
  1902.08204311     0.99978084        4
  1902.10247483     1.00186650        4
  1902.12290676     1.00024399        4
  1902.14333858     1.00045672        4
  1902.16377040     1.00117055        4
  1902.18420222     0.99991162        4
  1902.20463404     1.00082857        4
  1902.22506587     1.00048628        4
  1902.24549769     1.00066630        4
  1902.26592951     1.00016501        4
  1902.28636144     0.99939478        4
  1902.32722499     1.00061220        4
  1902.34765691     0.99979331        4
  1902.36808864     1.00066768        4
  1902.38852056     1.00087530        4
  1902.40895239     0.99996479        4
  1902.42938411     1.00083649        4
  1902.44981604     0.99944160        4
  1902.57240700     1.00026092        4
  1902.59283883     1.00012305        4
  1902.61327076     1.00118095        4
  1902.63370249     1.00059996        4
  1902.65413432     1.00025339        4
  1902.67456625     0.99933405        4
  1902.69499798     1.00003780        4
  1902.71542991     0.99928877        4
  1902.73586174     0.99998845        4
  1902.75629347     0.99976693        4
  1902.77672540     0.99919087        4
  1902.81758907     0.99540857        4
  1902.83802090     0.99841073        4
  1902.85845273     0.99953610        4
  1902.87888446     1.00019497        4
  1902.89931640     0.99921427        4
  1902.91974823     0.99957101        4
  1902.94018016     0.99854342        4
  1902.96061190     0.99916778        4
  1902.98104373     0.99925426        4
  1903.00147567     1.00123407        4
  1903.02190740     0.99946398        4
  1903.20579393     1.00001818        4
  1903.22622587     0.99930112        4
  1903.24665771     1.00037282        4
  1903.26708965     1.00016080        4
  1903.30795323     1.00050045        4
  1903.32838517     0.99990216        4
  1903.34881691     0.99997466        4
  1903.36924875     0.99953051        4
  1903.38968069     0.99919807        4
  1903.41011253     0.99996746        4
  1903.43054437     1.00154904        4
  1903.45097611     0.99958060        4
  1903.47140795     0.99911988        4
  1903.49183990     0.99872725        4
  1903.51227174     0.99954829        4
  1903.55313543     1.00079279        4
  1903.57356727     0.99930785        4
  1903.59399901     1.00025933        4
  1903.61443096     0.99993726        4
  1903.63486280     0.99969941        4
  1903.65529475     1.00096494        4
  1903.67572649     1.00045903        4
  1903.69615834     1.00021251        4
  1903.71659028     0.99997179        4
  1903.73702203     0.99839643        4
  1903.75745388     0.99926375        4
  1903.79831757     0.99988699        4
  1903.81874952     0.99870361        4
  1903.83918137     1.00010874        4
  1903.85961312     1.00000000        4
  1903.88004506     0.99972647        4
  1903.90047691     0.99980677        4
  1903.92090866     1.00046029        4
  1903.94134061     1.00042565        4
  1903.96177246     1.00038510        4
  1903.98220441     0.99975976        4
  1904.00263616     1.00043866        4
  1904.04349986     0.99982679        4
  1904.06393182     1.00041181        4
  1904.08436357     1.00017240        4
  1904.10479542     1.00032535        4
  1904.12522727     1.00052316        4
  1904.14565912     1.00001520        4
  1904.16609108     1.00014764        4
  1904.18652283     1.00055443        4
  1904.20695478     1.00028090        4
  1904.22738664     1.00061117        4
  1904.24781839     1.00012041        4
  1904.28868220     0.99971408        4
  1904.30911396     1.00010894        4
  1904.32954591     0.99989365        4
  1904.34997777     0.99842937        4
  1904.37040973     1.00031677        4
  1904.39084148     0.99974831        4
  1904.41127334     0.99992154        4
  1904.43170530     1.00042106        4
  1904.45213706     0.99946537        4
  1904.47256891     1.00030444        4
  1904.49300087     0.99981683        4
  1904.61559203     1.00131640        4
  1904.63602389     1.00128615        4
  1904.65645575     1.00064717        4
  1904.67688761     0.99997471        4
  1904.69731947     1.00032293        4
  1904.71775134     0.99976318        4
  1904.73818320     1.00023609        4
  1904.77904692     0.99889302        4
  1904.79947879     1.00053638        4
  1904.81991075     0.99963602        4
  1904.84034252     1.00020209        4
  1904.86077438     0.99938865        4
  1905.02422931     0.99980590        4
  1905.04466127     1.00023510        4
  1905.06509314     1.00036904        4
  1905.08552511     0.99991887        4
  1905.10595688     0.99889277        4
  1905.12638875     0.99913065        4
  1905.14682072     0.99968992        4
  1905.16725248     1.00001809        4
  1905.18768435     1.00066100        4
