  1835.65941642     1.01456720        0
  1835.80244233     1.00284714        0
  1835.82287470     1.00663573        0
  1835.84330687     1.00536486        0
  1835.86373915     1.00300421        0
  1835.88417152     0.99984852        0
  1835.90460368     1.00175020        0
  1835.92503595     1.00038994        0
  1835.94546832     0.99777553        0
  1835.96590049     0.99901837        0
  1835.98633276     0.99757374        0
  1836.00676512     0.99791258        0
  1836.02719729     0.99770181        0
  1836.04762956     0.99599009        0
  1836.06806192     0.99765883        0
  1836.08849409     0.99550035        0
  1836.10892635     0.98976612        0
  1836.12935871     0.94775056        0
  1836.14979098     0.88427376        0
  1836.17022314     0.82580351        0
  1836.19065550     0.79124197        0
  1836.21108776     0.80094317        0
  1836.23152012     0.84936157        0
  1836.25195229     0.91342679        0
  1836.27238455     0.97025160        0
  1836.31324906     0.99849036        0
  1836.33368132     1.00043425        0
  1836.35411368     0.99979760        0
  1836.37454584     1.00029124        0
  1836.39497809     1.00022775        0
  1836.41541035     1.00027669        0
  1836.43584261     1.00162550        0
  1836.45627486     1.00063559        0
  1836.47670712     1.00162547        0
  1836.49713937     1.00099728        0
  1836.51757162     1.00002843        0
  1836.53800388     1.00297450        0
  1836.55843613     1.00061940        0
  1836.57886838     1.00104562        0
  1836.59930073     1.00100804        0
  1836.61973288     1.00143487        0
  1836.64016513     1.00249013        0
  1836.66059748     1.00025029        0
  1836.68102963     1.00286623        0
  1836.70146188     1.00138001        0
  1836.72189423     1.00156418        0
  1836.74232638     1.00282171        0
  1836.76275862     1.00118369        0
  1836.78319097     1.00132406        0
  1836.80362312     1.00099244        0
  1836.82405546     1.00218373        0
  1836.84448771     1.00005200        0
  1836.86491985     0.99877140        0
  1836.88535220     1.00028724        0
  1836.90578444     1.00159039        0
  1836.92621658     0.99869939        0
  1836.94664892     0.99849559        0
  1836.96708117     1.00023829        0
  1836.98751341     1.00213663        0
  1837.00794565     0.99998563        0
  1837.02837789     0.99944691        0
  1837.06924247     1.00000000        0
  1837.08967461     0.99938910        0
  1837.11010685     0.99935193        0
  1837.13053908     0.99942375        0
  1837.15097132     1.00128144        0
  1837.17140356     0.99125815        0
  1837.19183579     0.94499526        0
  1837.21226803     0.87765971        0
  1837.23270026     0.81245414        0
  1837.25313250     0.77829720        0
  1837.27356473     0.78875892        0
  1837.29399687     0.84223666        0
  1837.31442920     0.91371712        0
  1837.33486143     0.97320825        0
  1837.35529366     0.99908502        0
  1837.37572589     0.99688089        0
  1837.39615813     0.99927114        0
  1837.41659036     1.00073765        0
  1837.43702269     0.99750366        0
  1837.45745481     0.99865946        0
  1837.47788714     1.00016616        0
  1837.49831937     1.00048072        0
  1837.51875150     0.99976389        0
  1837.53918383     0.99899966        0
  1837.55961605     1.00187460        0
  1837.58004818     1.00175365        0
  1837.60048051     0.99943227        0
  1837.62091273     1.00133760        0
  1837.64134486     1.00157832        0
  1837.66177718     1.00218067        0
  1837.68220940     1.00161177        0
  1837.70264153     1.00085499        0
  1837.72307385     1.00331923        0
  1837.74350607     1.00126355        0
  1837.76393819     1.00262760        0
  1837.78437051     1.00181126        0
  1837.80480273     1.00059566        0
  1837.82523495     1.00344322        0
  1837.84566717     1.00187467        0
  1837.86609939     1.00174006        0
  1837.88653151     1.00130259        0
  1837.90696383     1.00230273        0
  1837.92739605     1.00259895        0
  1837.94782826     0.99990455        0
  1837.96826048     1.00060658        0
  1837.98869269     1.00166073        0
  1838.00912481     0.99982110        0
  1838.02955712     0.99849982        0
  1838.04998934     0.99877792        0
  1838.07042165     1.00120828        0
  1838.09085377     0.99989065        0
  1838.11128598     0.99787261        0
  1838.13171829     1.00008405        0
  1838.15215040     0.99985844        0
  1838.17258261     0.99962348        0
  1838.19301492     0.99946691        0
  1838.21344703     0.99830671        0
  1838.27474376     0.88410559        0
  1838.29517587     0.82692932        0
  1838.31560818     0.79505735        0
  1838.33604038     0.80855530        0
  1838.35647249     0.85855969        0
  1838.37690480     0.92053204        0
  1838.39733700     0.97846297        0
  1838.41776911     0.99904113        0
  1838.43820141     0.99938976        0
  1838.45863362     0.99743951        0
  1838.47906572     0.99870163        0
  1838.49949802     1.00093293        0
  1838.51993022     0.99694163        0
  1838.54036233     0.99788705        0
  1838.56079463     0.99926810        0
  1838.58122683     0.99929814        0
  1838.60165893     0.99959255        0
  1838.62209123     0.99900285        0
  1838.64252343     1.00208682        0
  1838.66295553     1.00106353        0
  1838.68338783     1.00047585        0
  1838.70382002     1.00260764        0
  1838.72425222     1.00277174        0
  1838.74468442     1.00159720        0
  1838.76511661     1.00209858        0
  1838.78554881     1.00273514        0
  1838.80598100     1.00263084        0
  1838.82641320     1.00060548        0
  1838.84684549     1.00075416        0
  1838.86727759     1.00292301        0
  1838.88770978     0.99927738        0
  1838.90814207     1.00090976        0
  1838.92857417     1.00075954        0
  1838.94900636     1.00168626        0
  1838.96943865     1.00139717        0
  1838.98987074     1.00003052        0
  1839.05116731     1.00183101        0
  1839.07159950     1.00194544        0
  1839.09203178     1.00119782        0
  1839.11246397     1.00271871        0
  1839.13289606     1.00320310        0
  1839.15332835     1.00422999        0
  1839.17376053     1.00123572        0
  1839.19419262     0.99891432        0
  1839.21462490     1.00163999        0
  1839.23505709     0.99947112        0
  1839.25548917     0.99672561        0
  1839.27592146     0.99550320        0
  1839.29635364     0.98647324        0
  1839.31678592     0.93809856        0
  1839.33721800     0.86742489        0
  1839.35765018     0.80283646        0
  1839.37808237     0.77008026        0
  1839.39851455     0.78444974        0
  1839.41894663     0.84053062        0
  1839.43937891     0.91061008        0
  1839.45981109     0.96984244        0
  1839.48024316     0.99535604        0
  1839.50067544     0.99421089        0
  1839.52110762     0.99549594        0
  1839.54153980     0.99775745        0
  1839.56197197     0.99885719        0
  1839.58240415     1.00031783        0
  1839.60283632     0.99917504        0
  1839.62326850     1.00177841        0
  1839.72542937     1.00132114        0
  1839.74586164     1.00098260        0
  1839.76629371     0.99912582        0
  1839.78672588     1.00261287        0
  1839.80715815     1.00203066        0
  1839.82759022     1.00121376        0
  1839.84802239     1.00057263        0
  1839.86845466     1.00259086        0
  1839.88888673     1.00511211        0
  1839.90931890     1.00343463        0
  1839.92975117     1.00351865        0
  1839.95018333     1.00696365        0
  1839.97061550     1.00720596        0
  1839.99104766     1.00735615        0
  1840.27709794     0.99756911        0
  1840.29753010     1.00118819        0
  1840.31796215     1.00068435        0
  1840.33839441     0.99893106        0
  1840.35882657     0.98997957        0
  1840.37925872     0.94580721        0
  1840.39969088     0.88321303        0
  1840.42012304     0.82312031        0
  1840.44055519     0.79419440        0
  1840.46098735     0.81011683        0
  1840.48141950     0.85990365        0
  1840.50185165     0.92385246        0
  1840.52228391     0.97760589        0
  1840.54271596     0.99651818        0
  1840.56314821     0.99756728        0
  1840.58358036     0.99655198        0
  1840.60401242     0.99564924        0
  1840.62444467     0.99590861        0
  1840.64487682     0.99502126        0
  1840.66530887     0.99786499        0
  1840.68574111     0.99755447        0
  1840.70617326     0.99965789        0
  1840.72660531     1.00186034        0
  1840.74703756     1.00246395        0
  1840.76746971     1.00433096        0
  1840.78790185     1.00254240        0
  1840.80833400     1.00345289        0
  1840.82876605     1.00480158        0
  1840.84919829     1.00258202        0
  1840.86963044     1.00416700        0
  1840.89006258     1.00264806        0
  1840.91049462     1.00186995        0
  1840.93092687     1.00107541        0
  1840.95135901     0.99893853        0
  1840.97179105     0.99906857        0
  1840.99222329     0.99599177        0
  1872.00776904     1.00195161        1
  1872.02820069     1.00315749        1
  1872.04863234     0.99977593        1
  1872.06906399     1.00095386        1
  1872.08949564     1.00178652        1
  1872.10992729     0.99916083        1
  1872.13035904     0.99927137        1
  1872.17122224     1.00060850        1
  1872.19165399     0.99847271        1
  1872.21208564     0.99304087        1
  1872.23251719     0.95873816        1
  1872.25294894     0.89595803        1
  1872.27338059     0.83322264        1
  1872.29381214     0.79569116        1
  1872.31424389     0.80107757        1
  1872.33467554     0.84468957        1
  1872.35510709     0.90698003        1
  1872.37553884     0.96531689        1
  1872.41640224     0.99647117        1
  1872.43683379     0.99822798        1
  1872.45726543     0.99983499        1
  1872.47769718     0.99835743        1
  1872.49812873     0.99964879        1
  1872.51856038     0.99934304        1
  1872.53899212     1.00287571        1
  1872.55942367     1.00042384        1
  1872.57985532     1.00218020        1
  1872.60028707     1.00534873        1
  1872.62071861     1.00326022        1
  1872.66158201     1.00307497        1
  1872.68201356     1.00535122        1
  1872.70244530     1.00528608        1
  1872.72287695     1.00299004        1
  1872.74330849     1.00321903        1
  1872.76374024     1.00349177        1
  1872.78417189     1.00327615        1
  1872.80460343     1.00324844        1
  1872.82503518     1.00141691        1
  1872.84546682     1.00139606        1
  1872.86589837     1.00242938        1
  1872.90676176     1.00243936        1
  1872.92719330     0.99989424        1
  1872.94762505     1.00221181        1
  1872.96805669     1.00385395        1
  1872.98848844     1.00029772        1
  1873.00891998     1.00139798        1
  1873.02935163     1.00150380        1
  1873.04978337     1.00307886        1
  1873.07021492     1.00014287        1
  1873.09064656     0.99947221        1
  1873.15194149     0.99916277        1
  1873.17237323     0.99831261        1
  1873.19280488     0.99811086        1
  1873.21323652     0.99866485        1
  1873.23366816     0.99548381        1
  1873.25409981     0.99459093        1
  1873.27453145     0.99035714        1
  1873.29496309     0.94767801        1
  1873.31539473     0.88268011        1
  1873.33582638     0.81406435        1
  1873.35625802     0.77344114        1
  1873.39712130     0.83306099        1
  1873.41755294     0.90197789        1
  1873.43798449     0.96442186        1
  1873.45841623     0.99653255        1
  1873.47884787     0.99781206        1
  1873.49927961     0.99587265        1
  1873.51971115     0.99852785        1
  1873.54014279     0.99985874        1
  1873.56057453     0.99709948        1
  1873.58100607     0.99841820        1
  1873.60143772     0.99858247        1
  1873.74445930     1.00152543        1
  1873.76489094     1.00253987        1
  1873.78532257     1.00215704        1
  1873.80575421     1.00150862        1
  1873.82618585     1.00458575        1
  1873.84661759     1.00365292        1
  1873.88748077     1.00590744        1
  1873.90791251     1.00414346        1
  1873.92834405     1.00411097        1
  1873.94877569     1.00413354        1
  1873.96920742     1.00529420        1
  1873.98963896     1.00475891        1
  1874.01007070     1.00141433        1
  1874.03050224     1.00273128        1
  1874.05093388     1.00410720        1
  1874.07136561     1.00049143        1
  1874.09179715     0.99971763        1
  1874.23481861     0.99722169        1
  1874.25525035     1.00054110        1
  1874.27568198     0.99906662        1
  1874.29611362     0.99941707        1
  1874.31654526     0.99793327        1
  1874.33697689     0.99280518        1
  1874.37784016     0.88974997        1
  1874.39827180     0.83088113        1
  1874.41870354     0.79364336        1
  1874.43913507     0.79966171        1
  1874.45956671     0.84699093        1
  1874.47999844     0.90938603        1
  1874.50042998     0.96736697        1
  1874.52086171     0.99350182        1
  1874.54129335     0.99650573        1
  1874.56172488     0.99803967        1
  1874.58215662     0.99577197        1
  1874.62301979     1.00043754        1
  1874.64345152     0.99889056        1
  1874.66388315     0.99932050        1
  1874.68431479     1.00035853        1
  1874.70474642     1.00193110        1
  1874.72517806     1.00045109        1
  1874.74560959     0.99855624        1
  1874.76604132     1.00193230        1
  1874.78647296     1.00102438        1
  1874.80690459     1.00058488        1
  1874.86819959     1.00383025        1
  1874.88863112     1.00057230        1
  1874.90906276     1.00261438        1
  1874.92949449     1.00410731        1
  1874.94992602     1.00322277        1
  1874.97035765     1.00413780        1
  1874.99078939     1.00378765        1
  1875.01122092     1.00415185        1
  1875.03165265     1.00427561        1
  1875.05208428     1.00320536        1
  1875.11337918     1.00202723        1
  1875.13381071     1.00112932        1
  1875.15424244     0.99839121        1
  1875.17467407     0.99939392        1
  1875.19510570     0.99879104        1
  1875.21553733     0.99769649        1
  1875.23596897     0.99704175        1
  1875.35855875     0.99860046        1
  1875.37899048     0.99770160        1
  1875.39942201     0.98971262        1
  1875.41985364     0.94717815        1
  1875.44028537     0.88160331        1
  1875.46071690     0.81250978        1
  1875.48114853     0.77344767        1
  1875.50158026     0.78366120        1
  1875.52201179     0.83518506        1
  1875.54244352     0.90606665        1
  1875.56287515     0.96448601        1
  1875.60373840     0.99835750        1
  1875.62417003     0.99859210        1
  1875.64460156     1.00036277        1
  1875.66503329     0.99943631        1
  1875.68546492     1.00125960        1
  1875.70589655     1.00266785        1
  1875.72632818     0.99961544        1
  1875.74675980     1.00138063        1
  1875.76719153     1.00195256        1
  1875.78762306     1.00200752        1
  1875.80805469     1.00085553        1
  1875.84891804     1.00263019        1
  1875.86934957     1.00081108        1
  1875.88978130     0.99996306        1
  1875.91021293     1.00056246        1
  1875.93064445     1.00083148        1
  1875.95107618     1.00273126        1
  1875.97150781     1.00082724        1
  1875.99193954     1.00235753        1
  1876.01237106     1.00537541        1
  1876.09409757     1.00635752        1
  1876.11452920     1.00698159        1
  1876.13496082     1.00487414        1
  1876.15539235     1.00475810        1
  1876.17582408     1.00512241        1
  1876.19625570     1.00412606        1
  1876.21668733     1.00251820        1
  1876.23711895     0.99901863        1
  1876.25755058     1.00089656        1
  1876.27798230     1.00088771        1
  1876.33927718     0.99749240        1
  1876.35970881     1.00118809        1
  1876.38014033     0.99871640        1
  1876.40057206     0.99747155        1
  1876.42100368     0.99916790        1
  1876.44143521     0.99881977        1
  1876.46186693     0.99198685        1
  1876.48229856     0.95092349        1
  1876.50273028     0.88984876        1
  1876.52316180     0.83035254        1
  1876.54359343     0.79423094        1
  1876.58445668     0.85270088        1
  1876.60488830     0.91391762        1
  1876.62532003     0.97149999        1
  1876.64575155     0.99573759        1
  1876.66618317     0.99775455        1
  1876.82963616     1.00009797        1
  1876.85006788     1.00036553        1
  1876.87049941     1.00188932        1
  1876.89093103     1.00237574        1
  1876.91136275     1.00210807        1
  1876.93179437     1.00471949        1
  1877.07481583     1.00589838        1
  1877.09524735     1.00638073        1
  1877.11567897     1.00220241        1
  1877.13611070     1.00337309        1
  1877.15654222     1.00354027        1
  1877.17697384     1.00204077        1
  1877.19740556     1.00112143        1
  1877.21783708     1.00104508        1
  1877.23826880     1.00226573        1
  1877.25870042     0.99974453        1
  1877.27913195     0.99880160        1
  1877.31999529     1.00125127        1
  1877.34042691     1.00127337        1
  1877.36085853     1.00063641        1
  1877.38129015     0.99901873        1
  1877.40172177     1.00000000        1
  1877.42215339     0.99750481        1
  1877.44258501     0.99890749        1
  1877.46301663     0.99742632        1
  1877.48344825     0.99613398        1
  1877.50387987     0.99736753        1
  1877.52431149     0.98913326        1
  1877.56517473     0.87604757        1
  1877.58560645     0.81162228        1
  1877.60603797     0.77643264        1
  1877.62646959     0.78605832        1
  1877.64690131     0.83880222        1
  1877.66733283     0.90950751        1
  1877.68776455     0.96977331        1
  1877.70819617     0.99590641        1
  1877.72862769     0.99586493        1
  1877.74905941     0.99789853        1
  1877.76949103     0.99991611        1
  1877.81035426     0.99969634        1
  1877.83078588     1.00081787        1
  1877.85121740     1.00126000        1
  1877.87164912     1.00070921        1
  1877.89208074     0.99790238        1
  1877.91251236     1.00089829        1
  1877.93294398     1.00123372        1
  1877.95337559     1.00011684        1
  1877.97380731     1.00009020        1
  1877.99423893     1.00116058        1
  1878.01467045     1.00398579        1
  1878.05553378     1.00133471        1
  1878.07596530     1.00454196        1
  1878.09639702     1.00441789        1
  1878.11682864     1.00359268        1
  1878.13726015     1.00231319        1
  1878.15769187     1.00375608        1
  1878.17812339     1.00562144        1
  1878.19855511     1.00266478        1
  1878.21898672     1.00311568        1
  1878.23941824     1.00320852        1
  1878.25984996     1.00249453        1
  1878.30071309     1.00194851        1
  1878.32114481     1.00207543        1
  1878.34157643     1.00127956        1
  1878.36200794     1.00027564        1
  1878.38243966     1.00096139        1
  1878.40287128     0.99876227        1
  1878.42330299     0.99966191        1
  1878.44373451     1.00058733        1
  1878.46416613     0.99715095        1
  1878.48459784     0.99727571        1
  1878.54589269     0.99934242        1
  1878.56632431     0.99601638        1
  1878.58675582     0.99175718        1
  1878.60718754     0.94898256        1
  1878.62761916     0.88404381        1
  1878.64805077     0.82518754        1
  1878.66848239     0.79421927        1
  1878.68891400     0.80575026        1
  1878.70934572     0.85365703        1
  1878.72977723     0.91751004        1
  1878.75020885     0.97467814        1
  1878.79107208     0.99770553        1
  1878.81150369     0.99916567        1
  1878.83193531     0.99878979        1
  1878.85236692     0.99692413        1
  1878.87279864     0.99584793        1
  1878.89323016     0.99931206        1
  1878.91366177     0.99871893        1
  1878.93409348     0.99711468        1
  1878.95452500     1.00003988        1
  1878.97495661     1.00073437        1
  1878.99538833     1.00093235        1
  1879.07711479     1.00427749        1
  1879.09754640     1.00732955        1
  1879.11797801     1.00731588        1
  1879.13840963     1.00540886        1
  1879.15884124     1.00587358        1
  1879.17927286     1.00478537        1
  1879.19970447     1.00386339        1
  1879.22013618     1.00271679        1
  1879.24056770     1.00235701        1
  1879.32229425     1.00183271        1
  1879.34272587     1.00172111        1
  1879.36315738     1.00206460        1
  1879.38358909     1.00054517        1
  1879.40402071     1.00290594        1
  1879.42445222     1.00253765        1
  1879.44488393     1.00096605        1
  1879.46531555     1.00238580        1
  1879.48574706     1.00250802        1
  1879.52661028     0.99980517        1
  1879.54704200     1.00000712        1
  1879.56747361     1.00080382        1
  1879.58790522     0.99938090        1
  1879.60833684     0.99697975        1
  1879.62876845     0.99698497        1
  1879.64920006     0.98741721        1
  1879.66963167     0.94120306        1
  1879.69006329     0.87052396        1
  1879.71049490     0.80537868        1
  1879.73092651     0.77258061        1
  1879.77178983     0.84409232        1
  1879.79222145     0.91236665        1
  1879.81265296     0.97400073        1
  1879.83308467     0.99968095        1
  1879.85351628     0.99753243        1
  1879.87394779     0.99967825        1
  1879.89437951     1.00166464        1
  1879.91481112     1.00185381        1
  1879.93524263     1.00051539        1
  1879.95567434     0.99967538        1
  1879.97610595     1.00255764        1
  1880.05783250     0.99980540        2
  1880.07826401     1.00063310        2
  1880.09869562     0.99941126        2
  1880.11912723     0.99963899        2
  1880.13955884     1.00159378        2
  1880.15999046     1.00038682        2
  1880.18042217     1.00235746        2
  1880.20085368     1.00281699        2
  1880.22128539     1.00088434        2
  1880.26214851     1.00386939        2
  1880.28258022     1.00230964        2
  1880.30301183     1.00152618        2
  1880.32344334     1.00195635        2
  1880.34387505     1.00330592        2
  1880.36430666     0.99928894        2
  1880.38473817     0.99954786        2
  1880.40516988     1.00302045        2
  1880.42560150     1.00080548        2
  1880.44603321     1.00062273        2
  1880.46646472     0.99905443        2
  1880.50732804     1.00093633        2
  1880.52775955     0.99778573        2
  1880.54819116     1.00031133        2
  1880.56862287     0.99942334        2
  1880.58905438     0.99845193        2
  1880.60948599     0.99900957        2
  1880.62991770     0.99815467        2
  1880.65034921     0.99907050        2
  1880.67078092     0.99778212        2
  1880.69121253     0.99753553        2
  1880.75250736     0.88156642        2
  1880.77293896     0.82340731        2
  1880.79337057     0.79102670        2
  1880.81380218     0.80546912        2
  1880.83423379     0.85606687        2
  1880.85466540     0.92029102        2
  1880.87509701     0.97323851        2
  1880.89552862     0.99465717        2
  1880.91596023     0.99988480        2
  1880.93639184     0.99723875        2
  1880.95682355     0.99807119        2
  1881.01811838     1.00247730        2
  1881.03854989     0.99951816        2
  1881.05898149     1.00161217        2
  1881.07941320     1.00211617        2
  1881.09984471     0.99987614        2
  1881.12027642     1.00209011        2
  1881.14070803     1.00072486        2
  1881.16113954     1.00146683        2
  1881.18157125     1.00189614        2
  1881.20200286     1.00132961        2
  1881.24286607     1.00306771        2
  1881.26329768     1.00550726        2
  1881.28372929     1.00598804        2
  1881.30416090     1.00469956        2
  1881.32459251     1.00514602        2
  1881.34502422     1.00530940        2
  1881.36545572     1.00396014        2
  1881.38588733     1.00345368        2
  1881.40631904     1.00301944        2
  1881.42675065     1.00366229        2
  1881.44718216     1.00073498        2
  1881.48804537     1.00399959        2
  1881.50847708     1.00043956        2
  1881.52890869     1.00141473        2
  1881.54934030     1.00165941        2
  1881.56977190     1.00107582        2
  1881.59020351     1.00058299        2
  1881.61063502     0.99827209        2
  1881.63106673     1.00179908        2
  1881.65149834     0.99896234        2
  1881.67192984     0.99687702        2
  1881.69236155     0.99849760        2
  1881.73322487     0.99871731        2
  1881.75365637     0.99533172        2
  1881.77408798     0.98676720        2
  1881.79451969     0.93835821        2
  1881.81495120     0.86733682        2
  1881.83538280     0.80357221        2
  1881.85581451     0.77200585        2
  1881.87624602     0.78792878        2
  1881.89667763     0.84559666        2
  1881.91710933     0.91513278        2
  1881.93754094     0.97419789        2
  1881.97840416     0.99694215        2
  1881.99883576     0.99907356        2
  1882.01926737     0.99663929        2
  1882.03969898     0.99776198        2
  1882.06013058     0.99940269        2
  1882.08056229     0.99839236        2
  1882.10099380     0.99873308        2
  1882.12142541     0.99957781        2
  1882.14185711     1.00229062        2
  1882.16228862     1.00141647        2
  1882.18272033     0.99965030        2
  1882.22358344     1.00277876        2
  1882.24401515     0.99990827        2
  1882.26444665     1.00031526        2
  1882.28487826     0.99956957        2
  1882.30530997     1.00208151        2
  1882.32574147     1.00007584        2
  1882.34617318     1.00000000        2
  1882.36660479     1.00218102        2
  1882.38703629     1.00208652        2
  1882.46876282     1.00376736        2
  1882.48919443     1.00258282        2
  1882.50962603     1.00221812        2
  1882.53005764     1.00200239        2
  1882.55048924     1.00533521        2
  1882.57092095     1.00514825        2
  1882.59135256     1.00092035        2
  1882.77523701     0.99941404        2
  1882.79566872     0.99708837        2
  1882.81610023     0.99702400        2
  1882.83653183     0.98549817        2
  1882.85696354     0.94040606        2
  1882.87739504     0.87929756        2
  1882.89782655     0.81971772        2
  1882.91825826     0.79164257        2
  1883.04084789     0.99943420        2
  1883.06127950     0.99851909        2
  1883.08171120     0.99946048        2
  1883.10214281     0.99646769        2
  1883.12257431     0.99664036        2
  1883.14300602     0.99785684        2
  1883.16343762     0.99658902        2
  1883.20430084     0.99907951        2
  1883.22473244     1.00032188        2
  1883.24516415     1.00161722        2
  1883.26559565     0.99997361        2
  1883.28602726     1.00219907        2
  1883.30645896     1.00298251        2
  1883.32689047     1.00061310        2
  1883.34732208     1.00300682        2
  1883.36775378     1.00251851        2
  1883.38818529     1.00384075        2
  1883.40861699     1.00273978        2
  1883.44948010     1.00512826        2
  1883.46991181     1.00258103        2
  1883.49034341     1.00294530        2
  1883.51077492     1.00258951        2
  1883.53120662     1.00225407        2
  1883.55163813     1.00146100        2
  1883.57206983     1.00037643        2
  1883.59250144     1.00187455        2
  1883.61293295     1.00123404        2
  1883.63336465     1.00001696        2
  1883.65379626     1.00133441        2
  1883.71509107     1.00303037        2
  1883.73552268     0.99994281        2
  1883.75595428     1.00058763        2
  1883.77638589     0.99837837        2
  1883.79681759     0.99849210        2
  1883.81724920     0.99812113        2
  1883.83768070     0.99579244        2
  1883.85811241     0.99751582        2
  1883.87854401     0.99545972        2
  1883.89897552     0.98387885        2
  1883.98070204     0.77684084        2
  1884.00113364     0.79380744        2
  1884.02156535     0.85181751        2
  1884.04199685     0.92058061        2
  1884.06242846     0.97726837        2
  1884.08286016     0.99583295        2
  1884.10329167     0.99617079        2
  1884.12372327     0.99692874        2
  1884.14415498     0.99541447        2
  1884.22588130     1.00162092        2
  1884.24631300     0.99900320        2
  1884.26674451     1.00209623        2
  1884.28717611     1.00271943        2
  1884.30760782     1.00192199        2
  1884.32803942     1.00187529        2
  1884.34847093     1.00180099        2
  1884.36890263     1.00337059        2
  1884.38933424     1.00223009        2
  1884.43019745     1.00731309        2
  1884.45062905     1.00558932        2
  1884.47106076     1.00323749        2
  1884.49149226     1.00208181        2
  1884.51192387     1.00228133        2
  1884.53235557     1.00456902        2
  1884.55278708     1.00066519        2
  1884.57321868     1.00159312        2
  1884.59365039     1.00338923        2
  1884.61408189     1.00249107        2
  1884.63451360     1.00313108        2
  1884.67537671     1.00598589        2
  1884.69580841     1.00463572        2
  1884.71624002     1.00331927        2
  1884.73667162     1.00214285        2
  1884.75710322     1.00002931        2
  1884.77753483     1.00071377        2
  1884.79796643     1.00008908        2
  1884.81839804     0.99764896        2
  1884.83882964     0.99572199        2
  1884.85926125     0.99615810        2
  1884.87969285     0.99858682        2
  1884.92055606     0.99524950        2
  1884.94098767     0.99660194        2
  1884.96141927     0.98761882        2
  1884.98185098     0.93812183        2
  1885.00228248     0.87378210        2
  1885.02271419     0.81798572        2
  1885.04314579     0.79248452        2
  1885.06357730     0.81055870        2
  1885.08400900     0.86266315        2
  1885.10444061     0.92971676        2
  1885.12487211     0.98056619        2
  1885.16573542     0.99860264        2
  1885.18616693     1.00011185        2
  1885.20659863     0.99947680        2
  1885.22703024     0.99626676        2
  1885.24746194     0.99827220        2
  1885.26789345     0.99681862        2
  1885.28832505     0.99758374        2
  1885.30875676     0.99925510        2
  1885.32918826     0.99791594        2
  1885.34961986     0.99969913        2
  1885.37005157     0.99965199        2
  1885.43134638     1.00681423        2
  1885.45177799     1.00591603        2
  1885.47220959     1.00761690        2
  1885.49264120     1.00566923        2
  1885.51307280     1.00608002        2
  1885.53350441     1.00590070        2
  1885.55393601     1.00509593        2
  1885.57436752     1.00361547        2
  1885.59479922     1.00223651        2
  1885.61523083     1.00462170        2
  1885.65609404     1.00210010        2
  1885.67652564     1.00381992        2
  1885.69695735     1.00142771        2
  1885.71738885     1.00158544        2
  1885.73782046     0.99953752        2
  1885.75825216     1.00060674        2
  1885.77868367     1.00006298        2
  1885.79911527     0.99768314        2
  1885.81954698     0.99980320        2
  1885.83997848     0.99884505        2
  1885.86041019     0.99935203        2
  1885.92170500     1.00138641        2
  1885.94213661     0.99929084        2
  1885.96256821     0.99821929        2
  1885.98299982     0.99860718        2
  1886.00343142     0.99685828        2
  1886.02386303     0.98383649        2
  1886.04429463     0.93108647        2
  1886.06472624     0.86081655        2
  1886.08515795     0.79970106        2
  1886.10558955     0.77179264        2
  1886.16688437     0.92716901        2
  1886.18731587     0.98239869        2
  1886.20774758     0.99733788        2
  1886.22817908     0.99743480        2
  1886.24861079     0.99895499        2
  1886.26904239     0.99890987        2
  1886.28947390     0.99808368        2
  1886.30990560     0.99616970        2
  1886.33033721     1.00046470        2
  1886.35076871     1.00020474        2
  1886.39163202     1.00140906        2
  1886.41206353     1.00022569        2
  1886.43249524     1.00176697        2
  1886.45292684     1.00112322        2
  1886.47335855     0.99989513        2
  1886.49379005     1.00193897        2
  1886.51422166     1.00162538        2
  1886.53465336     1.00443927        2
  1886.55508487     1.00337128        2
  1886.63681139     1.00316034        2
  1886.65724300     1.00167567        2
  1886.67767460     1.00360819        2
  1886.69810621     1.00496673        2
  1886.71853781     1.00239205        2
  1886.73896942     1.00108926        2
  1886.75940113     1.00484453        2
  1886.88199066     0.99899659        2
  1886.90242227     0.99953037        2
  1886.92285397     0.99861587        2
  1886.94328548     0.99945102        2
  1886.96371708     0.99961936        2
  1886.98414879     0.99733887        2
  1887.00458030     1.00025039        2
  1887.12717003     0.87640106        2
  1887.14760164     0.81871075        2
  1887.16803325     0.79341566        2
  1887.18846485     0.81432120        2
  1887.20889646     0.86801147        2
  1887.22932806     0.92953833        2
  1887.24975977     0.98050880        2
  1887.27019128     0.99851208        2
  1887.29062288     0.99655847        2
  1887.31105459     0.99618996        2
  1887.33148620     0.99813042        2
  1887.37234941     1.00027315        2
  1887.39278102     0.99942406        2
  1887.41321252     1.00106562        2
  1887.43364423     1.00229262        2
  1887.45407584     0.99964086        2
  1887.47450744     1.00130076        2
  1887.49493905     1.00058737        2
  1887.51537066     1.00084163        2
  1887.53580236     1.00125540        2
  1887.55623387     1.00069380        2
  1887.57666548     1.00251009        2
  1887.61752869     1.00341506        2
  1887.63796040     1.00390770        2
  1887.65839190     1.00124562        2
  1887.67882351     1.00306254        2
  1887.69925522     1.00300910        2
  1887.71968672     1.00356230        2
  1887.74011833     1.00356165        2
  1887.76055004     1.00293793        2
  1887.78098154     1.00540134        2
  1887.80141315     1.00293952        2
  1887.86270807     1.00163350        2
  1887.88313968     0.99967293        2
  1887.90357129     0.99820670        2
  1887.92400290     0.99825823        2
  1887.94443450     0.99781257        2
  1887.96486611     0.99535523        2
  1887.98529782     0.99736005        2
  1891.05004015     1.00354743        3
  1891.07047176     1.00286037        3
  1891.09090348     1.00409384        3
  1891.11133499     1.00090253        3
  1891.13176661     1.00324513        3
  1891.15219832     1.00302501        3
  1891.17262984     0.99968320        3
  1891.19306156     0.99966704        3
  1891.21349317     0.99847753        3
  1891.23392469     1.00052569        3
  1891.25435640     0.99788227        3
  1891.29521954     0.99577411        3
  1891.31565125     0.99700554        3
  1891.33608287     0.98071591        3
  1891.35651458     0.92715138        3
  1891.37694610     0.86436127        3
  1891.39737772     0.81222953        3
  1891.41780943     0.79150906        3
  1891.43824095     0.81742879        3
  1891.45867257     0.87486279        3
  1891.47910428     0.93867484        3
  1891.49953590     0.98703728        3
  1891.54039913     0.99841366        3
  1891.56083065     1.00030796        3
  1891.58126237     0.99855409        3
  1891.60169398     0.99959791        3
  1891.62212550     0.99952902        3
  1891.64255722     0.99863578        3
  1891.66298883     1.00102367        3
  1891.68342035     0.99828079        3
  1891.70385207     0.99875886        3
  1891.72428369     1.00044607        3
  1891.74471540     1.00072173        3
  1891.78557854     0.99904632        3
  1891.80601026     1.00279137        3
  1891.82644178     1.00401881        3
  1891.84687339     1.00314306        3
  1891.86730511     1.00448774        3
  1891.88773663     1.00516735        3
  1891.90816825     1.00670187        3
  1891.92859997     1.00519988        3
  1891.94903149     1.00526537        3
  1891.96946320     1.00760897        3
  1891.98989482     1.00577750        3
  1892.03075806     1.00330469        3
  1892.05118968     1.00325150        3
  1892.07162130     1.00251005        3
  1892.09205292     1.00101434        3
  1892.11248453     1.00161493        3
  1892.13291625     1.00109124        3
  1892.15334787     0.99906227        3
  1892.17377939     1.00013260        3
  1892.19421111     1.00053741        3
  1892.21464263     0.99886238        3
  1892.23507425     1.00000991        3
  1892.27593749     0.99934244        3
  1892.29636921     0.99802209        3
  1892.31680083     0.99844637        3
  1892.33723235     0.99923804        3
  1892.35766407     0.99678569        3
  1892.37809569     0.99816210        3
  1892.39852721     0.97751029        3
  1892.41895893     0.92152725        3
  1892.43939055     0.85146899        3
  1892.45982207     0.79285213        3
  1892.48025379     0.77362089        3
  1892.52111713     0.86337817        3
  1892.54154865     0.93479005        3
  1892.56198027     0.98462149        3
  1892.58241199     0.99700204        3
  1892.60284352     0.99836623        3
  1892.62327514     1.00022805        3
  1892.64370686     0.99946795        3
  1892.66413848     0.99775188        3
  1892.68457010     0.99988689        3
  1892.84802307     1.00668749        3
  1892.86845480     0.99950189        3
  1892.88888632     1.00205830        3
  1892.90931804     1.00368697        3
  1892.92974956     1.00226035        3
  1892.95018119     1.00439935        3
  1892.97061291     1.00490571        3
  1893.01147605     1.00414481        3
  1893.03190778     1.00294818        3
  1893.05233930     1.00630133        3
  1893.07277102     1.00347017        3
  1893.09320265     1.00216745        3
  1893.11363417     1.00286783        3
  1893.13406589     1.00241505        3
  1893.15449751     1.00212870        3
  1893.17492904     0.99979468        3
  1893.19536076     1.00135731        3
  1893.21579239     1.00254820        3
  1893.33838213     0.99821871        3
  1893.35881385     0.99846531        3
  1893.37924548     0.99924325        3
  1893.39967700     0.99960567        3
  1893.42010873     0.99789459        3
  1893.44054035     0.99490482        3
  1893.46097208     0.97981944        3
  1893.50183523     0.86024268        3
  1893.52226695     0.80830372        3
  1893.54269848     0.79156025        3
  1893.56313000     0.81970033        3
  1893.58356173     0.87541199        3
  1893.60399335     0.93845473        3
  1893.62442508     0.98942845        3
  1893.64485660     0.99777398        3
  1893.66528823     0.99724405        3
  1893.68571996     0.99790145        3
  1893.70615148     1.00027647        3
  1893.74701483     0.99788454        3
  1893.76744636     0.99877422        3
  1893.78787799     1.00055933        3
  1893.80830971     0.99968390        3
  1893.82874124     0.99955558        3
  1893.84917297     0.99910075        3
  1893.86960459     1.00025283        3
  1893.89003622     1.00247821        3
  1893.91046785     1.00070795        3
  1893.93089947     1.00255798        3
  1893.95133110     1.00182772        3
  1894.03305771     1.00430186        3
  1894.05348924     1.00481482        3
  1894.07392096     1.00455236        3
  1894.09435259     1.00441343        3
  1894.11478412     1.00425362        3
  1894.13521585     1.00680131        3
  1894.15564748     1.00338727        3
  1894.17607911     1.00215523        3
  1894.19651073     1.00424610        3
  1894.23737399     1.00066733        3
  1894.25780562     0.99877329        3
  1894.27823715     1.00039860        3
  1894.29866888     1.00087304        3
  1894.31910051     0.99803423        3
  1894.33953203     0.99912986        3
  1894.35996376     0.99918648        3
  1894.38039539     0.99846052        3
  1894.40082712     0.99806922        3
  1894.42125865     0.99837267        3
  1894.44169028     0.99934862        3
  1894.48255354     0.99696466        3
  1894.50298517     0.99860623        3
  1894.52341690     0.97686570        3
  1894.54384853     0.91826220        3
  1894.56428016     0.84935990        3
  1894.58471179     0.79177184        3
  1894.60514342     0.77506861        3
  1894.62557505     0.80426218        3
  1894.72773321     0.99739135        3
  1894.74816494     0.99826405        3
  1894.76859647     0.99843120        3
  1894.78902820     0.99864021        3
  1894.80945983     1.00021753        3
  1894.82989136     0.99871946        3
  1894.85032310     1.00039292        3
  1894.87075463     1.00122973        3
  1894.97291289     1.00318417        3
  1894.99334442     1.00164392        3
  1895.01377615     1.00454719        3
  1895.03420779     1.00495523        3
  1895.05463942     1.00483238        3
  1895.07507105     1.00471934        3
  1895.09550268     1.00433279        3
  1895.11593442     1.00682455        3
  1895.13636595     1.00507212        3
  1895.15679758     1.00299218        3
  1895.17722932     1.00461300        3
  1895.21809249     1.00354018        3
  1895.23852422     1.00151967        3
  1895.25895585     1.00169048        3
  1895.27938739     1.00492030        3
  1895.29981912     1.00120961        3
  1895.32025076     1.00066653        3
  1895.34068249     1.00149835        3
  1895.36111403     1.00353835        3
  1895.38154566     1.00305546        3
  1895.40197739     0.99939936        3
  1895.42240893     1.00270097        3
  1895.46327230     1.00043628        3
  1895.48370383     0.99928888        3
  1895.50413557     0.99935099        3
  1895.52456711     1.00076337        3
  1895.54499874     0.99917690        3
  1895.56543048     0.99745520        3
  1895.58586201     0.97828010        3
  1895.60629365     0.92271267        3
  1895.62672538     0.85947821        3
  1895.64715692     0.80809976        3
  1895.66758866     0.79193692        3
  1895.70845193     0.87870349        3
  1895.72888357     0.94135369        3
  1895.74931520     0.98657617        3
  1895.76974684     0.99473033        3
  1895.79017848     0.99864976        3
  1895.81061011     0.99839088        3
  1895.83104175     0.99684031        3
  1895.85147349     0.99936267        3
  1895.87190503     0.99985166        3
  1895.89233676     1.00173047        3
  1895.91276840     0.99932504        3
  1895.97406332     0.99982659        3
  1895.99449485     1.00091843        3
  1896.01492659     1.00264313        3
  1896.03535823     1.00289354        3
  1896.05578997     1.00198957        3
  1896.07622151     1.00156788        3
  1896.09665315     1.00343085        3
  1896.11708479     1.00204894        3
  1896.13751643     1.00156993        3
  1896.15794806     1.00310914        3
  1896.19881134     1.00165428        3
  1896.21924308     1.00300665        3
  1896.23967462     1.00292225        3
  1896.26010626     1.00362028        3
  1896.28053800     1.00209923        3
  1896.30096954     1.00385124        3
  1896.32140118     1.00367469        3
  1896.34183292     1.00142757        3
  1896.36226446     1.00405941        3
  1896.38269610     1.00269490        3
  1896.50528605     0.99612921        3
  1896.52571769     0.99585244        3
  1896.54614933     0.99470454        3
  1896.56658108     0.99580284        3
  1896.58701262     0.99425644        3
  1896.60744436     0.99507350        3
  1896.62787600     0.99550301        3
  1896.64830754     0.97175222        3
  1896.68917093     0.84307199        3
  1896.70960247     0.78890509        3
  1896.73003421     0.77444782        3
  1896.75046586     0.80666170        3
  1896.77089750     0.87186227        3
  1896.79132914     0.94072391        3
  1896.81176079     0.98789915        3
  1896.83219243     0.99607029        3
  1896.85262407     0.99585692        3
  1896.87305572     0.99809819        3
  1896.89348736     0.99703793        3
  1896.93435065     0.99740683        3
  1896.95478229     0.99790240        3
  1896.97521394     0.99897714        3
  1896.99564568     0.99824614        3
  1897.01607723     0.99999835        3
  1897.03650887     1.00288377        3
  1897.05694062     1.00095369        3
  1897.07737226     1.00308546        3
  1897.09780381     1.00560497        3
  1897.11823555     1.00326700        3
  1897.13866720     1.00352102        3
  1897.17953049     1.00564136        3
  1897.19996213     1.00194005        3
  1897.22039388     0.99975545        3
  1897.24082543     1.00293591        3
  1897.26125707     1.00187531        3
  1897.28168882     1.00213182        3
  1897.30212036     1.00030568        3
  1897.32255211     1.00134538        3
  1897.34298376     1.00191252        3
  1897.36341531     1.00079885        3
  1897.38384705     1.00226039        3
  1897.42471025     1.00256794        3
  1897.44514199     1.00367815        3
  1897.46557364     1.00327130        3
  1897.48600539     1.00368347        3
  1897.50643694     1.00446309        3
  1897.52686849     1.00369677        3
  1897.54730023     1.00264394        3
  1897.56773188     1.00000000        3
  1897.58816353     1.00096458        3
  1897.60859518     1.00237416        3
  1897.62902683     0.99739918        3
  1897.79248012     0.79379734        3
  1897.81291167     0.82568130        3
  1897.83334342     0.88439030        3
  1897.85377507     0.94890249        3
  1897.87420682     0.99161235        3
  1897.93550177     1.00016582        3
  1897.95593333     1.00069636        3
  1897.97636498     1.00031871        3
  1897.99679673     1.00136752        3
  1898.01722828     0.99874318        4
  1898.03766003     0.99585719        4
  1898.05809168     0.99599391        4
  1898.07852323     0.99818209        4
  1898.09895499     0.99906962        4
  1898.11938664     0.99899033        4
  1898.16024994     1.00099499        4
  1898.18068150     1.00384696        4
  1898.20111325     1.00018350        4
  1898.22154490     1.00105499        4
  1898.24197645     1.00144802        4
  1898.26240821     1.00324464        4
  1898.28283986     1.00214700        4
  1898.30327151     0.99995230        4
  1898.32370317     1.00283398        4
  1898.34413482     1.00220061        4
  1898.40542978     1.00184412        4
  1898.42586154     1.00335944        4
  1898.44629319     1.00263029        4
  1898.46672475     1.00315727        4
  1898.48715650     1.00272812        4
  1898.50758816     1.00065395        4
  1898.52801971     1.00217653        4
  1898.54845147     1.00076918        4
  1898.56888312     0.99940948        4
  1898.58931488     0.99863450        4
  1898.60974643     0.99925406        4
  1898.65060985     0.99781840        4
  1898.67104140     0.99702429        4
  1898.69147306     0.99864925        4
  1898.71190481     0.99543246        4
  1898.73233637     0.99620181        4
  1898.75276813     0.99581351        4
  1898.77319978     0.97047523        4
  1898.79363134     0.91063680        4
  1898.81406310     0.83895265        4
  1898.83449466     0.78755294        4
  1898.85492631     0.77523261        4
  1898.89578963     0.87664723        4
  1898.91622129     0.94458660        4
  1898.93665304     0.99145602        4
  1898.95708470     0.99854816        4
  1898.97751636     0.99909065        4
  1898.99794802     1.00076472        4
  1899.01837968     0.99781681        4
  1899.03881134     0.99957885        4
  1899.05924300     1.00037297        4
  1899.07967466     0.99826179        4
  1899.10010641     0.99963427        4
  1899.14096973     1.00080615        4
  1899.16140139     1.00130850        4
  1899.18183295     1.00095094        4
  1899.20226471     1.00289966        4
  1899.22269637     1.00192225        4
  1899.24312793     1.00256734        4
  1899.26355969     1.00313455        4
  1899.28399136     1.00315883        4
  1899.30442312     1.00317731        4
  1899.32485468     1.00269677        4
  1899.34528634     1.00315668        4
  1899.38614966     1.00217300        4
  1899.40658132     1.00477595        4
  1899.42701308     1.00481797        4
  1899.44744465     1.00272440        4
  1899.46787641     1.00357207        4
  1899.48830797     1.00212229        4
  1899.50873963     1.00314477        4
  1899.52917140     1.00099302        4
  1899.54960296     1.00088460        4
  1899.57003462     1.00261467        4
  1899.59046639     1.00001337        4
  1899.63132961     1.00050251        4
  1899.65176138     1.00158730        4
  1899.67219304     1.00095497        4
  1899.69262470     0.99847755        4
  1899.71305637     0.99942719        4
  1899.73348803     0.99863130        4
  1899.75391980     0.99804673        4
  1899.77435136     0.99704786        4
  1899.79478302     0.99488701        4
  1899.81521479     0.99592384        4
  1899.83564635     0.97231306        4
  1899.89694135     0.80565957        4
  1899.91737312     0.79483589        4
  1899.93780478     0.82588499        4
  1899.95823635     0.88361143        4
  1899.97866811     0.94912528        4
  1899.99909978     0.99070830        4
  1900.01953155     0.99606990        4
  1900.03996311     0.99601152        4
  1900.06039478     0.99709932        4
  1900.08082645     0.99871993        4
  1900.12168978     0.99754373        4
  1900.14212145     1.00011804        4
  1900.16255312     0.99865794        4
  1900.18298489     1.00062626        4
  1900.20341645     0.99943228        4
  1900.22384812     1.00061231        4
  1900.24427989     1.00066823        4
  1900.26471146     1.00010878        4
  1900.28514313     1.00106528        4
  1900.30557490     0.99923761        4
  1900.32600656     1.00034154        4
  1900.36686990     1.00132529        4
  1900.38730157     1.00142799        4
  1900.40773334     1.00305723        4
  1900.42816491     1.00429477        4
  1900.44859658     1.00413106        4
  1900.46902835     1.00101315        4
  1900.48945992     1.00525160        4
  1900.50989159     1.00438450        4
  1900.53032336     1.00118450        4
  1900.55075494     1.00175082        4
  1900.57118671     1.00255705        4
  1900.61204995     1.00039549        4
  1900.63248172     0.99912894        4
  1900.65291339     1.00054355        4
  1900.67334496     0.99808595        4
  1900.69377674     0.99756033        4
  1900.71420841     0.99643001        4
  1900.85723012     0.99747123        4
  1900.87766179     0.99492372        4
  1900.89809357     0.96886188        4
  1900.91852524     0.90792549        4
  1900.93895681     0.83864363        4
  1900.95938859     0.78574325        4
  1900.97982026     0.77442846        4
  1901.00025184     0.81311222        4
  1901.02068361     0.87812425        4
  1901.04111529     0.94407234        4
  1901.06154686     0.98987911        4
  1901.10241031     0.99755864        4
  1901.12284209     0.99831030        4
  1901.14327367     0.99822437        4
  1901.16370534     0.99917160        4
  1901.18413712     0.99838947        4
  1901.20456869     0.99828246        4
  1901.22500037     0.99985648        4
  1901.24543215     0.99785113        4
  1901.26586372     0.99957631        4
  1901.28629550     0.99972349        4
  1901.30672718     0.99957013        4
  1901.38845389     1.00291922        4
  1901.40888557     1.00232965        4
  1901.42931725     1.00409172        4
  1901.44974893     1.00256664        4
  1901.47018060     1.00438246        4
  1901.49061228     1.00548506        4
  1901.51104396     1.00584976        4
  1901.53147564     1.00491443        4
  1901.55190732     1.00414601        4
  1901.59277068     1.00578731        4
  1901.61320246     1.00208243        4
  1901.63363414     1.00403959        4
  1901.65406572     1.00380284        4
  1901.67449750     1.00067632        4
  1901.69492918     1.00003036        4
  1901.71536076     1.00088963        4
  1901.73579254     1.00157435        4
  1901.75622423     0.99644300        4
  1901.77665581     0.99787258        4
  1901.79708759     1.00045242        4
  1901.83795105     0.99915736        4
  1901.85838263     0.99889221        4
  1901.87881432     1.00083227        4
  1901.89924610     0.99935459        4
  1901.91967768     0.99811340        4
  1901.94010936     0.99949674        4
  1901.96054115     0.97092834        4
  1901.98097273     0.91387192        4
  1902.00140451     0.85068125        4
  1902.02183620     0.80211682        4
  1902.04226778     0.79251288        4
  1902.08313125     0.89057636        4
  1902.10356283     0.94934456        4
  1902.12399462     0.98692255        4
  1902.14442630     0.99614471        4
  1902.16485799     0.99695821        4
  1902.18528967     0.99449597        4
  1902.20572136     0.99582139        4
  1902.22615305     0.99796970        4
  1902.24658473     0.99951019        4
  1902.26701642     0.99833256        4
  1902.28744820     0.99920788        4
  1902.32831148     1.00196454        4
  1902.34874326     1.00164053        4
  1902.36917485     1.00220166        4
  1902.38960664     1.00346479        4
  1902.41003832     1.00398797        4
  1902.43046991     1.00057972        4
  1902.45090170     1.00226985        4
  1902.47133339     1.00171767        4
  1902.57349183     1.00383357        4
  1902.59392352     1.00296648        4
  1902.61435531     1.00404029        4
  1902.63478690     1.00395028        4
  1902.65521859     1.00545296        4
  1902.67565037     1.00378193        4
  1902.69608196     1.00218908        4
  1902.71651375     1.00472271        4
  1902.73694545     1.00374661        4
  1902.75737704     1.00135855        4
  1902.77780883     0.99956990        4
  1902.81867221     1.00369931        4
  1902.83910390     0.99787858        4
  1902.85953559     0.99695796        4
  1902.87996718     0.99919433        4
  1902.90039897     0.99702745        4
  1902.92083067     0.99633724        4
  1902.94126246     0.99657979        4
  1902.96169405     0.99742736        4
  1902.98212574     0.99705855        4
  1903.00255754     0.99355509        4
  1903.02298913     0.96738328        4
  1903.20687438     0.99750125        4
  1903.22730617     0.99920431        4
  1903.24773787     0.99822918        4
  1903.26816966     0.99616822        4
  1903.30903295     0.99910772        4
  1903.32946475     0.99972350        4
  1903.34989634     0.99833388        4
  1903.37032804     0.99931348        4
  1903.39075984     1.00257872        4
  1903.41119153     1.00042752        4
  1903.43162323     1.00073391        4
  1903.45205483     1.00263617        4
  1903.47248653     1.00277749        4
  1903.49291832     1.00218788        4
  1903.51335002     1.00133689        4
  1903.55421342     1.00465517        4
  1903.57464512     1.00246220        4
  1903.59507671     1.00464392        4
  1903.61550851     1.00359195        4
  1903.63594021     1.00328509        4
  1903.65637201     1.00328068        4
  1903.67680361     1.00184692        4
  1903.69723531     1.00247316        4
  1903.71766711     1.00041892        4
  1903.73809871     1.00130590        4
  1903.75853041     1.00083866        4
  1903.81982561     1.00211681        4
  1903.84025731     1.00028529        4
  1903.86068891     1.00138011        4
  1903.88112072     1.00064007        4
  1903.90155242     1.00109070        4
  1903.92198402     0.99950027        4
  1903.94241582     1.00043073        4
  1903.96284752     1.00155761        4
  1903.98327933     0.99802093        4
  1904.00371093     0.99823017        4
  1904.04457433     0.99894809        4
  1904.06500614     0.99662103        4
  1904.08543774     0.96682765        4
  1904.10586944     0.91153761        4
  1904.12630115     0.84644192        4
  1904.14673285     0.79913919        4
  1904.16716466     0.79295690        4
  1904.18759626     0.82834384        4
  1904.20802807     0.88931278        4
  1904.22845977     0.95043808        4
  1904.24889138     0.98810945        4
  1904.31018649     0.99785944        4
  1904.33061830     0.99748938        4
  1904.35105000     0.99661472        4
  1904.37148181     1.00049582        4
  1904.39191342     1.00009195        4
  1904.41234512     1.00016539        4
  1904.43277693     0.99967223        4
  1904.45320854     1.00145379        4
  1904.47364025     1.00243729        4
  1904.49407205     0.99936091        4
  1904.63709401     1.00447401        4
  1904.65752572     1.00178037        4
  1904.67795743     1.00389396        4
  1904.69838914     1.00417146        4
  1904.71882085     1.00352783        4
  1904.73925256     1.00397827        4
  1904.78011598     1.00373365        4
  1904.80054769     1.00174949        4
  1904.82097950     1.00327365        4
  1904.84141112     1.00327865        4
  1904.86184283     1.00047273        4
  1904.88227464     1.00244759        4
  1905.04572834     1.00291318        4
  1905.06616005     1.00000000        4
  1905.08659187     0.99888385        4
  1905.10702348     0.99744079        4
  1905.12745520     0.99810031        4
  1905.14788701     0.96689771        4
  1905.16831863     0.90097081        4
  1905.18875034     0.83313347        4
