  1835.65892052     0.99842009        0
  1835.67935262     0.99805717        0
  1835.69978471     0.99841780        0
  1835.76108109     0.99832559        0
  1835.80194517     0.99883707        0
  1835.82237736     0.99896814        0
  1835.84280935     0.99897153        0
  1835.86324144     0.99909345        0
  1835.88367363     0.99934051        0
  1835.90410562     0.99926294        0
  1835.92453770     0.99952850        0
  1835.94496989     0.99975532        0
  1835.96540188     0.99972907        0
  1835.98583396     1.00014845        0
  1836.00626615     1.00009217        0
  1836.02669814     1.00048920        0
  1836.04713022     1.00043003        0
  1836.06756241     1.00074036        0
  1836.08799439     1.00089679        0
  1836.10842647     1.00081282        0
  1836.12885866     1.00101100        0
  1836.14929074     1.00119138        0
  1836.16972272     1.00096527        0
  1836.19015490     1.00111265        0
  1836.21058698     1.00114699        0
  1836.23101917     1.00134315        0
  1836.25145115     1.00138435        0
  1836.27188323     1.00150384        0
  1836.31274738     1.00169441        0
  1836.33317946     1.00120177        0
  1836.35361164     1.00109939        0
  1836.37404362     1.00111469        0
  1836.39447569     1.00112443        0
  1836.41490777     1.00109004        0
  1836.43533985     1.00110896        0
  1836.45577192     1.00108825        0
  1836.47620400     1.00138842        0
  1836.49663607     1.00123880        0
  1836.51706815     1.00099272        0
  1836.53750022     1.00087700        0
  1836.55793229     1.00104486        0
  1836.57836437     1.00051991        0
  1836.59879654     1.00040312        0
  1836.61922851     1.00050453        0
  1836.63966058     1.00026397        0
  1836.66009275     1.00037159        0
  1836.68052472     1.00000000        0
  1836.70095679     0.99994340        0
  1836.72138896     0.99985253        0
  1836.76225300     0.99945064        0
  1836.78268517     0.99926628        0
  1836.80311714     0.99921646        0
  1836.82354930     0.99907248        0
  1836.84398137     0.99880501        0
  1836.86441334     0.99877195        0
  1836.88484550     0.99889217        0
  1836.90527757     0.99873269        0
  1836.92570953     0.99876963        0
  1836.94614170     0.99853323        0
  1836.96657376     0.99846562        0
  1836.98700582     0.99840962        0
  1837.06873417     0.99867799        0
  1837.10959820     0.99846953        0
  1837.13003026     0.99809734        0
  1837.15046232     0.99835771        0
  1837.17089438     0.99906906        0
  1837.21175849     0.99801645        0
  1837.23219055     0.99738679        0
  1837.25262261     0.99764888        0
  1837.29348662     0.99748627        0
  1837.31391878     0.99803168        0
  1837.33435083     0.99786575        0
  1837.35478289     0.99763344        0
  1837.37521494     0.99769438        0
  1837.39564700     0.99788363        0
  1837.41607905     0.99817616        0
  1837.43651121     0.99795274        0
  1837.45694316     0.99801880        0
  1837.47737531     0.99849787        0
  1837.49780736     0.99812744        0
  1837.51823931     0.99827583        0
  1837.53867147     0.99828875        0
  1837.55910352     0.99822489        0
  1837.57953547     0.99843988        0
  1837.59996762     0.99837316        0
  1837.62039966     0.99849095        0
  1837.64083161     0.99881400        0
  1837.66126376     0.99884307        0
  1837.68169581     0.99884964        0
  1837.70212776     0.99900743        0
  1837.72255990     0.99913818        0
  1837.74299195     0.99949728        0
  1837.76342390     0.99974601        0
  1837.78385604     0.99970565        0
  1837.80428809     1.00009018        0
  1837.82472013     0.99999471        0
  1837.84515218     1.00023595        0
  1837.86558422     1.00026714        0
  1837.88601616     1.00040191        0
  1837.90644831     1.00056518        0
  1837.92688035     1.00054866        0
  1837.94731239     1.00044625        0
  1837.96774443     1.00082161        0
  1837.98817647     1.00080697        0
  1838.00860841     1.00090172        0
  1838.04947259     1.00105929        0
  1838.06990473     1.00129987        0
  1838.09033667     1.00121579        0
  1838.11076871     1.00165083        0
  1838.13120085     1.00183551        0
  1838.17206482     1.00239875        0
  1838.19249696     1.00258945        0
  1838.21292889     1.00275849        0
  1838.23336093     1.00212307        0
  1838.33552120     1.00390970        0
  1838.35595313     1.00433685        0
  1838.37638527     1.00350067        0
  1838.39681730     1.00366874        0
  1838.41724923     1.00371407        0
  1838.43768136     1.00380571        0
  1838.45811339     1.00346390        0
  1838.47854532     1.00330835        0
  1838.49897745     1.00358353        0
  1838.51940948     1.00315212        0
  1838.53984141     1.00295632        0
  1838.56027354     1.00290968        0
  1838.58070557     1.00279949        0
  1838.62156962     1.00267292        0
  1838.64200165     1.00247000        0
  1838.66243357     1.00260926        0
  1838.68286570     1.00245557        0
  1838.70329773     1.00207246        0
  1838.72372975     1.00207687        0
  1838.74416177     1.00192815        0
  1838.76459380     1.00168997        0
  1838.78502582     1.00142934        0
  1838.80545785     1.00131914        0
  1838.82588987     1.00104552        0
  1838.84632199     1.00067052        0
  1838.86675391     1.00046588        0
  1838.88718593     0.99984935        0
  1838.90761805     0.99989556        0
  1838.92804997     0.99910146        0
  1838.94848199     0.99948775        0
  1838.96891411     0.99904812        0
  1838.98934603     1.00078896        0
  1839.03021017     0.99988638        0
  1839.05064209     0.99908597        0
  1839.09150622     0.99901435        0
  1839.11193824     0.99827879        0
  1839.13237015     0.99775866        0
  1839.15280227     0.99711395        0
  1839.17323429     0.99820446        0
  1839.19366620     0.99706100        0
  1839.21409831     0.99666973        0
  1839.23453033     0.99671587        0
  1839.25496224     0.99642550        0
  1839.27539435     0.99623296        0
  1839.29582637     0.99641785        0
  1839.31625848     0.99621847        0
  1839.33669039     0.99604679        0
  1839.35712240     0.99610977        0
  1839.37755441     0.99619673        0
  1839.39798642     0.99630555        0
  1839.41841833     0.99651407        0
  1839.43885044     0.99628937        0
  1839.45928245     0.99645904        0
  1839.47971436     0.99687286        0
  1839.50014647     0.99701878        0
  1839.52057848     0.99722313        0
  1839.54101048     0.99715441        0
  1839.56144249     0.99748861        0
  1839.58187450     0.99758817        0
  1839.60230650     0.99784636        0
  1839.62273851     0.99779647        0
  1839.66360252     0.99802278        0
  1839.68403462     0.99769309        0
  1839.70446652     0.99816702        0
  1839.72489853     0.99898865        0
  1839.74533063     0.99905276        0
  1839.76576253     0.99922478        0
  1839.78619453     0.99957019        0
  1839.80662664     0.99981544        0
  1839.82705854     1.00004345        0
  1839.84749054     1.00012118        0
  1839.86792264     1.00047189        0
  1839.88835454     1.00077151        0
  1839.90878654     1.00087356        0
  1839.92921864     1.00073466        0
  1839.94965063     1.00098690        0
  1839.97008263     1.00120515        0
  1839.99051463     1.00061317        0
  1840.01094663     1.00143170        0
  1840.05181062     1.00119558        0
  1840.07224262     1.00064341        0
  1840.09267461     1.00047255        0
  1840.15397060     1.00018116        0
  1840.17440259     1.00048575        0
  1840.25613046     1.00205585        0
  1840.27656255     1.00133763        0
  1840.31742643     1.00202113        0
  1840.33785852     1.00189205        0
  1840.35829051     1.00157756        0
  1840.37872250     1.00139726        0
  1840.39915449     1.00136760        0
  1840.41958648     1.00152326        0
  1840.44001847     1.00140784        0
  1840.46045046     1.00128941        0
  1840.48088245     1.00137343        0
  1840.50131443     1.00120359        0
  1840.52174652     1.00112765        0
  1840.54217840     1.00094057        0
  1840.56261049     1.00092862        0
  1840.58304248     1.00088656        0
  1840.60347436     1.00048887        0
  1840.62390644     1.00066781        0
  1840.64433843     1.00007316        0
  1840.66477031     1.00033284        0
  1840.68520240     0.99996922        0
  1840.70563438     1.00028956        0
  1840.72606626     1.00074936        0
  1840.74649834     0.99998607        0
  1840.76693032     0.99974554        0
  1840.78736230     0.99939272        0
  1840.82822616     0.99926398        0
  1840.84865824     0.99882408        0
  1840.86909022     0.99863070        0
  1840.88952220     0.99867385        0
  1840.90995408     0.99839747        0
  1840.93038616     0.99860524        0
  1840.95081814     0.99826173        0
  1840.97125001     0.99825678        0
  1840.99168209     0.99804409        0
  1872.00706278     1.00152333        1
  1872.02749439     1.00098520        1
  1872.04792599     1.00107370        1
  1872.06835759     1.00099334        1
  1872.08878920     1.00077147        1
  1872.10922080     1.00081538        1
  1872.12965250     1.00058745        1
  1872.17051561     1.00019467        1
  1872.19094731     1.00044498        1
  1872.21137891     0.99987154        1
  1872.23181041     1.00033287        1
  1872.25224212     0.99994430        1
  1872.27267372     0.99983773        1
  1872.29310522     0.99961338        1
  1872.31353692     0.99955686        1
  1872.33396852     0.99984033        1
  1872.35440003     0.99930915        1
  1872.37483173     0.99955292        1
  1872.41569503     0.99827940        1
  1872.43612653     0.99811766        1
  1872.45655814     0.99842014        1
  1872.47698984     0.99782926        1
  1872.49742134     0.99792622        1
  1872.51785294     0.99785457        1
  1872.53828464     0.99795642        1
  1872.55871614     0.99757669        1
  1872.57914775     0.99777595        1
  1872.59957945     0.99763018        1
  1872.62001095     0.99770146        1
  1872.66087425     0.99773074        1
  1872.68130575     0.99797786        1
  1872.70173745     0.99815904        1
  1872.72216905     0.99839352        1
  1872.74260055     0.99802467        1
  1872.76303225     0.99863403        1
  1872.78346386     0.99846533        1
  1872.80389536     0.99850438        1
  1872.82432706     0.99914209        1
  1872.84475866     0.99907428        1
  1872.86519016     0.99906648        1
  1872.90605346     0.99957760        1
  1872.92648496     0.99984450        1
  1872.94691666     1.00003108        1
  1872.96734826     1.00036231        1
  1872.98777996     1.00044417        1
  1873.00821146     1.00088924        1
  1873.02864306     1.00107860        1
  1873.08993786     1.00200719        1
  1873.15123266     1.00074319        1
  1873.17166436     1.00094094        1
  1873.19209596     1.00087004        1
  1873.21252756     1.00103472        1
  1873.23295916     1.00112605        1
  1873.25339076     1.00126224        1
  1873.27382236     1.00144543        1
  1873.29425396     1.00181197        1
  1873.31468556     1.00200201        1
  1873.33511716     1.00218085        1
  1873.35554876     1.00280042        1
  1873.39641195     1.00248693        1
  1873.43727505     1.00373982        1
  1873.45770675     1.00265644        1
  1873.47813835     1.00277162        1
  1873.49857005     1.00298101        1
  1873.51900155     1.00298791        1
  1873.53943315     1.00300280        1
  1873.55986485     1.00314333        1
  1873.58029634     1.00316065        1
  1873.60072794     1.00367842        1
  1873.66202274     1.00337488        1
  1873.70288604     1.00275552        1
  1873.72331754     1.00301795        1
  1873.74374923     1.00272330        1
  1873.78461243     1.00163096        1
  1873.80504403     1.00077789        1
  1873.82547563     1.00097975        1
  1873.84590732     1.00000474        1
  1873.88677042     0.99939243        1
  1873.90720212     0.99911449        1
  1873.92763362     0.99880974        1
  1873.94806522     0.99846151        1
  1873.96849691     0.99811739        1
  1873.98892841     0.99785959        1
  1874.00936011     0.99817949        1
  1874.02979161     0.99744595        1
  1874.05022320     0.99737801        1
  1874.07065490     0.99741881        1
  1874.09108640     0.99748107        1
  1874.19324449     0.99774924        1
  1874.21367608     0.99693818        1
  1874.23410758     0.99561568        1
  1874.27497088     0.99567354        1
  1874.29540247     0.99661455        1
  1874.31583407     0.99496117        1
  1874.33626567     0.99479836        1
  1874.37712886     0.99484394        1
  1874.39756046     0.99490726        1
  1874.41799216     0.99499391        1
  1874.43842365     0.99541244        1
  1874.45885525     0.99551569        1
  1874.47928695     0.99562576        1
  1874.49971844     0.99603649        1
  1874.52015014     0.99648476        1
  1874.54058174     0.99674064        1
  1874.56101324     0.99723797        1
  1874.58144493     0.99742218        1
  1874.62230803     0.99621266        1
  1874.64273972     0.99656129        1
  1874.66317132     0.99662113        1
  1874.68360292     0.99728504        1
  1874.70403451     0.99793793        1
  1874.72446611     0.99848791        1
  1874.74489760     0.99845094        1
  1874.76532930     0.99984452        1
  1874.78576090     1.00016263        1
  1874.80619249     1.00028611        1
  1874.86748738     0.99912663        1
  1874.88791888     0.99953839        1
  1874.90835048     0.99992560        1
  1874.92878217     1.00032351        1
  1874.94921367     1.00097331        1
  1874.96964526     1.00130521        1
  1874.99007696     1.00175925        1
  1875.01050846     1.00219086        1
  1875.03094015     1.00246231        1
  1875.05137175     1.00315889        1
  1875.11266654     1.00160911        1
  1875.13309803     1.00166246        1
  1875.15352973     1.00191502        1
  1875.17396132     1.00240863        1
  1875.19439292     1.00284157        1
  1875.21482452     1.00318231        1
  1875.23525611     1.00373963        1
  1875.25568781     1.00381726        1
  1875.35784569     1.00250446        1
  1875.37827738     1.00334452        1
  1875.39870888     1.00230002        1
  1875.41914047     1.00238894        1
  1875.43957217     1.00257760        1
  1875.46000366     1.00259351        1
  1875.48043526     1.00243989        1
  1875.50086695     1.00286245        1
  1875.52129845     1.00265415        1
  1875.54173014     1.00289526        1
  1875.56216174     1.00316563        1
  1875.60302493     1.00215799        1
  1875.62345653     1.00247256        1
  1875.64388802     1.00217899        1
  1875.66431972     1.00195588        1
  1875.68475131     1.00177817        1
  1875.70518291     1.00200142        1
  1875.72561450     1.00197507        1
  1875.74604610     1.00170688        1
  1875.76647779     1.00175745        1
  1875.78690929     1.00178390        1
  1875.80734088     1.00176689        1
  1875.84820417     1.00141672        1
  1875.86863567     1.00164562        1
  1875.88906736     1.00175701        1
  1875.90949896     1.00120909        1
  1875.92993045     1.00124464        1
  1875.95036215     1.00152398        1
  1875.97079374     1.00122408        1
  1875.99122544     1.00132158        1
  1876.09338331     0.99860953        1
  1876.11381491     0.99863270        1
  1876.13424650     0.99870338        1
  1876.15467800     0.99865722        1
  1876.17510969     0.99877203        1
  1876.19554128     0.99857644        1
  1876.21597288     0.99889503        1
  1876.23640447     0.99843136        1
  1876.25683607     0.99867729        1
  1876.27726776     0.99895822        1
  1876.33856255     0.99747203        1
  1876.35899414     0.99662382        1
  1876.37942564     0.99595915        1
  1876.39985733     0.99595028        1
  1876.42028893     0.99539834        1
  1876.44072042     0.99532818        1
  1876.46115211     0.99526707        1
  1876.48158371     0.99550825        1
  1876.50201540     0.99552424        1
  1876.52244690     0.99537232        1
  1876.54287849     0.99598375        1
  1876.58374168     0.99628706        1
  1876.60417328     0.99646909        1
  1876.62460497     0.99702629        1
  1876.64503646     0.99720193        1
  1876.68589975     0.99768933        1
  1876.82892081     0.99631658        1
  1876.84935251     0.99678257        1
  1876.86978400     0.99721242        1
  1876.89021560     0.99769398        1
  1876.91064729     0.99794163        1
  1876.93107888     0.99859667        1
  1877.07410014     0.99812055        1
  1877.09453164     0.99815946        1
  1877.11496323     0.99828576        1
  1877.13539493     0.99864321        1
  1877.15582642     0.99912057        1
  1877.17625802     0.99940309        1
  1877.19668971     0.99994628        1
  1877.21712120     1.00045017        1
  1877.23755290     1.00064222        1
  1877.25798449     1.00143102        1
  1877.27841599     1.00179070        1
  1877.31927927     1.00149493        1
  1877.33971087     1.00113967        1
  1877.36014246     1.00142453        1
  1877.38057406     1.00130742        1
  1877.40100565     1.00138913        1
  1877.42143725     1.00175783        1
  1877.44186884     1.00195069        1
  1877.46230043     1.00242004        1
  1877.48273203     1.00236819        1
  1877.50316362     1.00263770        1
  1877.52359522     1.00297431        1
  1877.58489010     1.00309799        1
  1877.60532159     1.00324685        1
  1877.62575319     1.00295192        1
  1877.64618488     1.00295818        1
  1877.66661638     1.00286914        1
  1877.68704807     1.00297011        1
  1877.70747966     1.00294200        1
  1877.72791116     1.00312349        1
  1877.74834285     1.00285901        1
  1877.76877445     1.00353556        1
  1877.80963763     1.00275351        1
  1877.85050072     1.00252392        1
  1877.87093242     1.00226336        1
  1877.89136401     1.00215846        1
  1877.91179560     1.00191436        1
  1877.93222720     1.00215322        1
  1877.95265879     1.00172952        1
  1877.97309049     1.00201950        1
  1877.99352208     1.00175469        1
  1878.01395358     1.00165183        1
  1878.05481686     1.00019997        1
  1878.07524836     1.00000000        1
  1878.09568005     0.99962775        1
  1878.11611165     0.99942111        1
  1878.13654314     0.99952695        1
  1878.15697484     0.99907478        1
  1878.17740633     0.99949832        1
  1878.19783802     0.99904736        1
  1878.21826962     0.99908427        1
  1878.23870111     0.99955809        1
  1878.25913281     0.99918270        1
  1878.29999589     0.99716888        1
  1878.32042759     0.99697219        1
  1878.34085918     0.99702977        1
  1878.36129068     0.99717265        1
  1878.38172237     0.99714949        1
  1878.40215397     0.99738470        1
  1878.42258566     0.99746568        1
  1878.44301715     0.99774360        1
  1878.46344875     0.99756322        1
  1878.48388044     0.99827094        1
  1878.50431194     0.99824981        1
  1878.54517523     0.99716608        1
  1878.56560682     0.99611892        1
  1878.58603832     0.99617124        1
  1878.60647001     0.99627061        1
  1878.62690160     0.99665678        1
  1878.64733320     0.99698089        1
  1878.66776479     0.99724304        1
  1878.68819639     0.99814630        1
  1878.70862808     0.99830502        1
  1878.72905958     0.99872220        1
  1878.74949117     0.99941298        1
  1878.79035436     0.99898799        1
  1878.81078595     0.99828636        1
  1878.83121755     0.99845687        1
  1878.85164914     0.99861775        1
  1878.87208084     0.99867968        1
  1878.89251233     0.99877512        1
  1878.91294393     0.99932124        1
  1878.93337562     0.99970232        1
  1878.95380712     1.00008202        1
  1878.97423871     1.00050257        1
  1878.99467041     1.00082547        1
  1879.07639678     1.00076828        1
  1879.09682838     1.00121455        1
  1879.11725997     1.00019402        1
  1879.13769157     1.00031723        1
  1879.15812316     1.00045032        1
  1879.17855476     1.00060208        1
  1879.19898635     1.00078521        1
  1879.21941805     1.00103922        1
  1879.23984954     1.00166735        1
  1879.28071283     1.00158970        1
  1879.30114433     1.00232140        1
  1879.32157602     1.00108427        1
  1879.36243911     1.00220948        1
  1879.38287081     1.00052948        1
  1879.40330240     1.00072775        1
  1879.42373390     1.00042153        1
  1879.44416559     1.00040747        1
  1879.46459719     1.00026513        1
  1879.48502868     1.00033312        1
  1879.52589187     1.00061885        1
  1879.54632357     1.00047800        1
  1879.56675516     1.00064957        1
  1879.58718676     1.00037367        1
  1879.60761835     1.00070742        1
  1879.62804995     1.00145301        1
  1879.64848154     1.00085093        1
  1879.66891314     1.00104021        1
  1879.68934473     1.00105613        1
  1879.70977633     1.00120624        1
  1879.73020792     1.00112042        1
  1879.77107122     0.99938117        1
  1879.79150281     0.99912631        1
  1879.81193431     0.99898728        1
  1879.83236600     0.99882615        1
  1879.85279760     0.99872500        1
  1879.87322909     0.99871851        1
  1879.89366079     0.99870366        1
  1879.91409238     0.99848501        1
  1879.93452388     0.99920433        1
  1879.95495558     0.99881840        1
  1879.97538717     0.99885655        1
  1880.01625036     1.00147591        2
  1880.05711365     1.00134227        2
  1880.09797675     1.00091221        2
  1880.11840834     1.00089073        2
  1880.13883994     1.00077070        2
  1880.15927153     1.00080101        2
  1880.17970323     1.00071129        2
  1880.20013473     1.00059007        2
  1880.22056642     1.00033171        2
  1880.26142951     1.00014751        2
  1880.28186121     1.00020390        2
  1880.30229281     1.00017795        2
  1880.32272430     1.00014436        2
  1880.34315600     1.00028801        2
  1880.36358759     1.00029906        2
  1880.38401909     1.00034091        2
  1880.40445079     1.00098224        2
  1880.42488238     1.00135361        2
  1880.44531408     1.00147572        2
  1880.50660887     0.99892290        2
  1880.52704037     0.99876090        2
  1880.54747196     0.99876859        2
  1880.56790366     0.99914931        2
  1880.58833516     0.99914752        2
  1880.60876675     0.99942990        2
  1880.62919845     0.99932941        2
  1880.64962995     0.99999829        2
  1880.71092484     1.00008609        2
  1880.75178803     0.99766603        2
  1880.77221963     0.99762040        2
  1880.79265122     0.99763620        2
  1880.81308282     0.99767853        2
  1880.83351442     0.99772823        2
  1880.85394601     0.99795868        2
  1880.87437761     0.99776838        2
  1880.89480921     0.99842366        2
  1880.91524081     0.99867945        2
  1880.93567240     0.99883571        2
  1880.95610410     0.99961803        2
  1880.99696719     0.99756236        2
  1881.01739889     0.99774834        2
  1881.03783039     0.99773580        2
  1881.05826199     0.99794719        2
  1881.07869368     0.99797756        2
  1881.09912518     0.99814149        2
  1881.11955688     0.99842244        2
  1881.13998848     0.99852849        2
  1881.16041997     0.99900225        2
  1881.18085167     0.99922483        2
  1881.20128327     0.99945595        2
  1881.24214647     0.99967617        2
  1881.26257806     0.99971762        2
  1881.28300966     1.00019710        2
  1881.30344126     1.00034540        2
  1881.32387286     1.00057959        2
  1881.34430455     1.00065092        2
  1881.36473605     1.00089404        2
  1881.38516765     1.00103421        2
  1881.40559935     1.00129563        2
  1881.42603095     1.00165715        2
  1881.44646245     1.00182506        2
  1881.48732564     1.00193943        2
  1881.50775734     1.00217362        2
  1881.52818894     1.00217670        2
  1881.54862054     1.00229176        2
  1881.56905214     1.00245160        2
  1881.58948373     1.00255331        2
  1881.60991523     1.00264396        2
  1881.63034693     1.00273095        2
  1881.65077853     1.00280229        2
  1881.67121003     1.00301180        2
  1881.69164173     1.00297248        2
  1881.73250502     1.00295901        2
  1881.75293652     1.00298478        2
  1881.77336812     1.00301819        2
  1881.79379982     1.00305196        2
  1881.81423132     1.00295322        2
  1881.83466292     1.00295035        2
  1881.85509462     1.00326272        2
  1881.87552612     1.00320422        2
  1881.89595772     1.00344776        2
  1881.91638942     1.00349880        2
  1881.97768421     1.00162850        2
  1881.99811581     1.00149927        2
  1882.01854741     1.00128648        2
  1882.03897901     1.00105243        2
  1882.05941061     1.00102325        2
  1882.07984231     1.00111603        2
  1882.10027381     1.00094153        2
  1882.14113711     1.00080343        2
  1882.18200031     1.00097907        2
  1882.22286341     0.99865417        2
  1882.24329511     0.99848289        2
  1882.26372661     0.99851694        2
  1882.28415821     0.99841591        2
  1882.30458991     0.99825813        2
  1882.32502141     0.99851639        2
  1882.34545311     0.99864959        2
  1882.36588471     0.99885673        2
  1882.46804272     0.99674113        2
  1882.48847432     0.99683704        2
  1882.50890592     0.99723061        2
  1882.52933752     0.99765549        2
  1882.54976912     0.99764901        2
  1882.59063242     0.99908049        2
  1882.63149562     0.99921709        2
  1882.71322203     0.99912091        2
  1882.73365353     0.99780913        2
  1882.75408523     0.99755217        2
  1882.77451683     0.99761191        2
  1882.79494853     0.99748783        2
  1882.81538004     0.99764550        2
  1882.83581164     0.99783296        2
  1882.85624334     0.99786674        2
  1882.87667484     0.99798480        2
  1882.89710634     0.99809812        2
  1882.91753805     0.99837522        2
  1882.95840125     0.99986184        2
  1882.97883285     0.99891410        2
  1883.01969616     0.99872337        2
  1883.04012766     0.99886898        2
  1883.06055926     0.99890005        2
  1883.08099096     0.99907342        2
  1883.10142257     0.99919184        2
  1883.12185407     0.99926152        2
  1883.14228577     0.99947050        2
  1883.16271737     0.99957988        2
  1883.20358058     0.99982100        2
  1883.22401218     0.99964540        2
  1883.24444389     0.99982074        2
  1883.26487539     1.00003242        2
  1883.28530699     1.00002452        2
  1883.30573869     1.00006155        2
  1883.32617020     1.00016159        2
  1883.34660180     1.00041981        2
  1883.36703350     1.00075528        2
  1883.38746501     1.00097294        2
  1883.40789671     1.00133793        2
  1883.44875982     1.00100201        2
  1883.46919152     1.00116703        2
  1883.48962313     1.00129353        2
  1883.51005463     1.00140489        2
  1883.53048633     1.00157924        2
  1883.55091784     1.00151766        2
  1883.57134954     1.00197541        2
  1883.59178115     1.00157645        2
  1883.61221265     1.00211965        2
  1883.63264435     1.00239695        2
  1883.65307596     1.00312539        2
  1883.69393917     1.00134308        2
  1883.71437077     1.00190481        2
  1883.73480238     1.00163652        2
  1883.75523398     1.00152820        2
  1883.77566559     1.00154433        2
  1883.79609729     1.00151018        2
  1883.81652889     1.00173574        2
  1883.83696040     1.00172229        2
  1883.85739210     1.00189055        2
  1883.87782371     1.00193143        2
  1883.89825521     1.00200473        2
  1883.93911853     1.00178939        2
  1883.95955003     1.00215308        2
  1883.97998174     1.00148301        2
  1884.02084505     1.00129678        2
  1884.04127655     1.00126664        2
  1884.06170816     1.00094510        2
  1884.08213986     1.00101728        2
  1884.10257137     1.00094100        2
  1884.12300298     1.00077021        2
  1884.14343468     1.00063705        2
  1884.18429779     1.00055472        2
  1884.22516101     0.99991760        2
  1884.24559271     0.99999933        2
  1884.26602422     0.99990063        2
  1884.28645583     0.99978802        2
  1884.30688753     0.99974509        2
  1884.32731914     0.99971139        2
  1884.34775065     0.99940240        2
  1884.36818235     0.99941824        2
  1884.38861396     0.99931935        2
  1884.42947717     0.99866600        2
  1884.44990878     0.99827819        2
  1884.47034049     0.99814634        2
  1884.49077199     0.99807169        2
  1884.51120360     0.99790505        2
  1884.53163531     0.99775641        2
  1884.55206682     0.99761866        2
  1884.57249842     0.99753000        2
  1884.59293013     0.99747044        2
  1884.61336164     0.99724226        2
  1884.63379335     0.99785698        2
  1884.67465646     0.99718139        2
  1884.69508817     0.99709209        2
  1884.71551978     0.99705909        2
  1884.73595139     0.99695310        2
  1884.75638300     0.99709574        2
  1884.77681460     0.99719872        2
  1884.79724621     0.99737338        2
  1884.81767782     0.99761348        2
  1884.83810943     0.99790662        2
  1884.85854104     0.99850834        2
  1884.87897265     0.99897329        2
  1884.91983587     0.99707550        2
  1884.94026747     0.99698342        2
  1884.96069908     0.99708860        2
  1884.98113079     0.99724389        2
  1885.00156230     0.99745196        2
  1885.02199401     0.99761375        2
  1885.04242562     0.99788017        2
  1885.06285713     0.99836218        2
  1885.08328884     0.99877269        2
  1885.10372045     0.99951520        2
  1885.12415196     1.00030738        2
  1885.16501528     0.99954898        2
  1885.18544679     0.99933078        2
  1885.20587850     0.99960427        2
  1885.22631011     0.99977489        2
  1885.24674182     1.00011474        2
  1885.26717333     1.00013836        2
  1885.28760494     1.00054649        2
  1885.30803665     1.00067627        2
  1885.32846816     1.00084498        2
  1885.34889977     1.00090219        2
  1885.36933148     1.00122380        2
  1885.41019461     1.00129577        2
  1885.45105793     1.00172071        2
  1885.47148954     1.00187167        2
  1885.49192115     1.00227145        2
  1885.51235276     1.00241523        2
  1885.53278437     1.00246046        2
  1885.55321599     1.00278286        2
  1885.57364750     1.00289256        2
  1885.59407921     1.00314172        2
  1885.61451082     1.00327192        2
  1885.65537404     1.00308380        2
  1885.67580566     1.00323953        2
  1885.69623737     1.00318774        2
  1885.71666888     1.00318697        2
  1885.73710049     1.00322712        2
  1885.75753221     1.00326602        2
  1885.77796372     1.00323109        2
  1885.79839533     1.00346989        2
  1885.81882704     1.00327103        2
  1885.83925856     1.00353169        2
  1885.85969027     1.00332040        2
  1885.92098511     1.00240306        2
  1885.96184834     1.00208532        2
  1885.98227995     1.00185868        2
  1886.00271156     1.00168902        2
  1886.02314318     1.00157706        2
  1886.04357479     1.00139444        2
  1886.06400641     1.00134709        2
  1886.08443812     1.00129870        2
  1886.10486973     1.00139223        2
  1886.14573296     1.00049538        2
  1886.16616458     1.00129144        2
  1886.18659609     0.99998933        2
  1886.20702781     0.99979707        2
  1886.22745932     0.99964452        2
  1886.24789104     0.99948287        2
  1886.26832265     0.99920420        2
  1886.28875417     0.99903297        2
  1886.30918588     0.99896782        2
  1886.32961750     0.99918649        2
  1886.35004901     0.99891238        2
  1886.39091234     0.99832417        2
  1886.41134386     0.99823222        2
  1886.43177557     0.99810753        2
  1886.45220719     0.99834640        2
  1886.47263890     0.99835575        2
  1886.49307042     0.99902024        2
  1886.51350204     0.99901726        2
  1886.53393375     0.99921059        2
  1886.63609184     0.99814439        2
  1886.65652345     0.99814434        2
  1886.67695507     0.99848350        2
  1886.69738669     0.99865833        2
  1886.71781830     0.99914668        2
  1886.73824992     1.00004672        2
  1886.77911316     1.00059370        2
  1886.88127124     0.99880513        2
  1886.90170286     0.99897455        2
  1886.92213458     0.99935925        2
  1886.94256610     0.99974524        2
  1886.96299772     1.00017332        2
  1886.98342944     1.00057617        2
  1887.00386095     1.00110946        2
  1887.12645077     0.99953884        2
  1887.18774563     0.99944580        2
  1887.20817725     0.99949123        2
  1887.22860886     0.99934385        2
  1887.24904058     0.99956395        2
  1887.26947210     0.99940103        2
  1887.28990372     0.99954950        2
  1887.31033544     0.99967901        2
  1887.33076707     0.99980376        2
  1887.37163031     0.99973249        2
  1887.39206193     0.99992960        2
  1887.41249345     0.99975110        2
  1887.43292517     0.99987014        2
  1887.45335679     1.00002206        2
  1887.47378841     1.00000000        2
  1887.49422003     1.00007513        2
  1887.51465165     1.00002184        2
  1887.53508337     0.99979961        2
  1887.55551490     1.00009833        2
  1887.57594652     1.00035815        2
  1887.61680976     0.99986580        2
  1887.63724148     0.99987390        2
  1887.65767300     0.99985173        2
  1887.67810463     0.99996232        2
  1887.69853635     1.00009956        2
  1887.71896787     1.00058085        2
  1887.73939949     1.00070117        2
  1887.75983122     1.00044144        2
  1887.78026274     1.00123033        2
  1887.86198933     0.99996128        2
  1887.88242095     1.00014757        2
  1887.90285258     1.00020797        2
  1887.92328420     1.00028280        2
  1887.94371583     1.00057115        2
  1887.96414745     1.00075208        2
  1887.98457917     1.00087169        2
  1891.04932490     0.99979210        3
  1891.06975655     0.99998485        3
  1891.09018829     1.00003608        3
  1891.11061983     1.00009099        3
  1891.13105148     0.99996915        3
  1891.15148322     1.00015725        3
  1891.17191477     1.00002610        3
  1891.19234651     1.00015391        3
  1891.25364145     1.00018473        3
  1891.29450464     1.00006611        3
  1891.31493639     1.00013749        3
  1891.33536803     1.00031177        3
  1891.35579978     0.99992633        3
  1891.37623132     0.99982114        3
  1891.39666297     0.99970590        3
  1891.41709472     0.99970009        3
  1891.43752626     0.99990771        3
  1891.45795791     0.99971396        3
  1891.47838966     0.99998738        3
  1891.49882131     0.99997205        3
  1891.53968460     0.99963352        3
  1891.56011615     0.99989224        3
  1891.58054790     1.00013583        3
  1891.60097954     1.00000014        3
  1891.62141109     1.00003149        3
  1891.64184284     1.00005686        3
  1891.66227449     1.00018595        3
  1891.68270604     1.00035628        3
  1891.70313779     1.00015171        3
  1891.72356944     1.00024359        3
  1891.74400118     1.00038609        3
  1891.78486438     1.00035279        3
  1891.80529613     1.00034894        3
  1891.82572768     1.00039032        3
  1891.84615933     1.00048778        3
  1891.86659108     1.00031669        3
  1891.88702263     1.00021488        3
  1891.90745428     1.00036255        3
  1891.92788603     1.00042090        3
  1891.94831758     1.00062843        3
  1891.96874933     1.00066664        3
  1891.98918099     1.00081697        3
  1892.03004429     1.00050073        3
  1892.05047594     1.00046189        3
  1892.07090759     1.00058878        3
  1892.09133924     1.00045155        3
  1892.11177089     1.00037055        3
  1892.13220265     1.00021033        3
  1892.15263430     1.00007629        3
  1892.17306585     1.00003214        3
  1892.19349760     1.00003130        3
  1892.21392916     1.00009339        3
  1892.23436081     0.99994796        3
  1892.27522412     0.99904250        3
  1892.29565587     0.99916578        3
  1892.31608752     0.99901254        3
  1892.33651908     0.99879084        3
  1892.35695083     0.99860526        3
  1892.37738248     0.99851203        3
  1892.39781404     0.99827226        3
  1892.41824579     0.99824582        3
  1892.43867745     0.99809371        3
  1892.52040417     0.99744834        3
  1892.54083572     0.99703772        3
  1892.56126738     0.99675220        3
  1892.58169913     0.99653157        3
  1892.60213069     0.99636366        3
  1892.62256235     0.99625481        3
  1892.64299410     0.99603985        3
  1892.66342576     0.99553598        3
  1892.76558404     0.99975664        3
  1892.80644736     0.99407482        3
  1892.82687902     0.99385153        3
  1892.84731067     0.99386915        3
  1892.86774243     0.99374789        3
  1892.88817399     0.99381219        3
  1892.90860575     0.99383508        3
  1892.92903731     0.99367660        3
  1892.94946897     0.99365718        3
  1892.96990072     0.99359271        3
  1893.01076394     0.99397794        3
  1893.03119570     0.99397465        3
  1893.05162726     0.99398175        3
  1893.07205902     0.99408756        3
  1893.09249068     0.99412127        3
  1893.11292224     0.99410141        3
  1893.13335400     0.99427182        3
  1893.15378566     0.99444455        3
  1893.21508064     0.99536369        3
  1893.31723895     0.99633444        3
  1893.33767061     0.99662295        3
  1893.35810238     0.99706511        3
  1893.37853404     0.99738588        3
  1893.39896560     0.99785749        3
  1893.41939736     0.99810895        3
  1893.43982903     0.99853076        3
  1893.46026079     0.99880198        3
  1893.50112402     0.99915196        3
  1893.52155578     0.99944288        3
  1893.54198734     0.99986282        3
  1893.56241891     1.00008951        3
  1893.58285067     1.00011981        3
  1893.60328234     1.00042507        3
  1893.62371410     1.00076591        3
  1893.64414566     1.00057032        3
  1893.66457733     1.00073998        3
  1893.68500909     1.00099686        3
  1893.70544066     1.00135157        3
  1893.74630409     1.00148741        3
  1893.76673566     1.00153354        3
  1893.78716732     1.00164912        3
  1893.80759909     1.00157157        3
  1893.82803065     1.00162976        3
  1893.84846242     1.00171049        3
  1893.86889409     1.00171658        3
  1893.88932575     1.00188851        3
  1893.90975742     1.00188890        3
  1893.95062076     1.00163293        3
  1894.01191586     1.00124280        3
  1894.03234753     1.00110486        3
  1894.05277909     1.00082948        3
  1894.07321086     1.00070300        3
  1894.09364253     1.00057855        3
  1894.11407410     1.00057764        3
  1894.13450587     1.00036596        3
  1894.15493754     1.00030085        3
  1894.17536921     1.00015020        3
  1894.19580088     1.00003626        3
  1894.23666422     0.99988689        3
  1894.25709589     0.99971487        3
  1894.27752746     0.99973162        3
  1894.29795923     0.99964635        3
  1894.31839090     0.99926618        3
  1894.33882247     0.99909035        3
  1894.35925424     0.99895687        3
  1894.37968591     0.99900266        3
  1894.40011768     0.99902765        3
  1894.42054925     0.99905185        3
  1894.44098093     0.99902810        3
  1894.48184427     0.99876611        3
  1894.50227594     0.99873075        3
  1894.52270771     0.99860226        3
  1894.54313939     0.99855525        3
  1894.56357106     0.99868362        3
  1894.58400273     0.99884428        3
  1894.60443441     0.99915864        3
  1894.64529775     0.99909294        3
  1894.72702445     0.99927488        3
  1894.74745622     0.99928558        3
  1894.76788780     0.99937950        3
  1894.78831957     0.99947395        3
  1894.80875125     0.99952889        3
  1894.82918282     0.99975125        3
  1894.84961460     0.99982731        3
  1894.87004617     0.99984815        3
  1894.89047785     1.00003091        3
  1894.97220465     1.00025884        3
  1894.99263623     1.00049867        3
  1895.01306801     1.00055438        3
  1895.03349969     1.00061065        3
  1895.05393136     1.00059852        3
  1895.07436304     1.00053663        3
  1895.09479472     1.00057925        3
  1895.11522650     1.00052654        3
  1895.13565807     1.00065820        3
  1895.15608975     1.00067907        3
  1895.17652153     1.00066551        3
  1895.21738479     1.00091213        3
  1895.23781657     1.00084918        3
  1895.25824825     1.00073868        3
  1895.27867983     1.00049740        3
  1895.29911161     1.00037440        3
  1895.31954329     1.00025179        3
  1895.33997507     1.00015509        3
  1895.36040665     1.00016799        3
  1895.38083833     1.00026959        3
  1895.40127011     1.00030362        3
  1895.42170169     1.00033963        3
  1895.48299673     1.00014395        3
  1895.50342851     1.00012944        3
  1895.52386010     1.00009828        3
  1895.54429178     1.00011645        3
  1895.56472356     1.00010528        3
  1895.58515514     0.99992001        3
  1895.60558682     0.99983477        3
  1895.62601861     0.99982179        3
  1895.64645019     0.99987607        3
  1895.66688197     0.99982172        3
  1895.70774534     0.99971775        3
  1895.72817702     0.99958513        3
  1895.74860871     0.99974623        3
  1895.76904039     0.99975708        3
  1895.78947208     0.99983666        3
  1895.80990376     0.99990869        3
  1895.83033545     0.99989810        3
  1895.85076723     0.99990305        3
  1895.87119882     1.00003899        3
  1895.89163060     1.00011948        3
  1895.91206229     1.00042037        3
  1895.95292566     1.00065571        3
  1895.97335735     1.00016661        3
  1895.99378893     1.00016192        3
  1896.01422072     1.00036393        3
  1896.03465241     1.00036055        3
  1896.05508419     1.00033190        3
  1896.07551578     1.00027248        3
  1896.09594747     1.00023631        3
  1896.11637916     0.99998333        3
  1896.13681084     0.99991138        3
  1896.15724253     1.00000000        3
  1896.19810591     1.00004971        3
  1896.21853770     1.00005940        3
  1896.23896929     0.99998932        3
  1896.25940097     1.00006432        3
  1896.27983276     1.00017524        3
  1896.30026435     1.00010442        3
  1896.32069604     1.00017394        3
  1896.34112783     1.00014311        3
  1896.36155942     1.00021570        3
  1896.38199111     1.00051581        3
  1896.44328628     1.00379300        3
  1896.48414967     0.99993639        3
  1896.52501305     0.99997638        3
  1896.54544474     0.99991281        3
  1896.56587653     1.00000280        3
  1896.58630813     1.00008092        3
  1896.60673992     0.99996618        3
  1896.62717161     0.99987779        3
  1896.64760321     0.99979623        3
  1896.68846669     0.99988444        3
  1896.70889829     0.99988257        3
  1896.72933008     1.00004992        3
  1896.74976177     1.00006379        3
  1896.77019347     0.99996039        3
  1896.79062516     0.99997406        3
  1896.81105686     0.99996255        3
  1896.83148855     0.99995156        3
  1896.85192025     0.99989798        3
  1896.87235194     0.99981142        3
  1896.93364703     0.99973087        3
  1896.95407872     0.99964443        3
  1896.97451042     0.99956120        3
  1896.99494222     0.99947762        3
  1897.05623731     0.99934892        3
  1897.07666901     0.99960196        3
  1897.09710060     0.99966503        3
  1897.11753240     0.99970634        3
  1897.13796410     0.99976942        3
  1897.17882750     0.99951835        3
  1897.19925919     0.99973483        3
  1897.21969099     0.99979315        3
  1897.24012259     1.00008171        3
  1897.26055429     1.00008227        3
  1897.28098609     1.00016949        3
  1897.30141769     1.00023165        3
  1897.32184949     1.00017144        3
  1897.34228119     1.00020349        3
  1897.36271279     1.00024159        3
  1897.38314459     1.00015932        3
  1897.42400789     1.00044545        3
  1897.44443970     1.00060476        3
  1897.46487140     1.00070469        3
  1897.48530320     1.00071054        3
  1897.50573480     1.00083204        3
  1897.52616640     1.00086521        3
  1897.54659821     1.00073775        3
  1897.56702991     1.00065501        3
  1897.58746161     1.00085729        3
  1897.60789331     1.00091146        3
  1897.62832502     1.00087247        3
  1897.71005193     1.00023418        3
  1897.73048364     1.00013258        3
  1897.75091524     0.99997965        3
  1897.77134705     0.99975520        3
  1897.79177875     0.99941695        3
  1897.83264216     0.99892058        3
  1897.85307387     0.99864531        3
  1897.87350567     0.99827066        3
  1897.91436898     0.99711663        3
  1897.93480079     0.99662547        3
  1897.95523240     0.99585076        3
  1897.97566410     0.99561756        3
  1897.99609591     0.99507228        3
  1898.01652752     1.00261096        4
  1898.03695933     1.00243360        4
  1898.05739103     1.00216315        4
  1898.07782264     1.00198125        4
  1898.09825445     1.00183636        4
  1898.11868616     1.00159123        4
  1898.15954958     1.00117822        4
  1898.17998119     1.00085559        4
  1898.20041300     1.00070637        4
  1898.22084471     1.00034543        4
  1898.24127632     1.00016049        4
  1898.26170813     1.00001795        4
  1898.28213984     0.99981149        4
  1898.30257155     0.99961714        4
  1898.32300326     0.99928900        4
  1898.34343497     0.99895133        4
  1898.36386668     0.99900511        4
  1898.40473010     0.99876315        4
  1898.42516191     0.99861658        4
  1898.44559363     0.99846120        4
  1898.46602524     0.99835478        4
  1898.48645705     0.99848882        4
  1898.50688876     0.99843808        4
  1898.52732038     0.99849201        4
  1898.54775219     0.99835858        4
  1898.56818390     0.99828655        4
  1898.60904733     0.99837341        4
  1898.64991086     0.99848404        4
  1898.67034247     0.99848469        4
  1898.69077419     0.99858973        4
  1898.71120600     0.99854017        4
  1898.73163762     0.99864721        4
  1898.75206944     0.99879885        4
  1898.77250115     0.99875179        4
  1898.79293277     0.99884961        4
  1898.81336458     0.99898881        4
  1898.83379620     0.99894473        4
  1898.89509135     0.99955856        4
  1898.91552307     0.99980709        4
  1898.93595489     1.00008133        4
  1898.95638660     0.99993218        4
  1898.97681832     1.00003300        4
  1898.99725004     1.00009125        4
  1899.03811348     1.00051497        4
  1899.05854520     1.00065237        4
  1899.07897692     1.00072482        4
  1899.09940873     1.00081296        4
  1899.14027217     1.00086488        4
  1899.16070389     1.00091084        4
  1899.18113552     1.00082494        4
  1899.20156734     1.00076642        4
  1899.22199906     1.00080980        4
  1899.24243068     1.00084161        4
  1899.26286250     1.00084700        4
  1899.28329422     1.00081778        4
  1899.30372604     1.00080938        4
  1899.32415766     1.00076839        4
  1899.34458939     1.00094756        4
  1899.38545283     1.00080948        4
  1899.40588455     1.00088266        4
  1899.42631638     1.00073618        4
  1899.44674800     1.00072238        4
  1899.46717983     1.00071381        4
  1899.48761145     1.00056871        4
  1899.50804317     1.00059593        4
  1899.52847500     1.00064424        4
  1899.54890662     1.00049222        4
  1899.56933835     1.00030192        4
  1899.58977017     1.00015353        4
  1899.63063352     1.00010908        4
  1899.65106535     1.00001610        4
  1899.67149708     0.99998130        4
  1899.69192880     0.99988307        4
  1899.71236053     0.99989725        4
  1899.73279226     0.99984492        4
  1899.75322408     0.99986097        4
  1899.77365571     0.99984228        4
  1899.79408744     0.99986803        4
  1899.87581445     1.00008827        4
  1899.89624608     1.00017975        4
  1899.93710964     1.00017197        4
  1899.95754127     1.00031511        4
  1899.97797310     1.00029773        4
  1899.99840483     1.00032007        4
  1900.01883666     1.00027794        4
  1900.03926829     1.00025110        4
  1900.05970002     1.00016893        4
  1900.08013175     1.00026116        4
  1900.12099521     1.00032702        4
  1900.14142694     1.00036204        4
  1900.16185867     1.00040077        4
  1900.18229051     1.00055324        4
  1900.20272214     1.00045428        4
  1900.22315387     1.00045446        4
  1900.24358570     1.00046610        4
  1900.26401734     1.00042978        4
  1900.28444907     1.00065161        4
  1900.30488090     1.00057737        4
  1900.32531264     1.00043254        4
  1900.36617611     1.00043960        4
  1900.38660784     1.00042501        4
  1900.40703968     1.00029742        4
  1900.42747131     1.00021971        4
  1900.44790305     1.00013203        4
  1900.46833488     1.00006276        4
  1900.48876652     0.99992276        4
  1900.50919825     0.99995201        4
  1900.52963009     0.99985876        4
  1900.57049356     0.99978366        4
  1900.61135694     0.99976282        4
  1900.63178878     0.99978179        4
  1900.65222051     0.99962268        4
  1900.67265215     0.99978340        4
  1900.69308399     0.99958274        4
  1900.71351573     0.99945298        4
  1900.85653790     0.99877444        4
  1900.87696964     0.99866456        4
  1900.89740149     0.99878761        4
  1900.91783323     0.99863876        4
  1900.93826487     0.99847629        4
  1900.95869671     0.99834513        4
  1900.97912845     0.99824762        4
  1900.99956009     0.99824545        4
  1901.01999194     0.99805606        4
  1901.04042368     0.99791424        4
  1901.06085532     0.99791501        4
  1901.10171891     0.99780257        4
  1901.12215075     0.99779207        4
  1901.14258239     0.99775046        4
  1901.16301414     0.99771255        4
  1901.18344598     0.99751307        4
  1901.20387763     0.99743902        4
  1901.22430937     0.99745111        4
  1901.24474122     0.99728974        4
  1901.26517286     0.99723214        4
  1901.28560471     0.99733908        4
  1901.30603645     0.99725394        4
  1901.34689995     0.99726306        4
  1901.36733169     0.99737819        4
  1901.40819519     0.99773614        4
  1901.42862694     0.99797470        4
  1901.44905868     0.99813077        4
  1901.46949043     0.99821417        4
  1901.48992218     0.99841581        4
  1901.51035393     0.99864713        4
  1901.53078568     0.99890026        4
  1901.55121742     0.99924755        4
  1901.59208092     0.99962015        4
  1901.61251277     0.99980841        4
  1901.63294452     1.00002275        4
  1901.65337617     1.00033012        4
  1901.67380802     1.00053353        4
  1901.69423977     1.00063713        4
  1901.71467143     1.00078581        4
  1901.73510328     1.00084484        4
  1901.75553503     1.00101628        4
  1901.77596668     1.00123767        4
  1901.79639853     1.00142329        4
  1901.83726214     1.00174779        4
  1901.85769379     1.00173559        4
  1901.87812554     1.00189149        4
  1901.89855740     1.00193917        4
  1901.91898905     1.00198740        4
  1901.93942080     1.00214838        4
  1901.95985266     1.00206016        4
  1901.98028431     1.00218023        4
  1902.00071617     1.00224661        4
  1902.02114792     1.00213141        4
  1902.08244319     1.00205439        4
  1902.10287484     1.00198727        4
  1902.12330670     1.00174406        4
  1902.14373846     1.00156129        4
  1902.16417021     1.00137312        4
  1902.18460197     1.00133952        4
  1902.20503373     1.00131201        4
  1902.22546549     1.00113357        4
  1902.24589724     1.00085616        4
  1902.26632900     1.00078579        4
  1902.28676086     1.00058387        4
  1902.32762428     1.00040773        4
  1902.34805614     1.00030880        4
  1902.36848780     1.00026365        4
  1902.38891966     1.00013327        4
  1902.40935142     0.99999837        4
  1902.42978308     0.99994526        4
  1902.45021494     0.99988250        4
  1902.57280550     0.99967666        4
  1902.59323727     0.99965291        4
  1902.61366913     0.99962200        4
  1902.63410079     0.99959698        4
  1902.65453256     0.99959837        4
  1902.67496442     0.99945194        4
  1902.69539608     0.99947544        4
  1902.71582795     0.99959557        4
  1902.73625971     0.99953664        4
  1902.75669137     0.99956510        4
  1902.77712324     0.99954239        4
  1902.81798677     0.99984496        4
  1902.83841854     0.99958246        4
  1902.85885030     0.99950911        4
  1902.87928197     0.99956979        4
  1902.89971383     0.99967884        4
  1902.92014560     0.99957934        4
  1902.94057747     0.99979333        4
  1902.96100913     0.99966549        4
  1902.98144090     0.99975212        4
  1903.00187277     0.99968760        4
  1903.02230444     0.99980958        4
  1903.10403161     1.00000828        4
  1903.16532692     0.99994412        4
  1903.18575869     0.99993215        4
  1903.20619036     1.00000300        4
  1903.22662223     1.00006447        4
  1903.24705400     1.00024914        4
  1903.26748587     1.00015823        4
  1903.30834932     1.00010547        4
  1903.32878119     1.00009065        4
  1903.34921286     1.00020311        4
  1903.36964464     1.00020674        4
  1903.39007651     1.00038733        4
  1903.41050828     1.00024927        4
  1903.43094005     1.00037389        4
  1903.45137173     1.00004197        4
  1903.47180350     1.00005571        4
  1903.49223538     1.00001587        4
  1903.51266715     0.99996226        4
  1903.55353070     0.99990917        4
  1903.57396248     0.99986781        4
  1903.59439415     0.99982760        4
  1903.61482603     0.99978921        4
  1903.63525780     0.99974004        4
  1903.65568968     0.99988980        4
  1903.67612136     0.99975425        4
  1903.69655314     0.99989251        4
  1903.71698501     0.99973453        4
  1903.75784847     0.99963999        4
  1903.83957568     0.99942086        4
  1903.86000736     0.99942514        4
  1903.88043924     0.99935558        4
  1903.90087102     0.99949245        4
  1903.92130270     0.99949796        4
  1903.94173458     0.99942092        4
  1903.96216636     0.99949309        4
  1903.98259824     0.99952953        4
  1904.00302992     0.99957953        4
  1904.04389349     0.99984047        4
  1904.06432537     0.99981119        4
  1904.08475705     0.99980102        4
  1904.10518884     0.99987858        4
  1904.12562062     1.00000000        4
  1904.14605240     1.00003736        4
  1904.16648429     1.00005908        4
  1904.18691597     1.00012119        4
  1904.20734785     1.00010591        4
  1904.22777964     1.00001698        4
  1904.24821132     0.99998819        4
  1904.28907499     0.99994704        4
  1904.30950668     0.99988152        4
  1904.35037035     0.99987482        4
  1904.37080224     0.99996065        4
  1904.39123392     0.99992068        4
  1904.41166571     1.00001384        4
  1904.43209760     0.99998100        4
  1904.45252928     1.00008610        4
  1904.47296107     1.00007796        4
  1904.49339296     1.00005046        4
  1904.57512012     1.00007800        4
  1904.59555191     0.99997603        4
  1904.61598370     1.00002714        4
  1904.65684728     1.00009957        4
  1904.67727907     1.00006439        4
  1904.69771086     1.00003311        4
  1904.71814265     1.00003070        4
  1904.73857444     1.00012748        4
  1904.77943802     1.00014688        4
  1904.79986982     1.00001666        4
  1904.82030171     1.00001273        4
  1904.84073340     1.00004863        4
  1904.86116520     1.00000728        4
  1904.88159709     0.99986976        4
  1904.92246068     1.00007384        4
  1904.96332417     1.00020939        4
  1905.02461955     1.00033590        4
  1905.04505145     1.00018900        4
  1905.06548324     1.00004494        4
  1905.08591514     0.99993771        4
  1905.10634684     0.99997927        4
  1905.12677863     0.99984099        4
  1905.14721053     0.99983015        4
  1905.16764223     0.99964864        4
  1905.18807403     0.99958866        4
