  1835.65851603     0.99995496        0
  1835.67894802     0.99976940        0
  1835.80153992     0.99889334        0
  1835.82197200     0.99950896        0
  1835.84240388     0.99959577        0
  1835.86283587     0.99954846        0
  1835.88326795     0.99941352        0
  1835.90369983     1.00018246        0
  1835.92413181     1.00010861        0
  1835.94456389     1.00003107        0
  1835.96499577     1.00033979        0
  1835.98542775     1.00010100        0
  1836.00585982     1.00018954        0
  1836.02629170     1.00049477        0
  1836.04672368     1.00048827        0
  1836.06715576     1.00047714        0
  1836.08758763     1.00087820        0
  1836.10801961     1.00059263        0
  1836.12845169     1.00058434        0
  1836.14888366     1.00057609        0
  1836.16931554     1.00037516        0
  1836.18974761     1.00037105        0
  1836.21017959     1.00077048        0
  1836.23061166     0.99993257        0
  1836.25104354     1.00070399        0
  1836.27147551     0.99962579        0
  1836.31233945     1.00002991        0
  1836.33277143     0.99943719        0
  1836.35320350     0.99938450        0
  1836.37363537     0.99933063        0
  1836.39406734     0.99911315        0
  1836.41449931     0.99936960        0
  1836.43493128     0.99927578        0
  1836.45536325     0.99909069        0
  1836.47579522     0.99948940        0
  1836.49622719     0.99984077        0
  1836.51665915     1.00004573        0
  1836.53709112     0.99970117        0
  1836.55752309     1.00003172        0
  1836.57795506     1.00008516        0
  1836.59838712     0.99980776        0
  1836.61881899     1.00014164        0
  1836.63925095     0.99977452        0
  1836.65968302     1.00012531        0
  1836.68011488     1.00019010        0
  1836.70054685     0.99986205        0
  1836.72097891     0.99961529        0
  1836.74141078     1.00016418        0
  1836.76184274     1.00019657        0
  1836.78227480     0.99986575        0
  1836.80270666     0.99957949        0
  1836.82313873     1.00006597        0
  1836.84357069     1.00092999        0
  1836.86400255     0.99952822        0
  1836.88443461     0.99954580        0
  1836.90486657     0.99894204        0
  1836.92529843     0.99968652        0
  1836.94573049     0.99960573        0
  1836.96616245     0.99927014        0
  1836.98659441     0.99996549        0
  1837.00702637     0.99993747        0
  1837.02745832     0.99978094        0
  1837.08875419     0.99927127        0
  1837.10918615     1.00042548        0
  1837.12961811     0.99950494        0
  1837.15005006     1.00018688        0
  1837.17048202     1.00027352        0
  1837.19091397     0.99971142        0
  1837.21134593     0.99999715        0
  1837.23177788     0.99988150        0
  1837.25220983     0.99995112        0
  1837.27264178     0.99977755        0
  1837.29307364     0.99998279        0
  1837.31350569     1.00020621        0
  1837.33393764     1.00023924        0
  1837.35436959     1.00046692        0
  1837.37480154     1.00030497        0
  1837.39523349     0.99988031        0
  1837.41566544     1.00049217        0
  1837.43609749     1.00019565        0
  1837.45652934     1.00026685        0
  1837.47696139     0.99998628        0
  1837.49739334     1.00018171        0
  1837.51782519     1.00052884        0
  1837.53825724     1.00020828        0
  1837.55868918     0.99988293        0
  1837.57912103     1.00084712        0
  1837.59955308     1.00073251        0
  1837.61998502     1.00028329        0
  1837.64041687     1.00098475        0
  1837.66084891     1.00013494        0
  1837.68128086     1.00096085        0
  1837.70171270     1.00018826        0
  1837.72214475     1.00017203        0
  1837.74257669     0.99946108        0
  1837.76300853     0.99962334        0
  1837.78344058     0.99940337        0
  1837.80387252     1.00009546        0
  1837.82430446     1.00022877        0
  1837.84473640     0.99932974        0
  1837.86516834     0.99982985        0
  1837.88560018     0.99977916        0
  1837.90603222     0.99956923        0
  1837.92646416     0.99959091        0
  1837.94689610     0.99991293        0
  1837.96732804     1.00026244        0
  1837.98775998     1.00046582        0
  1838.00819182     1.00010162        0
  1838.02862386     1.00003502        0
  1838.04905579     1.00032869        0
  1838.06948783     1.00022896        0
  1838.08991967     1.00016105        0
  1838.11035160     0.99847938        0
  1838.13078364     0.99916778        0
  1838.15121548     1.00007889        0
  1838.17164741     1.00023001        0
  1838.19207945     0.99968965        0
  1838.21251128     1.00024371        0
  1838.23294321     0.99984010        0
  1838.27380718     0.99966216        0
  1838.29423901     1.00035050        0
  1838.31467105     1.00047550        0
  1838.33510298     0.99952014        0
  1838.35553481     0.99984365        0
  1838.37596684     0.99935734        0
  1838.39639877     0.99921863        0
  1838.41683060     0.99972876        0
  1838.43726263     0.99923806        0
  1838.45769456     1.00015304        0
  1838.47812639     0.99995042        0
  1838.49855842     1.00048165        0
  1838.51899035     1.00025947        0
  1838.53942218     1.00017828        0
  1838.55985420     0.99996750        0
  1838.58028613     0.99978869        0
  1838.60071796     0.99958786        0
  1838.62114998     1.00004251        0
  1838.64158191     0.99979948        0
  1838.66201374     0.99955368        0
  1838.68244576     0.99983338        0
  1838.70287769     0.99956852        0
  1838.72330961     1.00023066        0
  1838.74374153     0.99998787        0
  1838.76417346     0.99947846        0
  1838.78460538     0.99976061        0
  1838.80503730     0.99934441        0
  1838.82546923     0.99966962        0
  1838.84590125     0.99926028        0
  1838.86633307     1.00019585        0
  1838.88676499     1.00024892        0
  1838.90719701     1.00039684        0
  1838.92762883     1.00004482        0
  1838.94806075     1.00075914        0
  1838.96849277     1.00089977        0
  1838.98892459     0.99940042        0
  1839.07065227     1.00030277        0
  1839.09108428     1.00086865        0
  1839.11151620     1.00042225        0
  1839.13194802     1.00025977        0
  1839.15238003     1.00039566        0
  1839.17281195     1.00007745        0
  1839.19324376     1.00065042        0
  1839.21367578     0.99992258        0
  1839.23410769     0.99942554        0
  1839.25453951     1.00046146        0
  1839.27497152     0.99996914        0
  1839.29540344     0.99980600        0
  1839.31583545     0.99966117        0
  1839.33626726     0.99997240        0
  1839.35669917     1.00018519        0
  1839.37713109     1.02612570        0
  1839.39756300     1.00000103        0
  1839.41799481     0.99941530        0
  1839.43842682     1.00012841        0
  1839.45885873     0.99979571        0
  1839.47929054     0.99951412        0
  1839.49972255     1.00003524        0
  1839.52015446     0.99934583        0
  1839.54058637     0.99970566        0
  1839.56101828     0.99964216        0
  1839.58145019     1.00046919        0
  1839.60188209     0.99999672        0
  1839.62231400     0.99960867        0
  1839.64274591     0.99943782        0
  1839.72447353     0.99958777        0
  1839.74490554     0.99979672        0
  1839.76533734     1.00016554        0
  1839.78576925     1.00017460        0
  1839.80620125     1.00030309        0
  1839.82663305     0.99996055        0
  1839.84706496     1.00017647        0
  1839.86749696     1.00047709        0
  1839.88792876     1.00019886        0
  1839.90836066     1.00033082        0
  1839.92879267     1.00035323        0
  1839.94922457     0.99931939        0
  1839.96965647     1.00020807        0
  1839.99008837     1.00020207        0
  1840.01052027     1.00017422        0
  1840.31699863     0.99975790        0
  1840.33743062     0.99985344        0
  1840.35786251     1.00034320        0
  1840.37829441     1.00105923        0
  1840.39872630     1.00191613        0
  1840.41915819     1.00000786        0
  1840.43959009     1.00000000        0
  1840.46002198     1.00007755        0
  1840.48045387     0.99946799        0
  1840.50088576     0.99991754        0
  1840.52131775     0.99971878        0
  1840.54174954     0.99964279        0
  1840.56218153     0.99903177        0
  1840.58261342     0.99921579        0
  1840.60304521     1.00041925        0
  1840.62347720     1.00000072        0
  1840.64390909     0.99943323        0
  1840.66434088     1.00038042        0
  1840.68477286     0.99951830        0
  1840.70520475     0.99989549        0
  1840.72563654     1.00030574        0
  1840.74606852     0.99958770        0
  1840.76650041     0.99961152        0
  1840.78693230     1.00002678        0
  1840.80736418     1.00053917        0
  1840.82779597     1.00009864        0
  1840.84822795     1.00039727        0
  1840.86865984     1.00067517        0
  1840.88909172     1.00049689        0
  1840.90952350     1.00025921        0
  1840.92995549     0.99978011        0
  1840.95038737     0.99915495        0
  1840.97081915     0.99965211        0
  1840.99125114     0.99995019        0
  1872.00655482     1.00002397        1
  1872.02698641     0.99969569        1
  1872.04741801     0.99989024        1
  1872.06784961     0.99987310        1
  1872.08828121     0.99964956        1
  1872.10871280     0.99954448        1
  1872.12914450     0.99998734        1
  1872.17000760     0.99962348        1
  1872.19043930     1.00016406        1
  1872.21087089     0.99998841        1
  1872.23130239     0.99999192        1
  1872.25173409     0.99998441        1
  1872.27216569     0.99928389        1
  1872.29259718     0.99951626        1
  1872.31302888     0.99963978        1
  1872.33346048     0.99995584        1
  1872.35389198     0.99960195        1
  1872.37432367     0.99989073        1
  1872.41518697     1.00041561        1
  1872.43561847     1.00024305        1
  1872.45605006     1.00019968        1
  1872.47648176     1.00048744        1
  1872.49691326     1.00056317        1
  1872.51734486     0.99967920        1
  1872.53777655     1.00032005        1
  1872.55820805     1.00070627        1
  1872.57863965     1.00049620        1
  1872.59907135     1.00023746        1
  1872.61950284     1.00010950        1
  1872.66036614     1.00009000        1
  1872.68079764     1.00001237        1
  1872.70122933     1.00037102        1
  1872.72166093     1.00050169        1
  1872.74209243     1.00068253        1
  1872.76252413     1.00060839        1
  1872.78295572     1.00015949        1
  1872.80338722     1.00061046        1
  1872.82381892     1.00009020        1
  1872.84425052     1.00058015        1
  1872.86468202     1.00016400        1
  1872.90554531     0.99986613        1
  1872.92597681     0.99977630        1
  1872.94640851     1.00011679        1
  1872.96684010     1.00032592        1
  1872.98727180     1.00013625        1
  1873.00770330     1.00030607        1
  1873.02813490     1.00005341        1
  1873.04856659     0.99951322        1
  1873.06899809     0.99981987        1
  1873.08942969     0.99973600        1
  1873.10986139     0.99979392        1
  1873.15072448     0.99960206        1
  1873.17115618     0.99957371        1
  1873.19158778     1.00057974        1
  1873.21201938     0.99942558        1
  1873.23245097     0.99967588        1
  1873.25288257     1.00025545        1
  1873.27331417     1.00051511        1
  1873.29374577     1.00082355        1
  1873.31417736     1.00053811        1
  1873.33460896     1.00036467        1
  1873.35504056     1.00034633        1
  1873.39590376     0.99871559        1
  1873.41633535     0.99995859        1
  1873.43676685     0.99998080        1
  1873.45719855     0.99973650        1
  1873.47763015     0.99986576        1
  1873.49806184     0.99977894        1
  1873.51849334     1.00008986        1
  1873.53892494     1.00002084        1
  1873.55935664     1.00010245        1
  1873.57978814     0.99973523        1
  1873.60021973     0.99999877        1
  1873.78410422     0.99922404        1
  1873.80453581     0.99965246        1
  1873.82496741     0.99987625        1
  1873.84539911     1.00017279        1
  1873.88626221     0.99980473        1
  1873.90669391     0.99955969        1
  1873.92712540     0.99927957        1
  1873.94755700     0.99940207        1
  1873.96798870     0.99947533        1
  1873.98842020     0.99966257        1
  1874.00885190     0.99972561        1
  1874.02928339     0.99974789        1
  1874.04971499     0.99977722        1
  1874.07014669     0.99918151        1
  1874.09057819     0.99893775        1
  1874.25403108     0.99996010        1
  1874.27446268     0.99984920        1
  1874.29489427     0.99999334        1
  1874.31532587     0.99988557        1
  1874.33575747     1.00016551        1
  1874.37662067     1.00034963        1
  1874.39705227     0.99990738        1
  1874.41748397     1.00082381        1
  1874.43791546     1.00052712        1
  1874.45834706     1.00005204        1
  1874.47877876     1.00002051        1
  1874.49921026     0.99980699        1
  1874.51964196     0.99991844        1
  1874.54007356     0.99979356        1
  1874.56050506     0.99972011        1
  1874.58093676     0.99939004        1
  1874.62179985     0.99993128        1
  1874.64223155     0.99935861        1
  1874.66266315     0.99926972        1
  1874.68309475     0.99916528        1
  1874.70352635     0.99924592        1
  1874.72395795     0.99973151        1
  1874.74438945     0.99957332        1
  1874.76482115     1.00145908        1
  1874.78525275     1.00030971        1
  1874.80568434     0.99990983        1
  1874.86697924     1.00001157        1
  1874.88741074     1.00107502        1
  1874.90784234     1.00021629        1
  1874.92827404     1.00009455        1
  1874.94870554     1.00051894        1
  1874.96913714     0.99993369        1
  1874.98956884     1.00045604        1
  1875.01000034     1.00039986        1
  1875.03043204     1.00044957        1
  1875.05086364     0.99988104        1
  1875.11215844     1.00025328        1
  1875.13258993     1.00045125        1
  1875.15302163     1.00001308        1
  1875.17345323     1.00014862        1
  1875.19388483     1.00049250        1
  1875.21431643     1.00083250        1
  1875.23474803     1.00007582        1
  1875.25517973     1.00067617        1
  1875.35733763     0.99967224        1
  1875.37776933     1.00011043        1
  1875.39820083     1.00076592        1
  1875.41863243     1.00042740        1
  1875.43906413     1.00004472        1
  1875.45949563     1.00036221        1
  1875.47992723     1.00046038        1
  1875.50035893     0.99991965        1
  1875.52079043     0.99985866        1
  1875.54122213     0.99969429        1
  1875.56165373     0.99978519        1
  1875.60251693     1.00031171        1
  1875.62294854     0.99990784        1
  1875.64338004     1.00033886        1
  1875.66381174     0.99998729        1
  1875.68424334     0.99961462        1
  1875.70467494     1.00012933        1
  1875.72510654     1.00014294        1
  1875.74553814     1.00038651        1
  1875.76596984     0.99987455        1
  1875.78640134     0.99997299        1
  1875.80683294     1.00014924        1
  1875.84769624     0.99996115        1
  1875.86812774     0.99976513        1
  1875.88855944     0.99961643        1
  1875.90899105     0.99953678        1
  1875.92942255     1.00030742        1
  1875.94985425     1.00006767        1
  1875.97028585     1.00027572        1
  1875.99071755     1.00007230        1
  1876.01114905     1.00011614        1
  1876.03158065     1.00027984        1
  1876.09287546     1.00062821        1
  1876.11330706     1.00052969        1
  1876.13373866     1.00066069        1
  1876.15417016     1.00040074        1
  1876.17460186     1.00014267        1
  1876.19503346     1.00063901        1
  1876.21546506     1.00031695        1
  1876.23589667     1.00029231        1
  1876.25632827     0.99995773        1
  1876.27675997     1.00019568        1
  1876.35848638     1.00055040        1
  1876.37891788     1.00043458        1
  1876.39934958     1.00033884        1
  1876.41978118     1.00029395        1
  1876.44021268     0.99951563        1
  1876.46064439     1.00008929        1
  1876.48107599     0.99972519        1
  1876.50150769     1.00013250        1
  1876.52193919     0.99985036        1
  1876.54237080     0.99946266        1
  1876.58323400     1.00034070        1
  1876.60366560     1.00001039        1
  1876.62409731     0.99990553        1
  1876.64452881     0.99985379        1
  1876.66496041     1.00021039        1
  1876.82841323     1.00019802        1
  1876.84884494     0.99955977        1
  1876.86927644     1.00052192        1
  1876.88970804     0.99984058        1
  1876.91013975     1.00003651        1
  1876.93057135     0.99960270        1
  1877.07359267     0.99890132        1
  1877.09402418     0.99889378        1
  1877.11445578     0.99876667        1
  1877.13488748     0.99926171        1
  1877.15531899     0.99935583        1
  1877.17575059     0.99941017        1
  1877.19618230     0.99960586        1
  1877.21661380     0.99943834        1
  1877.23704550     0.99956188        1
  1877.25747711     0.99949016        1
  1877.27790861     0.99886797        1
  1877.31877192     0.99960603        1
  1877.33920353     0.99945163        1
  1877.35963513     0.99932168        1
  1877.38006673     0.99971002        1
  1877.40049834     0.99896861        1
  1877.42092994     0.99881202        1
  1877.44136155     0.99975966        1
  1877.46179315     0.99938415        1
  1877.48222476     0.99923148        1
  1877.50265636     0.99987738        1
  1877.52308797     0.99949145        1
  1877.56395118     0.99952331        1
  1877.58438288     1.00015915        1
  1877.60481439     1.00024667        1
  1877.62524599     0.99978409        1
  1877.64567770     1.00002314        1
  1877.66610920     0.99960281        1
  1877.68654091     0.99953094        1
  1877.70697251     0.99971045        1
  1877.72740402     0.99978457        1
  1877.74783572     1.00031060        1
  1877.76826733     1.00001288        1
  1877.80913054     1.00009336        1
  1877.82956215     1.00016911        1
  1877.84999365     1.00067856        1
  1877.87042536     1.00070953        1
  1877.89085696     1.00084997        1
  1877.91128857     1.00104292        1
  1877.93172018     1.00053703        1
  1877.95215178     1.00121134        1
  1877.97258349     1.00081285        1
  1877.99301509     1.00068934        1
  1878.01344660     1.00112752        1
  1878.05430991     1.00062178        1
  1878.07474142     1.00046687        1
  1878.09517313     1.00091269        1
  1878.11560473     1.00077226        1
  1878.13603624     1.00087438        1
  1878.15646795     1.00108256        1
  1878.17689945     1.00057282        1
  1878.19733116     0.99997150        1
  1878.21776277     1.00022397        1
  1878.23819427     0.99997968        1
  1878.25862598     0.99986290        1
  1878.29948910     0.99984993        1
  1878.31992080     0.99966467        1
  1878.34035241     1.00035994        1
  1878.36078392     0.99997832        1
  1878.38121563     0.99980274        1
  1878.40164723     1.00028676        1
  1878.42207894     1.00004171        1
  1878.44251045     1.00039423        1
  1878.46294206     0.99993538        1
  1878.48337376     1.00043229        1
  1878.50380527     0.99944554        1
  1878.54466859     1.00048812        1
  1878.56510020     1.00014445        1
  1878.58553170     0.99953213        1
  1878.60596341     1.00035476        1
  1878.62639502     1.00034814        1
  1878.64682663     1.00078853        1
  1878.66725824     1.00024888        1
  1878.68768985     0.99985918        1
  1878.70812155     0.99973628        1
  1878.72855306     1.00005591        1
  1878.74898467     0.99966006        1
  1878.78984789     0.99960242        1
  1878.81027950     1.00033045        1
  1878.83071111     0.99961449        1
  1878.85114272     0.99931981        1
  1878.87157443     1.00020676        1
  1878.89200594     0.99989306        1
  1878.91243755     0.99954773        1
  1878.93286925     0.99985213        1
  1878.95330076     0.99948973        1
  1878.97373237     0.99957399        1
  1878.99416408     0.99974483        1
  1879.07589052     0.99980197        1
  1879.09632213     1.00029051        1
  1879.11675374     1.00023632        1
  1879.13718535     0.99957746        1
  1879.15761696     0.99988800        1
  1879.17804857     0.99978657        1
  1879.19848018     1.00011569        1
  1879.21891189     1.00034420        1
  1879.23934340     0.99961316        1
  1879.32106995     1.00019350        1
  1879.34150156     1.00032697        1
  1879.36193307     1.00011764        1
  1879.38236478     1.00050812        1
  1879.40279639     1.00048408        1
  1879.42322790     0.99975030        1
  1879.44365961     0.99914831        1
  1879.46409123     0.99989632        1
  1879.48452274     0.99963741        1
  1879.52538596     1.00012492        1
  1879.54581767     0.99936586        1
  1879.56624928     0.99997833        1
  1879.58668090     0.99997824        1
  1879.60711251     1.00038111        1
  1879.62754412     1.00012303        1
  1879.64797573     0.99961702        1
  1879.66840734     1.00009057        1
  1879.68883896     1.00029675        1
  1879.70927057     1.00018847        1
  1879.72970218     1.00031889        1
  1879.77056551     1.00010264        1
  1879.79099712     0.99969521        1
  1879.81142863     1.00004895        1
  1879.83186035     1.00134217        1
  1879.85229196     1.00018179        1
  1879.87272347     1.00000000        1
  1879.89315518     0.99996731        1
  1879.91358680     0.99970670        1
  1879.93401831     0.99969751        1
  1879.95445002     0.99991517        1
  1879.97488164     1.00000479        1
  1880.05660819     0.99930356        2
  1880.07703971     0.99938243        2
  1880.09747132     1.00030901        2
  1880.11790293     0.99955227        2
  1880.13833455     0.99984391        2
  1880.15876616     0.99992289        2
  1880.17919788     1.00006004        2
  1880.19962939     1.00003482        2
  1880.22006111     0.99989623        2
  1880.26092424     0.99950013        2
  1880.28135595     1.00008266        2
  1880.30178757     1.00051090        2
  1880.32221908     1.00064641        2
  1880.34265080     1.00089883        2
  1880.36308241     0.99980109        2
  1880.38351393     1.00047371        2
  1880.40394564     1.00040256        2
  1880.42437726     1.00012949        2
  1880.44480897     1.00028543        2
  1880.46524049     1.00036204        2
  1880.50610382     1.00048395        2
  1880.52653534     0.99969051        2
  1880.54696695     1.00394502        2
  1880.56739867     0.99963443        2
  1880.58783018     1.00025539        2
  1880.60826180     1.00049875        2
  1880.62869352     1.00000000        2
  1880.64912503     1.00017029        2
  1880.66955675     1.00020591        2
  1880.75128322     0.99962002        2
  1880.77171483     1.00036391        2
  1880.79214645     0.99941053        2
  1880.81257807     1.00014438        2
  1880.83300969     0.99977060        2
  1880.85344130     0.99913465        2
  1880.87387292     0.99946517        2
  1880.89430454     0.99992135        2
  1880.91473616     1.00024628        2
  1880.93516777     1.00019457        2
  1880.95559949     0.99929040        2
  1881.01689435     0.99912636        2
  1881.03732586     0.99888306        2
  1881.05775748     0.99893820        2
  1881.07818920     0.99974521        2
  1881.09862072     0.99944647        2
  1881.11905244     0.99989350        2
  1881.13948406     0.99970944        2
  1881.15991558     1.00017692        2
  1881.18034729     1.00045834        2
  1881.20077891     0.99989365        2
  1881.24164215     1.00009094        2
  1881.26207377     0.99991128        2
  1881.28250539     1.00012468        2
  1881.30293701     0.99990638        2
  1881.32336863     1.00006663        2
  1881.34380035     1.00025733        2
  1881.36423187     1.00005714        2
  1881.38466349     1.00014824        2
  1881.40509521     1.00031080        2
  1881.42552683     1.00006989        2
  1881.44595835     1.00022218        2
  1881.48682159     1.00065905        2
  1881.50725331     1.00052413        2
  1881.52768493     0.99988685        2
  1881.54811655     0.99962784        2
  1881.56854817     0.99997448        2
  1881.58897980     1.00017316        2
  1881.60941132     0.99982954        2
  1881.62984304     1.00010802        2
  1881.65027466     1.00017672        2
  1881.67070618     0.99992182        2
  1881.69113790     1.00031516        2
  1881.73200125     0.99997738        2
  1881.75243277     0.99973711        2
  1881.77286439     0.99973052        2
  1881.79329611     0.99936489        2
  1881.81372763     0.99915542        2
  1881.83415926     0.99930961        2
  1881.85459098     0.99982492        2
  1881.87502250     0.99980167        2
  1881.89545412     1.00017975        2
  1881.91588585     1.00049530        2
  1881.93631747     1.00063099        2
  1881.97718071     1.00067198        2
  1881.99761234     1.00028163        2
  1882.01804396     1.00043548        2
  1882.03847558     1.00038422        2
  1882.05890721     1.00049138        2
  1882.07933893     1.00006741        2
  1882.09977046     1.00088762        2
  1882.12020208     1.00062967        2
  1882.14063380     1.00007351        2
  1882.16106533     1.00077151        2
  1882.18149705     1.00084942        2
  1882.22236020     0.99986859        2
  1882.24279192     0.99983649        2
  1882.26322345     0.99982257        2
  1882.28365507     0.99954140        2
  1882.30408680     0.99974413        2
  1882.32451832     1.00043156        2
  1882.34495005     1.00164484        2
  1882.36538167     0.99990715        2
  1882.38581320     0.99922042        2
  1882.46753980     0.99936140        2
  1882.48797143     0.99957441        2
  1882.50840305     0.99973303        2
  1882.52883468     1.00014242        2
  1882.54926630     0.99992072        2
  1882.56969803     0.99926315        2
  1882.59012966     1.00010059        2
  1882.77401430     0.99913948        2
  1882.79444603     0.99917816        2
  1882.81487755     0.99933776        2
  1882.83530918     0.99947468        2
  1882.85574091     0.99956885        2
  1882.87617244     0.99934490        2
  1882.89660397     0.99964880        2
  1882.91703569     0.99997435        2
  1883.03962547     1.00027205        2
  1883.06005710     0.99966435        2
  1883.08048883     0.99965278        2
  1883.10092045     1.00026763        2
  1883.12135198     1.00054090        2
  1883.14178371     1.00081770        2
  1883.16221534     0.99953610        2
  1883.20307860     1.00069257        2
  1883.22351023     1.00052634        2
  1883.24394196     1.00076618        2
  1883.26437349     1.00085093        2
  1883.28480512     1.00030475        2
  1883.30523685     1.00010560        2
  1883.32566838     1.00007716        2
  1883.34610002     0.99970135        2
  1883.36653175     1.00001648        2
  1883.38696328     0.99967586        2
  1883.40739501     1.00019578        2
  1883.44825817     0.99928701        2
  1883.46868990     0.99932469        2
  1883.48912153     0.99933017        2
  1883.50955307     1.00023258        2
  1883.52998480     0.99878929        2
  1883.55041633     0.99931097        2
  1883.57084806     0.99972762        2
  1883.59127969     0.99991114        2
  1883.61171123     0.99964860        2
  1883.63214296     0.99974778        2
  1883.65257459     0.99958993        2
  1883.71386949     1.00036992        2
  1883.73430112     0.99989655        2
  1883.75473276     1.00072623        2
  1883.77516439     1.00048112        2
  1883.79559612     1.00036316        2
  1883.81602776     1.00008142        2
  1883.83645929     1.00013806        2
  1883.85689103     1.00029801        2
  1883.87732266     0.99996975        2
  1883.89775419     1.00033355        2
  1883.97948083     0.99964209        2
  1883.99991247     1.00038576        2
  1884.02034420     1.00014811        2
  1884.04077574     0.99942004        2
  1884.06120737     0.99972998        2
  1884.08163911     0.99969680        2
  1884.10207064     0.99975895        2
  1884.12250228     0.99987838        2
  1884.14293402     1.00094602        2
  1884.20422882     1.00066068        2
  1884.22466046     1.00074618        2
  1884.24509220     1.00060715        2
  1884.26552373     1.00021350        2
  1884.28595537     0.99972790        2
  1884.30638711     1.00311428        2
  1884.32681874     0.99991742        2
  1884.34725028     0.99985754        2
  1884.36768202     0.99982614        2
  1884.38811365     0.99954828        2
  1884.42897693     0.99984225        2
  1884.44940857     1.00021451        2
  1884.46984031     0.99999929        2
  1884.49027184     0.99997561        2
  1884.51070348     1.00009013        2
  1884.53113522     0.99987238        2
  1884.55156676     1.00032398        2
  1884.57199840     1.00020941        2
  1884.59243014     1.00065645        2
  1884.61286167     1.00032925        2
  1884.63329341     1.00068353        2
  1884.67415659     1.00096563        2
  1884.69458833     1.00024062        2
  1884.71501997     1.00051205        2
  1884.73545161     1.00081498        2
  1884.75588325     1.00067821        2
  1884.77631489     0.99989787        2
  1884.79674653     1.00043004        2
  1884.81717817     1.00018294        2
  1884.83760981     0.99988677        2
  1884.85804145     0.99940899        2
  1884.87847309     0.99915441        2
  1884.91933637     0.99984626        2
  1884.93976802     1.00045870        2
  1884.96019966     0.99964553        2
  1884.98063140     0.99933693        2
  1885.00106294     0.99991270        2
  1885.02149468     0.99960802        2
  1885.04192632     0.99999205        2
  1885.06235787     0.99946272        2
  1885.08278961     1.00154716        2
  1885.10322125     0.99950540        2
  1885.12365279     0.99982388        2
  1885.16451618     0.99548249        2
  1885.18494772     1.00022185        2
  1885.20537946     1.00034850        2
  1885.22581111     1.00010703        2
  1885.24624285     1.00054128        2
  1885.26667439     1.00035129        2
  1885.28710604     0.99988294        2
  1885.30753778     1.00030316        2
  1885.32796932     1.00015159        2
  1885.34840097     1.00061964        2
  1885.36883271     1.00015338        2
  1885.40969590     0.99997875        2
  1885.43012764     1.00079725        2
  1885.45055929     1.00012710        2
  1885.47099093     0.99990488        2
  1885.49142258     0.99988200        2
  1885.51185422     0.99954283        2
  1885.53228587     1.00013572        2
  1885.55271751     0.99988119        2
  1885.57314906     1.00052725        2
  1885.59358081     0.99923465        2
  1885.61401245     0.99971512        2
  1885.65487574     0.99988930        2
  1885.67530739     0.99970816        2
  1885.69573914     0.99966353        2
  1885.71617068     0.99973583        2
  1885.73660233     0.99982132        2
  1885.75703408     0.99984313        2
  1885.77746562     0.99981036        2
  1885.79789727     0.99944006        2
  1885.81832902     1.00025933        2
  1885.83876057     1.00042630        2
  1885.85919231     1.00060578        2
  1885.90005551     0.99951788        2
  1885.92048726     0.99997108        2
  1885.94091891     0.99938329        2
  1885.96135055     0.99974109        2
  1885.98178220     0.99909874        2
  1886.00221385     0.99914186        2
  1886.02264550     0.99930533        2
  1886.04307715     0.99963173        2
  1886.06350880     0.99920219        2
  1886.08394055     0.99982669        2
  1886.10437220     0.99947639        2
  1886.18609870     1.00033524        2
  1886.20653045     1.00021492        2
  1886.22696200     0.99989237        2
  1886.24739375     1.00037096        2
  1886.26782540     0.99995064        2
  1886.28825695     1.00058759        2
  1886.30868870     0.99984822        2
  1886.32912035     0.99994712        2
  1886.34955190     1.00025273        2
  1886.39041531     1.00035260        2
  1886.41084686     1.00030743        2
  1886.43127861     1.00017756        2
  1886.45171026     1.00033109        2
  1886.47214201     1.00011131        2
  1886.49257357     1.00000874        2
  1886.51300522     0.99958018        2
  1886.53343697     1.00013426        2
  1886.63559524     0.99998461        2
  1886.65602689     0.99902811        2
  1886.67645855     0.99955843        2
  1886.69689020     0.99947093        2
  1886.71732185     0.99946647        2
  1886.73775351     0.99961678        2
  1886.75818526     0.99963180        2
  1886.88077509     1.00008201        2
  1886.90120675     1.00025889        2
  1886.92163850     1.00061766        2
  1886.94207006     1.00062090        2
  1886.96250172     1.00052867        2
  1886.98293347     1.00058755        2
  1887.00336503     1.00047291        2
  1887.12595507     1.00007854        2
  1887.14638673     1.00008857        2
  1887.16681839     1.00006786        2
  1887.18725004     1.00025878        2
  1887.20768170     1.00044586        2
  1887.22811336     1.00012053        2
  1887.24854512     0.99971703        2
  1887.26897668     0.99999215        2
  1887.28940834     1.00008861        2
  1887.30984010     1.00035893        2
  1887.33027175     1.00021390        2
  1887.37113507     0.99990218        2
  1887.39156673     0.99980378        2
  1887.41199829     1.00005966        2
  1887.43243005     1.00012892        2
  1887.45286171     1.00006685        2
  1887.47329337     1.00052170        2
  1887.49372503     1.00030779        2
  1887.51415669     1.00038003        2
  1887.53458845     1.00014738        2
  1887.55502002     0.99986709        2
  1887.57545168     1.00014429        2
  1887.61631500     0.99973448        2
  1887.63674676     0.99955841        2
  1887.65717832     0.99940645        2
  1887.67760998     0.99938015        2
  1887.69804175     0.99980073        2
  1887.71847331     0.99985438        2
  1887.73890497     0.99934661        2
  1887.75933673     0.99960034        2
  1887.77976830     1.00010245        2
  1887.80019996     1.00028173        2
  1887.86149505     1.00042238        2
  1887.88192671     1.00004545        2
  1887.90235838     1.00004029        2
  1887.92279004     1.00031235        2
  1887.94322171     0.99996648        2
  1887.96365337     0.99975278        2
  1887.98408513     0.99964058        2
  1891.04883760     0.99945042        3
  1891.06926929     0.99956282        3
  1891.08970108     0.99941161        3
  1891.11013268     0.99931235        3
  1891.13056437     0.99965505        3
  1891.15099617     0.99984853        3
  1891.17142776     1.00006342        3
  1891.19185955     1.00013671        3
  1891.21229125     0.99987755        3
  1891.23272284     1.00003240        3
  1891.29401793     1.00049048        3
  1891.31444972     1.00019700        3
  1891.33488142     0.99958508        3
  1891.35531322     1.00037182        3
  1891.37574481     1.00081292        3
  1891.39617651     1.00062558        3
  1891.41660831     1.00027421        3
  1891.43703990     0.99991133        3
  1891.45747160     1.00018668        3
  1891.47790340     1.00032364        3
  1891.49833509     1.00004498        3
  1891.53919849     0.99940023        3
  1891.55963009     1.00024257        3
  1891.58006189     1.00040594        3
  1891.60049359     0.99962533        3
  1891.62092518     0.99945009        3
  1891.64135698     0.99986421        3
  1891.66178868     1.00030704        3
  1891.68222028     1.00054177        3
  1891.70265208     1.00055237        3
  1891.72308378     1.00164686        3
  1891.74351558     1.00059938        3
  1891.78437888     1.00028883        3
  1891.80481068     1.00056672        3
  1891.82524228     1.00026062        3
  1891.84567398     1.00017658        3
  1891.86610579     1.00014906        3
  1891.88653739     0.99995577        3
  1891.90696909     0.99993007        3
  1891.92740089     0.99999571        3
  1891.94783249     0.99991381        3
  1891.96826430     1.00010938        3
  1891.98869600     0.99999429        3
  1892.02955940     1.00007346        3
  1892.04999111     1.00029090        3
  1892.07042281     1.00038933        3
  1892.09085452     0.99966319        3
  1892.11128622     0.99964131        3
  1892.13171802     0.99955528        3
  1892.15214973     1.00001863        3
  1892.17258133     0.99991527        3
  1892.19301314     0.99929091        3
  1892.21344474     1.00006102        3
  1892.23387645     1.00028446        3
  1892.27473986     1.00020901        3
  1892.29517166     0.99993461        3
  1892.31560337     0.99997070        3
  1892.33603498     0.99960867        3
  1892.35646678     0.99958610        3
  1892.37689849     0.99999681        3
  1892.39733010     0.99972135        3
  1892.41776190     0.99959605        3
  1892.43819361     0.99880526        3
  1892.45862522     0.99974276        3
  1892.47905703     1.00018791        3
  1892.51992054     1.00002272        3
  1892.54035215     1.00005036        3
  1892.56078386     1.00067946        3
  1892.58121567     0.99954300        3
  1892.60164728     0.99996991        3
  1892.62207899     1.00036268        3
  1892.64251080     1.00005560        3
  1892.66294251     0.99977121        3
  1892.68337422     1.00021320        3
  1892.84682791     0.99930251        3
  1892.86725972     0.99947023        3
  1892.88769133     0.99980700        3
  1892.90812314     0.99982025        3
  1892.92855476     0.99990347        3
  1892.94898647     1.00045127        3
  1892.96941828     1.00043976        3
  1893.01028161     0.99941433        3
  1893.03071342     1.00002915        3
  1893.05114504     0.99973231        3
  1893.07157685     0.99928863        3
  1893.09200857     0.99942939        3
  1893.11244018     0.99921283        3
  1893.13287200     0.99921671        3
  1893.15330371     0.99913838        3
  1893.17373533     0.99923431        3
  1893.19416714     0.99938648        3
  1893.21459886     0.99966944        3
  1893.33718916     1.00000806        3
  1893.35762098     1.00042492        3
  1893.37805269     1.00010577        3
  1893.39848431     1.00070435        3
  1893.41891613     1.00000924        3
  1893.43934785     1.00002783        3
  1893.45977967     0.99934498        3
  1893.50064300     1.00038618        3
  1893.52107482     1.00042051        3
  1893.54150644     0.99963210        3
  1893.56193806     1.00002616        3
  1893.58236988     1.00001192        3
  1893.60280160     0.99993273        3
  1893.62323342     1.00003674        3
  1893.64366505     1.00017828        3
  1893.66409677     1.00005720        3
  1893.68452859     1.00046609        3
  1893.70496021     0.99997327        3
  1893.74582375     1.00023348        3
  1893.76625537     0.99946707        3
  1893.78668710     0.99987236        3
  1893.80711892     1.00020393        3
  1893.82755054     1.00027065        3
  1893.84798237     0.99986484        3
  1893.86841409     0.99964075        3
  1893.88884581     1.00004001        3
  1893.90927754     1.00107224        3
  1893.92970926     0.99995511        3
  1894.03186798     1.00052569        3
  1894.05229961     0.99995993        3
  1894.07273143     1.00086081        3
  1894.09316316     1.00018744        3
  1894.11359479     1.00043673        3
  1894.13402661     1.00047818        3
  1894.15445834     1.00021280        3
  1894.17489007     1.00055682        3
  1894.19532179     1.00035613        3
  1894.23618525     1.00038941        3
  1894.25661698     1.00027242        3
  1894.27704860     1.00045133        3
  1894.29748043     0.99990798        3
  1894.31791216     1.00012442        3
  1894.33834379     1.00078497        3
  1894.35877562     1.00062257        3
  1894.37920735     1.00021195        3
  1894.39963918     0.99986506        3
  1894.42007081     0.99982098        3
  1894.44050254     0.99991873        3
  1894.48136600     0.99980623        3
  1894.50179773     1.00048784        3
  1894.52222956     1.00012867        3
  1894.54266129     1.00022384        3
  1894.56309302     1.00018106        3
  1894.58352475     0.99995601        3
  1894.60395649     1.00003961        3
  1894.62438822     0.99988193        3
  1894.72654688     0.99978866        3
  1894.74697872     0.99952215        3
  1894.76741035     0.99975449        3
  1894.78784218     1.00001942        3
  1894.80827392     1.00000246        3
  1894.82870555     0.99979892        3
  1894.84913739     0.99991065        3
  1894.86956902     0.99984298        3
  1894.97172780     0.99869927        3
  1894.99215944     0.99992932        3
  1895.01259127     1.00069116        3
  1895.03302301     1.00032260        3
  1895.05345475     1.00043360        3
  1895.07388649     1.00090494        3
  1895.09431822     1.00032405        3
  1895.11475006     1.00023087        3
  1895.13518170     1.00010258        3
  1895.15561344     1.00060680        3
  1895.17604528     1.00051944        3
  1895.21690866     0.99967582        3
  1895.23734050     0.99991217        3
  1895.25777223     0.99955868        3
  1895.27820387     0.99987118        3
  1895.29863571     0.99977629        3
  1895.31906746     1.00032124        3
  1895.33949930     0.99960164        3
  1895.35993094     0.99963183        3
  1895.38036268     0.99988360        3
  1895.40079452     0.99950320        3
  1895.42122616     0.99996150        3
  1895.46208975     0.99991822        3
  1895.48252139     0.99974516        3
  1895.50295323     0.99912367        3
  1895.52338487     0.99961022        3
  1895.54381662     0.99986062        3
  1895.56424846     0.99967829        3
  1895.58468010     0.99968171        3
  1895.60511185     0.99976883        3
  1895.62554369     0.99937781        3
  1895.64597534     1.00005193        3
  1895.66640718     1.00042781        3
  1895.70727067     0.99946204        3
  1895.72770242     0.99946889        3
  1895.74813416     1.00002794        3
  1895.76856591     1.00039679        3
  1895.78899766     0.99966007        3
  1895.80942940     0.99917857        3
  1895.82986115     0.99914628        3
  1895.85029300     0.99940957        3
  1895.87072464     0.99928584        3
  1895.89115649     0.99974747        3
  1895.91158824     0.99988696        3
  1895.97288348     1.00019525        3
  1895.99331513     0.99995384        3
  1896.01374698     1.00077266        3
  1896.03417873     1.00042730        3
  1896.05461058     1.00038834        3
  1896.07504223     1.00008805        3
  1896.09547398     1.00000000        3
  1896.11590573     1.00033684        3
  1896.13633748     0.99992284        3
  1896.15676923     1.00029653        3
  1896.19763273     0.99986291        3
  1896.21806459     1.00005362        3
  1896.23849624     1.00004517        3
  1896.25892799     0.99990382        3
  1896.27935984     0.99963752        3
  1896.29979149     0.99997467        3
  1896.32022325     0.99965805        3
  1896.34065510     0.99941299        3
  1896.36108675     0.99979471        3
  1896.38151851     0.99984250        3
  1896.50410914     0.99959719        3
  1896.52454089     1.00028791        3
  1896.54497265     0.99992360        3
  1896.56540450     1.00018578        3
  1896.58583616     1.00042018        3
  1896.60626802     1.00011282        3
  1896.62669977     1.00027197        3
  1896.64713143     1.00011938        3
  1896.68799504     0.99977119        3
  1896.70842670     1.00029786        3
  1896.72885856     1.00025623        3
  1896.74929032     1.00039376        3
  1896.76972208     1.00043498        3
  1896.79015384     1.00062593        3
  1896.81058560     1.00053169        3
  1896.83101735     1.00071479        3
  1896.85144911     1.00055410        3
  1896.87188087     1.00026437        3
  1896.89231263     0.99929388        3
  1896.93317616     1.00032616        3
  1896.95360792     0.99998678        3
  1896.97403968     0.99960214        3
  1896.99447154     1.00046102        3
  1897.01490320     0.99974440        3
  1897.03533496     0.99948934        3
  1897.05576683     1.00000241        3
  1897.07619859     1.00054553        3
  1897.09663025     1.00023559        3
  1897.11706211     0.99974715        3
  1897.13749388     1.00060621        3
  1897.17835741     0.99935223        3
  1897.19878917     1.00039695        3
  1897.21922103     1.00010740        3
  1897.23965270     0.99986121        3
  1897.26008446     0.99939010        3
  1897.28051633     0.99909232        3
  1897.30094800     0.99951041        3
  1897.32137986     1.00011569        3
  1897.34181163     1.00001551        3
  1897.36224329     1.00029044        3
  1897.38267516     0.99982472        3
  1897.42353859     0.99985019        3
  1897.44397046     0.99968312        3
  1897.46440223     0.99981376        3
  1897.48483410     1.00052271        3
  1897.50526577     0.99961255        3
  1897.52569743     0.99969244        3
  1897.54612930     0.99988439        3
  1897.56656107     1.00003605        3
  1897.58699284     1.00023462        3
  1897.60742461     1.00046006        3
  1897.62785638     1.00051342        3
  1897.75044701     1.00055410        3
  1897.77087888     1.00026528        3
  1897.79131065     0.99983255        3
  1897.81174232     0.99968528        3
  1897.83217419     0.99988172        3
  1897.85260597     1.00034783        3
  1897.87303784     0.99981675        3
  1897.93433316     0.99984801        3
  1897.95476484     0.99970533        3
  1897.97519661     1.00029201        3
  1897.99562849     0.99973784        3
  1898.01606016     0.99983253        4
  1898.03649204     1.00017491        4
  1898.05692381     0.99986326        4
  1898.07735549     0.99992586        4
  1898.09778736     0.99980359        4
  1898.11821914     1.00025828        4
  1898.15908269     1.00009550        4
  1898.17951437     1.00050363        4
  1898.19994625     0.99996930        4
  1898.22037803     1.00034817        4
  1898.24080970     0.99961057        4
  1898.26124158     0.99978030        4
  1898.28167336     0.99998304        4
  1898.30210514     0.99938918        4
  1898.32253692     1.00002989        4
  1898.34296870     0.99971486        4
  1898.40426404     1.00018318        4
  1898.42469592     0.99992590        4
  1898.44512770     1.00005890        4
  1898.46555938     1.00015572        4
  1898.48599126     1.00028039        4
  1898.50642305     1.00054962        4
  1898.52685473     1.00034312        4
  1898.54728661     1.00076510        4
  1898.56771839     1.00027670        4
  1898.58815028     1.00036010        4
  1898.60858196     1.00017035        4
  1898.64944563     0.99977025        4
  1898.66987731     0.99989168        4
  1898.69030909     0.99989762        4
  1898.71074098     1.00001526        4
  1898.73117266     0.99927219        4
  1898.75160455     0.99979924        4
  1898.77203633     1.00016181        4
  1898.79246802     1.00007862        4
  1898.81289991     0.99929583        4
  1898.83333159     0.99950021        4
  1898.85376338     0.99945643        4
  1898.89462695     0.99986895        4
  1898.91505874     0.99931119        4
  1898.93549063     0.99906868        4
  1898.95592241     1.00036941        4
  1898.97635420     0.99937074        4
  1898.99678599     0.99988298        4
  1899.01721778     0.99945111        4
  1899.03764957     0.99991736        4
  1899.05808136     0.99922226        4
  1899.07851315     1.00027127        4
  1899.09894504     0.99947653        4
  1899.13980862     0.99983009        4
  1899.16024041     0.99925434        4
  1899.18067210     0.99992362        4
  1899.20110399     0.99976739        4
  1899.22153578     0.99968745        4
  1899.24196748     0.99969085        4
  1899.26239937     1.00001273        4
  1899.28283116     0.99988835        4
  1899.30326305     1.00018317        4
  1899.32369475     0.99985211        4
  1899.34412654     1.00025686        4
  1899.38499013     1.00009944        4
  1899.40542192     0.99960863        4
  1899.42585382     0.99950872        4
  1899.44628551     1.00012127        4
  1899.46671741     0.99971696        4
  1899.48714910     1.00001839        4
  1899.50758090     1.00011005        4
  1899.52801279     1.00035575        4
  1899.54844449     1.00030955        4
  1899.56887629     1.00023307        4
  1899.58930818     1.00001766        4
  1899.63017168     1.00026027        4
  1899.65060358     1.00038892        4
  1899.67103537     1.00002439        4
  1899.69146717     1.00004420        4
  1899.71189897     0.99988373        4
  1899.73233077     0.99978796        4
  1899.75276267     0.99961354        4
  1899.77319437     0.99988452        4
  1899.79362617     1.00004850        4
  1899.81405807     1.00000731        4
  1899.83448977     1.00018060        4
  1899.89578517     1.00038605        4
  1899.91621707     1.00035462        4
  1899.93664887     1.00043543        4
  1899.95708058     1.00011809        4
  1899.97751248     1.00003195        4
  1899.99794428     0.99989630        4
  1900.01837619     1.00022762        4
  1900.03880789     0.99999452        4
  1900.05923969     1.00017562        4
  1900.07967150     1.00035292        4
  1900.12053510     1.00005889        4
  1900.14096691     1.00036842        4
  1900.16139871     1.00026786        4
  1900.18183062     0.99978778        4
  1900.20226233     1.00019608        4
  1900.22269413     1.00016165        4
  1900.24312604     1.00056062        4
  1900.26355774     1.00051755        4
  1900.28398955     1.00011622        4
  1900.30442146     1.00122546        4
  1900.32485327     1.00019056        4
  1900.36571688     1.00101416        4
  1900.38614869     0.99986805        4
  1900.40658060     0.99979426        4
  1900.42701231     1.00000305        4
  1900.44744412     0.99964521        4
  1900.46787603     0.99992226        4
  1900.48830774     1.00010403        4
  1900.50873955     0.99993660        4
  1900.52917146     0.99993676        4
  1900.54960317     1.00010845        4
  1900.57003508     0.99983408        4
  1900.61089860     0.99967018        4
  1900.63133051     0.99997865        4
  1900.65176233     1.00002043        4
  1900.67219404     0.99959443        4
  1900.69262595     1.00024626        4
  1900.71305776     1.00047172        4
  1900.85608046     1.00011597        4
  1900.87651228     0.99987863        4
  1900.89694420     0.99954020        4
  1900.91737601     0.99972783        4
  1900.93780773     0.99946369        4
  1900.95823965     0.99981765        4
  1900.97867146     0.99989322        4
  1900.99910318     0.99937422        4
  1901.01953510     1.00022785        4
  1901.03996692     1.00007435        4
  1901.06039863     0.99958585        4
  1901.10126237     0.99977232        4
  1901.12169429     0.99987785        4
  1901.14212601     0.99971203        4
  1901.16255783     1.00012168        4
  1901.18298975     0.99997252        4
  1901.20342147     1.00032720        4
  1901.22385329     1.00004584        4
  1901.24428521     1.00015082        4
  1901.26471693     1.00016643        4
  1901.28514886     0.99993940        4
  1901.30558068     1.00000000        4
  1901.36687614     1.00003203        4
  1901.38730797     0.99953772        4
  1901.40773979     0.99987372        4
  1901.42817162     1.00015718        4
  1901.44860344     1.00013488        4
  1901.46903526     0.99973635        4
  1901.48946709     1.00055417        4
  1901.50989891     1.00002730        4
  1901.53033074     0.99997444        4
  1901.55076256     1.00003298        4
  1901.59162622     0.99954243        4
  1901.61205814     0.99939768        4
  1901.63248997     0.99974219        4
  1901.65292170     0.99951825        4
  1901.67335362     0.99899388        4
  1901.69378545     0.99973618        4
  1901.71421718     0.99993445        4
  1901.73464911     0.99954701        4
  1901.75508094     0.99967879        4
  1901.77551267     0.99950630        4
  1901.79594460     1.00608184        4
  1901.83680836     0.99990111        4
  1901.85724009     1.00023451        4
  1901.87767192     1.00016801        4
  1901.89810385     0.99979505        4
  1901.91853558     0.99995580        4
  1901.93896741     1.00015138        4
  1901.95939934     1.00086039        4
  1901.97983107     1.00035593        4
  1902.00026301     1.00024124        4
  1902.02069484     1.00036239        4
  1902.08199034     0.99984077        4
  1902.10242207     0.99938140        4
  1902.12285401     0.99962516        4
  1902.14328584     0.99935689        4
  1902.16371768     0.99902827        4
  1902.18414951     0.99917507        4
  1902.20458135     0.99869793        4
  1902.22501319     0.99920217        4
  1902.24544502     0.99970040        4
  1902.26587686     0.99913297        4
  1902.28630879     0.99922393        4
  1902.32717237     1.00014722        4
  1902.34760431     1.00076861        4
  1902.36803605     1.00009332        4
  1902.38846798     1.00062709        4
  1902.40889982     1.00023958        4
  1902.42933156     1.00070916        4
  1902.44976350     1.00040247        4
  1902.57235454     0.99997654        4
  1902.59278639     0.99944749        4
  1902.61321833     0.99972762        4
  1902.63365007     1.00021569        4
  1902.65408191     0.99985386        4
  1902.67451386     0.99959651        4
  1902.69494560     1.00007726        4
  1902.71537754     1.00028217        4
  1902.73580939     0.99982882        4
  1902.75624113     1.00010878        4
  1902.77667308     0.99975550        4
  1902.81753677     0.99802796        4
  1902.83796861     1.00025851        4
  1902.85840046     1.00006318        4
  1902.87883220     0.99995398        4
  1902.89926415     0.99979472        4
  1902.91969600     1.00003545        4
  1902.94012794     1.00021296        4
  1902.96055969     1.00047278        4
  1902.98099154     1.00016054        4
  1903.00142349     0.99963875        4
  1903.02185523     0.99987928        4
  1903.22617384     1.00001586        4
  1903.24660569     1.00004358        4
  1903.26703764     0.99967645        4
  1903.30790125     1.00021056        4
  1903.32833320     1.00069731        4
  1903.34876495     1.00041520        4
  1903.36919681     1.00017519        4
  1903.38962876     1.00010410        4
  1903.41006062     1.00025219        4
  1903.43049247     0.99991644        4
  1903.45092423     0.99987374        4
  1903.47135608     1.00026919        4
  1903.49178804     0.99997041        4
  1903.51221989     0.99966060        4
  1903.55308361     0.99976557        4
  1903.57351546     1.00318810        4
  1903.59394722     1.00076063        4
  1903.61437918     0.99992929        4
  1903.63481104     0.99993034        4
  1903.65524300     1.00008596        4
  1903.67567475     1.00023902        4
  1903.69610661     1.00008325        4
  1903.71653857     1.00011172        4
  1903.73697033     0.99982570        4
  1903.75740219     0.99993895        4
  1903.79826591     1.00045614        4
  1903.81869787     1.00028069        4
  1903.83912974     1.00060537        4
  1903.85956150     1.00055993        4
  1903.87999346     1.00083336        4
  1903.90042532     1.00069884        4
  1903.92085709     1.00130804        4
  1903.94128905     1.00039090        4
  1903.96172091     1.00019584        4
  1903.98215288     1.00051335        4
  1904.00258464     1.00009938        4
  1904.04344837     0.99981665        4
  1904.06388033     1.00000820        4
  1904.08431210     0.99980335        4
  1904.10474396     0.99977221        4
  1904.12517583     1.00020398        4
  1904.14560770     0.99972418        4
  1904.16603966     0.99916019        4
  1904.18647143     0.99953091        4
  1904.20690340     0.99951666        4
  1904.22733527     0.99921470        4
  1904.24776703     0.99923552        4
  1904.30906264     0.99935965        4
  1904.32949461     0.99916636        4
  1904.34992648     0.99983250        4
  1904.37035845     1.00004134        4
  1904.39079022     0.99933984        4
  1904.41122209     1.00040989        4
  1904.43165406     0.99959567        4
  1904.45208583     0.99976909        4
  1904.47251770     0.99934913        4
  1904.49294968     0.99956004        4
  1904.61554092     0.99926517        4
  1904.63597279     0.99955950        4
  1904.65640467     0.99980656        4
  1904.67683654     1.00067772        4
  1904.69726842     0.99993751        4
  1904.71770029     1.00017060        4
  1904.73813217     1.00007139        4
  1904.77899592     1.00007089        4
  1904.79942780     0.99974919        4
  1904.81985978     0.99936041        4
  1904.84029155     0.99970065        4
  1904.86072343     1.00011179        4
  1904.88115541     0.99959795        4
  1905.04461045     1.00027899        4
  1905.06504233     1.00077748        4
  1905.08547431     1.00019859        4
  1905.10590610     1.00034197        4
  1905.12633798     1.00018654        4
  1905.14676996     1.00012716        4
  1905.16720175     1.00010491        4
  1905.18763363     0.99988946        4
