  1835.65915913     0.99995031        0
  1835.80218436     1.00041994        0
  1835.82261664     1.00006620        0
  1835.84304871     0.99996776        0
  1835.86348088     0.99990338        0
  1835.88391315     0.99987165        0
  1835.90434522     0.99988389        0
  1835.92477740     0.99978963        0
  1835.94520967     0.99993839        0
  1835.96564174     1.00009946        0
  1835.98607390     1.00005793        0
  1836.00650617     0.99993627        0
  1836.02693824     1.00012077        0
  1836.04737041     0.99998897        0
  1836.06780268     0.99992142        0
  1836.08823474     0.99992951        0
  1836.10866691     1.00018037        0
  1836.12909918     1.00010652        0
  1836.14953134     1.00017564        0
  1836.16996341     0.99992680        0
  1836.19039567     1.00007134        0
  1836.21082784     0.99988654        0
  1836.23126010     0.99989793        0
  1836.25169216     0.99998086        0
  1836.27212432     0.99989153        0
  1836.31298865     0.99976707        0
  1836.33342081     0.99991390        0
  1836.35385307     0.99988979        0
  1836.37428513     1.00016984        0
  1836.39471729     1.00007915        0
  1836.41514945     0.99989032        0
  1836.43558160     1.00004785        0
  1836.45601376     1.00032539        0
  1836.47644592     0.99996776        0
  1836.49687808     1.00013542        0
  1836.51731023     1.00005410        0
  1836.53774239     0.99998323        0
  1836.55817454     0.99996371        0
  1836.57860670     0.99992449        0
  1836.59903895     1.00000293        0
  1836.61947101     1.00006286        0
  1836.63990316     1.00007593        0
  1836.66033541     1.00017359        0
  1836.68076747     1.00012817        0
  1836.70119962     0.99997013        0
  1836.72163187     0.99997362        0
  1836.74206392     1.00023240        0
  1836.76249607     0.99978919        0
  1836.78292832     0.99993635        0
  1836.80336037     1.00009199        0
  1836.82379262     0.99999884        0
  1836.84422477     1.00013541        0
  1836.86465682     1.00011213        0
  1836.88508906     0.99992389        0
  1836.90552121     1.00010773        0
  1836.92595326     0.99999686        0
  1836.94638550     1.00020621        0
  1836.96681765     1.00016293        0
  1836.98724979     1.00006377        0
  1837.00768194     0.99970375        0
  1837.02811408     1.00154132        0
  1837.06897847     0.99997490        0
  1837.08941051     1.00009400        0
  1837.10984265     1.00017967        0
  1837.13027479     0.99989090        0
  1837.15070694     1.00001647        0
  1837.17113908     1.00006091        0
  1837.19157122     0.99977619        0
  1837.21200336     1.00001585        0
  1837.23243550     0.99993739        0
  1837.25286763     0.99998578        0
  1837.27329977     0.99986465        0
  1837.29373181     1.00009894        0
  1837.31416405     1.00003723        0
  1837.33459618     0.99983156        0
  1837.35502832     1.00015430        0
  1837.37546045     0.99996384        0
  1837.39589259     0.99976611        0
  1837.41632472     1.00005573        0
  1837.43675696     0.99993264        0
  1837.45718899     1.00025521        0
  1837.47762123     1.00010543        0
  1837.49805336     0.99998879        0
  1837.51848539     1.00001451        0
  1837.53891762     1.00001454        0
  1837.55934975     0.99995737        0
  1837.57978178     0.99967629        0
  1837.60021401     1.00009116        0
  1837.62064614     0.99988117        0
  1837.64107817     0.99985707        0
  1837.66151040     0.99985670        0
  1837.68194253     0.99969613        0
  1837.70237456     1.00006166        0
  1837.72280679     1.00014671        0
  1837.74323891     1.00007519        0
  1837.76367094     1.00007881        0
  1837.78410317     0.99970260        0
  1837.80453529     1.00000994        0
  1837.82496742     1.00016188        0
  1837.84539954     1.00013046        0
  1837.86583166     0.99994159        0
  1837.88626369     0.99996730        0
  1837.90669591     0.99995149        0
  1837.92712803     0.99985564        0
  1837.94756016     0.99984172        0
  1837.96799228     1.00010331        0
  1837.98842440     0.99997635        0
  1838.00885642     1.00019925        0
  1838.02928864     0.99972849        0
  1838.04972076     1.00007634        0
  1838.07015298     1.00001128        0
  1838.09058500     1.00007315        0
  1838.11101711     0.99990787        0
  1838.13144933     0.99994334        0
  1838.15188135     0.99982259        0
  1838.17231347     1.00017163        0
  1838.19274568     0.99999537        0
  1838.21317770     0.99990876        0
  1838.27447414     0.99994527        0
  1838.29490616     0.99993805        0
  1838.31533837     1.00019156        0
  1838.33577048     1.00012952        0
  1838.35620249     1.00000025        0
  1838.37663471     0.99979402        0
  1838.39706682     1.00016838        0
  1838.41749883     0.99990983        0
  1838.43793104     0.99980960        0
  1838.45836315     1.00021729        0
  1838.47879516     0.99987883        0
  1838.49922737     1.00008255        0
  1838.51965948     0.99995287        0
  1838.54009148     1.00011652        0
  1838.56052369     1.00006244        0
  1838.58095580     1.00007654        0
  1838.60138781     1.00028852        0
  1838.62182001     0.99975553        0
  1838.64225212     1.00015699        0
  1838.66268412     0.99999708        0
  1838.68311633     0.99987907        0
  1838.70354843     1.00010686        0
  1838.72398054     0.99997481        0
  1838.74441264     1.00025627        0
  1838.76484474     0.99996206        0
  1838.78527684     0.99995083        0
  1838.80570895     1.00002237        0
  1838.82614105     1.00014121        0
  1838.84657325     1.00017943        0
  1838.86700525     1.00014830        0
  1838.88743735     0.99996314        0
  1838.90786955     1.00006988        0
  1838.92830155     1.00004163        0
  1838.94873365     1.00002742        0
  1838.96916584     0.99992860        0
  1838.98959784     1.00135964        0
  1839.05089413     1.00001447        0
  1839.07132623     0.99967131        0
  1839.09175842     0.99992568        0
  1839.11219052     0.99997438        0
  1839.13262251     0.99983387        0
  1839.15305471     1.00009933        0
  1839.17348680     0.99969379        0
  1839.19391879     1.00008851        0
  1839.21435098     0.99990042        0
  1839.23478308     0.99993413        0
  1839.25521507     0.99975270        0
  1839.27564726     0.99985623        0
  1839.29607935     1.00006759        0
  1839.31651154     0.99996216        0
  1839.33694353     1.00005693        0
  1839.35737562     1.00019393        0
  1839.37780771     0.99993163        0
  1839.39823979     0.99977720        0
  1839.41867178     1.00002217        0
  1839.43910397     1.00005357        0
  1839.45953606     0.99991700        0
  1839.47996804     0.99976584        0
  1839.50040023     0.99978686        0
  1839.52083231     0.99972711        0
  1839.54126440     0.99969317        0
  1839.56169648     0.99975584        0
  1839.58212857     0.99983239        0
  1839.60256065     1.00016790        0
  1839.62299273     0.99993196        0
  1839.72515314     1.00062092        0
  1839.74558532     1.00034906        0
  1839.76601730     1.00082955        0
  1839.78644938     1.00073040        0
  1839.80688156     1.00062190        0
  1839.82731354     1.00019579        0
  1839.84774562     0.99966517        0
  1839.86817779     0.99969170        0
  1839.88860977     0.99999910        0
  1839.90904185     0.99999199        0
  1839.92947402     0.99994918        0
  1839.94990610     1.00019065        0
  1839.97033817     1.00029940        0
  1839.99077025     1.00022470        0
  1840.27681925     1.00017781        0
  1840.29725131     0.99992995        0
  1840.31768328     1.00008314        0
  1840.33811545     0.99997792        0
  1840.35854751     1.00010137        0
  1840.37897958     1.00019980        0
  1840.39941164     1.00018807        0
  1840.41984371     1.00013741        0
  1840.44027577     0.99991077        0
  1840.46070784     0.99974953        0
  1840.48113990     0.99978418        0
  1840.50157196     1.00003894        0
  1840.52200413     0.99989316        0
  1840.54243609     0.99979507        0
  1840.56286825     1.00002368        0
  1840.58330031     1.00000000        0
  1840.60373227     0.99997474        0
  1840.62416443     0.99992643        0
  1840.64459649     1.00010697        0
  1840.66502845     1.00006589        0
  1840.68546061     1.00004381        0
  1840.70589267     1.00213046        0
  1840.72632463     0.99996431        0
  1840.74675679     1.00018420        0
  1840.76718884     1.00032429        0
  1840.78762090     1.00021222        0
  1840.80805296     1.00003914        0
  1840.82848491     0.99981685        0
  1840.84891707     0.99999874        0
  1840.86934912     1.00002512        0
  1840.88978118     1.00000273        0
  1840.91021313     0.99986085        0
  1840.93064529     1.00001479        0
  1840.95107734     1.00016460        0
  1840.97150929     1.00012711        0
  1840.99194144     0.99999015        0
  1872.00739643     1.00011022        1
  1872.02782805     1.00001377        1
  1872.04825968     1.00008215        1
  1872.06869130     0.99979405        1
  1872.08912292     0.99999574        1
  1872.10955455     0.99990878        1
  1872.12998627     1.00011520        1
  1872.17084942     1.00000867        1
  1872.19128114     0.99997707        1
  1872.21171276     1.00006284        1
  1872.23214428     0.99973723        1
  1872.25257601     0.99998438        1
  1872.27300763     1.00009677        1
  1872.29343915     1.00015175        1
  1872.31387087     1.00013886        1
  1872.33430250     0.99984103        1
  1872.35473402     0.99995423        1
  1872.37516574     1.00014755        1
  1872.41602908     0.99998347        1
  1872.43646061     0.99998905        1
  1872.45689223     0.99985473        1
  1872.47732395     0.99994098        1
  1872.49775547     0.99984849        1
  1872.51818709     1.00006093        1
  1872.53861881     0.99985827        1
  1872.55905033     0.99999745        1
  1872.57948195     0.99992832        1
  1872.59991367     0.99994742        1
  1872.62034520     1.00017565        1
  1872.66120854     1.00015799        1
  1872.68164006     1.00007907        1
  1872.70207178     1.00000221        1
  1872.72250340     0.99990306        1
  1872.74293492     1.00020991        1
  1872.76336664     1.00009329        1
  1872.78379826     1.00003732        1
  1872.80422978     1.00026805        1
  1872.82466150     1.00009352        1
  1872.84509312     1.00015585        1
  1872.86552464     1.00010054        1
  1872.90638798     0.99989819        1
  1872.92681950     1.00016251        1
  1872.94725121     0.99988379        1
  1872.96768283     0.99982911        1
  1872.98811455     1.00019077        1
  1873.00854607     0.99985703        1
  1873.02897769     1.00008372        1
  1873.04940941     1.00001639        1
  1873.06984093     0.99992304        1
  1873.15156740     0.99981676        1
  1873.17199912     0.99978285        1
  1873.19243074     0.99998157        1
  1873.21286236     0.99996365        1
  1873.23329397     0.99962320        1
  1873.25372559     0.99992612        1
  1873.27415721     0.99982684        1
  1873.29458883     1.00003094        1
  1873.31502044     0.99974952        1
  1873.33545206     0.99983073        1
  1873.35588368     0.99957090        1
  1873.39674691     1.00103723        1
  1873.41717853     1.00014680        1
  1873.43761005     0.99986474        1
  1873.45804177     1.00000908        1
  1873.47847338     0.99985703        1
  1873.49890510     0.99998770        1
  1873.51933662     0.99999524        1
  1873.53976823     1.00000972        1
  1873.56019995     0.99976448        1
  1873.58063147     0.99995698        1
  1873.60106308     1.00036584        1
  1873.70322126     0.99978922        1
  1873.72365278     0.99992304        1
  1873.74408449     0.99973999        1
  1873.76451611     1.00012093        1
  1873.78494773     1.00101205        1
  1873.80537934     0.99991062        1
  1873.82581096     0.99997640        1
  1873.84624267     1.00009583        1
  1873.88710580     1.00023385        1
  1873.90753752     1.00008463        1
  1873.92796903     0.99998364        1
  1873.94840065     1.00018148        1
  1873.96883236     0.99999132        1
  1873.98926388     1.00025236        1
  1874.00969559     1.00022266        1
  1874.03012711     1.00003759        1
  1874.05055872     1.00024833        1
  1874.07099044     0.99998942        1
  1874.09142195     1.00025846        1
  1874.21401173     0.99990119        1
  1874.23444325     0.99996840        1
  1874.25487496     0.99984755        1
  1874.27530658     0.99975237        1
  1874.29573819     1.00011554        1
  1874.31616980     0.99992648        1
  1874.33660142     0.99983832        1
  1874.37746464     0.99993042        1
  1874.39789626     1.00002857        1
  1874.41832797     0.99990721        1
  1874.43875948     1.00005756        1
  1874.45919109     1.00010265        1
  1874.47962281     1.00011724        1
  1874.50005432     1.00011260        1
  1874.52048603     1.00030896        1
  1874.54091765     0.99999488        1
  1874.56134916     1.00011492        1
  1874.58178087     1.00020416        1
  1874.62264400     0.99990307        1
  1874.64307571     1.00005712        1
  1874.66350732     1.00002376        1
  1874.68393893     0.99994383        1
  1874.70437054     0.99987850        1
  1874.72480216     1.00001489        1
  1874.74523367     1.00011789        1
  1874.76566538     0.99988996        1
  1874.78609699     1.00015865        1
  1874.86782354     0.99995880        1
  1874.88825505     0.99981515        1
  1874.90868666     0.99976039        1
  1874.92911837     0.99997811        1
  1874.94954988     0.99987893        1
  1874.96998150     0.99993056        1
  1874.99041321     0.99996660        1
  1875.01084472     1.00005961        1
  1875.03127643     1.00022205        1
  1875.11300287     0.99987199        1
  1875.13343438     1.00017215        1
  1875.15386609     0.99988101        1
  1875.17429770     0.99978699        1
  1875.19472931     0.99985441        1
  1875.21516092     1.00004262        1
  1875.23559253     0.99998686        1
  1875.35818220     1.00100075        1
  1875.37861390     1.00044875        1
  1875.39904541     0.99999585        1
  1875.41947702     0.99996683        1
  1875.43990873     1.00003251        1
  1875.46034024     1.00013715        1
  1875.48077185     1.00000591        1
  1875.50120356     0.99973497        1
  1875.52163507     1.00013133        1
  1875.54206678     1.00008675        1
  1875.56249839     1.00006070        1
  1875.60336161     0.99995283        1
  1875.62379322     0.99992614        1
  1875.64422473     1.00006810        1
  1875.66465644     1.00012111        1
  1875.68508804     0.99988578        1
  1875.70551965     1.00017038        1
  1875.72595126     1.00003006        1
  1875.74638287     0.99987372        1
  1875.76681458     0.99982610        1
  1875.78724609     0.99996337        1
  1875.80767770     1.00012243        1
  1875.84854101     0.99998285        1
  1875.86897252     0.99997570        1
  1875.88940423     0.99997522        1
  1875.90983584     1.00010599        1
  1875.93026735     1.00023795        1
  1875.95069905     1.00006670        1
  1875.97113066     1.00024653        1
  1875.99156237     1.00017105        1
  1876.09372031     0.99989794        1
  1876.11415192     0.99995276        1
  1876.13458352     1.00004297        1
  1876.15501503     0.99990308        1
  1876.17544674     0.99982364        1
  1876.19587835     0.99990210        1
  1876.21630995     1.00020787        1
  1876.23674156     1.00004108        1
  1876.25717317     0.99991562        1
  1876.27760488     0.99991265        1
  1876.33889970     1.00019311        1
  1876.35933130     1.00009807        1
  1876.37976281     1.00006491        1
  1876.40019452     1.00004081        1
  1876.42062613     1.00000038        1
  1876.44105763     0.99983292        1
  1876.46148934     0.99983562        1
  1876.48192095     1.00007310        1
  1876.50235265     0.99983358        1
  1876.52278416     1.00018451        1
  1876.54321577     1.00015980        1
  1876.58407898     0.99994757        1
  1876.60451058     1.00007035        1
  1876.62494229     1.00003329        1
  1876.64537380     1.00010661        1
  1876.82925825     0.99977744        1
  1876.84968996     0.99990607        1
  1876.87012146     0.99985863        1
  1876.89055307     0.99998965        1
  1876.91098477     1.00002088        1
  1876.93141638     0.99989574        1
  1877.07443772     0.99990958        1
  1877.09486922     0.99988300        1
  1877.11530083     0.99978709        1
  1877.13573253     0.99962659        1
  1877.15616404     0.99982573        1
  1877.17659564     1.00008181        1
  1877.19702735     0.99996212        1
  1877.21745885     0.99987085        1
  1877.23789056     0.99984293        1
  1877.25832216     0.99994198        1
  1877.27875367     1.00011244        1
  1877.31961698     1.00001172        1
  1877.34004858     1.00019984        1
  1877.36048019     1.00026021        1
  1877.38091179     1.00012485        1
  1877.40134340     0.99988321        1
  1877.42177500     1.00024410        1
  1877.44220660     0.99997628        1
  1877.46263821     1.00003058        1
  1877.48306981     1.00004912        1
  1877.50350142     0.99996614        1
  1877.52393302     1.00016398        1
  1877.56479623     1.00002032        1
  1877.58522793     0.99999352        1
  1877.60565944     1.00014147        1
  1877.62609104     1.00010168        1
  1877.64652275     1.00000000        1
  1877.66695425     0.99992910        1
  1877.68738596     1.00019145        1
  1877.70781756     1.00014168        1
  1877.72824906     1.00003074        1
  1877.74868077     1.00016463        1
  1877.76911237     1.00004375        1
  1877.80997558     0.99988690        1
  1877.83040718     1.00008760        1
  1877.85083869     1.00000403        1
  1877.87127039     1.00002414        1
  1877.89170199     1.00016704        1
  1877.91213360     0.99997817        1
  1877.93256520     1.00003896        1
  1877.95299680     1.00000522        1
  1877.97342851     1.00007329        1
  1877.99386011     1.00003052        1
  1878.01429161     0.99997799        1
  1878.05515492     0.99999261        1
  1878.07558642     0.99992517        1
  1878.09601813     1.00026135        1
  1878.11644973     0.99996080        1
  1878.13688123     1.00011908        1
  1878.15731294     0.99994237        1
  1878.17774444     1.00013752        1
  1878.19817614     1.00001020        1
  1878.21860775     0.99987360        1
  1878.23903925     1.00006965        1
  1878.25947095     0.99998899        1
  1878.30033406     1.00030579        1
  1878.32076576     0.99978376        1
  1878.34119736     0.99991362        1
  1878.36162887     1.00007004        1
  1878.38206057     1.00009663        1
  1878.40249217     1.00005711        1
  1878.42292388     1.00000744        1
  1878.44335538     0.99989809        1
  1878.46378698     1.00001199        1
  1878.48421868     0.99991718        1
  1878.54551349     0.99997138        1
  1878.56594509     1.00004016        1
  1878.58637660     1.00001043        1
  1878.60680830     1.00006597        1
  1878.62723990     1.00011171        1
  1878.64767150     0.99999591        1
  1878.66810311     0.99998698        1
  1878.68853471     0.99988544        1
  1878.70896641     0.99984453        1
  1878.72939791     0.99985131        1
  1878.74982952     0.99987712        1
  1878.79069272     1.00018528        1
  1878.81112432     1.00025109        1
  1878.83155593     1.00003164        1
  1878.85198753     0.99984685        1
  1878.87241923     0.99984568        1
  1878.89285073     0.99988005        1
  1878.91328233     0.99975963        1
  1878.93371404     0.99990485        1
  1878.95414554     0.99991781        1
  1878.97457714     1.00000748        1
  1878.99500884     0.99971969        1
  1879.07673525     1.00008876        1
  1879.09716685     1.00028731        1
  1879.11759845     0.99993551        1
  1879.13803006     0.99988546        1
  1879.15846166     0.99973132        1
  1879.17889326     0.99984643        1
  1879.19932486     0.99974213        1
  1879.21975656     0.99997659        1
  1879.24018807     0.99997987        1
  1879.28105137     1.00029718        1
  1879.30148287     1.00008780        1
  1879.32191457     1.00013320        1
  1879.34234617     1.00015094        1
  1879.36277768     1.00016746        1
  1879.38320938     0.99996152        1
  1879.40364098     0.99995194        1
  1879.42407248     1.00002103        1
  1879.44450418     1.00007234        1
  1879.46493578     0.99989109        1
  1879.48536729     1.00022023        1
  1879.52623049     1.00000742        1
  1879.54666219     1.00012661        1
  1879.56709379     1.00007497        1
  1879.58752539     1.00043419        1
  1879.60795699     1.00003378        1
  1879.62838860     1.00013126        1
  1879.64882020     1.00000434        1
  1879.66925180     0.99983517        1
  1879.68968340     0.99993507        1
  1879.71011500     0.99997564        1
  1879.73054660     0.99997173        1
  1879.77140990     0.99985395        1
  1879.79184151     0.99979759        1
  1879.81227301     0.99998429        1
  1879.83270471     1.00006548        1
  1879.85313631     0.99995401        1
  1879.87356781     1.00012501        1
  1879.89399951     0.99995842        1
  1879.91443111     1.00004943        1
  1879.93486262     1.00023790        1
  1879.95529432     1.00011710        1
  1879.97572592     0.99984565        1
  1880.01658912     0.99969173        2
  1880.03702072     1.00003130        2
  1880.05745242     1.00007426        2
  1880.07788392     0.99991748        2
  1880.09831552     1.00007596        2
  1880.11874713     1.00010598        2
  1880.13917873     0.99976980        2
  1880.15961033     1.00014169        2
  1880.18004203     1.00021684        2
  1880.20047353     0.99997039        2
  1880.22090523     0.99998181        2
  1880.26176833     0.99996371        2
  1880.28220003     1.00009343        2
  1880.30263164     1.00004346        2
  1880.32306314     1.00005240        2
  1880.34349484     0.99998119        2
  1880.36392644     0.99999985        2
  1880.38435794     0.99981004        2
  1880.40478964     0.99993760        2
  1880.42522124     1.00006863        2
  1880.44565294     1.00018982        2
  1880.50694775     1.00010094        2
  1880.52737925     0.99988610        2
  1880.54781085     0.99980337        2
  1880.56824255     1.00007322        2
  1880.58867405     0.99997964        2
  1880.60910565     1.00006849        2
  1880.62953735     0.99996808        2
  1880.64996885     1.00013529        2
  1880.75212696     0.99983286        2
  1880.77255856     1.00003647        2
  1880.79299016     1.00002519        2
  1880.81342176     0.99994793        2
  1880.83385336     0.99986144        2
  1880.85428496     1.00006372        2
  1880.87471656     0.99994970        2
  1880.89514816     0.99985737        2
  1880.91557976     1.00006981        2
  1880.93601136     1.00018428        2
  1880.99730617     0.99985281        2
  1881.01773787     0.99995164        2
  1881.03816937     0.99998675        2
  1881.05860097     0.99980213        2
  1881.07903267     0.99976270        2
  1881.09946417     0.99977244        2
  1881.11989587     0.99982790        2
  1881.14032747     0.99998323        2
  1881.16075897     0.99991768        2
  1881.18119068     1.00010076        2
  1881.20162228     0.99994427        2
  1881.24248548     1.00066063        2
  1881.26291708     1.00076286        2
  1881.28334868     0.99992764        2
  1881.30378028     0.99978495        2
  1881.32421188     0.99993643        2
  1881.34464358     1.00008756        2
  1881.36507508     0.99985227        2
  1881.38550669     1.00002810        2
  1881.40593839     1.00027041        2
  1881.42636999     1.00018077        2
  1881.44680149     1.00004393        2
  1881.48766469     0.99999598        2
  1881.50809639     1.00044390        2
  1881.52852799     1.00047050        2
  1881.54895959     1.00010585        2
  1881.56939119     0.99984287        2
  1881.58982279     1.00028539        2
  1881.61025430     0.99994830        2
  1881.63068600     1.00020752        2
  1881.65111760     1.00005910        2
  1881.67154910     1.00012584        2
  1881.69198080     0.99983412        2
  1881.73284410     1.00008977        2
  1881.75327560     0.99997443        2
  1881.77370720     1.00002000        2
  1881.79413891     0.99993266        2
  1881.81457041     1.00006876        2
  1881.83500201     1.00013482        2
  1881.85543371     0.99999474        2
  1881.87586521     1.00014908        2
  1881.89629681     1.00003513        2
  1881.91672851     1.00025000        2
  1881.93716011     1.00011507        2
  1881.97802332     1.00000800        2
  1881.99845492     0.99991447        2
  1882.01888652     0.99985295        2
  1882.03931812     1.00006846        2
  1882.05974972     1.00005331        2
  1882.08018142     1.00004992        2
  1882.10061292     1.00012852        2
  1882.12104452     0.99997590        2
  1882.14147622     1.00001429        2
  1882.16190773     0.99994272        2
  1882.22320253     1.00002044        2
  1882.24363423     1.00002547        2
  1882.26406573     0.99982554        2
  1882.28449733     0.99991531        2
  1882.30492904     0.99996873        2
  1882.32536054     0.99995994        2
  1882.34579224     1.00011256        2
  1882.36622384     1.00006068        2
  1882.46838185     1.00017337        2
  1882.48881345     0.99973212        2
  1882.50924505     0.99992640        2
  1882.52967665     1.00004337        2
  1882.55010825     1.00014839        2
  1882.57053995     1.00002033        2
  1882.75442437     0.99961548        2
  1882.77485597     1.00015063        2
  1882.79528767     0.99983781        2
  1882.81571917     1.00006151        2
  1882.83615078     1.00006518        2
  1882.85658248     0.99977990        2
  1882.87701398     0.99984058        2
  1882.89744548     0.99995195        2
  1882.91787718     1.00000000        2
  1883.02003529     0.99992471        2
  1883.04046680     1.00003466        2
  1883.06089840     0.99993915        2
  1883.08133010     0.99987259        2
  1883.10176170     0.99982607        2
  1883.12219320     0.99999237        2
  1883.14262491     0.99999076        2
  1883.16305651     1.00006309        2
  1883.20391971     0.99986318        2
  1883.22435132     0.99981145        2
  1883.24478302     1.00013297        2
  1883.26521452     0.99988792        2
  1883.28564612     0.99981581        2
  1883.30607782     1.00003204        2
  1883.32650933     0.99993468        2
  1883.34694093     1.00026713        2
  1883.36737263     1.00017902        2
  1883.38780413     0.99986068        2
  1883.40823584     0.99994425        2
  1883.44909894     1.00005005        2
  1883.46953064     1.00008981        2
  1883.48996225     1.00030547        2
  1883.51039375     1.00035793        2
  1883.53082545     1.00032053        2
  1883.55125696     1.00020524        2
  1883.57168866     0.99986344        2
  1883.59212026     1.00005299        2
  1883.61255176     1.00007501        2
  1883.63298347     1.00010556        2
  1883.65341507     0.99998527        2
  1883.69427827     0.99972455        2
  1883.71470988     1.00031961        2
  1883.73514148     1.00011241        2
  1883.75557308     1.00006909        2
  1883.77600469     0.99992938        2
  1883.79643639     0.99970975        2
  1883.81686799     1.00013557        2
  1883.83729950     1.00004414        2
  1883.85773120     0.99999206        2
  1883.87816280     1.00015623        2
  1883.89859431     0.99998366        2
  1883.93945761     0.99918151        2
  1883.95988912     0.99995247        2
  1883.98032082     0.99998992        2
  1884.00075242     0.99991597        2
  1884.02118413     1.00006763        2
  1884.04161563     1.00027125        2
  1884.06204723     1.00002584        2
  1884.08247894     0.99989218        2
  1884.10291044     0.99996353        2
  1884.12334204     0.99995676        2
  1884.14377375     0.99994299        2
  1884.18463685     0.99980207        2
  1884.20506846     1.00006017        2
  1884.22550006     1.00003182        2
  1884.24593177     0.99997407        2
  1884.26636327     0.99971882        2
  1884.28679487     0.99987910        2
  1884.30722658     0.99994451        2
  1884.32765818     0.99982674        2
  1884.34808969     1.00004046        2
  1884.36852139     1.00000806        2
  1884.38895299     1.00000948        2
  1884.42981620     0.99993902        2
  1884.45024781     1.00011998        2
  1884.47067951     1.00003920        2
  1884.49111101     0.99996033        2
  1884.51154262     0.99997012        2
  1884.53197432     0.99996717        2
  1884.55240583     0.99981738        2
  1884.57283743     1.00025019        2
  1884.59326914     0.99999568        2
  1884.61370064     1.00001594        2
  1884.63413234     0.99987047        2
  1884.67499545     0.99986162        2
  1884.69542716     0.99987839        2
  1884.71585876     0.99993824        2
  1884.73629037     0.99998777        2
  1884.75672197     0.99999648        2
  1884.77715358     1.00005979        2
  1884.79758518     0.99991621        2
  1884.81801679     0.99998431        2
  1884.83844839     1.00005580        2
  1884.85888000     0.99973874        2
  1884.92017481     0.99989606        2
  1884.94060642     0.99999672        2
  1884.96103802     0.99974785        2
  1884.98146973     0.99980372        2
  1885.00190123     0.99981274        2
  1885.02233294     0.99985979        2
  1885.04276454     0.99984646        2
  1885.06319605     0.99981668        2
  1885.08362776     0.99982172        2
  1885.10405936     1.00012475        2
  1885.12449087     1.00000016        2
  1885.16535418     1.00298730        2
  1885.18578568     1.00027702        2
  1885.20621739     1.00025009        2
  1885.22664900     1.00027321        2
  1885.24708070     1.00049027        2
  1885.26751221     0.99984882        2
  1885.28794381     0.99996282        2
  1885.30837552     0.99985344        2
  1885.32880703     1.00011524        2
  1885.34923863     1.00005373        2
  1885.36967034     1.00006879        2
  1885.41053345     1.00011063        2
  1885.43096516     1.00021177        2
  1885.45139676     1.00045092        2
  1885.47182837     1.00007228        2
  1885.49225998     1.00037826        2
  1885.51269158     1.00015208        2
  1885.53312319     1.00013094        2
  1885.55355480     1.00006444        2
  1885.57398630     0.99999838        2
  1885.59441801     1.00014368        2
  1885.61484962     0.99998075        2
  1885.65571283     1.00010692        2
  1885.67614444     0.99976352        2
  1885.69657614     0.99980942        2
  1885.71700765     0.99976631        2
  1885.73743926     0.99987474        2
  1885.75787096     1.00024683        2
  1885.77830247     0.99993021        2
  1885.79873408     0.99987764        2
  1885.81916579     0.99984692        2
  1885.83959729     0.99990801        2
  1885.86002900     1.00013982        2
  1885.90089212     0.99997608        2
  1885.92132382     0.99995382        2
  1885.94175543     1.00001380        2
  1885.96218704     1.00016456        2
  1885.98261865     1.00005316        2
  1886.00305025     0.99999478        2
  1886.02348186     0.99997933        2
  1886.04391347     1.00029443        2
  1886.06434508     1.00001588        2
  1886.08477679     0.99994518        2
  1886.10520839     0.99965227        2
  1886.16650322     1.00027978        2
  1886.18693473     1.00029992        2
  1886.20736644     0.99980555        2
  1886.22779794     0.99985163        2
  1886.24822965     1.00030328        2
  1886.26866126     1.00030104        2
  1886.28909277     1.00009308        2
  1886.30952448     1.00003525        2
  1886.32995609     0.99984370        2
  1886.35038760     1.00008440        2
  1886.39125091     1.00016284        2
  1886.41168242     1.00008877        2
  1886.43211413     1.00019457        2
  1886.45254574     1.00007902        2
  1886.47297745     1.00007535        2
  1886.49340896     0.99993849        2
  1886.51384057     1.00005809        2
  1886.53427228     0.99987144        2
  1886.63643033     1.00001821        2
  1886.65686193     1.00004695        2
  1886.67729354     0.99991355        2
  1886.69772515     0.99986771        2
  1886.71815676     0.99987030        2
  1886.73858837     0.99986099        2
  1886.88160965     0.99976144        2
  1886.90204126     0.99974806        2
  1886.92247297     0.99981740        2
  1886.94290448     1.00002650        2
  1886.96333609     0.99986147        2
  1886.98376780     1.00002659        2
  1887.12678908     1.00028857        2
  1887.14722069     1.00007476        2
  1887.16765230     1.00002470        2
  1887.18808391     1.00047492        2
  1887.20851552     1.00004774        2
  1887.22894713     0.99988670        2
  1887.24937885     1.00052338        2
  1887.26981036     1.00020962        2
  1887.29024197     1.00000622        2
  1887.31067368     0.99991789        2
  1887.33110529     1.00007777        2
  1887.37196852     0.99998279        2
  1887.39240013     0.99995451        2
  1887.41283164     0.99985473        2
  1887.43326335     0.99977116        2
  1887.45369497     1.00049350        2
  1887.47412658     0.99992068        2
  1887.49455819     0.99989644        2
  1887.51498980     0.99995339        2
  1887.53542152     1.00013785        2
  1887.55585303     0.99990773        2
  1887.57628464     0.99977975        2
  1887.61714787     0.99988712        2
  1887.63757958     1.00025553        2
  1887.65801109     1.00017389        2
  1887.67844271     0.99989408        2
  1887.69887442     0.99999417        2
  1887.71930593     0.99975501        2
  1887.73973755     1.00000740        2
  1887.76016926     1.00000704        2
  1887.78060077     0.99975772        2
  1887.86232733     1.00006531        2
  1887.88275894     1.00013554        2
  1887.90319056     1.00014055        2
  1887.92362217     1.00003115        2
  1887.94405378     1.00011028        2
  1887.96448540     1.00000012        2
  1887.98491711     1.00010554        2
  1891.04966098     0.99990819        3
  1891.07009261     0.99990280        3
  1891.09052434     1.00003217        3
  1891.11095586     0.99987287        3
  1891.13138749     0.99986051        3
  1891.15181922     0.99999702        3
  1891.17225075     0.99991125        3
  1891.19268248     0.99995003        3
  1891.21311411     1.00013439        3
  1891.29484053     1.00005194        3
  1891.31527226     1.00001282        3
  1891.33570389     1.00021122        3
  1891.35613562     0.99984747        3
  1891.37656715     0.99999399        3
  1891.39699878     0.99999032        3
  1891.41743051     0.99991851        3
  1891.43786204     1.00003898        3
  1891.45829367     1.00011923        3
  1891.47872540     0.99999902        3
  1891.54002030     1.00051057        3
  1891.56045183     1.00019249        3
  1891.58088356     1.00012053        3
  1891.60131519     0.99992963        3
  1891.62174673     1.00012928        3
  1891.64217846     1.00007849        3
  1891.66261009     1.00027607        3
  1891.68304162     1.00006898        3
  1891.70347335     0.99989136        3
  1891.72390499     1.00002565        3
  1891.74433672     1.00010144        3
  1891.78519988     1.00014096        3
  1891.80563162     1.00015187        3
  1891.82606315     0.99996387        3
  1891.84649478     1.00027975        3
  1891.86692652     1.00003586        3
  1891.88735805     0.99988281        3
  1891.90778968     0.99988770        3
  1891.92822142     0.99998767        3
  1891.94865295     1.00009494        3
  1891.96908468     0.99999348        3
  1891.98951632     0.99975382        3
  1892.03037959     1.00006375        3
  1892.05081122     1.00014700        3
  1892.07124286     0.99993679        3
  1892.09167449     1.00005273        3
  1892.11210612     0.99981623        3
  1892.13253786     1.00001793        3
  1892.15296949     0.99987090        3
  1892.17340103     0.99982203        3
  1892.19383277     1.00008626        3
  1892.21426430     1.00000633        3
  1892.23469594     1.00000926        3
  1892.27555921     1.00007826        3
  1892.29599094     0.99988820        3
  1892.31642258     0.99986649        3
  1892.33685412     0.99995093        3
  1892.35728585     1.00009258        3
  1892.37771749     0.99990132        3
  1892.39814902     0.99993902        3
  1892.41858076     0.99990220        3
  1892.43901240     1.00007702        3
  1892.45944393     0.99974679        3
  1892.52073905     0.99999427        3
  1892.54117058     0.99992929        3
  1892.56160222     0.99993255        3
  1892.58203396     0.99987813        3
  1892.60246550     0.99996110        3
  1892.62289713     1.00015121        3
  1892.64332887     0.99991193        3
  1892.82721362     1.00004599        3
  1892.84764526     0.99989009        3
  1892.86807700     0.99971861        3
  1892.88850854     0.99991769        3
  1892.90894028     0.99995286        3
  1892.92937182     0.99999573        3
  1892.94980346     0.99984311        3
  1892.97023520     0.99994335        3
  1893.01109838     1.00094976        3
  1893.03153012     0.99999313        3
  1893.05196166     1.00001131        3
  1893.07239340     1.00013409        3
  1893.09282504     1.00031937        3
  1893.11325658     1.00005007        3
  1893.13368832     1.00000957        3
  1893.15411996     1.00008054        3
  1893.17455151     1.00007972        3
  1893.19498325     1.00021042        3
  1893.21541489     1.00001680        3
  1893.29714156     0.99999889        3
  1893.31757310     1.00008385        3
  1893.33800474     0.99995141        3
  1893.35843649     0.99985832        3
  1893.37886813     1.00005434        3
  1893.39929967     0.99988512        3
  1893.41973141     1.00011663        3
  1893.44016306     0.99994104        3
  1893.46059480     1.00004211        3
  1893.50145799     0.99996682        3
  1893.52188973     1.00028978        3
  1893.54232128     1.00011472        3
  1893.56275282     0.99986436        3
  1893.58318456     0.99975831        3
  1893.60361621     1.00011979        3
  1893.62404795     1.00003465        3
  1893.64447950     1.00006159        3
  1893.66491114     1.00011084        3
  1893.68534289     1.00012070        3
  1893.70577443     0.99992228        3
  1893.74663782     0.99995351        3
  1893.76706937     0.99988707        3
  1893.78750101     0.99975885        3
  1893.80793276     0.99993023        3
  1893.82836430     1.00007083        3
  1893.84879605     1.00030263        3
  1893.86922770     1.00011347        3
  1893.88965934     1.00018639        3
  1893.91009099     1.00013634        3
  1893.93052264     0.99999840        3
  1894.01224932     1.00006243        3
  1894.03268097     1.00016763        3
  1894.05311252     1.00001247        3
  1894.07354427     0.99999207        3
  1894.09397591     0.99985342        3
  1894.11440746     0.99985776        3
  1894.13483921     0.99996225        3
  1894.15527086     1.00003740        3
  1894.17570251     0.99992716        3
  1894.19613415     0.99978290        3
  1894.23699745     1.00014878        3
  1894.25742910     0.99980808        3
  1894.27786065     0.99988026        3
  1894.29829240     1.00023150        3
  1894.31872405     1.00002369        3
  1894.33915560     0.99992718        3
  1894.35958735     1.00017316        3
  1894.38001900     0.99998462        3
  1894.40045075     0.99999132        3
  1894.42088230     1.00004655        3
  1894.44131395     1.00005445        3
  1894.48217725     1.00004248        3
  1894.50260890     0.99994438        3
  1894.52304065     0.99999572        3
  1894.54347230     1.00004603        3
  1894.56390395     1.00000970        3
  1894.58433560     1.00016856        3
  1894.60476725     0.99999259        3
  1894.72735717     0.99982436        3
  1894.74778892     0.99993011        3
  1894.76822047     0.99985349        3
  1894.78865222     0.99992346        3
  1894.80908388     0.99984468        3
  1894.82951543     0.99992666        3
  1894.84994718     0.99996710        3
  1894.97253711     1.00053576        3
  1894.99296866     0.99998127        3
  1895.01340042     1.00025438        3
  1895.03383207     1.00017461        3
  1895.05426372     1.00016437        3
  1895.07469538     1.00012012        3
  1895.09512703     0.99987341        3
  1895.11555879     1.00015136        3
  1895.13599035     1.00021076        3
  1895.15642200     0.99999264        3
  1895.17685376     1.00001067        3
  1895.21771697     1.00081102        3
  1895.23814872     1.00043563        3
  1895.25858038     0.99999141        3
  1895.27901194     0.99989539        3
  1895.29944369     0.99998328        3
  1895.31987535     0.99983498        3
  1895.34030711     0.99979347        3
  1895.36073866     0.99983116        3
  1895.38117032     0.99989964        3
  1895.40160208     0.99991923        3
  1895.42203364     0.99982888        3
  1895.46289705     1.00035438        3
  1895.48332861     0.99991790        3
  1895.50376037     1.00016450        3
  1895.52419193     1.00014287        3
  1895.54462359     1.00022612        3
  1895.56505534     1.00035677        3
  1895.58548690     1.00001333        3
  1895.60591856     1.00005678        3
  1895.62635032     1.00004445        3
  1895.64678188     1.00011514        3
  1895.66721364     0.99995469        3
  1895.70807696     1.00003068        3
  1895.72850862     1.00000000        3
  1895.74894028     0.99998241        3
  1895.76937194     0.99987851        3
  1895.78980360     0.99998675        3
  1895.81023526     1.00050982        3
  1895.83066692     1.00005354        3
  1895.85109868     1.00009795        3
  1895.87153024     0.99997187        3
  1895.89196201     0.99991660        3
  1895.91239367     0.99998514        3
  1895.95325699     1.00013257        3
  1895.97368865     1.00018219        3
  1895.99412021     0.99983139        3
  1896.01455198     0.99973925        3
  1896.03498364     1.00004063        3
  1896.05541540     1.00020836        3
  1896.07584697     1.00009147        3
  1896.09627863     0.99986230        3
  1896.11671029     0.99991471        3
  1896.13714195     1.00036343        3
  1896.15757362     1.00002619        3
  1896.19843695     0.99993546        3
  1896.21886871     0.99984768        3
  1896.23930027     1.00006575        3
  1896.25973194     0.99991149        3
  1896.28016370     0.99986405        3
  1896.30059527     0.99995931        3
  1896.32102693     0.99988300        3
  1896.34145870     0.99982270        3
  1896.36189026     0.99977441        3
  1896.38232193     1.00057406        3
  1896.48448036     0.99985988        3
  1896.50491202     0.99998495        3
  1896.52534369     0.99991078        3
  1896.54577536     0.99983159        3
  1896.56620712     0.99981700        3
  1896.58663869     0.99999596        3
  1896.60707046     1.00014098        3
  1896.62750212     0.99996241        3
  1896.64793369     0.99991225        3
  1896.68879713     1.00015260        3
  1896.70922869     1.00000502        3
  1896.72966046     0.99985214        3
  1896.75009213     0.99984301        3
  1896.77052380     0.99981649        3
  1896.79095547     0.99993410        3
  1896.81138714     1.00007577        3
  1896.83181881     1.00002907        3
  1896.85225048     0.99995161        3
  1896.87268214     1.00014057        3
  1896.89311381     1.00004413        3
  1896.93397715     1.00017014        3
  1896.95440882     1.00018047        3
  1896.97484049     1.00003559        3
  1896.99527227     1.00000355        3
  1897.01570384     1.00033379        3
  1897.03613551     1.00023406        3
  1897.05656728     1.00001491        3
  1897.07699895     1.00001197        3
  1897.09743052     1.00015591        3
  1897.11786229     1.00000085        3
  1897.17915731     0.99984293        3
  1897.19958898     0.99994726        3
  1897.22002075     1.00004955        3
  1897.24045232     0.99976759        3
  1897.26088400     1.00000261        3
  1897.28131577     1.00056671        3
  1897.30174734     1.00024189        3
  1897.32217912     0.99998474        3
  1897.34261079     1.00004098        3
  1897.36304236     1.00021813        3
  1897.38347414     1.00000867        3
  1897.42433739     1.00015806        3
  1897.44476916     0.99993845        3
  1897.46520083     0.99993570        3
  1897.48563261     0.99995553        3
  1897.50606418     1.00021379        3
  1897.52649576     1.00009652        3
  1897.54692753     1.00011651        3
  1897.56735921     0.99990814        3
  1897.58779089     0.99999784        3
  1897.60822256     0.99999557        3
  1897.62865424     1.00007103        3
  1897.73081272     0.99988944        3
  1897.75124430     0.99984261        3
  1897.77167607     1.00000647        3
  1897.79210775     1.00004870        3
  1897.81253933     1.00002552        3
  1897.83297111     0.99996366        3
  1897.85340278     0.99983280        3
  1897.87383456     1.00061620        3
  1897.91469782     1.00002699        3
  1897.93512960     1.00012693        3
  1897.95556118     1.00031017        3
  1897.97599286     0.99977001        3
  1897.99642464     0.99984793        3
  1898.01685622     1.00010527        4
  1898.03728800     1.00026495        4
  1898.05771968     0.99996183        4
  1898.07815126     0.99982958        4
  1898.09858304     1.00008554        4
  1898.11901472     0.99993465        4
  1898.15987808     0.99992376        4
  1898.18030966     0.99993093        4
  1898.20074144     0.99999776        4
  1898.22117312     0.99992835        4
  1898.24160470     1.00000283        4
  1898.26203648     1.00019724        4
  1898.28246817     1.00015025        4
  1898.30289985     0.99997871        4
  1898.32333153     1.00004751        4
  1898.40505826     0.99992733        4
  1898.42549004     0.99980379        4
  1898.44592173     0.99992428        4
  1898.46635331     0.99986509        4
  1898.48678510     1.00006909        4
  1898.50721678     0.99992106        4
  1898.52764836     1.00033906        4
  1898.54808015     0.99987808        4
  1898.56851183     1.00005845        4
  1898.58894362     1.00007677        4
  1898.65023867     0.99976368        4
  1898.67067026     1.00003569        4
  1898.69110194     0.99988710        4
  1898.71153373     1.00000663        4
  1898.73196532     0.99997162        4
  1898.75239710     0.99989283        4
  1898.77282879     1.00001648        4
  1898.79326038     0.99993637        4
  1898.81369216     1.00002362        4
  1898.83412375     1.00000759        4
  1898.89541881     1.00035425        4
  1898.91585050     1.00034838        4
  1898.93628229     1.00040176        4
  1898.95671398     1.00000743        4
  1898.97714566     1.00000665        4
  1898.99757735     1.00000661        4
  1899.01800904     1.00020660        4
  1899.03844073     1.00003658        4
  1899.05887242     0.99999316        4
  1899.07930411     0.99994578        4
  1899.09973590     1.00003207        4
  1899.14059928     1.00012232        4
  1899.16103097     1.00035252        4
  1899.18146256     0.99974475        4
  1899.20189435     0.99987563        4
  1899.22232604     0.99995281        4
  1899.24275763     1.00004097        4
  1899.26318942     1.00004514        4
  1899.28362112     0.99998695        4
  1899.30405291     0.99992535        4
  1899.32448450     0.99996280        4
  1899.34491619     1.00025709        4
  1899.38577958     0.99993976        4
  1899.40621127     1.00037666        4
  1899.42664306     1.00019548        4
  1899.44707465     1.00012972        4
  1899.46750645     1.00006408        4
  1899.48793804     0.99997452        4
  1899.50836973     1.00002727        4
  1899.52880153     1.00010022        4
  1899.54923312     1.00061652        4
  1899.56966482     0.99996799        4
  1899.59009661     1.00008281        4
  1899.63095990     0.99984159        4
  1899.65139169     0.99974532        4
  1899.67182339     0.99987380        4
  1899.69225509     1.00013138        4
  1899.71268678     1.00005229        4
  1899.73311848     0.99987269        4
  1899.75355027     0.99988937        4
  1899.77398187     0.99992968        4
  1899.79441357     0.99990723        4
  1899.81484536     1.00011288        4
  1899.83527696     0.99996415        4
  1899.87614045     1.00004050        4
  1899.89657205     1.00006148        4
  1899.91700385     1.00012299        4
  1899.93743555     0.99984523        4
  1899.95786714     0.99999662        4
  1899.97829894     0.99994207        4
  1899.99873064     0.99978824        4
  1900.01916244     0.99996120        4
  1900.03959404     0.99999381        4
  1900.06002574     0.99998137        4
  1900.08045744     0.99988132        4
  1900.12132084     0.99996326        4
  1900.14175254     0.99975772        4
  1900.16218424     0.99978684        4
  1900.18261604     1.00011138        4
  1900.20304764     1.00020492        4
  1900.22347934     0.99988533        4
  1900.24391114     0.99989256        4
  1900.26434274     1.00003945        4
  1900.28477444     1.00031718        4
  1900.30520624     0.99995606        4
  1900.32563795     1.00000910        4
  1900.36650135     0.99993002        4
  1900.38693305     0.99964668        4
  1900.40736485     1.00007245        4
  1900.42779646     0.99999150        4
  1900.44822816     1.00004603        4
  1900.46865996     1.00002583        4
  1900.48909157     1.00011542        4
  1900.50952327     0.99988425        4
  1900.52995508     1.00005688        4
  1900.55038668     0.99986440        4
  1900.57081848     1.00008487        4
  1900.61168179     0.99991736        4
  1900.63211360     1.00001234        4
  1900.65254530     1.00003458        4
  1900.67297691     1.00024127        4
  1900.69340871     1.00003465        4
  1900.85686237     0.99995417        4
  1900.87729408     1.00019092        4
  1900.89772588     1.00041502        4
  1900.91815759     0.99991111        4
  1900.93858920     1.00040540        4
  1900.95902101     1.00013791        4
  1900.97945272     1.00014525        4
  1900.99988432     0.99997338        4
  1901.02031613     0.99977742        4
  1901.04074784     0.99999475        4
  1901.06117945     0.99994204        4
  1901.10204297     1.00013978        4
  1901.12247478     0.99990331        4
  1901.14290639     1.00028829        4
  1901.16333810     1.00000000        4
  1901.18376991     0.99989990        4
  1901.20420153     0.99984900        4
  1901.22463324     1.00000552        4
  1901.24506505     1.00017080        4
  1901.26549666     1.00000334        4
  1901.28592847     0.99993858        4
  1901.30636018     1.00007410        4
  1901.34722361     0.99999590        4
  1901.36765532     0.99978754        4
  1901.38808703     1.00074152        4
  1901.40851875     1.00004960        4
  1901.42895046     0.99994526        4
  1901.44938217     1.00000874        4
  1901.46981389     1.00001056        4
  1901.49024560     0.99995027        4
  1901.51067732     0.99992433        4
  1901.53110903     1.00006635        4
  1901.55154075     1.00001179        4
  1901.59240418     1.00004998        4
  1901.61283599     1.00013785        4
  1901.63326771     0.99998432        4
  1901.65369932     0.99999697        4
  1901.67413114     1.00020003        4
  1901.69456286     1.00004213        4
  1901.71499447     1.00003169        4
  1901.73542629     0.99979711        4
  1901.75585801     0.99991526        4
  1901.77628962     1.00022720        4
  1901.79672144     1.00007283        4
  1901.83758498     1.00007613        4
  1901.85801660     0.99991231        4
  1901.87844831     1.00002544        4
  1901.89888013     1.00005487        4
  1901.91931175     1.00012322        4
  1901.93974347     1.00002474        4
  1901.96017529     0.99991029        4
  1901.98060691     0.99995718        4
  1902.00103873     0.99996363        4
  1902.08276561     0.99986214        4
  1902.10319723     0.99994299        4
  1902.12362905     0.99993424        4
  1902.14406077     1.00000895        4
  1902.16449249     1.00023473        4
  1902.18492422     1.00009042        4
  1902.20535594     1.00005081        4
  1902.22578766     1.00004765        4
  1902.24621938     0.99997340        4
  1902.26665111     1.00009720        4
  1902.28708293     0.99995962        4
  1902.32794627     0.99988956        4
  1902.34837810     0.99994710        4
  1902.36880972     1.00012416        4
  1902.38924155     0.99986886        4
  1902.40967327     0.99989446        4
  1902.43010489     0.99988247        4
  1902.57312707     1.00052097        4
  1902.59355880     1.00000205        4
  1902.61399063     1.00003703        4
  1902.63442225     0.99988742        4
  1902.65485398     0.99985203        4
  1902.67528581     0.99990356        4
  1902.69571743     0.99992192        4
  1902.71614926     0.99993571        4
  1902.73658099     1.00000411        4
  1902.75701262     0.99993481        4
  1902.77744445     0.99998796        4
  1902.81830790     1.00146680        4
  1902.83873963     1.00021195        4
  1902.85917136     0.99989581        4
  1902.87960299     0.99989635        4
  1902.90003482     1.00003946        4
  1902.92046655     1.00023318        4
  1902.94089838     1.00023356        4
  1902.96133001     1.00011942        4
  1902.98176174     0.99998135        4
  1903.00219358     1.00004796        4
  1903.02262521     1.00009672        4
  1903.18607917     0.99994660        4
  1903.20651080     0.99984983        4
  1903.22694263     0.99967484        4
  1903.24737437     0.99979335        4
  1903.26780620     0.99978546        4
  1903.30866957     1.00022568        4
  1903.32910140     0.99990935        4
  1903.34953304     1.00007467        4
  1903.36996478     0.99997107        4
  1903.39039661     1.00001880        4
  1903.41082835     1.00004859        4
  1903.43126008     1.00022955        4
  1903.45169172     1.00005513        4
  1903.47212346     0.99995203        4
  1903.49255529     0.99997966        4
  1903.51298703     0.99976024        4
  1903.55385050     1.00024148        4
  1903.57428224     1.00022576        4
  1903.59471388     0.99977501        4
  1903.61514572     1.00011790        4
  1903.63557746     1.00017356        4
  1903.65600930     0.99972788        4
  1903.67644093     1.00007648        4
  1903.69687267     0.99983334        4
  1903.71730451     1.00003541        4
  1903.73773615     1.00010822        4
  1903.75816789     0.99981280        4
  1903.79903137     1.00015527        4
  1903.81946321     1.00005004        4
  1903.83989495     1.00014455        4
  1903.86032660     0.99995249        4
  1903.88075844     1.00007256        4
  1903.90119018     1.00008589        4
  1903.92162182     1.00003386        4
  1903.94205366     0.99997968        4
  1903.96248541     0.99999221        4
  1903.98291725     0.99997082        4
  1904.00334889     1.00002393        4
  1904.04421238     1.00013346        4
  1904.06464422     1.00015615        4
  1904.08507586     1.00004737        4
  1904.10550761     1.00000458        4
  1904.12593935     0.99992964        4
  1904.14637110     0.99998579        4
  1904.16680294     0.99995679        4
  1904.18723459     0.99991330        4
  1904.20766643     0.99999855        4
  1904.22809818     0.99994589        4
  1904.24852982     0.99985254        4
  1904.28939342     1.00007919        4
  1904.30982506     0.99997724        4
  1904.33025691     0.99988177        4
  1904.35068866     0.99993909        4
  1904.37112050     0.99980646        4
  1904.39155215     1.00016350        4
  1904.41198390     1.00002642        4
  1904.43241575     0.99988746        4
  1904.45284740     1.00015402        4
  1904.47327915     1.00008077        4
  1904.49371099     0.99993605        4
  1904.61630149     0.99978710        4
  1904.63673324     1.00014526        4
  1904.65716499     0.99999264        4
  1904.67759675     0.99996917        4
  1904.69802850     0.99990838        4
  1904.71846025     0.99990271        4
  1904.73889200     0.99992884        4
  1904.77975550     0.99994192        4
  1904.80018726     1.00014538        4
  1904.82061911     1.00017120        4
  1904.84105076     1.00019918        4
  1904.86148252     1.00008162        4
  1904.88191437     0.99997182        4
  1905.02493655     1.00004629        4
  1905.04536841     0.99997729        4
  1905.06580016     0.99999552        4
  1905.08623202     0.99985219        4
  1905.10666368     0.99991029        4
  1905.12709543     1.00003471        4
  1905.14752729     0.99989943        4
  1905.16795895     1.00000749        4
  1905.18839071     1.00027519        4
