  1835.65874387     1.00001172        0
  1835.80176819     0.99861233        0
  1835.82220033     0.99979802        0
  1835.84263228     0.99962098        0
  1835.86306432     0.99973128        0
  1835.88349647     1.00195209        0
  1835.90392841     1.00034680        0
  1835.92436045     1.00099427        0
  1835.94479259     0.99854701        0
  1835.96522453     0.99926316        0
  1835.98565657     0.99924657        0
  1836.00608871     1.00019131        0
  1836.02652065     1.00010858        0
  1836.04695269     1.00022081        0
  1836.06738483     1.00108214        0
  1836.08781677     1.00010972        0
  1836.10824881     1.00191203        0
  1836.12868095     1.00035632        0
  1836.14911298     1.00000826        0
  1836.16954492     0.99954508        0
  1836.18997706     1.00143197        0
  1836.21040909     1.00029938        0
  1836.23084123     1.00004039        0
  1836.25127316     0.99952167        0
  1836.27170520     0.99876038        0
  1836.31256926     1.00002993        0
  1836.33300130     1.00098158        0
  1836.35343343     1.00109867        0
  1836.37386536     0.99989504        0
  1836.39429739     0.99921848        0
  1836.41472943     0.99992198        0
  1836.43516146     1.00017683        0
  1836.45559349     1.00015993        0
  1836.47602552     1.00019818        0
  1836.49645755     0.99963518        0
  1836.51688958     1.00044909        0
  1836.53732161     1.00008154        0
  1836.55775363     1.00067012        0
  1836.57818566     0.99985902        0
  1836.59861779     0.99917590        0
  1836.61904972     1.00015516        0
  1836.63948174     0.99990224        0
  1836.65991387     1.00013390        0
  1836.68034579     0.99966580        0
  1836.70077782     1.00111169        0
  1836.72120994     0.99988423        0
  1836.74164187     0.99954961        0
  1836.76207389     0.99899582        0
  1836.78250601     1.00015418        0
  1836.80293794     0.99959973        0
  1836.82337006     1.00055520        0
  1836.84380208     0.99920633        0
  1836.86423400     0.99886016        0
  1836.88466612     0.99948027        0
  1836.90509814     0.99927746        0
  1836.92553007     0.99824864        0
  1836.94596218     1.00069541        0
  1836.96639420     1.00049460        0
  1836.98682622     0.99989146        0
  1837.00725824     1.00087157        0
  1837.02769026     0.99901136        0
  1837.08898631     1.00033009        0
  1837.10941833     0.99929830        0
  1837.12985034     1.00046532        0
  1837.15028236     0.99885065        0
  1837.17071437     0.99987139        0
  1837.19114639     0.99982581        0
  1837.21157840     0.99972750        0
  1837.23201042     1.00048567        0
  1837.25244243     1.00014984        0
  1837.27287444     1.00087453        0
  1837.29330635     1.00054138        0
  1837.31373847     1.00017725        0
  1837.33417048     0.99945135        0
  1837.35460249     1.00071179        0
  1837.37503450     0.99966357        0
  1837.39546651     1.00100667        0
  1837.41589852     1.00022078        0
  1837.43633063     0.99974569        0
  1837.45676254     0.99942593        0
  1837.47719465     0.99940736        0
  1837.49762665     0.99959787        0
  1837.51805856     0.99998053        0
  1837.53849067     1.00002176        0
  1837.55892267     1.00035743        0
  1837.57935458     1.00045395        0
  1837.59978669     1.00046813        0
  1837.62021869     1.00059247        0
  1837.64065060     1.00055500        0
  1837.66108270     0.99979007        0
  1837.68151470     1.00102842        0
  1837.70194661     0.99992276        0
  1837.72237871     1.00020438        0
  1837.74281071     1.00024759        0
  1837.76324262     0.99966448        0
  1837.78367472     1.00034232        0
  1837.80410672     1.00000575        0
  1837.82453872     1.00041610        0
  1837.84497072     1.00079198        0
  1837.86540272     1.00073722        0
  1837.88583462     0.99982586        0
  1837.90626672     0.99894959        0
  1837.92669872     0.99914223        0
  1837.94713072     1.00013257        0
  1837.96756272     1.00011727        0
  1837.98799471     1.00185310        0
  1838.00842661     0.99972220        0
  1838.02885871     0.99938545        0
  1838.04929070     0.99978435        0
  1838.06972280     0.99951769        0
  1838.09015469     0.99985651        0
  1838.11058669     0.99988719        0
  1838.13101878     0.99985171        0
  1838.15145068     0.99953096        0
  1838.17188267     1.00066264        0
  1838.19231476     1.00000000        0
  1838.21274666     0.99986977        0
  1838.23317865     0.99999544        0
  1838.27404273     1.00071152        0
  1838.29447462     0.99883941        0
  1838.31490671     0.99917212        0
  1838.33533870     0.99969104        0
  1838.35577059     0.99981666        0
  1838.37620268     1.00029351        0
  1838.39663467     1.00055896        0
  1838.41706656     1.00089879        0
  1838.43749865     1.00074897        0
  1838.45793064     0.99960053        0
  1838.47836252     0.99945467        0
  1838.49879461     1.00002663        0
  1838.51922660     0.99862356        0
  1838.53965848     0.99959887        0
  1838.56009057     0.99961300        0
  1838.58052255     0.99925166        0
  1838.60095444     0.99944537        0
  1838.62138652     1.00046054        0
  1838.64181851     0.99946025        0
  1838.66225039     0.99967920        0
  1838.68268247     1.00020742        0
  1838.70311446     1.00037026        0
  1838.72354644     1.00018260        0
  1838.74397842     1.00031314        0
  1838.76441040     1.00031011        0
  1838.78484238     0.99976276        0
  1838.80527436     0.99967947        0
  1838.82570634     1.00086696        0
  1838.84613842     1.00050018        0
  1838.86657030     1.00023108        0
  1838.88700228     1.00053359        0
  1838.90743436     1.00083565        0
  1838.92786624     0.99976952        0
  1838.94829821     1.00070339        0
  1838.96873029     1.00028647        0
  1838.98916217     0.99914764        0
  1839.07089007     0.99976528        0
  1839.09132214     1.00009181        0
  1839.11175412     1.00019950        0
  1839.13218599     1.00002428        0
  1839.15261807     1.00040339        0
  1839.17305004     1.00032406        0
  1839.19348191     1.00074434        0
  1839.21391398     0.99884151        0
  1839.23434595     0.99927720        0
  1839.25477783     0.99955682        0
  1839.27520990     0.99973729        0
  1839.29564187     0.99964885        0
  1839.31607394     0.99896278        0
  1839.33650581     1.00049477        0
  1839.35693778     0.99992814        0
  1839.37736974     1.00042568        0
  1839.39780171     0.99988512        0
  1839.41823358     1.00087664        0
  1839.43866565     0.99943725        0
  1839.45909761     0.99927437        0
  1839.47952948     1.00003354        0
  1839.49996155     0.99945208        0
  1839.52039351     0.99885227        0
  1839.54082548     0.99931800        0
  1839.56125744     0.99938702        0
  1839.58168941     0.99985072        0
  1839.60212137     1.00051150        0
  1839.62255334     0.99936876        0
  1839.64298530     0.99986947        0
  1839.72471315     0.99986708        0
  1839.74514521     0.99965395        0
  1839.76557707     0.99915050        0
  1839.78600903     1.00123560        0
  1839.80644109     1.00010331        0
  1839.82687295     0.99989393        0
  1839.84730491     1.00070247        0
  1839.86773697     1.00007190        0
  1839.88816883     1.00040235        0
  1839.90860078     1.00090195        0
  1839.92903284     1.00026267        0
  1839.94946480     1.00091084        0
  1839.96989676     0.99989861        0
  1839.99032871     0.99962314        0
  1840.03119262     0.99994598        0
  1840.29680801     1.00082884        0
  1840.31723986     0.99960105        0
  1840.33767191     1.00119094        0
  1840.35810386     1.00140715        0
  1840.37853580     1.00101423        0
  1840.39896775     1.00071933        0
  1840.41939970     0.99955494        0
  1840.43983165     0.99889382        0
  1840.46026359     0.99976060        0
  1840.48069554     0.99933951        0
  1840.50112749     1.00128273        0
  1840.52155953     1.00014411        0
  1840.54199138     0.99970177        0
  1840.56242342     1.00055970        0
  1840.58285537     0.99957917        0
  1840.60328721     1.00027766        0
  1840.62371926     0.99930739        0
  1840.64415120     0.99928623        0
  1840.66458304     0.99956007        0
  1840.68501508     0.99942632        0
  1840.70544703     0.99796943        0
  1840.72587887     0.99972359        0
  1840.74631091     0.99969978        0
  1840.76674285     1.00003049        0
  1840.78717479     1.00030829        0
  1840.80760673     1.00026754        0
  1840.82803857     0.99979388        0
  1840.84847061     0.99923348        0
  1840.86890255     0.99880388        0
  1840.88933449     1.00038543        0
  1840.90976633     1.00074845        0
  1840.93019836     1.00032217        0
  1840.95063030     1.00097783        0
  1840.97106214     1.00005416        0
  1840.99149417     1.00039195        0
  1872.00684167     1.00062556        1
  1872.02727327     1.00034683        1
  1872.04770487     0.99933759        1
  1872.06813647     1.00045890        1
  1872.08856807     1.00046024        1
  1872.10899967     0.99975832        1
  1872.12943137     0.99981393        1
  1872.17029447     0.99981372        1
  1872.19072617     0.99955892        1
  1872.21115777     1.00027355        1
  1872.23158927     1.00038791        1
  1872.25202097     1.00005754        1
  1872.27245257     1.00005735        1
  1872.29288407     1.00119995        1
  1872.31331577     0.99989219        1
  1872.33374737     0.99960723        1
  1872.35417887     0.99923456        1
  1872.37461056     0.99921871        1
  1872.41547386     0.99973872        1
  1872.43590536     1.00036553        1
  1872.45633696     1.00015438        1
  1872.47676866     1.00020417        1
  1872.49720016     0.99933074        1
  1872.51763176     0.99985297        1
  1872.53806346     1.00051434        1
  1872.55849496     0.99943073        1
  1872.57892656     0.99988393        1
  1872.59935826     1.00069623        1
  1872.61978976     1.00064230        1
  1872.66065306     1.00000837        1
  1872.68108455     0.99887736        1
  1872.70151625     0.99950098        1
  1872.72194785     0.99967047        1
  1872.74237935     1.00027581        1
  1872.76281105     1.00059208        1
  1872.78324265     0.99990158        1
  1872.80367415     1.00060812        1
  1872.82410585     0.99982052        1
  1872.84453745     1.00045106        1
  1872.86496894     1.00025578        1
  1872.90583224     0.99993317        1
  1872.92626374     0.99982688        1
  1872.94669544     0.99995563        1
  1872.96712704     0.99966815        1
  1872.98755874     1.00019085        1
  1873.00799024     1.00023623        1
  1873.02842183     0.99916433        1
  1873.04885353     0.99971828        1
  1873.06928503     0.99972719        1
  1873.08971663     1.00046695        1
  1873.11014833     1.00094670        1
  1873.15101142     0.99969980        1
  1873.17144312     0.99992987        1
  1873.19187472     1.00065163        1
  1873.21230632     1.00052271        1
  1873.23273792     1.00064765        1
  1873.25316952     1.00164526        1
  1873.27360111     1.00069247        1
  1873.29403271     1.00035018        1
  1873.31446431     0.99999502        1
  1873.33489591     0.99973542        1
  1873.35532751     1.00028386        1
  1873.39619070     0.99867352        1
  1873.41662230     0.99949232        1
  1873.43705380     0.99930641        1
  1873.45748550     0.99998687        1
  1873.47791710     1.00101647        1
  1873.49834879     1.00016671        1
  1873.51878029     0.99924643        1
  1873.53921189     0.99955096        1
  1873.55964359     0.99970592        1
  1873.58007508     0.99980826        1
  1873.60050668     1.00024950        1
  1873.74352797     1.00164380        1
  1873.76395956     1.00048192        1
  1873.78439116     1.00073774        1
  1873.80482276     1.00006499        1
  1873.82525436     0.99990757        1
  1873.84568606     1.00106384        1
  1873.88654915     0.99998260        1
  1873.90698085     0.99951703        1
  1873.92741235     0.99956902        1
  1873.94784394     1.00036351        1
  1873.96827564     0.99966282        1
  1873.98870714     0.99974209        1
  1874.00913884     0.99996823        1
  1874.02957033     0.99918712        1
  1874.05000193     0.99954469        1
  1874.07043363     0.99953474        1
  1874.09086513     1.00183546        1
  1874.25431800     0.99943393        1
  1874.27474960     1.00002356        1
  1874.29518120     0.99964396        1
  1874.31561280     0.99982494        1
  1874.33604439     0.99953294        1
  1874.37690759     0.99997064        1
  1874.39733919     1.00046190        1
  1874.41777088     1.00046496        1
  1874.43820238     0.99988933        1
  1874.45863398     0.99937526        1
  1874.47906567     0.99988876        1
  1874.49949717     0.99907233        1
  1874.51992887     1.00027041        1
  1874.54036047     1.00003979        1
  1874.56079196     1.00054271        1
  1874.58122366     0.99897796        1
  1874.62208675     0.99969390        1
  1874.64251845     0.99985648        1
  1874.66295005     0.99902334        1
  1874.68338165     1.00040443        1
  1874.70381324     0.99991143        1
  1874.72424484     1.00047488        1
  1874.74467634     1.00047588        1
  1874.76510803     1.00058817        1
  1874.78553963     0.99973469        1
  1874.80597123     1.00024426        1
  1874.86726612     0.99948507        1
  1874.88769762     1.00051399        1
  1874.90812921     1.00026685        1
  1874.92856091     0.99998173        1
  1874.94899241     1.00060448        1
  1874.96942400     1.00037991        1
  1874.98985570     1.00048608        1
  1875.01028720     1.00117976        1
  1875.03071889     0.99940714        1
  1875.05115049     1.00098312        1
  1875.11244528     1.00015755        1
  1875.13287678     0.99956281        1
  1875.15330848     0.99963363        1
  1875.17374007     0.99980323        1
  1875.19417167     1.00065777        1
  1875.21460327     1.00056492        1
  1875.23503486     1.00058138        1
  1875.35762444     1.00021818        1
  1875.37805614     1.00051345        1
  1875.39848764     1.00060977        1
  1875.41891924     1.00083037        1
  1875.43935093     1.00063673        1
  1875.45978243     1.00031550        1
  1875.48021403     0.99972244        1
  1875.50064572     0.99955883        1
  1875.52107722     0.99981214        1
  1875.54150892     0.99982839        1
  1875.56194051     0.99926618        1
  1875.60280371     1.00037379        1
  1875.62323530     0.99999149        1
  1875.64366680     0.99942292        1
  1875.66409850     0.99968243        1
  1875.68453010     1.00110556        1
  1875.70496169     0.99975681        1
  1875.72539329     0.99985174        1
  1875.74582489     1.00068900        1
  1875.76625658     0.99982884        1
  1875.78668808     0.99988298        1
  1875.80711968     0.99910234        1
  1875.84798297     1.00004382        1
  1875.86841447     1.00197320        1
  1875.88884616     1.00101904        1
  1875.90927776     1.00009073        1
  1875.92970926     1.00003853        1
  1875.95014096     0.99931929        1
  1875.97057255     1.00021018        1
  1875.99100425     1.00017246        1
  1876.01143575     1.00098745        1
  1876.09316213     1.00019904        1
  1876.11359373     0.99997941        1
  1876.13402533     0.99989907        1
  1876.15445683     1.00028746        1
  1876.17488852     1.00078486        1
  1876.19532012     0.99998784        1
  1876.21575172     0.99912561        1
  1876.23618331     0.99911530        1
  1876.25661491     0.99944676        1
  1876.27704661     0.99939188        1
  1876.33834140     1.00056578        1
  1876.35877300     0.99950634        1
  1876.37920449     0.99979082        1
  1876.39963619     0.99960058        1
  1876.42006779     0.99981451        1
  1876.44049929     1.00009723        1
  1876.46093098     0.99942280        1
  1876.48136258     1.00010118        1
  1876.50179428     1.00049715        1
  1876.52222577     0.99979135        1
  1876.54265737     1.00007938        1
  1876.58352057     1.00038886        1
  1876.60395216     1.00050058        1
  1876.62438386     0.99987366        1
  1876.64481536     0.99955605        1
  1876.66524695     0.99980143        1
  1876.82869973     0.99986705        1
  1876.84913143     0.99964969        1
  1876.86956293     1.00027864        1
  1876.88999453     1.00443556        1
  1876.91042622     0.99988586        1
  1876.93085782     0.99962977        1
  1877.07387910     1.00043492        1
  1877.09431060     1.00046859        1
  1877.11474220     1.00004192        1
  1877.13517390     0.99984733        1
  1877.15560540     0.99984431        1
  1877.17603699     1.00053517        1
  1877.19646869     1.00105896        1
  1877.21690019     1.00109464        1
  1877.23733189     1.00019120        1
  1877.25776348     1.00024325        1
  1877.27819498     0.99879182        1
  1877.31905828     1.00056799        1
  1877.33948988     1.00051539        1
  1877.35992147     1.00032185        1
  1877.38035307     0.99953016        1
  1877.40078467     1.00045298        1
  1877.42121627     0.99973555        1
  1877.44164787     0.99984487        1
  1877.46207946     0.99991018        1
  1877.48251106     1.00048843        1
  1877.50294266     0.99984902        1
  1877.52337426     0.99936647        1
  1877.56423745     0.99943327        1
  1877.58466915     0.99941903        1
  1877.60510065     0.99967577        1
  1877.62553225     0.99914758        1
  1877.64596395     0.99972100        1
  1877.66639545     1.00060829        1
  1877.68682714     1.00071676        1
  1877.70725874     0.99959886        1
  1877.72769024     1.00059351        1
  1877.74812194     0.99995226        1
  1877.76855354     0.99914387        1
  1877.80941673     1.00020803        1
  1877.82984833     0.99999708        1
  1877.85027983     1.00044773        1
  1877.87071153     0.99966381        1
  1877.89114313     1.00493982        1
  1877.91157473     1.00053562        1
  1877.93200633     1.00088112        1
  1877.95243792     1.00036698        1
  1877.97286962     1.00014394        1
  1877.99330122     1.00010422        1
  1878.01373272     1.00028671        1
  1878.05459602     0.99961516        1
  1878.07502752     0.99993735        1
  1878.09545922     0.99938041        1
  1878.11589081     1.00015670        1
  1878.13632231     0.99974902        1
  1878.15675401     1.00052724        1
  1878.17718551     1.00083369        1
  1878.19761721     1.00154942        1
  1878.21804881     1.00180037        1
  1878.23848031     1.00058193        1
  1878.25891201     0.99949786        1
  1878.29977511     1.00130968        1
  1878.32020681     1.00088112        1
  1878.34063840     1.00041508        1
  1878.36106990     1.00075103        1
  1878.38150160     0.99998038        1
  1878.40193320     0.99934644        1
  1878.42236490     1.00007591        1
  1878.44279640     0.99999893        1
  1878.46322800     0.99974906        1
  1878.48365970     1.00016824        1
  1878.50409120     1.00003824        1
  1878.54495450     1.00018831        1
  1878.56538610     1.00067610        1
  1878.58581760     1.00027121        1
  1878.60624930     0.99958256        1
  1878.62668090     0.99932237        1
  1878.64711250     0.99942677        1
  1878.66754410     0.99899275        1
  1878.68797570     0.99970374        1
  1878.70840740     0.99987200        1
  1878.72883890     0.99977757        1
  1878.74927050     0.99966308        1
  1878.79013370     0.99895416        1
  1878.81056530     0.99943856        1
  1878.83099690     0.99942957        1
  1878.85142850     0.99977689        1
  1878.87186020     1.00066703        1
  1878.89229170     0.99997157        1
  1878.91272330     0.99894474        1
  1878.93315500     0.99985915        1
  1878.95358650     0.99887275        1
  1878.97401810     0.99997079        1
  1878.99444980     1.00024492        1
  1879.07617620     0.99933357        1
  1879.09660780     0.99961327        1
  1879.11703940     1.00006433        1
  1879.13747100     1.00037219        1
  1879.15790260     1.00022302        1
  1879.17833421     0.99918391        1
  1879.19876581     0.99940863        1
  1879.21919751     1.00013428        1
  1879.23962901     0.99991471        1
  1879.34178711     1.00117802        1
  1879.36221861     1.00028973        1
  1879.38265032     1.00036758        1
  1879.40308192     1.00007510        1
  1879.42351342     1.00144106        1
  1879.44394512     0.99990543        1
  1879.46437672     1.00057501        1
  1879.48480822     1.00008546        1
  1879.52567143     1.00024738        1
  1879.54610313     0.99957431        1
  1879.56653473     1.00059695        1
  1879.58696633     1.00005400        1
  1879.60739793     1.00007791        1
  1879.62782953     1.00093984        1
  1879.64826114     1.00060692        1
  1879.66869274     1.00107625        1
  1879.68912434     1.00047374        1
  1879.70955594     1.00050271        1
  1879.72998754     1.00009703        1
  1879.77085085     1.00000000        1
  1879.79128245     1.00012160        1
  1879.81171395     1.00102515        1
  1879.83214565     1.00014375        1
  1879.85257726     0.99950794        1
  1879.87300876     0.99941727        1
  1879.89344046     0.99988308        1
  1879.91387206     0.99987305        1
  1879.93430357     0.99946110        1
  1879.95473527     1.00015983        1
  1879.97516687     0.99907645        1
  1880.01603008     0.99984893        2
  1880.03646168     0.99986211        2
  1880.05689338     0.99997555        2
  1880.07732489     0.99900249        2
  1880.09775649     0.99989940        2
  1880.11818809     1.00328249        2
  1880.13861970     1.00039046        2
  1880.15905130     1.00073219        2
  1880.17948300     1.00050657        2
  1880.19991451     1.00004222        2
  1880.22034621     0.99998933        2
  1880.26120932     1.00059601        2
  1880.28164102     1.00097172        2
  1880.30207262     0.99956195        2
  1880.32250413     1.00042155        2
  1880.34293583     1.00122499        2
  1880.36336743     1.00015389        2
  1880.38379894     0.99986032        2
  1880.40423064     0.99961498        2
  1880.42466224     0.99889354        2
  1880.44509395     0.99931459        2
  1880.50638876     0.99972433        2
  1880.52682026     0.99965657        2
  1880.54725187     0.99935230        2
  1880.56768357     0.99970439        2
  1880.58811508     1.00034520        2
  1880.60854668     0.99974507        2
  1880.62897839     0.99932382        2
  1880.64940989     0.99969791        2
  1880.66984160     1.00002658        2
  1880.75156801     1.00099053        2
  1880.77199962     1.00031891        2
  1880.79243122     0.99955102        2
  1880.81286283     0.99987474        2
  1880.83329443     0.99900735        2
  1880.85372604     0.99909385        2
  1880.87415764     0.99994020        2
  1880.89458925     1.00042357        2
  1880.91502085     1.00050482        2
  1880.93545246     0.99970243        2
  1880.95588417     0.99952734        2
  1880.99674728     1.00099969        2
  1881.01717898     0.99951342        2
  1881.03761049     0.99935668        2
  1881.05804209     1.00056129        2
  1881.07847380     1.00178066        2
  1881.09890530     1.00013709        2
  1881.11933701     0.99960532        2
  1881.13976862     0.99935308        2
  1881.16020012     0.99983894        2
  1881.18063183     0.99972556        2
  1881.20106344     0.99962951        2
  1881.24192665     1.00021977        2
  1881.26235825     0.99993362        2
  1881.28278986     0.99918198        2
  1881.30322147     0.99908571        2
  1881.32365307     1.00053028        2
  1881.34408478     1.00042106        2
  1881.36451629     1.00078738        2
  1881.38494789     1.00095608        2
  1881.40537960     1.00124054        2
  1881.42581121     1.00063814        2
  1881.44624271     1.00116477        2
  1881.48710593     0.99996838        2
  1881.50753764     0.99958962        2
  1881.52796924     1.00073408        2
  1881.54840085     1.00043023        2
  1881.56883246     1.00064268        2
  1881.58926407     1.00094057        2
  1881.60969557     1.00098935        2
  1881.63012728     1.00004537        2
  1881.65055889     1.00047050        2
  1881.67099040     1.00020035        2
  1881.69142210     1.00171034        2
  1881.73228542     1.00047279        2
  1881.75271693     0.99971719        2
  1881.77314854     0.99970264        2
  1881.79358024     0.99912564        2
  1881.81401175     0.99970549        2
  1881.83444336     0.99995336        2
  1881.85487507     1.00043262        2
  1881.87530658     0.99986445        2
  1881.89573819     0.99943909        2
  1881.91616989     0.99937141        2
  1881.93660150     1.00093573        2
  1881.97746472     1.00053278        2
  1881.99789633     1.00022963        2
  1882.01832794     0.99976371        2
  1882.03875955     0.99943129        2
  1882.05919116     0.99968236        2
  1882.07962287     0.99944928        2
  1882.10005438     0.99972669        2
  1882.12048598     1.00098165        2
  1882.14091769     0.99992572        2
  1882.16134920     1.00010959        2
  1882.22264403     1.00030832        2
  1882.24307574     1.00036785        2
  1882.26350725     1.00028993        2
  1882.28393886     1.00067694        2
  1882.30437057     0.99974962        2
  1882.32480208     0.99979145        2
  1882.34523379     0.99954340        2
  1882.36566540     1.00042742        2
  1882.38609691     1.00083316        2
  1882.46782346     0.99998505        2
  1882.48825507     1.00042154        2
  1882.50868668     1.00070542        2
  1882.52911829     1.00027560        2
  1882.54954990     1.00016409        2
  1882.56998161     1.00019259        2
  1882.77429773     0.99988214        2
  1882.79472944     0.99936318        2
  1882.81516095     0.99956150        2
  1882.83559256     1.00030734        2
  1882.85602427     1.00063143        2
  1882.87645579     1.00057006        2
  1882.89688730     1.00066220        2
  1882.91731901     1.00117516        2
  1883.01947718     1.00036376        2
  1883.03990869     0.99959705        2
  1883.06034030     0.99951679        2
  1883.08077201     0.99914963        2
  1883.10120363     0.99927730        2
  1883.12163514     0.99915902        2
  1883.14206685     1.00000000        2
  1883.16249847     1.00010518        2
  1883.20336170     0.99941357        2
  1883.22379331     0.99983445        2
  1883.24422502     0.99981055        2
  1883.26465654     1.00019267        2
  1883.28508815     0.99950346        2
  1883.30551987     0.99897677        2
  1883.32595138     0.99972050        2
  1883.34638299     0.99939740        2
  1883.36681471     0.99909719        2
  1883.38724622     0.99975274        2
  1883.40767794     0.99928850        2
  1883.44854107     0.99972021        2
  1883.46897278     0.99972302        2
  1883.48940440     1.00007029        2
  1883.50983591     1.00034590        2
  1883.53026763     1.00031721        2
  1883.55069914     1.00032698        2
  1883.57113086     1.00006014        2
  1883.59156247     0.99992126        2
  1883.61199399     0.99929935        2
  1883.63242570     0.99921467        2
  1883.65285732     0.99961095        2
  1883.71415217     0.99966158        2
  1883.73458378     1.00008744        2
  1883.75501540     1.00027527        2
  1883.77544702     0.99993766        2
  1883.79587873     0.99992337        2
  1883.81631035     1.00005599        2
  1883.83674187     1.00046459        2
  1883.85717358     0.99969394        2
  1883.87760520     1.00004811        2
  1883.89803672     0.99943789        2
  1883.97976328     0.99984044        2
  1884.00019490     1.00032631        2
  1884.02062662     1.00091073        2
  1884.04105814     1.00010632        2
  1884.06148975     0.99974266        2
  1884.08192147     1.00002553        2
  1884.10235299     0.99952500        2
  1884.12278461     0.99976165        2
  1884.14321633     1.00012809        2
  1884.20451108     0.99982530        2
  1884.22494270     0.99955444        2
  1884.24537442     0.99987357        2
  1884.26580594     0.99903051        2
  1884.28623755     0.99977436        2
  1884.30666927     0.99918164        2
  1884.32710089     0.99971135        2
  1884.34753241     1.00062698        2
  1884.36796413     1.00033448        2
  1884.38839575     1.00083291        2
  1884.42925899     1.00010191        2
  1884.44969061     0.99988949        2
  1884.47012233     0.99937355        2
  1884.49055385     1.00070293        2
  1884.51098547     1.00037260        2
  1884.53141719     1.00036139        2
  1884.55184871     1.00003445        2
  1884.57228033     0.99944841        2
  1884.59271205     1.00031161        2
  1884.61314357     1.00064410        2
  1884.63357529     1.00134120        2
  1884.67443843     1.00039725        2
  1884.69487015     1.00257128        2
  1884.71530177     0.99967807        2
  1884.73573339     0.99926376        2
  1884.75616501     0.99968634        2
  1884.77659663     1.00040619        2
  1884.79702826     1.00093018        2
  1884.81745988     1.00110767        2
  1884.83789150     1.00112590        2
  1884.85832312     1.00031529        2
  1884.91961798     1.00033679        2
  1884.94004961     1.00042770        2
  1884.96048123     1.00104248        2
  1884.98091295     1.00067252        2
  1885.00134447     1.00083161        2
  1885.02177620     0.99972454        2
  1885.04220782     0.99995036        2
  1885.06263934     0.99991401        2
  1885.08307106     1.00027715        2
  1885.10350269     0.99989123        2
  1885.12393421     0.99995456        2
  1885.16479756     0.99930609        2
  1885.18522908     0.99958189        2
  1885.20566080     0.99981748        2
  1885.22609243     0.99962882        2
  1885.24652415     1.00048361        2
  1885.26695567     0.99995680        2
  1885.28738730     1.00023712        2
  1885.30781902     0.99991084        2
  1885.32825055     0.99907846        2
  1885.34868217     0.99960633        2
  1885.36911389     1.00028384        2
  1885.40997704     1.00073126        2
  1885.43040877     0.99957202        2
  1885.45084039     0.99952728        2
  1885.47127202     0.99973039        2
  1885.49170364     1.00067816        2
  1885.51213527     1.00032088        2
  1885.53256689     0.99934176        2
  1885.55299852     0.99963821        2
  1885.57343004     0.99904830        2
  1885.59386177     0.99969917        2
  1885.61429340     0.99975217        2
  1885.65515665     1.00019855        2
  1885.67558827     1.00043578        2
  1885.69602000     0.99960413        2
  1885.71645153     0.99977904        2
  1885.73688315     1.00022051        2
  1885.75731488     1.00052388        2
  1885.77774640     1.00054901        2
  1885.79817803     1.00101615        2
  1885.81860976     1.00027778        2
  1885.83904129     1.00082538        2
  1885.85947301     1.00050120        2
  1885.90033617     1.00091125        2
  1885.92076789     0.99981753        2
  1885.94119952     1.00062056        2
  1885.96163115     1.00019793        2
  1885.98206278     0.99960861        2
  1886.00249441     1.00036063        2
  1886.02292603     0.99937948        2
  1886.04335766     1.00006327        2
  1886.06378929     0.99979919        2
  1886.08422102     1.00012305        2
  1886.10465265     1.00025080        2
  1886.18637906     0.99945419        2
  1886.20681079     0.99940175        2
  1886.22724232     0.99915511        2
  1886.24767405     1.00005469        2
  1886.26810568     0.99956291        2
  1886.28853721     0.99953864        2
  1886.30896894     1.00029098        2
  1886.32940057     1.00005930        2
  1886.34983210     0.99998384        2
  1886.39069546     0.99985495        2
  1886.41112699     0.99873941        2
  1886.43155872     0.99951179        2
  1886.45199035     0.99909990        2
  1886.47242208     0.99976292        2
  1886.49285361     0.99927760        2
  1886.51328524     0.99960137        2
  1886.53371697     0.99987470        2
  1886.63587513     0.99952854        2
  1886.65630676     0.99975216        2
  1886.67673839     1.00045407        2
  1886.69717003     1.00035093        2
  1886.71760166     0.99987677        2
  1886.73803329     1.00010251        2
  1886.75846502     1.00005957        2
  1886.88105472     0.99954861        2
  1886.90148635     0.99986443        2
  1886.92191809     1.00030474        2
  1886.94234962     1.00009005        2
  1886.96278125     1.00027703        2
  1886.98321299     1.00042160        2
  1887.00364452     1.00038294        2
  1887.12623443     1.00048248        2
  1887.14666606     1.00024593        2
  1887.16709770     1.00061458        2
  1887.18752933     0.99988965        2
  1887.20796097     1.00037344        2
  1887.22839260     1.00001076        2
  1887.24882434     0.99956289        2
  1887.26925588     0.99991459        2
  1887.28968751     1.00007818        2
  1887.31011925     1.00028239        2
  1887.33055088     0.99991576        2
  1887.37141416     1.00067034        2
  1887.39184579     1.00048567        2
  1887.41227733     1.00057462        2
  1887.43270907     1.00073416        2
  1887.45314070     1.00092468        2
  1887.47357234     0.99983309        2
  1887.49400398     1.00017120        2
  1887.51443562     1.00048210        2
  1887.53486735     1.00028281        2
  1887.55529889     1.00073339        2
  1887.57573053     1.00033463        2
  1887.61659380     0.99988917        2
  1887.63702554     1.00030100        2
  1887.65745708     0.99966138        2
  1887.67788872     0.99942913        2
  1887.69832046     0.99958502        2
  1887.71875200     0.99935749        2
  1887.73918363     0.99965334        2
  1887.75961537     0.99977994        2
  1887.78004691     1.00008090        2
  1887.80047855     1.00022476        2
  1887.86177357     0.99965369        2
  1887.88220521     0.99930883        2
  1887.90263685     1.00015745        2
  1887.92306849     1.00049851        2
  1887.94350013     1.00026988        2
  1887.96393177     1.00026659        2
  1887.98436351     1.00012814        2
  1891.04911200     1.00120056        3
  1891.06954366     1.00096665        3
  1891.08997543     0.99999208        3
  1891.11040699     1.00022120        3
  1891.13083866     0.99987141        3
  1891.15127042     0.99949091        3
  1891.17170199     1.00044396        3
  1891.19213375     0.99991555        3
  1891.21256542     1.00053684        3
  1891.23299698     0.99995657        3
  1891.29429198     0.99984206        3
  1891.31472375     0.99991590        3
  1891.33515541     0.99979133        3
  1891.35558718     1.00024987        3
  1891.37601875     0.99982021        3
  1891.39645042     1.00015884        3
  1891.41688218     0.99981600        3
  1891.43731375     0.99902790        3
  1891.45774542     0.99979564        3
  1891.47817719     0.99933706        3
  1891.49860885     0.99962164        3
  1891.53947219     1.00020075        3
  1891.55990376     0.99983275        3
  1891.58033553     0.99950170        3
  1891.60076720     0.99939155        3
  1891.62119876     0.99951306        3
  1891.64163053     0.99999826        3
  1891.66206220     1.00014621        3
  1891.68249377     0.99992542        3
  1891.70292554     0.99965405        3
  1891.72335721     1.00005909        3
  1891.74378898     1.00013386        3
  1891.78465222     1.00009098        3
  1891.80508399     1.00070017        3
  1891.82551556     1.00013822        3
  1891.84594723     0.99998040        3
  1891.86637901     0.99981041        3
  1891.88681058     1.00049686        3
  1891.90724225     1.00098498        3
  1891.92767402     1.00020390        3
  1891.94810559     1.00007784        3
  1891.96853736     0.99994814        3
  1891.98896904     0.99973406        3
  1892.02983238     0.99977683        3
  1892.05026405     0.99930384        3
  1892.07069573     1.00002621        3
  1892.09112740     1.00002347        3
  1892.11155907     0.99999097        3
  1892.13199085     1.00027902        3
  1892.15242252     1.00020857        3
  1892.17285409     1.00107845        3
  1892.19328587     1.00114084        3
  1892.21371744     1.00054690        3
  1892.23414912     1.00088766        3
  1892.27501247     1.00077014        3
  1892.29544424     1.00169615        3
  1892.31587592     1.00047622        3
  1892.33630749     1.00049864        3
  1892.35673927     1.00027419        3
  1892.37717094     1.00133031        3
  1892.39760252     0.99958119        3
  1892.41803430     1.00014110        3
  1892.43846597     0.99949085        3
  1892.45889755     1.00003098        3
  1892.52019278     0.99940277        3
  1892.54062436     0.99960999        3
  1892.56105603     1.00061431        3
  1892.58148781     1.00000000        3
  1892.60191939     1.00010311        3
  1892.62235107     1.00000173        3
  1892.64278285     1.00086533        3
  1892.66321452     1.00042496        3
  1892.82666796     0.99981497        3
  1892.84709964     1.00049665        3
  1892.86753142     1.00065893        3
  1892.88796300     0.99996364        3
  1892.90839478     0.99959513        3
  1892.92882636     0.99988165        3
  1892.94925804     0.99959899        3
  1892.96968982     0.99995134        3
  1893.01055309     0.99978941        3
  1893.03098487     0.99938862        3
  1893.05141645     0.99925772        3
  1893.07184823     0.99898765        3
  1893.09227991     0.99916832        3
  1893.11271150     0.99921566        3
  1893.13314328     0.99948825        3
  1893.15357496     0.99927996        3
  1893.17400655     0.99949092        3
  1893.19443833     0.99934867        3
  1893.21487001     0.99937267        3
  1893.29659685     0.99999376        3
  1893.31702843     1.00085355        3
  1893.33746012     1.00003275        3
  1893.35789190     0.99994186        3
  1893.37832359     1.00023904        3
  1893.39875517     1.00024143        3
  1893.41918696     1.00084576        3
  1893.43961865     1.00030752        3
  1893.46005043     1.00020635        3
  1893.50091370     0.99982963        3
  1893.52134549     0.99970547        3
  1893.54177708     0.99973986        3
  1893.56220866     0.99959357        3
  1893.58264045     1.00017716        3
  1893.60307214     1.00028337        3
  1893.62350393     0.99966719        3
  1893.64393551     1.00020621        3
  1893.66436720     0.99911402        3
  1893.68479899     0.99993170        3
  1893.70523058     0.99997405        3
  1893.74609406     1.00050563        3
  1893.76652565     1.00030247        3
  1893.78695733     0.99951429        3
  1893.80738912     1.00025913        3
  1893.82782071     1.00067057        3
  1893.84825250     1.00052213        3
  1893.86868419     1.00056148        3
  1893.88911588     0.99958780        3
  1893.90954757     0.99976991        3
  1893.92997926     1.00036589        3
  1894.03213782     1.00095895        3
  1894.05256941     1.00042403        3
  1894.07300120     0.99944962        3
  1894.09343290     0.99967714        3
  1894.11386449     0.99990650        3
  1894.13429628     1.00007956        3
  1894.15472797     1.00019479        3
  1894.17515967     1.00003503        3
  1894.19559136     1.00069799        3
  1894.23645475     1.00125443        3
  1894.25688644     1.00030884        3
  1894.27731804     1.00116061        3
  1894.29774983     1.00068959        3
  1894.31818152     1.00092171        3
  1894.33861312     0.99983530        3
  1894.35904491     0.99937302        3
  1894.37947661     0.99988737        3
  1894.39990840     1.00044096        3
  1894.42034000     1.00003847        3
  1894.44077170     0.99998975        3
  1894.48163509     0.99983630        3
  1894.50206678     0.99956624        3
  1894.52249858     1.00012166        3
  1894.54293028     1.00003500        3
  1894.56336197     0.99988042        3
  1894.58379367     0.99981682        3
  1894.60422537     1.00045981        3
  1894.62465707     1.00002717        3
  1894.72681556     0.99894891        3
  1894.74724736     0.99986968        3
  1894.76767896     1.00029035        3
  1894.78811075     0.99998795        3
  1894.80854245     0.99975748        3
  1894.82897405     1.00018411        3
  1894.84940585     0.99969308        3
  1894.97199606     1.00020520        3
  1894.99242766     0.99989686        3
  1895.01285946     1.00036521        3
  1895.03329116     1.00021262        3
  1895.05372287     0.99930159        3
  1895.07415457     1.00030257        3
  1895.09458627     1.00046397        3
  1895.11501807     0.99953473        3
  1895.13544968     0.99949025        3
  1895.15588138     1.00000647        3
  1895.17631318     0.99939104        3
  1895.21717649     1.00093852        3
  1895.23760829     1.00008046        3
  1895.25804000     0.99995238        3
  1895.27847160     1.00005882        3
  1895.29890341     1.00027901        3
  1895.31933511     0.99978259        3
  1895.33976692     0.99994401        3
  1895.36019852     0.99940643        3
  1895.38063023     1.00028742        3
  1895.40106203     0.99962415        3
  1895.42149364     1.00025712        3
  1895.46235715     0.99984036        3
  1895.48278876     0.99876469        3
  1895.50322057     0.99946800        3
  1895.52365217     0.99985708        3
  1895.54408388     1.00086728        3
  1895.56451569     0.99996777        3
  1895.58494730     1.00006122        3
  1895.60537900     1.00021361        3
  1895.62581081     0.99962731        3
  1895.64624242     0.99972656        3
  1895.66667423     0.99947873        3
  1895.70753765     0.99988870        3
  1895.72796936     1.00026504        3
  1895.74840107     0.99986991        3
  1895.76883278     0.99975992        3
  1895.78926449     0.99970124        3
  1895.80969620     0.99975374        3
  1895.83012791     0.99999755        3
  1895.85055972     1.00053088        3
  1895.87099133     1.00043576        3
  1895.89142314     1.00022326        3
  1895.91185485     1.00044062        3
  1895.95271827     0.99905399        3
  1895.97314998     0.99956448        3
  1895.99358160     0.99983551        3
  1896.01401341     1.00025875        3
  1896.03444512     1.00006708        3
  1896.05487693     0.99976585        3
  1896.07530855     0.99990091        3
  1896.09574026     1.00040284        3
  1896.11617198     1.00088523        3
  1896.13660369     1.00094025        3
  1896.15703540     1.00067561        3
  1896.19789883     1.00102325        3
  1896.21833065     1.00068611        3
  1896.23876226     1.00112077        3
  1896.25919398     1.00070095        3
  1896.27962579     1.00020650        3
  1896.30005741     1.00038135        3
  1896.32048912     1.00039612        3
  1896.34092094     1.00131658        3
  1896.36135256     0.99991743        3
  1896.50437468     1.00036289        3
  1896.52480639     0.99992648        3
  1896.54523811     0.99922141        3
  1896.56566993     0.99968269        3
  1896.58610155     0.99940032        3
  1896.60653337     0.99939268        3
  1896.62696509     0.99974729        3
  1896.64739671     1.00034537        3
  1896.68826025     0.99905827        3
  1896.70869187     0.99977378        3
  1896.72912369     0.99957526        3
  1896.74955541     1.00005245        3
  1896.76998713     0.99967571        3
  1896.79041885     1.00008986        3
  1896.81085057     1.00024004        3
  1896.83128229     0.99969474        3
  1896.85171401     1.00022999        3
  1896.87214574     1.00005389        3
  1896.89257746     0.99982168        3
  1896.93344090     1.00042672        3
  1896.95387263     0.99923805        3
  1896.97430435     0.99949311        3
  1896.99473617     0.99952135        3
  1897.01516780     0.99966890        3
  1897.03559952     0.99996359        3
  1897.05603135     1.00087676        3
  1897.07646307     1.00007629        3
  1897.09689469     0.99991867        3
  1897.11732652     0.99995870        3
  1897.13775824     0.99964178        3
  1897.17862170     1.00008362        3
  1897.19905342     1.00058666        3
  1897.21948525     0.99932737        3
  1897.23991687     1.00008013        3
  1897.26034860     1.00026474        3
  1897.28078043     0.99926573        3
  1897.30121205     1.00068137        3
  1897.32164388     1.00029843        3
  1897.34207561     0.99995835        3
  1897.36250724     1.00069129        3
  1897.38293906     0.99924455        3
  1897.42380242     1.00072364        3
  1897.44423425     1.00050359        3
  1897.46466598     1.00005532        3
  1897.48509781     0.99967390        3
  1897.50552944     1.00026439        3
  1897.52596107     1.00011075        3
  1897.54639290     0.99965051        3
  1897.56682463     1.00001421        3
  1897.58725636     0.99947794        3
  1897.60768809     1.00039887        3
  1897.62811982     1.00066116        3
  1897.75071021     0.99984891        3
  1897.77114204     0.99980168        3
  1897.79157377     1.00001104        3
  1897.81200541     1.00023059        3
  1897.83243724     1.00025747        3
  1897.85286897     1.00046186        3
  1897.87330081     0.99991396        3
  1897.93459601     0.99978980        3
  1897.95502764     1.00001566        3
  1897.97545938     0.99943871        3
  1897.99589121     0.99990533        3
  1898.01632285     0.99986635        4
  1898.03675468     1.00049306        4
  1898.05718642     0.99990290        4
  1898.07761806     0.99977974        4
  1898.09804989     0.99874157        4
  1898.11848163     0.99915428        4
  1898.15934510     0.99977194        4
  1898.17977674     1.00020187        4
  1898.20020858     1.00047828        4
  1898.22064032     0.99997999        4
  1898.24107195     0.99999158        4
  1898.26150379     0.99919461        4
  1898.28193553     1.00003219        4
  1898.30236727     0.99922002        4
  1898.32279901     1.00026444        4
  1898.40452597     1.00052489        4
  1898.42495781     1.00044616        4
  1898.44538955     1.00022095        4
  1898.46582119     1.00124469        4
  1898.48625303     1.00028917        4
  1898.50668477     1.00010986        4
  1898.52711641     1.00081637        4
  1898.54754826     1.00026794        4
  1898.56798000     0.99967151        4
  1898.58841184     0.99921398        4
  1898.64970707     1.00152113        4
  1898.67013871     1.00044999        4
  1898.69057046     1.00016392        4
  1898.71100230     0.99955833        4
  1898.73143394     1.00078319        4
  1898.75186579     0.99952557        4
  1898.77229753     1.00009393        4
  1898.79272918     1.00024766        4
  1898.81316102     1.00074195        4
  1898.83359267     0.99988752        4
  1898.85402441     0.99943756        4
  1898.89488791     1.00024196        4
  1898.91531965     1.00031566        4
  1898.93575150     0.99923839        4
  1898.95618325     0.99964919        4
  1898.97661499     0.99993260        4
  1898.99704674     1.00045677        4
  1899.01747849     1.00058044        4
  1899.03791024     1.00030361        4
  1899.05834198     1.00003544        4
  1899.07877373     0.99916780        4
  1899.09920558     0.99959608        4
  1899.14006908     1.00077015        4
  1899.16050083     1.00052477        4
  1899.18093248     0.99990776        4
  1899.20136433     0.99934100        4
  1899.22179608     0.99981371        4
  1899.24222773     0.99948396        4
  1899.26265958     0.99893055        4
  1899.28309133     0.99967567        4
  1899.30352318     1.00013245        4
  1899.32395483     0.99986988        4
  1899.34438659     0.99883187        4
  1899.38525009     0.99938808        4
  1899.40568184     1.00012312        4
  1899.42611369     0.99921529        4
  1899.44654535     0.99965175        4
  1899.46697720     1.00001401        4
  1899.48740885     1.00007466        4
  1899.50784061     0.99950243        4
  1899.52827246     0.99968777        4
  1899.54870412     0.99954283        4
  1899.56913587     0.99946608        4
  1899.58956773     1.00037659        4
  1899.63043114     1.00049322        4
  1899.65086299     1.00018778        4
  1899.67129475     1.00005060        4
  1899.69172650     0.99977397        4
  1899.71215826     1.00048411        4
  1899.73259002     1.00091581        4
  1899.75302187     0.99975563        4
  1899.77345353     0.99939441        4
  1899.79388529     0.99924088        4
  1899.81431715     1.00044412        4
  1899.83474881     0.99931328        4
  1899.89604408     0.99975220        4
  1899.91647594     1.00020010        4
  1899.93690770     1.00005502        4
  1899.95733936     1.02162098        4
  1899.97777122     1.00029191        4
  1899.99820298     0.99981742        4
  1900.01863484     1.00016000        4
  1900.03906650     1.00009977        4
  1900.05949826     1.00078803        4
  1900.07993002     0.99997999        4
  1900.12079354     1.00015214        4
  1900.14122531     0.99943335        4
  1900.16165707     1.00032866        4
  1900.18208893     0.99926054        4
  1900.20252059     1.00046049        4
  1900.22295236     0.99962181        4
  1900.24338422     0.99974373        4
  1900.26381588     1.00000972        4
  1900.28424765     0.99963146        4
  1900.30467951     1.00019665        4
  1900.32511128     1.00037555        4
  1900.36597481     1.00082185        4
  1900.38640657     1.00011776        4
  1900.40683844     0.99993870        4
  1900.42727010     0.99901808        4
  1900.44770187     0.99962202        4
  1900.46813373     1.00018073        4
  1900.48856540     1.00050148        4
  1900.50899717     1.00051978        4
  1900.52942904     0.99972116        4
  1900.54986070     1.00025688        4
  1900.57029257     1.00003382        4
  1900.61115601     1.00028666        4
  1900.63158787     1.00016574        4
  1900.65201964     1.00050178        4
  1900.67245131     1.00040667        4
  1900.69288318     1.00039800        4
  1900.71331495     1.00031002        4
  1900.85633735     0.99983574        4
  1900.87676912     1.00011580        4
  1900.89720099     1.00046777        4
  1900.91763276     1.00000000        4
  1900.93806443     1.00096125        4
  1900.95849631     1.00014665        4
  1900.97892808     0.99960748        4
  1900.99935975     0.99951336        4
  1901.01979163     0.99975985        4
  1901.04022340     1.00012415        4
  1901.06065507     1.00055163        4
  1901.10151872     0.99976804        4
  1901.12195060     0.99978325        4
  1901.14238227     0.99996994        4
  1901.16281405     0.99963956        4
  1901.18324592     0.99995651        4
  1901.20367760     0.99977749        4
  1901.22410938     1.00001060        4
  1901.24454125     1.00035833        4
  1901.26497293     0.99995655        4
  1901.28540481     1.00038314        4
  1901.30583658     1.00069169        4
  1901.36713192     0.99965304        4
  1901.38756370     1.00028687        4
  1901.40799548     1.00140959        4
  1901.42842726     1.00072679        4
  1901.44885903     1.00011966        4
  1901.46929081     1.00042965        4
  1901.48972259     1.00023071        4
  1901.51015437     0.99947115        4
  1901.53058615     1.00002075        4
  1901.55101794     0.99974658        4
  1901.59188150     0.99998598        4
  1901.61231338     0.99991337        4
  1901.63274516     0.99978594        4
  1901.65317684     0.99912696        4
  1901.67360873     0.99912177        4
  1901.69404051     0.99978157        4
  1901.71447219     0.99936752        4
  1901.73490408     0.99989354        4
  1901.75533586     0.99979260        4
  1901.77576754     0.99963320        4
  1901.79619943     0.99942829        4
  1901.83706310     0.99964603        4
  1901.85749478     0.99956505        4
  1901.87792657     0.99900328        4
  1901.89835845     1.00087432        4
  1901.91879014     0.99963146        4
  1901.93922192     0.99957217        4
  1901.95965381     1.00013380        4
  1901.98008550     0.99930464        4
  1902.00051738     0.99984085        4
  1902.02094917     0.99836634        4
  1902.08224453     1.00051664        4
  1902.10267622     1.00025792        4
  1902.12310811     1.00019894        4
  1902.14353990     1.00001001        4
  1902.16397169     0.99967662        4
  1902.18440348     0.99977484        4
  1902.20483527     1.00032592        4
  1902.22526706     1.00023097        4
  1902.24569885     0.99965992        4
  1902.26613064     1.00008939        4
  1902.28656253     1.00035557        4
  1902.32742601     0.99958592        4
  1902.34785791     0.99952997        4
  1902.36828960     0.99948335        4
  1902.38872149     1.00064232        4
  1902.40915328     1.00061444        4
  1902.42958498     1.00050741        4
  1902.45001687     1.00048036        4
  1902.57260763     1.00052437        4
  1902.59303943     1.00062605        4
  1902.61347133     0.99976190        4
  1902.63390302     0.99991872        4
  1902.65433482     1.00004337        4
  1902.67476671     1.00033207        4
  1902.69519841     0.99984856        4
  1902.71563031     1.00006243        4
  1902.73606210     1.00031618        4
  1902.75649380     0.99976769        4
  1902.77692570     0.99964203        4
  1902.81778930     1.00668661        4
  1902.83822110     0.99926053        4
  1902.85865289     0.99919010        4
  1902.87908459     0.99907187        4
  1902.89951649     0.99977861        4
  1902.91994829     0.99966719        4
  1902.94038019     1.00005639        4
  1902.96081189     0.99997144        4
  1902.98124369     1.00061580        4
  1903.00167560     1.00057169        4
  1903.02210730     1.00008257        4
  1903.20599352     1.00025775        4
  1903.22642543     1.00252405        4
  1903.24685723     0.99928060        4
  1903.26728914     0.99954381        4
  1903.30815265     0.99930749        4
  1903.32858455     0.99916879        4
  1903.34901626     0.99995756        4
  1903.36944807     1.00072220        4
  1903.38987997     1.00044986        4
  1903.41031178     0.99967343        4
  1903.43074359     0.99951928        4
  1903.45117529     1.00047499        4
  1903.47160710     1.00044333        4
  1903.49203901     1.00039768        4
  1903.51247082     1.00022396        4
  1903.55333444     0.99982700        4
  1903.57376625     1.00012722        4
  1903.59419796     1.00035475        4
  1903.61462987     0.99965054        4
  1903.63506168     0.99998419        4
  1903.65549359     1.00597324        4
  1903.67592530     1.00015255        4
  1903.69635711     1.00000191        4
  1903.71678902     1.00021770        4
  1903.73722073     1.00066594        4
  1903.75765254     0.99995337        4
  1903.79851617     0.99980091        4
  1903.81894808     1.00020420        4
  1903.83937990     1.00029506        4
  1903.85981161     1.00032784        4
  1903.88024352     1.00023477        4
  1903.90067534     0.99992274        4
  1903.92110705     0.99978719        4
  1903.94153897     1.00091047        4
  1903.96197078     1.00047466        4
  1903.98240270     1.00007942        4
  1904.00283441     1.00008492        4
  1904.04369804     0.99949638        4
  1904.06412996     0.99857563        4
  1904.08456168     0.99924350        4
  1904.10499350     1.00025651        4
  1904.12542531     1.00042541        4
  1904.14585713     1.00047964        4
  1904.16628905     1.00053589        4
  1904.18672077     1.00000861        4
  1904.20715269     0.99967064        4
  1904.22758451     1.00043762        4
  1904.24801622     0.99989717        4
  1904.30931168     0.99929771        4
  1904.32974360     1.00007170        4
  1904.35017543     0.99978317        4
  1904.37060735     1.00038862        4
  1904.39103907     0.99998357        4
  1904.41147089     0.99973184        4
  1904.43190281     0.99950835        4
  1904.45233453     0.99965884        4
  1904.47276636     0.99978443        4
  1904.49319828     0.99990044        4
  1904.61578922     0.99999174        4
  1904.63622105     0.99938164        4
  1904.65665288     0.99940625        4
  1904.67708470     0.99988718        4
  1904.69751653     0.99996340        4
  1904.71794835     1.00032381        4
  1904.73838018     1.00093680        4
  1904.77924383     0.99952084        4
  1904.79967566     0.99971517        4
  1904.82010759     0.99971626        4
  1904.84053932     1.00038636        4
  1904.86097115     0.99975916        4
  1904.88140308     0.99994495        4
  1904.90183480     0.99984973        4
  1905.04485772     1.00022312        4
  1905.06528955     0.99958941        4
  1905.08572148     0.99997780        4
  1905.10615321     0.99954214        4
  1905.12658505     1.00060025        4
  1905.14701698     1.00108614        4
  1905.16744871     1.00072380        4
  1905.18788055     0.99975224        4
