  1835.65837877     0.99997893        0
  1835.67881071     1.00008648        0
  1835.69924264     1.00007643        0
  1835.71967458     0.99987840        0
  1835.74010652     0.99999671        0
  1835.76053856     1.00007409        0
  1835.78097039     0.99990676        0
  1835.80140233     1.00188654        0
  1835.82183436     0.99987708        0
  1835.84226620     0.99973811        0
  1835.86269813     0.99970342        0
  1835.88313017     0.99979291        0
  1835.90356200     0.99981017        0
  1835.92399393     0.99987470        0
  1835.94442597     0.99989369        0
  1835.96485780     0.99974201        0
  1835.98528973     0.99991558        0
  1836.00572176     0.99984906        0
  1836.02615360     0.99994067        0
  1836.04658553     0.99992442        0
  1836.06701756     0.99997280        0
  1836.08744939     0.99998210        0
  1836.10788132     0.99997659        0
  1836.12831335     1.00002747        0
  1836.14874528     1.00002487        0
  1836.16917710     0.99994299        0
  1836.18960913     1.00007451        0
  1836.21004106     0.99991391        0
  1836.23047309     0.99996779        0
  1836.25090491     1.00000309        0
  1836.27133684     0.99998416        0
  1836.31220069     0.99976213        0
  1836.33263262     0.99999853        0
  1836.35306464     0.99983996        0
  1836.37349647     1.00015361        0
  1836.39392839     1.00007637        0
  1836.41436032     1.00025921        0
  1836.43479224     1.00014720        0
  1836.45522416     1.00017924        0
  1836.47565608     1.00020728        0
  1836.49608801     1.00003753        0
  1836.51651993     1.00015555        0
  1836.53695185     1.00011167        0
  1836.55738377     1.00004166        0
  1836.57781569     1.00036421        0
  1836.59824771     1.00013413        0
  1836.61867953     1.00031594        0
  1836.63911145     1.00007973        0
  1836.65954347     1.00022011        0
  1836.67997529     1.00003985        0
  1836.70040721     1.00003989        0
  1836.72083922     1.00007200        0
  1836.74127104     1.00019506        0
  1836.76170296     1.00012113        0
  1836.78213497     1.00018859        0
  1836.80256679     1.00007709        0
  1836.82299881     1.00021616        0
  1836.84343072     1.00011474        0
  1836.86386254     1.00005981        0
  1836.88429455     1.00015546        0
  1836.90472647     1.00022653        0
  1836.92515828     1.00007308        0
  1836.94559029     1.00011843        0
  1836.96602221     1.00001999        0
  1836.98645412     0.99992059        0
  1837.00688603     1.00005536        0
  1837.19077322     1.00000083        0
  1837.21120513     1.00008848        0
  1837.23163704     1.00007400        0
  1837.25206895     1.00008251        0
  1837.27250085     0.99997860        0
  1837.29293266     0.99997857        0
  1837.31336467     0.99992043        0
  1837.33379657     0.99993765        0
  1837.35422848     0.99997094        0
  1837.37466038     1.00016928        0
  1837.39509229     1.00005085        0
  1837.41552419     1.00013125        0
  1837.43595620     0.99995117        0
  1837.45638800     1.00021234        0
  1837.47682000     0.99993350        0
  1837.49725191     0.99989814        0
  1837.51768371     0.99999154        0
  1837.53811571     0.99992840        0
  1837.55854761     0.99989823        0
  1837.57897941     0.99997020        0
  1837.59941141     0.99997403        0
  1837.61984331     1.00011312        0
  1837.64027511     1.00031584        0
  1837.66070711     1.00011080        0
  1837.68113901     0.99993169        0
  1837.70157081     0.99990521        0
  1837.72200281     1.00003249        0
  1837.74243471     0.99995119        0
  1837.76286651     0.99994745        0
  1837.78329850     0.99999617        0
  1837.80373040     1.00010285        0
  1837.82416230     0.99993246        0
  1837.84459419     1.00003459        0
  1837.86502609     0.99990901        0
  1837.88545789     1.00004589        0
  1837.90588988     1.00005693        0
  1837.92632177     1.00004906        0
  1837.94675367     1.00009319        0
  1837.96718556     0.99981394        0
  1837.98761746     0.99989495        0
  1838.00804925     0.99989164        0
  1838.02848124     1.00001041        0
  1838.04891313     0.99994770        0
  1838.06934513     1.00012191        0
  1838.08977692     0.99996787        0
  1838.11020881     0.99996346        0
  1838.13064080     0.99994143        0
  1838.15107259     1.00008271        0
  1838.17150448     1.00011345        0
  1838.19193647     1.00029401        0
  1838.21236826     1.00022308        0
  1838.23280015     1.00026504        0
  1838.31452780     1.00003995        0
  1838.33495969     0.99996845        0
  1838.35539147     0.99993200        0
  1838.37582346     0.99976123        0
  1838.39625535     0.99989105        0
  1838.41668713     0.99990122        0
  1838.43711912     1.00010298        0
  1838.45755100     1.00009526        0
  1838.47798279     1.00003939        0
  1838.49841477     0.99996695        0
  1838.51884665     1.00084250        0
  1838.53927844     0.99999110        0
  1838.55971042     0.99993843        0
  1838.58014230     0.99990861        0
  1838.60057409     1.00056798        0
  1838.62100607     1.00004680        0
  1838.64143795     0.99994731        0
  1838.66186973     1.00000000        0
  1838.68230171     1.00013340        0
  1838.70273359     0.99990966        0
  1838.72316547     1.00004311        0
  1838.74359735     1.00010250        0
  1838.76402923     1.00004816        0
  1838.78446111     1.00000889        0
  1838.80489299     0.99984791        0
  1838.82532486     0.99986024        0
  1838.84575684     0.99986894        0
  1838.86618862     0.99995253        0
  1838.88662050     0.99986194        0
  1838.90705247     0.99992423        0
  1838.92748425     1.00008464        0
  1838.94791612     1.00010602        0
  1838.96834810     1.00006676        0
  1839.11137122     1.00015252        0
  1839.13180299     1.00012366        0
  1839.15223496     1.00003295        0
  1839.17266683     0.99994630        0
  1839.19309860     0.99988518        0
  1839.21353057     0.99994188        0
  1839.23396245     0.99989153        0
  1839.25439422     0.99993966        0
  1839.27482618     0.99988572        0
  1839.29525805     0.99998846        0
  1839.31569002     0.99993691        0
  1839.33612179     1.00004548        0
  1839.35655366     1.00011296        0
  1839.37698553     0.99995092        0
  1839.39741740     1.00015967        0
  1839.41784916     1.00005231        0
  1839.43828113     1.00007687        0
  1839.45871300     1.00003609        0
  1839.47914476     1.00004544        0
  1839.49957673     0.99990639        0
  1839.52000859     0.99995348        0
  1839.54044046     0.99989925        0
  1839.56087232     0.99990593        0
  1839.58130419     0.99992577        0
  1839.60173605     1.00014399        0
  1839.62216792     1.00011789        0
  1839.64259978     1.00023616        0
  1839.66303164     1.00015655        0
  1839.68346360     1.00010330        0
  1839.70389537     1.00013431        0
  1839.72432723     1.00185463        0
  1839.74475919     0.99983746        0
  1839.76519095     0.99995339        0
  1839.78562281     0.99980572        0
  1839.80605477     1.00006176        0
  1839.82648653     1.00011293        0
  1839.84691839     1.00006386        0
  1839.86735035     0.99987771        0
  1839.88778211     0.99993706        0
  1839.90821397     0.99996388        0
  1839.92864593     0.99987304        0
  1839.94907778     0.99996015        0
  1839.96950964     1.00010159        0
  1839.98994150     0.99997857        0
  1840.01037335     1.00000988        0
  1840.03080521     0.99998044        0
  1840.05123707     0.99981309        0
  1840.07166892     0.99972472        0
  1840.09210078     0.99973847        0
  1840.11253263     0.99970528        0
  1840.19425995     1.00010439        0
  1840.33728301     0.99991990        0
  1840.35771486     0.99995781        0
  1840.37814671     0.99999954        0
  1840.39857856     0.99981912        0
  1840.41901041     1.00016738        0
  1840.43944226     0.99998165        0
  1840.45987411     0.99973309        0
  1840.48030596     0.99975955        0
  1840.50073781     0.99972873        0
  1840.52116975     0.99987102        0
  1840.54160150     0.99975974        0
  1840.56203345     0.99983875        0
  1840.58246529     0.99997991        0
  1840.60289704     0.99996231        0
  1840.62332899     0.99998313        0
  1840.64376083     0.99989334        0
  1840.66419258     0.99973299        0
  1840.68462452     0.99968512        0
  1840.70505637     1.00608126        0
  1840.76635190     1.00004902        0
  1840.78678374     1.00029305        0
  1840.80721558     1.00014662        0
  1840.82764733     1.00011572        0
  1840.84807927     1.00014427        0
  1840.86851111     1.00022561        0
  1840.88894295     1.00020247        0
  1840.90937469     1.00023424        0
  1840.92980663     1.00012919        0
  1840.95023847     1.00011417        0
  1840.97067021     1.00015715        0
  1840.99110215     1.00016924        0
  1872.00636372     0.99976451        1
  1872.02679531     0.99960547        1
  1872.04722689     0.99990578        1
  1872.06765848     0.99994912        1
  1872.08809007     1.00002231        1
  1872.10852165     0.99996246        1
  1872.12895334     0.99995943        1
  1872.16981641     0.99978514        1
  1872.19024809     0.99982878        1
  1872.21067968     0.99990630        1
  1872.23111117     0.99995371        1
  1872.25154285     0.99993351        1
  1872.27197444     0.99993556        1
  1872.29240592     1.00016279        1
  1872.31283761     1.00003743        1
  1872.33326920     1.00008958        1
  1872.35370068     1.00013212        1
  1872.37413237     1.00008897        1
  1872.41499564     1.00041207        1
  1872.43542713     1.00045590        1
  1872.45585871     1.00031085        1
  1872.47629040     1.00037991        1
  1872.49672189     1.00047320        1
  1872.51715347     1.00032741        1
  1872.53758516     1.00040123        1
  1872.55801665     1.00042924        1
  1872.57844823     1.00046045        1
  1872.59887992     1.00037117        1
  1872.61931140     1.00026488        1
  1872.66017468     1.00008061        1
  1872.68060616     0.99980739        1
  1872.70103785     0.99978086        1
  1872.72146944     0.99984368        1
  1872.74190092     0.99978415        1
  1872.76233261     1.00006254        1
  1872.78276420     1.00016224        1
  1872.80319568     1.00011637        1
  1872.82362737     0.99992906        1
  1872.84405896     0.99997976        1
  1872.86449044     0.99999124        1
  1872.90535372     1.00016385        1
  1872.92578520     1.00000454        1
  1872.94621689     0.99989931        1
  1872.96664848     0.99987147        1
  1872.98708016     0.99981374        1
  1873.00751165     0.99962255        1
  1873.02794324     0.99980011        1
  1873.15053276     1.00020298        1
  1873.17096445     1.00019405        1
  1873.19139603     1.00015689        1
  1873.21182762     1.00016160        1
  1873.23225921     0.99986963        1
  1873.25269080     0.99974064        1
  1873.27312238     0.99946128        1
  1873.29355397     0.99967871        1
  1873.31398556     0.99985462        1
  1873.33441715     0.99969385        1
  1873.35484873     0.99961365        1
  1873.39571191     1.00282997        1
  1873.41614349     0.99971732        1
  1873.43657498     0.99991903        1
  1873.45700667     0.99978369        1
  1873.47743826     0.99954559        1
  1873.49786995     0.99971828        1
  1873.51830143     1.00002184        1
  1873.53873302     0.99998193        1
  1873.55916471     0.99988806        1
  1873.57959620     0.99983378        1
  1873.60002778     0.99990964        1
  1873.64089106     1.00011341        1
  1873.66132255     0.99979352        1
  1873.68175424     0.99990963        1
  1873.70218582     0.99993216        1
  1873.72261731     0.99997219        1
  1873.74304900     0.99991821        1
  1873.76348059     0.99994280        1
  1873.78391218     1.00026357        1
  1873.80434376     1.00027085        1
  1873.82477535     1.00040747        1
  1873.84520704     1.00044136        1
  1873.88607012     1.00025016        1
  1873.90650181     1.00030429        1
  1873.92693329     1.00007413        1
  1873.94736488     1.00006615        1
  1873.96779657     0.99981337        1
  1873.98822806     0.99977171        1
  1874.00865975     1.00005448        1
  1874.02909124     1.00003536        1
  1874.04952283     1.00001175        1
  1874.06995451     0.99976375        1
  1874.09038600     0.99992597        1
  1874.13124928     1.00090636        1
  1874.15168077     1.00029664        1
  1874.17211236     1.00019958        1
  1874.19254405     1.00015122        1
  1874.21297564     0.99965298        1
  1874.23340712     0.99998794        1
  1874.25383881     1.00006114        1
  1874.27427040     1.00024351        1
  1874.29470199     1.00018938        1
  1874.31513358     1.00029952        1
  1874.33556517     1.00034425        1
  1874.37642835     1.00005333        1
  1874.39685994     0.99989303        1
  1874.41729163     0.99968220        1
  1874.43772312     1.00005605        1
  1874.45815471     0.99994661        1
  1874.47858640     0.99983388        1
  1874.49901789     0.99986312        1
  1874.51944958     0.99988826        1
  1874.53988117     1.00005041        1
  1874.56031266     0.99985032        1
  1874.58074434     1.00005600        1
  1874.62160742     0.99979088        1
  1874.64203911     0.99998127        1
  1874.66247070     0.99975946        1
  1874.68290229     0.99982065        1
  1874.70333388     1.00008156        1
  1874.72376547     0.99998792        1
  1874.74419696     0.99991593        1
  1874.76462866     0.99982680        1
  1874.78506025     1.00008719        1
  1874.86678671     0.99981362        1
  1874.88721820     0.99972790        1
  1874.90764979     0.99986327        1
  1874.92808148     0.99988869        1
  1874.94851297     1.00015597        1
  1874.96894456     1.00025278        1
  1874.98937625     1.00006389        1
  1875.00980774     0.99990573        1
  1875.03023943     1.00018815        1
  1875.11196580     0.99983358        1
  1875.13239729     0.99996993        1
  1875.15282898     0.99987136        1
  1875.17326057     1.00015244        1
  1875.19369216     1.00010168        1
  1875.21412375     0.99992948        1
  1875.23455534     1.00024166        1
  1875.35714489     1.00196229        1
  1875.37757658     1.00006262        1
  1875.39800808     0.99980068        1
  1875.41843967     0.99992607        1
  1875.43887136     1.00013269        1
  1875.45930285     1.00035096        1
  1875.47973444     0.99995501        1
  1875.50016614     1.00007413        1
  1875.52059763     1.00017434        1
  1875.54102932     1.00022711        1
  1875.56146091     1.00016624        1
  1875.60232410     1.00038406        1
  1875.62275569     1.00049323        1
  1875.64318718     1.00023438        1
  1875.66361888     1.00025489        1
  1875.68405047     0.99995053        1
  1875.70448206     1.00012610        1
  1875.72491365     1.00001784        1
  1875.74534525     0.99985365        1
  1875.76577694     1.00006969        1
  1875.78620843     1.00024635        1
  1875.80664003     1.00019838        1
  1875.84750331     1.00006307        1
  1875.86793480     1.00015632        1
  1875.88836650     1.00017266        1
  1875.90879809     1.00005201        1
  1875.92922958     1.00001473        1
  1875.94966128     0.99996771        1
  1875.97009287     0.99993101        1
  1876.09268243     0.99990653        1
  1876.11311403     0.99989227        1
  1876.13354562     0.99975244        1
  1876.15397712     1.00016140        1
  1876.17440881     1.00000000        1
  1876.19484040     0.99994321        1
  1876.21527200     1.00024133        1
  1876.23570359     1.00002379        1
  1876.33786167     0.99978915        1
  1876.35829326     0.99995636        1
  1876.37872475     0.99997558        1
  1876.39915645     0.99997771        1
  1876.41958804     0.99997427        1
  1876.44001954     0.99983611        1
  1876.46045123     0.99962313        1
  1876.48088283     0.99971134        1
  1876.50131452     0.99988181        1
  1876.52174602     0.99997608        1
  1876.54217762     0.99986485        1
  1876.58304081     0.99997639        1
  1876.60347240     1.00009572        1
  1876.62390410     1.00003141        1
  1876.82821996     0.99985680        1
  1876.84865165     1.00006574        1
  1876.86908315     0.99974365        1
  1876.88951475     0.99983175        1
  1876.90994644     1.00016913        1
  1877.07339932     0.99997598        1
  1877.09383082     0.99987921        1
  1877.11426241     0.99968984        1
  1877.13469411     0.99968835        1
  1877.15512561     0.99988246        1
  1877.17555721     0.99969798        1
  1877.19598890     0.99998461        1
  1877.21642040     1.00002301        1
  1877.23685210     0.99996523        1
  1877.25728370     0.99984273        1
  1877.31857849     0.99985715        1
  1877.33901009     1.00004908        1
  1877.35944169     0.99998599        1
  1877.37987329     1.00008529        1
  1877.40030488     0.99991710        1
  1877.42073648     1.00002255        1
  1877.44116808     0.99972424        1
  1877.46159968     1.00003594        1
  1877.48203128     0.99992282        1
  1877.50246288     0.99985917        1
  1877.52289448     1.00008425        1
  1877.56375767     0.99999680        1
  1877.58418937     1.00002642        1
  1877.60462087     0.99999696        1
  1877.62505247     1.00002831        1
  1877.64548417     1.00000522        1
  1877.66591567     0.99995787        1
  1877.68634737     0.99989495        1
  1877.70677897     1.00002005        1
  1877.72721047     1.00026302        1
  1877.74764217     1.00015053        1
  1877.76807377     0.99996165        1
  1877.80893697     1.00011876        1
  1877.82936857     0.99995757        1
  1877.84980007     1.00015968        1
  1877.87023177     1.00019359        1
  1877.89066337     1.00014837        1
  1877.91109497     0.99995045        1
  1877.93152657     1.00038303        1
  1877.95195817     1.00008546        1
  1877.97238987     1.00020506        1
  1877.99282147     1.00021133        1
  1878.01325298     1.00014387        1
  1878.05411628     1.00004253        1
  1878.07454778     0.99986026        1
  1878.09497948     1.00008101        1
  1878.11541108     1.00029818        1
  1878.13584258     1.00004190        1
  1878.15627428     1.00004793        1
  1878.17670579     1.00024537        1
  1878.19713749     1.00035511        1
  1878.21756909     0.99998773        1
  1878.23800059     1.00008712        1
  1878.25843229     1.00017746        1
  1878.29929540     1.00004956        1
  1878.31972710     0.99979255        1
  1878.34015870     1.00028264        1
  1878.36059020     1.00024344        1
  1878.38102191     1.00006769        1
  1878.40145351     1.00008471        1
  1878.42188521     1.00013497        1
  1878.44231671     0.99993058        1
  1878.46274832     0.99997849        1
  1878.54447483     1.00002127        1
  1878.56490643     1.00005828        1
  1878.58533794     0.99993051        1
  1878.60576964     0.99994631        1
  1878.62620124     1.00002486        1
  1878.64663285     0.99985461        1
  1878.66706445     0.99987233        1
  1878.68749605     1.00010801        1
  1878.70792776     0.99991911        1
  1878.72835926     0.99982890        1
  1878.74879087     1.00004418        1
  1878.78965408     0.99985143        1
  1878.81008568     0.99998473        1
  1878.83051728     1.00006865        1
  1878.85094889     0.99989087        1
  1878.87138059     0.99981828        1
  1878.89181210     0.99995396        1
  1878.91224370     0.99985562        1
  1878.93267541     1.00000508        1
  1878.95310691     1.00004531        1
  1878.97353852     0.99996960        1
  1878.99397022     0.99983140        1
  1879.03483333     0.99977598        1
  1879.05526504     0.99958119        1
  1879.07569665     0.99974474        1
  1879.09612825     0.99968880        1
  1879.11655986     1.00002033        1
  1879.13699146     1.00002286        1
  1879.15742307     1.00002221        1
  1879.17785468     1.00011454        1
  1879.19828628     1.00002115        1
  1879.21871799     1.00009053        1
  1879.23914950     1.00008508        1
  1879.28001281     0.99985151        1
  1879.30044432     0.99955553        1
  1879.32087602     0.99967878        1
  1879.34130763     0.99977972        1
  1879.36173914     1.00009411        1
  1879.38217084     1.00010910        1
  1879.40260245     1.00006720        1
  1879.42303396     1.00011332        1
  1879.44346567     1.00011879        1
  1879.46389727     1.00004811        1
  1879.48432878     1.00009537        1
  1879.52519200     1.00012506        1
  1879.54562370     1.00028990        1
  1879.56605531     1.00004565        1
  1879.58648692     1.00033012        1
  1879.60691853     1.00019338        1
  1879.62735014     1.00024649        1
  1879.64778174     0.99996369        1
  1879.66821335     0.99963423        1
  1879.68864496     0.99991874        1
  1879.70907657     0.99986081        1
  1879.72950818     1.00004787        1
  1879.77037150     0.99993082        1
  1879.79080311     0.99990781        1
  1879.81123462     0.99999215        1
  1879.83166633     1.00018071        1
  1879.85209794     1.00010330        1
  1879.87252945     0.99997196        1
  1879.89296115     1.00005597        1
  1879.91339276     1.00014059        1
  1879.93382427     0.99994203        1
  1879.95425598     0.99999998        1
  1879.97468760     0.99971399        1
  1880.01555082     1.00013803        2
  1880.03598243     1.00021464        2
  1880.05641414     1.00015682        2
  1880.07684565     1.00017618        2
  1880.09727726     1.00006255        2
  1880.11770887     1.00009987        2
  1880.13814048     0.99998926        2
  1880.15857209     1.00002941        2
  1880.17900380     1.00017892        2
  1880.19943531     1.00000244        2
  1880.21986703     0.99979107        2
  1880.26073015     1.00003387        2
  1880.28116186     0.99991940        2
  1880.30159347     0.99993327        2
  1880.32202499     1.00002896        2
  1880.34245670     0.99992634        2
  1880.36288831     0.99973303        2
  1880.38331982     0.99980826        2
  1880.40375153     0.99987376        2
  1880.42418315     0.99987043        2
  1880.50590970     0.99997193        2
  1880.52634121     0.99989151        2
  1880.54677283     1.00000718        2
  1880.56720454     1.00004590        2
  1880.58763605     0.99981181        2
  1880.60806767     0.99985149        2
  1880.62849938     0.99990380        2
  1880.64893089     0.99999916        2
  1880.75108906     0.99989584        2
  1880.77152068     0.99994560        2
  1880.79195229     1.00012478        2
  1880.81238391     0.99987263        2
  1880.83281552     1.00010492        2
  1880.85324714     1.00018292        2
  1880.87367875     0.99995141        2
  1880.89411037     0.99990587        2
  1880.91454198     0.99991520        2
  1880.93497360     0.99999319        2
  1880.99626845     0.99982167        2
  1881.01670016     0.99998781        2
  1881.03713168     0.99995381        2
  1881.05756330     0.99994716        2
  1881.07799501     0.99996766        2
  1881.09842653     0.99992032        2
  1881.11885824     1.00000431        2
  1881.13928986     0.99985655        2
  1881.15972138     0.99991960        2
  1881.18015310     1.00011555        2
  1881.20058471     1.00007250        2
  1881.24144795     1.00036408        2
  1881.26187956     1.00019238        2
  1881.28231118     1.00027613        2
  1881.30274280     1.00021818        2
  1881.32317442     1.00008368        2
  1881.34360614     1.00003690        2
  1881.36403765     0.99988998        2
  1881.38446927     0.99991588        2
  1881.40490099     1.00015071        2
  1881.42533261     1.00017857        2
  1881.44576413     1.00013051        2
  1881.48662736     1.00021147        2
  1881.50705908     1.00041684        2
  1881.52749070     1.00012144        2
  1881.54792232     1.00012403        2
  1881.56835394     1.00000429        2
  1881.58878556     1.00010263        2
  1881.60921708     0.99999064        2
  1881.62964880     1.00007683        2
  1881.65008042     0.99986146        2
  1881.67051194     0.99999225        2
  1881.69094366     0.99998327        2
  1881.73180700     1.00006274        2
  1881.75223852     0.99982625        2
  1881.77267014     0.99972164        2
  1881.79310186     0.99993158        2
  1881.81353338     1.00016554        2
  1881.83396500     1.00021935        2
  1881.85439672     1.00002681        2
  1881.87482825     0.99988121        2
  1881.89525987     1.00004575        2
  1881.91569159     0.99991983        2
  1881.93612321     1.00009641        2
  1881.97698645     0.99988302        2
  1881.99741808     1.00003687        2
  1882.01784970     0.99984569        2
  1882.03828132     0.99997805        2
  1882.05871294     1.00005969        2
  1882.07914466     1.00007512        2
  1882.09957619     0.99991022        2
  1882.12000781     1.00014905        2
  1882.14043953     1.00000258        2
  1882.22216593     0.99998804        2
  1882.24259765     0.99988880        2
  1882.26302917     1.00001952        2
  1882.28346080     1.00007439        2
  1882.30389252     0.99979915        2
  1882.32432405     0.99989903        2
  1882.34475577     1.00005735        2
  1882.46734552     1.00004801        2
  1882.48777714     0.99994346        2
  1882.50820877     1.00003598        2
  1882.52864039     0.99998387        2
  1882.54907202     1.00027796        2
  1882.71252513     1.00025901        2
  1882.73295666     0.99952815        2
  1882.75338838     0.99983750        2
  1882.77382001     0.99998313        2
  1882.79425174     0.99992743        2
  1882.81468326     0.99989799        2
  1882.83511489     0.99990849        2
  1882.85554662     0.99993624        2
  1882.87597815     1.00001388        2
  1882.89640968     0.99992731        2
  1882.91684140     1.00003559        2
  1882.95770466     1.00204828        2
  1882.97813629     0.99954839        2
  1882.99856792     0.99975846        2
  1883.01899965     0.99993739        2
  1883.03943117     0.99992495        2
  1883.05986280     0.99993982        2
  1883.08029453     0.99993524        2
  1883.10072616     0.99985969        2
  1883.12115769     0.99993021        2
  1883.14158942     1.00011239        2
  1883.16202105     1.00013989        2
  1883.20288431     1.00015652        2
  1883.22331594     0.99986638        2
  1883.24374767     0.99998147        2
  1883.26417920     1.00008832        2
  1883.28461083     0.99976702        2
  1883.30504256     1.00001829        2
  1883.32547409     1.00024219        2
  1883.34590573     1.00032292        2
  1883.36633746     1.00030273        2
  1883.38676899     0.99997583        2
  1883.40720072     0.99990371        2
  1883.44806388     1.00001721        2
  1883.46849562     0.99988835        2
  1883.48892725     0.99997430        2
  1883.50935878     1.00022878        2
  1883.52979051     1.00026133        2
  1883.55022204     1.00018177        2
  1883.57065378     1.00002571        2
  1883.59108541     1.00029974        2
  1883.61151694     1.00053771        2
  1883.63194868     1.00020661        2
  1883.65238031     1.00002149        2
  1883.69324358     1.00008180        2
  1883.71367521     1.00020843        2
  1883.73410684     1.00005084        2
  1883.75453848     1.00006536        2
  1883.77497011     1.00002750        2
  1883.79540185     0.99995235        2
  1883.81583348     0.99991791        2
  1883.83626502     0.99987096        2
  1883.85669675     1.00001009        2
  1883.87712839     1.00000000        2
  1883.89755992     1.00004536        2
  1883.93842329     0.99988413        2
  1883.95885483     1.00002397        2
  1883.97928656     1.00001115        2
  1883.99971820     0.99989014        2
  1884.02014993     1.00006533        2
  1884.04058147     1.00025886        2
  1884.06101311     0.99996138        2
  1884.08144484     0.99985614        2
  1884.10187638     0.99984884        2
  1884.12230802     0.99977824        2
  1884.14273975     0.99993816        2
  1884.18360293     0.99980597        2
  1884.20403457     1.00007280        2
  1884.22446620     0.99986019        2
  1884.24489794     1.00008891        2
  1884.26532948     1.00001982        2
  1884.28576112     1.00002450        2
  1884.30619285     1.00003405        2
  1884.32662449     0.99999203        2
  1884.34705603     1.00003809        2
  1884.36748777     1.00020717        2
  1884.38791941     1.00014461        2
  1884.42878269     0.99985377        2
  1884.44921433     0.99981406        2
  1884.46964607     0.99995230        2
  1884.49007760     0.99983532        2
  1884.51050924     0.99992487        2
  1884.53094098     0.99989285        2
  1884.55137252     0.99983824        2
  1884.57180416     1.00022289        2
  1884.59223590     1.00009182        2
  1884.61266745     1.00005609        2
  1884.63309919     0.99973079        2
  1884.67396237     1.00005014        2
  1884.69439411     0.99997910        2
  1884.71482575     0.99988683        2
  1884.73525739     0.99974070        2
  1884.75568903     0.99986297        2
  1884.77612067     1.00012611        2
  1884.79655232     1.00006455        2
  1884.81698396     0.99983507        2
  1884.83741560     1.00010326        2
  1884.85784724     0.99991473        2
  1884.91914217     0.99994805        2
  1884.93957382     0.99997395        2
  1884.96000546     0.99987132        2
  1884.98043720     0.99992549        2
  1885.00086875     1.00000953        2
  1885.02130049     0.99973436        2
  1885.04173213     1.00012857        2
  1885.06216368     1.00003903        2
  1885.08259542     0.99989617        2
  1885.10302707     0.99995878        2
  1885.12345861     0.99994584        2
  1885.16432200     1.00520759        2
  1885.18475354     1.00017483        2
  1885.20518529     1.00003930        2
  1885.22561694     1.00045304        2
  1885.24604868     1.00031710        2
  1885.26648023     0.99994941        2
  1885.28691187     1.00003523        2
  1885.30734362     0.99989632        2
  1885.32777516     1.00007186        2
  1885.34820681     1.00001120        2
  1885.36863856     0.99995633        2
  1885.40950175     1.00008349        2
  1885.42993350     0.99992122        2
  1885.45036515     1.00035619        2
  1885.47079679     1.00015092        2
  1885.49122844     1.00027796        2
  1885.51166009     1.00007540        2
  1885.53209174     0.99994654        2
  1885.55252338     0.99996037        2
  1885.57295493     0.99994853        2
  1885.59338668     1.00024920        2
  1885.61381833     1.00042610        2
  1885.65468163     1.00028388        2
  1885.67511328     1.00007201        2
  1885.69554502     0.99984813        2
  1885.71597657     0.99996827        2
  1885.73640822     0.99990403        2
  1885.75683997     1.00017587        2
  1885.77727152     1.00020049        2
  1885.79770317     1.00003803        2
  1885.81813492     0.99981761        2
  1885.83856647     0.99993601        2
  1885.85899822     1.00039173        2
  1885.89986143     0.99990910        2
  1885.92029318     0.99991195        2
  1885.94072483     1.00004730        2
  1885.96115648     1.00014541        2
  1885.98158813     1.00005523        2
  1886.00201978     0.99989220        2
  1886.02245144     0.99989913        2
  1886.04288309     1.00013587        2
  1886.06331474     1.00011143        2
  1886.08374649     1.00015125        2
  1886.10417815     1.00015637        2
  1886.14504145     0.99985592        2
  1886.16547310     1.00014134        2
  1886.18590466     1.00010478        2
  1886.20633641     1.00010764        2
  1886.22676797     1.00020915        2
  1886.24719972     1.00007511        2
  1886.26763137     1.00014269        2
  1886.28806293     0.99995878        2
  1886.30849468     0.99999708        2
  1886.32892634     1.00005191        2
  1886.34935789     0.99979253        2
  1886.39022130     0.99984243        2
  1886.41065286     0.99984911        2
  1886.43108461     0.99985576        2
  1886.45151627     0.99999651        2
  1886.47194802     0.99989713        2
  1886.49237958     0.99992277        2
  1886.51281124     1.00005239        2
  1886.63540128     0.99994342        2
  1886.65583294     1.00004588        2
  1886.67626459     0.99995426        2
  1886.69669625     0.99996049        2
  1886.71712791     0.99995895        2
  1886.88058118     0.99993095        2
  1886.90101284     0.99969767        2
  1886.92144460     0.99994770        2
  1886.94187616     0.99971168        2
  1886.96230782     0.99965526        2
  1886.98273958     1.00014332        2
  1887.12576121     0.99985882        2
  1887.14619287     0.99990581        2
  1887.16662453     0.99989987        2
  1887.18705619     1.00007755        2
  1887.20748786     0.99990327        2
  1887.22791952     0.99999455        2
  1887.24835128     1.00028510        2
  1887.26878285     1.00008910        2
  1887.28921451     1.00000000        2
  1887.30964627     0.99977743        2
  1887.33007794     0.99983437        2
  1887.37094126     1.00003579        2
  1887.39137293     1.00011119        2
  1887.41180449     1.00005078        2
  1887.43223626     0.99996092        2
  1887.45266792     1.00045967        2
  1887.47309959     0.99983939        2
  1887.49353125     1.00003796        2
  1887.51396292     1.00001515        2
  1887.53439468     1.00009212        2
  1887.55482625     1.00008912        2
  1887.57525791     0.99980325        2
  1887.61612125     0.99993734        2
  1887.63655301     1.00006678        2
  1887.65698458     1.00034665        2
  1887.67741624     0.99997824        2
  1887.69784801     1.00006734        2
  1887.71827958     1.00007284        2
  1887.73871125     1.00007044        2
  1887.75914301     1.00031709        2
  1887.77957458     1.00006665        2
  1887.86130135     0.99983704        2
  1887.88173302     0.99981832        2
  1887.90216469     1.00005252        2
  1887.92259636     0.99995494        2
  1887.94302803     1.00004776        2
  1887.96345970     0.99987778        2
  1887.98389147     0.99997598        2
  1891.04864496     0.99971683        3
  1891.06907666     0.99981827        3
  1891.08950846     1.00009607        3
  1891.10994006     1.00003299        3
  1891.13037176     0.99998135        3
  1891.15080357     0.99993569        3
  1891.17123517     1.00008622        3
  1891.19166697     1.00033948        3
  1891.21209867     0.99976916        3
  1891.29382539     0.99980656        3
  1891.31425719     0.99988271        3
  1891.33468890     1.00011828        3
  1891.35512070     1.00005359        3
  1891.37555231     1.00009761        3
  1891.39598401     0.99980166        3
  1891.41641582     0.99989833        3
  1891.43684742     1.00059455        3
  1891.45727913     0.99998581        3
  1891.47771094     0.99993534        3
  1891.53900606     0.99997733        3
  1891.55943766     1.00004176        3
  1891.57986947     1.00011737        3
  1891.60030118     0.99996716        3
  1891.62073279     1.00006856        3
  1891.64116459     1.00016817        3
  1891.66159630     1.00047183        3
  1891.68202791     0.99987745        3
  1891.70245972     0.99983478        3
  1891.72289143     0.99991539        3
  1891.74332324     0.99999227        3
  1891.78418656     0.99989820        3
  1891.80461837     1.00008564        3
  1891.82504998     1.00008875        3
  1891.84548169     1.00013717        3
  1891.86591350     1.00007823        3
  1891.88634511     0.99999784        3
  1891.90677682     1.00000739        3
  1891.92720863     1.00013702        3
  1891.94764024     1.00041532        3
  1891.96807205     1.00016274        3
  1892.02936719     0.99995708        3
  1892.04979890     1.00001094        3
  1892.07023062     0.99982513        3
  1892.09066233     0.99996897        3
  1892.11109404     1.00001463        3
  1892.13152586     0.99997965        3
  1892.15195757     0.99966892        3
  1892.17238918     0.99978175        3
  1892.19282100     0.99992018        3
  1892.21325261     0.99995710        3
  1892.27454776     1.00007192        3
  1892.29497957     0.99987186        3
  1892.31541129     1.00000738        3
  1892.33584291     0.99986773        3
  1892.35627472     1.00014283        3
  1892.37670644     1.00001429        3
  1892.39713806     0.99976443        3
  1892.41756987     1.00004080        3
  1892.43800159     1.00009704        3
  1892.51972856     0.99987839        3
  1892.54016018     1.00001093        3
  1892.56059190     0.99995160        3
  1892.58102372     0.99980984        3
  1892.60145534     0.99994210        3
  1892.62188706     0.99989516        3
  1892.64231888     0.99994239        3
  1892.76490920     0.99993276        3
  1892.78534092     0.99997529        3
  1892.80577264     0.99987720        3
  1892.82620436     1.00001280        3
  1892.84663609     1.00011929        3
  1892.86706791     1.00003568        3
  1892.88749953     1.00002619        3
  1892.90793135     0.99997309        3
  1892.92836298     1.00011707        3
  1892.94879470     1.00010192        3
  1892.96922652     0.99999132        3
  1893.01008987     1.00106373        3
  1893.03052170     0.99997014        3
  1893.05095332     0.99995024        3
  1893.07138515     1.00024827        3
  1893.09181687     1.00046980        3
  1893.11224850     1.00027586        3
  1893.13268032     0.99979130        3
  1893.15311205     1.00082887        3
  1893.17354367     1.00042590        3
  1893.19397550     1.00071256        3
  1893.25527068     0.99991537        3
  1893.27570241     0.99989331        3
  1893.29613424     1.00022222        3
  1893.31656586     1.00000584        3
  1893.33699759     0.99992852        3
  1893.35742942     0.99989073        3
  1893.37786115     0.99989874        3
  1893.39829278     1.00004646        3
  1893.41872461     0.99997933        3
  1893.43915634     0.99980247        3
  1893.45958816     0.99997687        3
  1893.50045152     1.00007716        3
  1893.52088335     1.00018042        3
  1893.54131499     0.99996688        3
  1893.56174662     0.99997851        3
  1893.58217845     1.00022669        3
  1893.60261018     1.00039877        3
  1893.62304201     1.00035375        3
  1893.64347364     1.00002547        3
  1893.66390537     1.00008286        3
  1893.68433721     1.00006035        3
  1893.70476884     1.00017260        3
  1893.74563241     1.00006295        3
  1893.76606404     1.00007034        3
  1893.78649577     0.99999797        3
  1893.80692761     1.00006399        3
  1893.82735924     0.99981746        3
  1893.84779107     0.99994956        3
  1893.86822281     1.00004515        3
  1893.88865454     1.00001445        3
  1893.99081322     1.00003988        3
  1894.01124506     1.00003766        3
  1894.03167680     1.00005517        3
  1894.05210843     0.99989903        3
  1894.07254027     0.99998485        3
  1894.09297201     1.00007313        3
  1894.11340364     0.99988234        3
  1894.13383548     0.99991448        3
  1894.15426722     0.99998305        3
  1894.17469896     1.00000166        3
  1894.19513070     0.99977387        3
  1894.23599418     0.99995842        3
  1894.25642592     0.99999634        3
  1894.27685756     0.99991903        3
  1894.29728940     1.00007291        3
  1894.31772114     1.00033024        3
  1894.33815278     0.99997047        3
  1894.35858462     1.00002717        3
  1894.37901636     0.99977651        3
  1894.39944820     1.00003670        3
  1894.41987984     0.99977371        3
  1894.48117507     0.99990864        3
  1894.50160681     0.99997261        3
  1894.52203865     0.99994963        3
  1894.54247040     0.99996302        3
  1894.56290214     0.99982656        3
  1894.58333388     1.00011642        3
  1894.72635610     0.99989249        3
  1894.74678794     0.99995463        3
  1894.76721959     1.00012821        3
  1894.78765143     0.99991804        3
  1894.80808318     0.99994156        3
  1894.82851483     1.00004382        3
  1894.84894668     1.00012661        3
  1894.97153716     1.00073813        3
  1894.99196881     0.99990864        3
  1895.01240066     0.99992989        3
  1895.03283241     1.00001951        3
  1895.05326416     0.99995633        3
  1895.07369591     0.99988777        3
  1895.09412766     1.00002783        3
  1895.11455951     0.99993011        3
  1895.13499116     1.00038877        3
  1895.15542291     0.99995242        3
  1895.17585477     1.00027092        3
  1895.21671817     1.00010747        3
  1895.23715002     0.99979653        3
  1895.25758177     1.00031752        3
  1895.27801343     1.00011279        3
  1895.29844528     1.00001264        3
  1895.31887703     0.99981281        3
  1895.33930889     0.99986231        3
  1895.35974054     1.00017294        3
  1895.38017229     1.00005940        3
  1895.40060415     1.00008629        3
  1895.46189941     1.00000000        3
  1895.48233107     0.99978914        3
  1895.50276292     1.00007666        3
  1895.52319458     1.00008055        3
  1895.54362634     1.00009099        3
  1895.56405819     1.00029864        3
  1895.58448985     1.00012337        3
  1895.60492161     0.99999176        3
  1895.62535346     1.00005004        3
  1895.64578512     1.00030764        3
  1895.66621698     1.00009122        3
  1895.70708050     0.99994905        3
  1895.72751226     0.99987910        3
  1895.74794401     0.99994413        3
  1895.76837577     0.99995289        3
  1895.78880753     1.00010114        3
  1895.80923929     1.00014317        3
  1895.82967105     1.00022239        3
  1895.85010291     0.99999765        3
  1895.87053457     0.99987909        3
  1895.89096643     0.99980557        3
  1895.91139820     0.99993483        3
  1895.95226172     1.00010386        3
  1895.97269348     1.00003865        3
  1895.99312514     1.00025711        3
  1896.01355701     0.99993864        3
  1896.03398877     0.99981187        3
  1896.05442063     0.99986212        3
  1896.07485230     0.99992068        3
  1896.09528406     1.00004460        3
  1896.11571582     0.99993163        3
  1896.13614759     0.99979527        3
  1896.15657935     0.99986906        3
  1896.19744288     1.00002611        3
  1896.21787475     0.99990662        3
  1896.23830641     1.00015988        3
  1896.25873818     1.00003476        3
  1896.27917004     0.99989983        3
  1896.29960171     0.99983243        3
  1896.32003348     0.99987829        3
  1896.34046534     1.00008467        3
  1896.36089701     0.99976154        3
  1896.44262418     1.00002841        3
  1896.46305595     1.00008710        3
  1896.48348772     1.00000818        3
  1896.50391949     0.99991570        3
  1896.52435126     0.99998396        3
  1896.54478303     0.99995504        3
  1896.56521490     0.99994257        3
  1896.58564657     0.99983369        3
  1896.60607844     1.00002573        3
  1896.62651021     0.99995438        3
  1896.64694188     0.99997652        3
  1896.68780553     1.00005220        3
  1896.70823720     0.99991611        3
  1896.72866907     0.99989563        3
  1896.74910084     0.99986589        3
  1896.76953262     0.99991585        3
  1896.78996439     1.00011080        3
  1896.81039616     0.99992043        3
  1896.83082794     1.00002128        3
  1896.85125971     0.99988118        3
  1896.87169149     1.00010710        3
  1896.89212326     0.99994737        3
  1896.93298681     0.99997557        3
  1896.95341859     1.00011298        3
  1896.97385036     1.00005763        3
  1896.99428224     1.00007090        3
  1897.01471391     1.00038074        3
  1897.03514569     1.00107899        3
  1897.05557757     1.00098583        3
  1897.07600934     1.00005549        3
  1897.09644102     0.99992662        3
  1897.17816824     1.00008769        3
  1897.19860001     1.00006218        3
  1897.21903189     1.00004516        3
  1897.23946357     1.00010099        3
  1897.25989535     1.00003446        3
  1897.28032723     1.00037170        3
  1897.30075891     0.99997365        3
  1897.32119079     0.99999069        3
  1897.34162257     1.00001720        3
  1897.36205426     1.00036964        3
  1897.38248614     1.00068829        3
  1897.42334960     0.99992387        3
  1897.44378148     0.99997788        3
  1897.46421327     0.99984948        3
  1897.48464515     1.00012630        3
  1897.50507683     1.00010227        3
  1897.52550852     1.00020822        3
  1897.54594040     0.99989211        3
  1897.56637218     0.99977235        3
  1897.58680397     0.99985498        3
  1897.60723575     1.00025925        3
  1897.62766754     1.00024167        3
  1897.66853111     1.00003064        3
  1897.68896290     1.00007937        3
  1897.70939478     0.99996377        3
  1897.72982657     0.99998338        3
  1897.75025825     0.99993138        3
  1897.77069014     1.00004412        3
  1897.79112193     1.00001615        3
  1897.81155362     1.00015742        3
  1897.83198550     0.99998240        3
  1897.85241729     0.99995902        3
  1897.87284918     1.00009987        3
  1897.91371266     1.00030684        3
  1897.93414455     1.00025708        3
  1897.95457624     0.99993218        3
  1897.97500803     0.99982409        3
  1897.99543992     0.99983523        3
  1898.01587161     1.00004165        4
  1898.03630350     1.00008790        4
  1898.05673529     1.00005047        4
  1898.07716698     0.99997408        4
  1898.09759888     1.00014708        4
  1898.11803067     0.99974753        4
  1898.15889425     0.99999127        4
  1898.17932595     0.99992263        4
  1898.19975784     0.99985987        4
  1898.22018963     1.00002574        4
  1898.24062133     1.00005435        4
  1898.26105322     1.00014263        4
  1898.28148501     1.00011594        4
  1898.30191681     1.00000556        4
  1898.40407579     1.00003818        4
  1898.42450768     0.99994045        4
  1898.44493948     0.99997259        4
  1898.46537118     1.00001259        4
  1898.48580308     0.99979268        4
  1898.50623487     1.00005877        4
  1898.52666657     0.99994900        4
  1898.54709847     0.99985141        4
  1898.56753027     0.99998607        4
  1898.58796217     1.00017659        4
  1898.64925757     0.99981609        4
  1898.66968927     0.99996621        4
  1898.69012107     0.99992537        4
  1898.71055297     0.99998953        4
  1898.73098467     1.00005860        4
  1898.75141657     1.00003487        4
  1898.77184837     1.00003397        4
  1898.79228007     0.99976469        4
  1898.81271198     1.00006231        4
  1898.83314368     1.00016648        4
  1898.89443909     1.00011179        4
  1898.91487089     1.00021610        4
  1898.93530280     1.00070761        4
  1898.95573460     0.99989508        4
  1898.97616641     0.99987065        4
  1898.99659821     0.99989470        4
  1899.01703002     0.99989786        4
  1899.03746182     0.99985515        4
  1899.05789363     0.99977828        4
  1899.07832543     0.99994894        4
  1899.09875734     0.99997926        4
  1899.13962095     0.99985399        4
  1899.16005276     1.00006018        4
  1899.18048447     0.99990038        4
  1899.20091638     1.00001276        4
  1899.22134819     1.00003470        4
  1899.24177990     1.00017824        4
  1899.26221180     1.00016811        4
  1899.28264361     1.00037397        4
  1899.30307552     0.99986932        4
  1899.32350723     0.99994015        4
  1899.34393904     1.00028346        4
  1899.38480267     0.99996419        4
  1899.40523448     1.00024470        4
  1899.42566639     1.00015544        4
  1899.44609810     0.99977162        4
  1899.46653001     0.99985028        4
  1899.48696172     1.00004685        4
  1899.50739354     1.00000706        4
  1899.52782545     1.00011787        4
  1899.54825716     1.00002238        4
  1899.56868898     1.00018733        4
  1899.58912089     0.99989506        4
  1899.62998442     0.99988353        4
  1899.65041633     1.00005685        4
  1899.67084815     1.00019754        4
  1899.69127997     1.00029692        4
  1899.71171178     1.00032781        4
  1899.73214360     1.00014170        4
  1899.75257551     0.99993189        4
  1899.77300723     0.99979160        4
  1899.79343905     1.00027340        4
  1899.81387097     0.99998498        4
  1899.87516642     0.99990574        4
  1899.89559814     1.00005568        4
  1899.91603006     1.00001709        4
  1899.93646188     0.99993223        4
  1899.95689360     0.99997044        4
  1899.97732552     1.00010425        4
  1899.99775734     0.99989174        4
  1900.01818926     0.99998467        4
  1900.03862098     0.99996405        4
  1900.05905280     1.00011271        4
  1900.07948462     1.00012122        4
  1900.12034826     0.99997844        4
  1900.14078009     0.99992578        4
  1900.16121191     0.99998906        4
  1900.18164383     1.00007827        4
  1900.20207556     1.00001346        4
  1900.22250738     1.00013104        4
  1900.24293930     1.00018064        4
  1900.26337103     0.99994572        4
  1900.28380285     0.99987167        4
  1900.30423478     0.99987572        4
  1900.32466660     1.00008347        4
  1900.36553025     0.99999226        4
  1900.38596208     0.99987850        4
  1900.40639401     0.99991757        4
  1900.42682573     0.99988046        4
  1900.44725756     0.99986112        4
  1900.46768949     0.99989886        4
  1900.48812122     0.99994857        4
  1900.50855304     0.99976408        4
  1900.52898497     1.00013529        4
  1900.54941670     1.00011032        4
  1900.61071219     0.99997866        4
  1900.63114412     0.99992823        4
  1900.65157595     0.99989820        4
  1900.67200768     0.99989319        4
  1900.69243961     0.99981537        4
  1900.85589427     0.99992957        4
  1900.87632611     1.00014897        4
  1900.89675804     1.00060093        4
  1900.91718988     1.00026985        4
  1900.93762161     1.00047747        4
  1900.95805355     0.99999736        4
  1900.97848538     1.00015296        4
  1900.99891712     1.00009777        4
  1901.01934905     0.99999692        4
  1901.03978089     0.99995594        4
  1901.06021263     0.99997059        4
  1901.10107640     0.99997848        4
  1901.12150834     0.99995918        4
  1901.14194008     1.00006458        4
  1901.16237192     1.00031239        4
  1901.18280385     0.99998075        4
  1901.20323559     1.00005373        4
  1901.22366743     1.00014538        4
  1901.24409937     1.00043509        4
  1901.26453111     1.00019303        4
  1901.28496305     1.00078145        4
  1901.30539489     1.00003532        4
  1901.34625858     0.99992559        4
  1901.36669042     0.99988692        4
  1901.38712226     1.00070432        4
  1901.40755410     1.00000941        4
  1901.42798595     1.00012960        4
  1901.44841779     0.99991215        4
  1901.46884963     1.00000773        4
  1901.48928148     0.99994340        4
  1901.50971332     0.99988517        4
  1901.53014516     0.99998877        4
  1901.55057701     1.00025450        4
  1901.59144070     1.00010804        4
  1901.61187264     1.00004955        4
  1901.63230449     1.00009944        4
  1901.65273624     1.00008232        4
  1901.67316818     1.00006323        4
  1901.69360003     1.00000461        4
  1901.71403178     1.00002374        4
  1901.73446373     1.00006892        4
  1901.75489557     1.00005099        4
  1901.77532732     0.99999976        4
  1901.79575927     1.00006092        4
  1901.83662307     0.99999060        4
  1901.85705482     1.00000000        4
  1901.87748667     1.00005348        4
  1901.89791862     0.99989695        4
  1901.91835037     0.99989196        4
  1901.93878222     0.99979981        4
  1901.95921417     0.99985744        4
  1901.97964592     0.99992124        4
  1902.00007788     0.99997017        4
  1902.08180529     0.99995357        4
  1902.10223704     1.00002341        4
  1902.12266899     0.99983601        4
  1902.14310085     0.99982367        4
  1902.16353270     1.00008351        4
  1902.18396456     0.99987804        4
  1902.20439641     1.00001409        4
  1902.22482827     0.99985449        4
  1902.24526013     1.00004628        4
  1902.26569198     0.99978869        4
  1902.32698755     0.99978754        4
  1902.34741951     0.99985743        4
  1902.36785127     0.99982506        4
  1902.38828323     0.99984712        4
  1902.40871509     0.99997409        4
  1902.42914684     1.00016237        4
  1902.57216997     0.99991440        4
  1902.59260183     0.99987442        4
  1902.61303379     0.99996550        4
  1902.63346555     0.99993752        4
  1902.65389742     0.99993012        4
  1902.67432938     0.99996101        4
  1902.69476114     1.00003254        4
  1902.71519311     0.99976270        4
  1902.73562497     0.99999770        4
  1902.75605673     0.99988803        4
  1902.81735243     1.00258933        4
  1902.83778430     1.00018018        4
  1902.85821616     0.99994906        4
  1902.87864793     0.99994328        4
  1902.89907990     0.99995986        4
  1902.91951176     1.00023299        4
  1902.93994373     1.00047158        4
  1902.96037550     1.00015085        4
  1902.98080737     1.00022006        4
  1903.00123933     1.00024218        4
  1903.02167110     1.00062928        4
  1903.06253494     1.00120307        4
  1903.08296671     1.00230737        4
  1903.12383055     1.00005925        4
  1903.14426232     0.99998205        4
  1903.16469430     1.00005191        4
  1903.18512617     0.99994626        4
  1903.20555794     1.00008535        4
  1903.22598991     1.00009268        4
  1903.24642178     0.99998698        4
  1903.26685376     1.00004729        4
  1903.30771740     1.00009653        4
  1903.32814938     0.99994524        4
  1903.34858115     1.00001369        4
  1903.36901303     1.00004777        4
  1903.38944500     1.00038184        4
  1903.40987688     1.00015244        4
  1903.43030875     1.00059411        4
  1903.45074053     1.00019560        4
  1903.47117241     1.00001148        4
  1903.49160438     0.99993122        4
  1903.51203626     1.00034932        4
  1903.55290001     0.99994420        4
  1903.57333189     1.00031180        4
  1903.59376367     0.99998772        4
  1903.61419565     1.00004647        4
  1903.63462753     0.99984698        4
  1903.65505951     0.99994072        4
  1903.67549129     1.00015388        4
  1903.69592317     0.99994861        4
  1903.71635515     1.00000457        4
  1903.73678693     1.00021364        4
  1903.75721881     1.00007345        4
  1903.79808258     1.00004293        4
  1903.81851456     1.00028756        4
  1903.83894644     1.00001693        4
  1903.85937822     1.00001909        4
  1903.87981021     0.99998813        4
  1903.90024209     0.99998822        4
  1903.92067388     0.99998225        4
  1903.94110586     0.99995236        4
  1903.96153774     1.00006029        4
  1903.98196973     1.00014268        4
  1904.00240152     1.00003822        4
  1904.04326529     1.00033914        4
  1904.06369727     0.99989645        4
  1904.08412906     0.99994642        4
  1904.10456095     0.99968183        4
  1904.12499284     0.99999254        4
  1904.14542472     0.99999822        4
  1904.16585671     0.99983547        4
  1904.18628850     0.99985372        4
  1904.20672049     1.00003909        4
  1904.22715238     1.00000027        4
  1904.28844805     1.00010857        4
  1904.30887984     1.00001661        4
  1904.32931183     0.99999168        4
  1904.34974372     1.00001713        4
  1904.37017571     0.99997076        4
  1904.39060751     1.00001604        4
  1904.41103940     0.99982851        4
  1904.43147139     0.99993812        4
  1904.45190319     1.00022206        4
  1904.47233508     0.99993287        4
  1904.49276707     0.99987099        4
  1904.57449465     0.99988492        4
  1904.59492655     0.99992306        4
  1904.61535844     0.99989479        4
  1904.63579034     0.99994070        4
  1904.65622224     0.99981443        4
  1904.67665414     0.99993754        4
  1904.69708603     1.00005289        4
  1904.71751793     0.99991211        4
  1904.73794983     0.99987698        4
  1904.77881363     0.99998078        4
  1904.79924553     0.99993862        4
  1904.81967753     1.00031917        4
  1904.84010933     1.00002690        4
  1904.86054123     1.00006575        4
  1905.02399644     1.00012015        4
  1905.04442845     0.99993933        4
  1905.06486035     1.00012903        4
  1905.08529235     1.00000506        4
  1905.10572416     1.00009438        4
  1905.12615606     1.00003335        4
  1905.14658807     0.99998939        4
  1905.16701988     1.00009413        4
  1905.18745178     1.00003983        4
