  1835.65891052     1.00031339        0
  1835.80193526     0.99476486        0
  1835.82236746     1.00116525        0
  1835.84279946     1.00069337        0
  1835.86323156     1.00019854        0
  1835.88366376     0.99996982        0
  1835.90409577     0.99829990        0
  1835.92452787     1.00032230        0
  1835.94496007     0.99976058        0
  1835.96539207     1.00057203        0
  1835.98582416     0.99943221        0
  1836.00625636     1.00003775        0
  1836.02668836     1.00025817        0
  1836.04712046     0.99874651        0
  1836.06755266     0.99981591        0
  1836.08798465     1.00079529        0
  1836.10841675     0.99880562        0
  1836.12884894     0.99819578        0
  1836.14928104     1.00283134        0
  1836.16971303     0.99861853        0
  1836.19014523     0.99981234        0
  1836.21057732     0.99947929        0
  1836.23100952     1.00023594        0
  1836.25144151     1.00302044        0
  1836.27187360     1.00084430        0
  1836.31273778     0.99787653        0
  1836.33316988     0.99973264        0
  1836.35360207     0.99950577        0
  1836.37403406     0.99992097        0
  1836.39446615     0.99929640        0
  1836.41489823     1.00053933        0
  1836.43533032     1.00017909        0
  1836.45576241     0.99992376        0
  1836.47619450     1.00047161        0
  1836.49662659     1.00050769        0
  1836.51705867     0.99928725        0
  1836.53749076     0.99947729        0
  1836.55792285     1.00067133        0
  1836.57835493     1.00042281        0
  1836.59878712     1.00035379        0
  1836.61921910     1.00159265        0
  1836.63965118     0.99986433        0
  1836.66008337     1.00011903        0
  1836.68051535     1.00017038        0
  1836.70094743     0.99898575        0
  1836.72137962     1.00109933        0
  1836.74181160     1.00015595        0
  1836.76224368     1.00096425        0
  1836.78267586     1.00053465        0
  1836.80310784     0.99960375        0
  1836.82354002     1.00045412        0
  1836.84397210     0.99947819        0
  1836.86440408     1.00009666        0
  1836.88483626     0.99995788        0
  1836.90526833     1.00056134        0
  1836.92570031     1.00000313        0
  1836.94613249     1.00058487        0
  1836.96656456     0.99976293        0
  1836.98699664     0.99948890        0
  1837.00742872     0.99997597        0
  1837.02786079     0.99458099        0
  1837.06872504     0.99972242        0
  1837.08915701     0.99927735        0
  1837.10958909     1.00103491        0
  1837.13002116     0.99997695        0
  1837.15045323     1.00098687        0
  1837.17088530     0.99969001        0
  1837.19131737     1.00034941        0
  1837.21174945     1.00129047        0
  1837.23218152     0.99898455        0
  1837.25261359     1.00003235        0
  1837.27304566     0.99932441        0
  1837.29347763     0.99927088        0
  1837.31390979     0.99985902        0
  1837.33434186     1.00116652        0
  1837.35477393     0.99972227        0
  1837.37520600     1.00048388        0
  1837.39563806     0.99879635        0
  1837.41607013     1.00085922        0
  1837.43650230     0.99957816        0
  1837.45693426     1.00043425        0
  1837.47736643     1.00038379        0
  1837.49779849     1.00036647        0
  1837.51823046     1.00055828        0
  1837.53866262     0.99901010        0
  1837.55909468     0.99997802        0
  1837.57952664     0.99803221        0
  1837.59995881     0.99856129        0
  1837.62039087     1.00028165        0
  1837.64082283     0.99936857        0
  1837.66125499     0.99999086        0
  1837.68168705     0.99931694        0
  1837.70211901     1.00050770        0
  1837.72255117     0.99923776        0
  1837.74298323     1.00101622        0
  1837.76341519     0.99982504        0
  1837.78384735     0.99989772        0
  1837.80427940     1.00045747        0
  1837.82471146     0.99944417        0
  1837.84514352     1.00109164        0
  1837.86557557     1.00110249        0
  1837.88600753     1.00240344        0
  1837.90643968     1.00071304        0
  1837.92687174     1.00220977        0
  1837.94730379     1.00088648        0
  1837.96773585     0.99984017        0
  1837.98816790     1.00057539        0
  1838.00859985     0.99999870        0
  1838.02903201     0.99929553        0
  1838.04946406     0.99912603        0
  1838.06989621     1.00039692        0
  1838.09032816     1.00018461        0
  1838.11076021     0.99940740        0
  1838.13119236     0.99855430        0
  1838.15162431     1.00032371        0
  1838.17205636     0.99957855        0
  1838.19248851     1.00024216        0
  1838.21292046     0.99981209        0
  1838.27421670     0.99948822        0
  1838.29464865     1.00077859        0
  1838.31508080     0.99894791        0
  1838.33551284     1.00117817        0
  1838.35594479     1.00014191        0
  1838.37637693     1.00077390        0
  1838.39680898     1.00001898        0
  1838.41724092     1.00163381        0
  1838.43767307     1.00128826        0
  1838.45810511     1.00036242        0
  1838.47853705     0.99925262        0
  1838.49896919     0.99998641        0
  1838.51940124     0.99753981        0
  1838.53983318     1.00286947        0
  1838.56026532     0.99972871        0
  1838.58069736     0.99879081        0
  1838.60112930     0.99967176        0
  1838.62156144     0.99949201        0
  1838.64199348     0.99993115        0
  1838.66242542     0.99973674        0
  1838.68285755     0.99966856        0
  1838.70328959     0.99918363        0
  1838.72372163     0.99970889        0
  1838.74415367     1.00029545        0
  1838.76458570     1.00009020        0
  1838.78501774     0.99969165        0
  1838.80544977     0.99966131        0
  1838.82588181     0.99906289        0
  1838.84631394     1.00000944        0
  1838.86674588     0.99921686        0
  1838.88717791     1.00000000        0
  1838.90761004     0.99885577        0
  1838.92804198     1.00104776        0
  1838.94847401     0.99982675        0
  1838.96890614     1.00142569        0
  1838.98933807     0.99345897        0
  1839.05063417     1.00049012        0
  1839.07106620     1.00080058        0
  1839.09149832     0.99928343        0
  1839.11193035     0.99938287        0
  1839.13236228     0.99976334        0
  1839.15279441     1.00076077        0
  1839.17322644     1.00005027        0
  1839.19365836     0.99963479        0
  1839.21409049     1.00588059        0
  1839.23452252     1.00006568        0
  1839.25495444     1.00086077        0
  1839.27538657     0.99959608        0
  1839.29581859     1.00041041        0
  1839.31625072     1.00063327        0
  1839.33668264     0.99962651        0
  1839.35711467     0.99950813        0
  1839.37754669     1.00017950        0
  1839.39797871     1.00052959        0
  1839.41841063     0.99980740        0
  1839.43884276     0.99971594        0
  1839.45927478     1.00073421        0
  1839.47970670     1.00001934        0
  1839.50013882     1.00119251        0
  1839.52057084     1.00055784        0
  1839.54100286     0.99974069        0
  1839.56143488     0.99997974        0
  1839.58186690     1.00040062        0
  1839.60229891     1.00045064        0
  1839.62273093     1.00110632        0
  1839.64316295     0.99943670        0
  1839.72489102     0.99479610        0
  1839.74532313     1.00135588        0
  1839.76575505     1.00115972        0
  1839.78618706     1.00010987        0
  1839.80661917     0.99865335        0
  1839.82705109     1.00046263        0
  1839.84748310     0.99961485        0
  1839.86791521     1.00003818        0
  1839.88834713     0.99996084        0
  1839.90877914     1.00055621        0
  1839.92921125     0.99957055        0
  1839.94964326     1.00002336        0
  1839.97007527     0.99931642        0
  1839.99050728     0.99999680        0
  1840.29698738     1.00004336        0
  1840.31741928     1.00076838        0
  1840.33785139     0.99855977        0
  1840.35828339     0.99953627        0
  1840.37871539     1.00032909        0
  1840.39914739     0.99997856        0
  1840.41957939     0.99929017        0
  1840.44001139     1.00013778        0
  1840.46044339     1.00143504        0
  1840.48087539     0.99999447        0
  1840.50130739     1.00023287        0
  1840.52173949     1.00075357        0
  1840.54217139     0.99861309        0
  1840.56260349     1.00046859        0
  1840.58303549     1.00009540        0
  1840.60346738     0.99943607        0
  1840.62389948     0.99905119        0
  1840.64433148     1.00028050        0
  1840.66476337     0.99996037        0
  1840.68519547     0.99974288        0
  1840.70562746     0.99389546        0
  1840.72605936     0.99806196        0
  1840.74649145     0.99990910        0
  1840.76692344     0.99979075        0
  1840.78735544     1.00025469        0
  1840.80778743     1.00085401        0
  1840.82821932     1.00056564        0
  1840.84865142     0.99908261        0
  1840.86908341     1.00029951        0
  1840.88951540     0.99954438        0
  1840.90994729     0.99886314        0
  1840.93037938     1.00089186        0
  1840.95081137     1.00006403        0
  1840.97124326     1.00107712        0
  1840.99167535     1.00040667        0
  1872.00707291     0.99809680        1
  1872.02750453     1.00001070        1
  1872.04793614     0.99972286        1
  1872.06836775     1.00045630        1
  1872.08879936     0.99998317        1
  1872.10923098     1.00079853        1
  1872.12966269     1.00048376        1
  1872.17052581     1.00006485        1
  1872.19095752     0.99843455        1
  1872.21138914     0.99862802        1
  1872.23182065     0.99963138        1
  1872.25225236     1.00033419        1
  1872.27268397     0.99999914        1
  1872.29311548     1.00062557        1
  1872.31354719     1.00076649        1
  1872.33397880     0.99862505        1
  1872.35441032     1.00006023        1
  1872.37484203     1.00140289        1
  1872.41570535     1.00036141        1
  1872.43613686     1.00070949        1
  1872.45656847     0.99937116        1
  1872.47700018     0.99985432        1
  1872.49743169     0.99917510        1
  1872.51786330     1.00045693        1
  1872.53829501     0.99940912        1
  1872.55872653     1.00156062        1
  1872.57915814     1.00000000        1
  1872.59958985     1.00036353        1
  1872.62002136     1.00107599        1
  1872.66088468     1.00120138        1
  1872.68131619     0.99890127        1
  1872.70174790     1.00018547        1
  1872.72217951     1.00058366        1
  1872.74261102     0.99910747        1
  1872.76304273     0.99903505        1
  1872.78347434     1.00026218        1
  1872.80390585     1.00057572        1
  1872.82433756     0.99901848        1
  1872.84476917     1.00189205        1
  1872.86520068     0.99928853        1
  1872.90606400     1.00137409        1
  1872.92649551     1.00100249        1
  1872.94692722     1.00032355        1
  1872.96735883     0.99952553        1
  1872.98779054     1.00007723        1
  1873.00822205     1.00170079        1
  1873.02865366     0.99945998        1
  1873.04908536     1.00057407        1
  1873.06951687     0.99973136        1
  1873.08994848     0.99940918        1
  1873.15124331     0.99998775        1
  1873.17167502     1.00063852        1
  1873.19210663     0.99995602        1
  1873.21253824     0.99784660        1
  1873.23296985     0.99970899        1
  1873.25340145     1.00090372        1
  1873.27383306     0.99970152        1
  1873.29426467     0.99985832        1
  1873.31469628     0.99932763        1
  1873.33512789     0.99965388        1
  1873.35555950     1.00013999        1
  1873.39642271     0.99286680        1
  1873.41685432     0.99966002        1
  1873.43728583     0.99997107        1
  1873.45771754     1.00016328        1
  1873.47814915     1.00029918        1
  1873.49858085     0.99993761        1
  1873.51901236     1.00019429        1
  1873.53944397     1.00073482        1
  1873.55987568     0.99910554        1
  1873.58030719     0.99966583        1
  1873.60073879     0.99807200        1
  1873.74376015     1.00012810        1
  1873.76419176     1.00111390        1
  1873.78462336     0.99877135        1
  1873.80505497     0.99948785        1
  1873.82548658     0.99940630        1
  1873.84591829     0.99932271        1
  1873.88678140     0.99856372        1
  1873.90721311     1.00003048        1
  1873.92764461     1.00095970        1
  1873.94807622     0.99873561        1
  1873.96850793     1.00190112        1
  1873.98893943     0.99965624        1
  1874.00937114     0.99942913        1
  1874.02980265     0.99978502        1
  1874.05023426     1.00016760        1
  1874.07066596     0.99990314        1
  1874.09109747     1.00084112        1
  1874.23411871     1.00076678        1
  1874.25455042     0.99976340        1
  1874.27498203     1.00054174        1
  1874.29541363     0.99957115        1
  1874.31584524     1.00042099        1
  1874.33627685     0.99981097        1
  1874.37714006     0.99971852        1
  1874.39757166     1.00029778        1
  1874.41800337     0.99888290        1
  1874.43843488     1.00085685        1
  1874.45886648     1.00102178        1
  1874.47929819     0.99958438        1
  1874.49972969     0.99943884        1
  1874.52016140     1.00112228        1
  1874.54059301     1.00054560        1
  1874.56102451     0.99985739        1
  1874.58145622     1.00021191        1
  1874.62231933     1.00118701        1
  1874.64275103     1.00087537        1
  1874.66318264     1.00085817        1
  1874.68361425     1.00001339        1
  1874.70404585     1.00007789        1
  1874.72447746     0.99960164        1
  1874.74490896     1.00005871        1
  1874.76534067     1.00031224        1
  1874.78577227     1.00066182        1
  1874.86749879     1.00135128        1
  1874.88793030     1.00011611        1
  1874.90836190     1.00082355        1
  1874.92879361     1.00144567        1
  1874.94922511     1.00102456        1
  1874.96965672     1.00082562        1
  1874.99008842     1.00048010        1
  1875.01051993     0.99962261        1
  1875.03095163     1.00030770        1
  1875.05138324     0.99977143        1
  1875.11267805     0.99957910        1
  1875.13310956     1.00107010        1
  1875.15354126     1.00006327        1
  1875.17397287     1.00034040        1
  1875.19440447     0.99940098        1
  1875.21483608     1.00050770        1
  1875.23526768     1.00034419        1
  1875.35785731     0.99226303        1
  1875.37828901     0.99806124        1
  1875.39872052     0.99888653        1
  1875.41915212     1.00125298        1
  1875.43958383     0.99848226        1
  1875.46001533     0.99996572        1
  1875.48044694     1.00085040        1
  1875.50087864     0.99956147        1
  1875.52131014     0.99767121        1
  1875.54174185     0.99900984        1
  1875.56217345     1.00008998        1
  1875.60303666     0.99957937        1
  1875.62346827     0.99950477        1
  1875.64389977     0.99876643        1
  1875.66433147     0.99941457        1
  1875.68476308     0.99813667        1
  1875.70519468     0.99886082        1
  1875.72562629     0.99880179        1
  1875.74605789     0.99928732        1
  1875.76648959     0.99972452        1
  1875.78692110     0.99854449        1
  1875.80735270     0.99824035        1
  1875.84821601     0.99770099        1
  1875.86864751     0.99995083        1
  1875.88907922     0.99977223        1
  1875.90951082     0.99884083        1
  1875.92994232     0.99838274        1
  1875.95037403     0.99971133        1
  1875.97080563     0.99946910        1
  1875.99123733     1.00113678        1
  1876.01166884     0.99940139        1
  1876.09339525     0.99954575        1
  1876.11382686     1.00099197        1
  1876.13425846     1.00001854        1
  1876.15468996     1.00026513        1
  1876.17512167     0.99897919        1
  1876.19555327     1.00096880        1
  1876.21598487     0.99942009        1
  1876.23641648     0.99969538        1
  1876.25684808     1.01747719        1
  1876.33857459     0.99955385        1
  1876.35900620     1.00100204        1
  1876.37943770     1.00020118        1
  1876.39986940     1.00139134        1
  1876.42030101     1.00020054        1
  1876.44073251     1.00097137        1
  1876.46116421     0.99931615        1
  1876.48159582     1.00018126        1
  1876.50202752     0.99886151        1
  1876.52245902     1.00001344        1
  1876.54289063     1.00016388        1
  1876.58375383     1.00033559        1
  1876.60418544     1.00143120        1
  1876.62461714     0.99998588        1
  1876.64504864     0.99951673        1
  1876.66548024     1.00038356        1
  1876.82893307     1.00085096        1
  1876.84936477     1.00090761        1
  1876.86979627     1.00131896        1
  1876.89022788     1.00268764        1
  1876.91065958     1.00139609        1
  1876.93109118     1.00071293        1
  1877.07411250     1.00011862        1
  1877.09454401     1.00214210        1
  1877.11497561     1.00091438        1
  1877.13540731     1.00028765        1
  1877.15583881     1.00139219        1
  1877.17627042     1.00011804        1
  1877.19670212     1.00041805        1
  1877.21713362     1.00180573        1
  1877.23756533     1.00067623        1
  1877.25799693     1.00110692        1
  1877.27842843     1.00131796        1
  1877.31929174     1.00051232        1
  1877.33972334     1.00133503        1
  1877.36015494     0.99971933        1
  1877.38058654     1.00177817        1
  1877.40101815     1.00054203        1
  1877.42144975     0.99925447        1
  1877.44188135     1.00103205        1
  1877.46231296     0.99988682        1
  1877.48274456     1.00103984        1
  1877.50317616     0.99979664        1
  1877.52360776     0.99906424        1
  1877.56447097     1.00036167        1
  1877.58490267     0.99904300        1
  1877.60533417     0.99963135        1
  1877.62576578     0.99999004        1
  1877.64619748     0.99960244        1
  1877.66662898     0.99926295        1
  1877.68706068     1.00010367        1
  1877.70749229     0.99900197        1
  1877.72792379     0.99839033        1
  1877.74835549     0.99902507        1
  1877.76878710     1.00033922        1
  1877.80965030     0.99899191        1
  1877.83008190     0.99977996        1
  1877.85051341     0.99956245        1
  1877.87094511     0.99891718        1
  1877.89137671     1.00041469        1
  1877.91180831     0.99959320        1
  1877.93223992     0.99872220        1
  1877.95267152     0.99994353        1
  1877.97310322     0.99958478        1
  1877.99353482     0.99956752        1
  1878.01396633     0.99942032        1
  1878.05482963     0.99943380        1
  1878.07526113     1.00016221        1
  1878.09569284     0.99967039        1
  1878.11612444     0.99972667        1
  1878.13655594     0.99898144        1
  1878.15698765     0.99954982        1
  1878.17741915     0.99979740        1
  1878.19785085     0.99952257        1
  1878.21828245     0.99746136        1
  1878.23871396     0.99900069        1
  1878.25914566     0.99899776        1
  1878.30000876     0.99863052        1
  1878.32044047     1.00050383        1
  1878.34087207     0.99985332        1
  1878.36130357     0.99807867        1
  1878.38173527     0.99915431        1
  1878.40216688     1.00020558        1
  1878.42259858     1.00037731        1
  1878.44303008     0.99917242        1
  1878.46346169     0.99916546        1
  1878.48389339     0.99881091        1
  1878.54518820     1.00098908        1
  1878.56561980     1.00007649        1
  1878.58605130     1.00035476        1
  1878.60648300     1.00105652        1
  1878.62691461     1.00160693        1
  1878.64734621     1.00133511        1
  1878.66777781     1.00090230        1
  1878.68820942     1.00288913        1
  1878.70864112     0.99885375        1
  1878.72907262     1.00011358        1
  1878.74950422     0.99869648        1
  1878.79036743     1.00054086        1
  1878.81079903     0.99978423        1
  1878.83123064     1.00170934        1
  1878.85166224     1.00076658        1
  1878.87209394     1.00022936        1
  1878.89252544     1.00005687        1
  1878.91295705     1.00008577        1
  1878.93338875     1.00143942        1
  1878.95382025     1.00101922        1
  1878.97425186     0.99935812        1
  1878.99468356     0.99925513        1
  1879.05597837     1.00103093        1
  1879.07640997     1.00111093        1
  1879.09684157     0.99971850        1
  1879.11727318     1.00110316        1
  1879.13770478     1.00180456        1
  1879.15813638     1.00194282        1
  1879.17856799     1.00176433        1
  1879.19899959     1.00134297        1
  1879.21943129     1.00128943        1
  1879.23986280     1.00023855        1
  1879.30115761     0.99923727        1
  1879.32158931     0.99847073        1
  1879.34202091     1.00010873        1
  1879.36245242     0.99867136        1
  1879.38288412     0.99979774        1
  1879.40331572     0.99935350        1
  1879.42374722     0.99904435        1
  1879.44417893     0.99997771        1
  1879.46461053     1.00148765        1
  1879.48504203     1.00049580        1
  1879.52590524     1.00001350        1
  1879.54633694     0.99837466        1
  1879.56676855     0.99886590        1
  1879.58720015     0.99840144        1
  1879.60763175     0.99990636        1
  1879.62806336     0.99986378        1
  1879.64849496     1.00058101        1
  1879.66892656     1.00006438        1
  1879.68935817     0.99844319        1
  1879.70978977     1.00034739        1
  1879.73022138     1.00020386        1
  1879.77108468     1.00089111        1
  1879.79151629     1.00070201        1
  1879.81194779     0.99993823        1
  1879.83237949     1.00118319        1
  1879.85281110     0.99936814        1
  1879.87324260     0.99999551        1
  1879.89367430     0.99996677        1
  1879.91410591     0.99910232        1
  1879.93453741     0.99949554        1
  1879.95496912     1.00616015        1
  1879.97540072     0.99993207        1
  1880.01626393     1.00004289        2
  1880.03669553     1.00052329        2
  1880.05712724     1.00075432        2
  1880.07755874     1.00011861        2
  1880.09799034     0.99966311        2
  1880.11842195     1.00066343        2
  1880.13885355     1.00051818        2
  1880.15928516     0.99988037        2
  1880.17971686     0.99996486        2
  1880.20014836     0.99892250        2
  1880.22058007     1.00078948        2
  1880.26144318     0.99999041        2
  1880.28187488     0.99961136        2
  1880.30230648     0.99999649        2
  1880.32273799     1.00025928        2
  1880.34316969     0.99937554        2
  1880.36360130     1.00066579        2
  1880.38403280     0.99957411        2
  1880.40446451     0.99897596        2
  1880.42489611     0.99979961        2
  1880.44532782     0.99895779        2
  1880.50662263     0.99930989        2
  1880.52705413     0.99893894        2
  1880.54748574     0.99952490        2
  1880.56791744     0.99945559        2
  1880.58834895     0.99961061        2
  1880.60878055     1.00024687        2
  1880.62921226     1.00077656        2
  1880.64964376     0.99976836        2
  1880.67007547     0.99977270        2
  1880.75180189     0.99947979        2
  1880.77223349     1.00125288        2
  1880.79266510     0.99932642        2
  1880.81309670     0.99943281        2
  1880.83352831     1.00059422        2
  1880.85395991     0.99972957        2
  1880.87439152     1.00080743        2
  1880.89482312     1.00031731        2
  1880.91525473     1.00065489        2
  1880.93568633     1.00125707        2
  1880.99698115     0.99965593        2
  1881.01741285     1.00021834        2
  1881.03784436     1.00070164        2
  1881.05827596     1.00065099        2
  1881.07870767     0.99985667        2
  1881.09913917     0.99951002        2
  1881.11957088     1.00027641        2
  1881.14000248     1.00123155        2
  1881.16043399     1.00066868        2
  1881.18086570     1.00056323        2
  1881.20129730     0.99988424        2
  1881.24216051     0.99887186        2
  1881.26259212     1.00012968        2
  1881.28302372     0.99840396        2
  1881.30345533     1.00014917        2
  1881.32388694     1.00000665        2
  1881.34431864     0.99978923        2
  1881.36475015     0.99977214        2
  1881.38518175     0.99875118        2
  1881.40561346     0.99853999        2
  1881.42604507     0.99791109        2
  1881.44647657     1.00180700        2
  1881.48733978     0.99921663        2
  1881.50777149     0.99876193        2
  1881.52820310     0.99929709        2
  1881.54863470     0.99936671        2
  1881.56906631     0.99945206        2
  1881.58949792     1.00023322        2
  1881.60992942     1.00001519        2
  1881.63036113     0.99892989        2
  1881.65079274     1.00055592        2
  1881.67122424     1.00057005        2
  1881.69165595     0.99943205        2
  1881.73251926     1.00080430        2
  1881.75295077     1.00014543        2
  1881.77338238     1.00013238        2
  1881.79381408     1.00111037        2
  1881.81424559     0.99993253        2
  1881.83467720     0.99892929        2
  1881.85510890     1.00014347        2
  1881.87554041     1.00200277        2
  1881.89597202     1.00050427        2
  1881.91640372     1.00057529        2
  1881.93683533     1.00004404        2
  1881.97769855     0.99997442        2
  1881.99813015     0.99996958        2
  1882.01856176     0.99977133        2
  1882.03899337     1.00072338        2
  1882.05942498     0.99983210        2
  1882.07985668     1.00106573        2
  1882.10028819     1.00019495        2
  1882.12071980     1.00000197        2
  1882.14115151     1.00142937        2
  1882.16158301     1.00050581        2
  1882.22287784     1.00122235        2
  1882.24330955     1.00029620        2
  1882.26374105     0.99912819        2
  1882.28417266     0.99952990        2
  1882.30460437     0.99988855        2
  1882.32503588     0.99988380        2
  1882.34546759     1.00100498        2
  1882.36589919     0.99954279        2
  1882.46805724     0.99992527        2
  1882.48848884     1.00046188        2
  1882.50892045     0.99976334        2
  1882.52935206     0.99889014        2
  1882.54978367     1.00000847        2
  1882.57021538     0.99949464        2
  1882.77453147     1.00089099        2
  1882.79496318     0.99967740        2
  1882.81539469     1.00021131        2
  1882.83582630     0.99997755        2
  1882.85625801     0.99980235        2
  1882.87668951     1.00071735        2
  1882.89712102     1.00080898        2
  1882.91755273     1.00085703        2
  1882.99927917     0.99988601        2
  1883.01971088     1.00027140        2
  1883.04014239     1.00004814        2
  1883.06057400     1.00094328        2
  1883.08100571     0.99920381        2
  1883.10143732     1.00041359        2
  1883.12186883     1.00067649        2
  1883.14230054     0.99971561        2
  1883.16273215     0.99988886        2
  1883.20359538     0.99852153        2
  1883.22402699     0.99929324        2
  1883.24445870     0.99936323        2
  1883.26489021     0.99884585        2
  1883.28532182     1.00044528        2
  1883.30575353     0.99908763        2
  1883.32618504     0.99927242        2
  1883.34661665     0.99816434        2
  1883.36704836     0.99806386        2
  1883.38747987     0.99867363        2
  1883.40791158     1.00047573        2
  1883.44877471     0.99905329        2
  1883.46920642     0.99949075        2
  1883.48963803     0.99869807        2
  1883.51006954     1.00003967        2
  1883.53050125     0.99990252        2
  1883.55093276     0.99970908        2
  1883.57136447     0.99923211        2
  1883.59179609     1.00046403        2
  1883.61222760     0.99913977        2
  1883.63265931     0.99921823        2
  1883.65309092     1.00015808        2
  1883.69395414     0.99867888        2
  1883.71438576     1.00000000        2
  1883.73481737     0.99889712        2
  1883.75524898     1.00000024        2
  1883.77568059     0.99979310        2
  1883.79611231     1.00023120        2
  1883.81654392     0.99999801        2
  1883.83697543     1.00169655        2
  1883.85740714     0.99958053        2
  1883.87783875     0.99945626        2
  1883.89827027     0.99968670        2
  1883.95956511     1.00012969        2
  1883.97999682     1.00119055        2
  1884.00042843     1.00083270        2
  1884.02086014     0.99961667        2
  1884.04129166     0.99963060        2
  1884.06172327     1.00063110        2
  1884.08215498     1.00052749        2
  1884.10258650     1.00085138        2
  1884.12301811     1.00038994        2
  1884.14344982     0.99977089        2
  1884.18431295     0.99929484        2
  1884.20474457     0.99941277        2
  1884.22517618     1.00089095        2
  1884.24560789     1.00010635        2
  1884.26603941     1.00065802        2
  1884.28647102     0.99956609        2
  1884.30690273     1.00027726        2
  1884.32733435     1.00017061        2
  1884.34776586     0.99966733        2
  1884.36819758     1.00041050        2
  1884.38862919     0.99967737        2
  1884.42949242     1.00009663        2
  1884.44992403     1.00064232        2
  1884.47035575     1.00055942        2
  1884.49078726     0.99943641        2
  1884.51121888     1.00018632        2
  1884.53165059     1.00071758        2
  1884.55208211     1.00073996        2
  1884.57251372     1.00044837        2
  1884.59294544     1.00013794        2
  1884.61337695     1.00093300        2
  1884.63380867     1.00091326        2
  1884.67467180     1.00024733        2
  1884.69510351     0.99951495        2
  1884.71553513     0.99935190        2
  1884.73596675     1.00065319        2
  1884.75639836     1.00011575        2
  1884.77682998     1.00071039        2
  1884.79726159     1.00025632        2
  1884.81769321     0.99973495        2
  1884.83812483     1.00024707        2
  1884.85855644     1.00036392        2
  1884.91985129     0.99941302        2
  1884.94028291     1.00032819        2
  1884.96071452     1.00042828        2
  1884.98114624     1.00048918        2
  1885.00157776     1.00002237        2
  1885.02200947     1.00015787        2
  1885.04244109     1.00123129        2
  1885.06287261     0.99935036        2
  1885.08330432     1.00040260        2
  1885.10373594     1.00125004        2
  1885.12416746     0.99982902        2
  1885.16503079     0.98470653        2
  1885.18546231     1.00027740        2
  1885.20589403     1.00023659        2
  1885.22632564     0.99940829        2
  1885.24675736     0.99816484        2
  1885.26718888     0.99905161        2
  1885.28762050     1.00015625        2
  1885.30805221     1.00012326        2
  1885.32848373     1.00029001        2
  1885.34891535     1.00013709        2
  1885.36934707     1.00054517        2
  1885.41021021     1.00050491        2
  1885.43064192     1.00084763        2
  1885.45107354     0.99916585        2
  1885.47150516     1.00018428        2
  1885.49193678     0.99952103        2
  1885.51236840     0.99897306        2
  1885.53280002     1.00023141        2
  1885.55323164     0.99886588        2
  1885.57366315     0.99966444        2
  1885.59409487     0.99943100        2
  1885.61452649     0.99885531        2
  1885.65538973     0.99921175        2
  1885.67582135     1.00023002        2
  1885.69625307     0.99911864        2
  1885.71668459     1.00083460        2
  1885.73711621     1.00016896        2
  1885.75754793     0.99930387        2
  1885.77797945     0.99999882        2
  1885.79841107     0.99883044        2
  1885.81884279     1.00070744        2
  1885.83927431     0.99961707        2
  1885.85970603     0.99859654        2
  1885.90056917     0.99923683        2
  1885.92100089     1.00067351        2
  1885.94143251     0.99923682        2
  1885.96186413     1.00077468        2
  1885.98229575     0.99965550        2
  1886.00272737     0.99945713        2
  1886.02315899     0.99996083        2
  1886.04359061     0.99995357        2
  1886.06402224     0.99966589        2
  1886.08445396     1.00063702        2
  1886.10488558     1.00069044        2
  1886.16618044     0.99831735        2
  1886.18661196     1.00056715        2
  1886.20704369     1.00005884        2
  1886.22747521     0.99927250        2
  1886.24790693     0.99972963        2
  1886.26833855     0.99941812        2
  1886.28877007     0.99998322        2
  1886.30920180     0.99973832        2
  1886.32963342     0.99952983        2
  1886.35006494     1.00044625        2
  1886.39092829     1.00090200        2
  1886.41135981     0.99988470        2
  1886.43179153     0.99966863        2
  1886.45222315     0.99979321        2
  1886.47265488     0.99995595        2
  1886.49308640     0.99892974        2
  1886.51351802     0.99994707        2
  1886.53394975     1.00013614        2
  1886.63610786     1.00053369        2
  1886.65653949     1.00052845        2
  1886.67697111     0.99937194        2
  1886.69740274     0.99994275        2
  1886.71783436     1.00017841        2
  1886.73826598     1.00048665        2
  1886.88128736     1.00033705        2
  1886.90171898     1.00069078        2
  1886.92215071     1.00600218        2
  1886.94258223     1.00071457        2
  1886.96301386     1.00010091        2
  1886.98344558     1.00028912        2
  1887.12646696     1.00026345        2
  1887.14689859     1.00061785        2
  1887.16733022     1.00040486        2
  1887.18776184     0.99955537        2
  1887.20819347     0.99924766        2
  1887.22862510     1.00041411        2
  1887.24905682     0.99957375        2
  1887.26948835     0.99925821        2
  1887.28991998     1.00083812        2
  1887.31035170     1.00197730        2
  1887.33078333     1.00034274        2
  1887.37164659     0.99968010        2
  1887.39207821     0.99845542        2
  1887.41250974     1.00045435        2
  1887.43294147     0.99952990        2
  1887.45337310     0.99942820        2
  1887.47380472     1.00115054        2
  1887.49423635     1.00041349        2
  1887.51466798     0.99879939        2
  1887.53509971     1.00036843        2
  1887.55553124     0.99901689        2
  1887.57596287     0.99952382        2
  1887.61682612     1.00045642        2
  1887.63725785     1.00034933        2
  1887.65768938     1.00024322        2
  1887.67812101     1.00010850        2
  1887.69855274     0.99896310        2
  1887.71898427     0.99873736        2
  1887.73941590     0.99896679        2
  1887.75984763     0.99942880        2
  1887.78027916     0.99987206        2
  1887.86200578     1.00062254        2
  1887.88243741     1.00111452        2
  1887.90286904     1.00083712        2
  1887.92330067     0.99941401        2
  1887.94373230     1.00041527        2
  1887.96416393     0.99945161        2
  1887.98459566     0.99988345        2
  1891.04934237     0.99974578        3
  1891.06977402     1.00106007        3
  1891.09020577     1.00011034        3
  1891.11063732     1.00121328        3
  1891.13106897     0.99872649        3
  1891.15150072     0.99961369        3
  1891.17193227     1.00019493        3
  1891.19236403     0.99826660        3
  1891.21279568     1.00033271        3
  1891.23322723     0.99963156        3
  1891.29452218     0.99998226        3
  1891.31495394     0.99992709        3
  1891.33538559     1.00071583        3
  1891.35581734     1.00020185        3
  1891.37624889     1.00052188        3
  1891.39668055     0.99989539        3
  1891.41711230     1.00119124        3
  1891.43754385     0.99741712        3
  1891.45797550     1.00058820        3
  1891.47840726     1.00074665        3
  1891.49883891     1.00037992        3
  1891.53970222     0.99899666        3
  1891.56013377     0.99899270        3
  1891.58056553     1.00053235        3
  1891.60099718     0.99911590        3
  1891.62142873     0.99914606        3
  1891.64186049     0.99900711        3
  1891.66229214     0.99858518        3
  1891.68272370     1.00001859        3
  1891.70315545     0.99928654        3
  1891.72358711     0.99930875        3
  1891.74401886     0.99961327        3
  1891.78488207     0.99977521        3
  1891.80531383     1.00011998        3
  1891.82574539     0.99993220        3
  1891.84617704     1.00160072        3
  1891.86660880     1.00017055        3
  1891.88704035     1.00003786        3
  1891.90747201     1.00033428        3
  1891.92790377     1.00050244        3
  1891.94833532     1.00003830        3
  1891.96876708     1.00003248        3
  1891.98919874     0.99922942        3
  1892.03006205     1.00004020        3
  1892.05049371     0.99923080        3
  1892.07092537     0.99923610        3
  1892.09135703     1.00066204        3
  1892.11178868     1.00047646        3
  1892.13222044     0.99954068        3
  1892.15265210     1.00075053        3
  1892.17308366     1.00050851        3
  1892.19351542     1.00035486        3
  1892.21394698     0.99833005        3
  1892.23437864     1.00034243        3
  1892.27524195     1.00002797        3
  1892.29567371     0.99932562        3
  1892.31610537     0.99999471        3
  1892.33653693     1.00035326        3
  1892.35696869     0.99900731        3
  1892.37740035     1.00006008        3
  1892.39783191     1.00096799        3
  1892.41826367     1.00047695        3
  1892.43869533     1.00139967        3
  1892.45912689     0.99951048        3
  1892.52042208     1.00061320        3
  1892.54085364     0.99942049        3
  1892.56128530     1.00112186        3
  1892.58171706     1.00043072        3
  1892.60214862     1.00093033        3
  1892.62258029     1.00035820        3
  1892.64301205     1.00077301        3
  1892.66344371     0.99973599        3
  1892.82689702     0.99998022        3
  1892.84732868     1.00004416        3
  1892.86776044     0.99954395        3
  1892.88819201     1.00149596        3
  1892.90862377     0.99968629        3
  1892.92905534     0.99995184        3
  1892.94948700     0.99993308        3
  1892.96991877     1.00048657        3
  1893.01078200     0.99414026        3
  1893.03121376     0.99928970        3
  1893.05164533     0.99967994        3
  1893.07207709     0.99928428        3
  1893.09250876     0.99949647        3
  1893.11294032     0.99886063        3
  1893.13337209     1.00141346        3
  1893.15380376     0.99555355        3
  1893.17423532     0.99935090        3
  1893.19466709     0.99885414        3
  1893.21509876     1.00032577        3
  1893.31725709     1.00000501        3
  1893.33768876     0.99981813        3
  1893.35812053     1.00044611        3
  1893.37855220     0.99983117        3
  1893.39898377     0.99985961        3
  1893.41941553     1.00068298        3
  1893.43984720     0.99950834        3
  1893.46027897     1.00001845        3
  1893.50114221     0.99912462        3
  1893.52157398     0.99951045        3
  1893.54200555     0.99938801        3
  1893.56243712     0.99968273        3
  1893.58286889     0.99976729        3
  1893.60330056     0.99855141        3
  1893.62373233     0.99848748        3
  1893.64416390     1.00071400        3
  1893.66459557     1.00008534        3
  1893.68502734     0.99977129        3
  1893.70545891     0.99792039        3
  1893.74632235     0.99788567        3
  1893.76675393     0.99916328        3
  1893.78718560     0.99970312        3
  1893.80761737     0.99941787        3
  1893.82804894     1.00009765        3
  1893.84848071     0.99973630        3
  1893.86891239     1.00031082        3
  1893.88934406     1.00035554        3
  1893.90977573     1.00009061        3
  1893.93020740     1.00063544        3
  1894.01193420     1.00063303        3
  1894.03236587     1.00015394        3
  1894.05279745     1.00093853        3
  1894.07322922     1.00038194        3
  1894.09366089     1.00120215        3
  1894.11409247     1.00036981        3
  1894.13452424     1.00038044        3
  1894.15495592     1.00013143        3
  1894.17538759     1.00006880        3
  1894.19581927     1.00006884        3
  1894.23668262     1.00043114        3
  1894.25711429     1.00081309        3
  1894.27754587     0.99960156        3
  1894.29797765     0.99966318        3
  1894.31840932     0.99983579        3
  1894.33884090     0.99957136        3
  1894.35927268     1.00108564        3
  1894.37970435     1.00051140        3
  1894.40013613     0.99965610        3
  1894.42056771     0.99942839        3
  1894.44099938     1.00104691        3
  1894.48186274     1.00065576        3
  1894.50229442     1.00140474        3
  1894.52272620     1.00110779        3
  1894.54315787     1.00020941        3
  1894.56358955     0.99972452        3
  1894.58402123     1.00009602        3
  1894.60445291     0.99991307        3
  1894.72704299     0.99954036        3
  1894.74747477     0.99986545        3
  1894.76790635     0.99961064        3
  1894.78833813     0.99999494        3
  1894.80876981     0.99911707        3
  1894.82920139     1.00009435        3
  1894.84963317     1.00139680        3
  1894.97222326     0.99395584        3
  1894.99265484     1.00040155        3
  1895.01308662     1.00071174        3
  1895.03351831     1.00012925        3
  1895.05394999     1.00046967        3
  1895.07438167     0.99971768        3
  1895.09481336     0.99870625        3
  1895.11524514     1.00036063        3
  1895.13567672     0.99818705        3
  1895.15610841     1.00104459        3
  1895.17654019     0.99982130        3
  1895.21740346     0.99940047        3
  1895.23783525     0.99956638        3
  1895.25826693     0.99997292        3
  1895.27869851     0.99977003        3
  1895.29913030     1.00063545        3
  1895.31956199     1.00046034        3
  1895.33999377     0.99939755        3
  1895.36042536     0.99987800        3
  1895.38085704     1.00037465        3
  1895.40128883     0.99873246        3
  1895.42172042     0.99796352        3
  1895.46258389     0.99858946        3
  1895.48301548     1.00006569        3
  1895.50344726     0.99927728        3
  1895.52387885     0.99974322        3
  1895.54431054     0.99929493        3
  1895.56474232     0.99856696        3
  1895.58517391     0.99866913        3
  1895.60560560     0.99921762        3
  1895.62603739     0.99970591        3
  1895.64646898     0.99729112        3
  1895.66690077     0.99896113        3
  1895.70776414     1.00000752        3
  1895.72819583     0.99902285        3
  1895.74862752     0.99955988        3
  1895.76905921     1.00033063        3
  1895.78949090     0.99957346        3
  1895.80992259     0.99966297        3
  1895.83035428     0.99984462        3
  1895.85078607     1.00027386        3
  1895.87121766     1.00026941        3
  1895.89164945     1.00029691        3
  1895.91208115     1.00061382        3
  1895.95294453     0.99928120        3
  1895.97337622     1.00047224        3
  1895.99380781     1.00039145        3
  1896.01423960     1.00027199        3
  1896.03467130     1.00050861        3
  1896.05510309     1.00188058        3
  1896.07553468     1.00222304        3
  1896.09596637     1.00051634        3
  1896.11639807     0.99964948        3
  1896.13682976     1.00000000        3
  1896.15726145     0.99989421        3
  1896.19812484     1.00058955        3
  1896.21855663     1.00002511        3
  1896.23898823     1.00058124        3
  1896.25941992     0.99950385        3
  1896.27985172     0.99967565        3
  1896.30028331     1.00105057        3
  1896.32071501     1.00112293        3
  1896.34114680     1.00017209        3
  1896.36157840     0.99997249        3
  1896.48416867     1.00094793        3
  1896.50460037     0.99940339        3
  1896.52503207     1.00058114        3
  1896.54546376     1.00181037        3
  1896.56589556     0.99983889        3
  1896.58632716     1.00047116        3
  1896.60675896     0.99952218        3
  1896.62719066     1.00093057        3
  1896.64762225     1.00173788        3
  1896.68848575     1.00004335        3
  1896.70891735     0.99934861        3
  1896.72934915     1.00030400        3
  1896.74978085     1.00098446        3
  1896.77021255     1.00060461        3
  1896.79064425     0.99972424        3
  1896.81107595     1.00076932        3
  1896.83150765     0.99937032        3
  1896.85193935     0.99968510        3
  1896.87237105     0.99867773        3
  1896.89280275     1.00043230        3
  1896.93366615     1.00003745        3
  1896.95409785     0.99787194        3
  1896.97452955     0.99992281        3
  1896.99496136     0.99903814        3
  1897.01539296     0.99908675        3
  1897.03582466     0.99649264        3
  1897.05625646     0.99653574        3
  1897.07668816     0.99899684        3
  1897.09711977     0.99960007        3
  1897.11755157     0.99927441        3
  1897.17884668     1.00002946        3
  1897.19927838     1.00015185        3
  1897.21971019     1.00036245        3
  1897.24014179     1.00038062        3
  1897.26057350     1.00061934        3
  1897.28100530     0.99863303        3
  1897.30143691     0.99939966        3
  1897.32186871     1.00091457        3
  1897.34230042     1.00071842        3
  1897.36273202     0.99865366        3
  1897.38316383     0.99603112        3
  1897.42402714     0.99971263        3
  1897.44445895     1.00028780        3
  1897.46489065     1.00067624        3
  1897.48532246     0.99825403        3
  1897.50575407     1.00036497        3
  1897.52618567     1.00012145        3
  1897.54661748     1.00042788        3
  1897.56704919     1.00009270        3
  1897.58748090     0.99908201        3
  1897.60791261     0.99974910        3
  1897.62834431     0.99771768        3
  1897.75093457     0.99995190        3
  1897.77136638     1.00006444        3
  1897.79179809     1.00021157        3
  1897.81222970     1.00072557        3
  1897.83266151     1.00070563        3
  1897.85309322     0.99957394        3
  1897.87352503     0.99952797        3
  1897.91438835     0.99894701        3
  1897.93482016     1.00030320        3
  1897.95525178     1.00033816        3
  1897.97568349     0.99951720        3
  1897.99611530     1.00154135        3
  1898.01654691     0.99898212        4
  1898.03697872     1.00005730        4
  1898.05741044     0.99920737        4
  1898.07784205     0.99983581        4
  1898.09827386     0.99980044        4
  1898.11870558     1.00025802        4
  1898.15956900     1.00161986        4
  1898.18000062     1.00020251        4
  1898.20043243     0.99871090        4
  1898.22086415     1.00044710        4
  1898.24129576     0.99915870        4
  1898.26172758     0.99878178        4
  1898.28215929     1.00011814        4
  1898.30259101     1.00045718        4
  1898.32302272     1.00023518        4
  1898.40474959     1.00144708        4
  1898.42518141     0.99949379        4
  1898.44561312     1.00142236        4
  1898.46604474     1.00037302        4
  1898.48647656     0.99974725        4
  1898.50690828     0.99999998        4
  1898.52733989     1.00024273        4
  1898.54777171     0.99999288        4
  1898.56820343     1.00002244        4
  1898.58863525     1.00071532        4
  1898.64993041     1.00107134        4
  1898.67036203     1.00052833        4
  1898.69079374     0.99998475        4
  1898.71122556     1.00030884        4
  1898.73165719     1.00012716        4
  1898.75208901     0.99963273        4
  1898.77252073     1.00049705        4
  1898.79295235     1.00086727        4
  1898.81338417     0.99882820        4
  1898.83381579     1.00004059        4
  1898.85424751     1.00009151        4
  1898.89511095     0.99961302        4
  1898.91554268     0.99966268        4
  1898.93597450     0.99818818        4
  1898.95640622     1.00031558        4
  1898.97683794     1.00041267        4
  1898.99726967     0.99973196        4
  1899.01770139     0.99953619        4
  1899.03813312     0.99927995        4
  1899.05856484     1.00150366        4
  1899.07899656     0.99959211        4
  1899.09942839     0.99986784        4
  1899.14029184     1.00021219        4
  1899.16072356     0.99840166        4
  1899.18115519     1.00110833        4
  1899.20158701     0.99984104        4
  1899.22201874     1.00034100        4
  1899.24245036     0.99873552        4
  1899.26288219     1.00008961        4
  1899.28331392     0.99828764        4
  1899.30374574     1.00042294        4
  1899.32417737     1.00012200        4
  1899.34460910     0.99911204        4
  1899.38547255     0.99921271        4
  1899.40590428     0.99883950        4
  1899.42633611     0.99919311        4
  1899.44676774     1.00129722        4
  1899.46719956     1.00093469        4
  1899.48763119     1.00008018        4
  1899.50806292     0.99932126        4
  1899.52849475     0.99973942        4
  1899.54892638     0.99929547        4
  1899.56935811     0.99965239        4
  1899.58978994     1.00010164        4
  1899.63065330     1.00015574        4
  1899.65108513     1.00010748        4
  1899.67151686     0.99890135        4
  1899.69194859     0.99847099        4
  1899.71238032     0.99956630        4
  1899.73281205     1.00056041        4
  1899.75324389     0.99977586        4
  1899.77367552     1.00000969        4
  1899.79410725     0.99781236        4
  1899.81453908     0.99942607        4
  1899.83497072     0.99867130        4
  1899.89626591     1.00052119        4
  1899.91669775     1.00032299        4
  1899.93712948     1.00067201        4
  1899.95756112     0.99947169        4
  1899.97799295     1.00103561        4
  1899.99842469     1.00059049        4
  1900.01885652     1.00027061        4
  1900.03928816     1.00140230        4
  1900.05971989     1.00076439        4
  1900.08015163     0.99973794        4
  1900.12101510     0.99995222        4
  1900.14144683     1.00035310        4
  1900.16187857     1.00051949        4
  1900.18231041     1.00071262        4
  1900.20274204     1.00030330        4
  1900.22317378     1.00200771        4
  1900.24360562     1.00026915        4
  1900.26403726     1.00068113        4
  1900.28446899     1.00078780        4
  1900.30490083     1.00093419        4
  1900.32533257     1.00061735        4
  1900.36619605     1.00194395        4
  1900.38662779     0.99905789        4
  1900.40705963     0.99939229        4
  1900.42749127     0.99935553        4
  1900.44792301     1.00052950        4
  1900.46835485     1.00008332        4
  1900.48878649     1.00103967        4
  1900.50921823     0.99947105        4
  1900.52965007     0.99960829        4
  1900.55008171     1.00030727        4
  1900.57051355     0.99999919        4
  1900.61137693     1.00041027        4
  1900.63180878     1.00086042        4
  1900.65224052     0.99972334        4
  1900.67267216     0.99980612        4
  1900.69310400     0.99967869        4
  1900.71353575     0.99956473        4
  1900.85655796     1.00014694        4
  1900.87698970     0.99933761        4
  1900.89742155     0.99776129        4
  1900.91785329     0.99942032        4
  1900.93828494     0.99754148        4
  1900.95871678     1.00037970        4
  1900.97914853     0.99928881        4
  1900.99958018     0.99949351        4
  1901.02001202     0.99930148        4
  1901.04044377     0.99977482        4
  1901.06087542     1.00089446        4
  1901.10173901     1.00082551        4
  1901.12217086     0.99898747        4
  1901.14260251     0.99825243        4
  1901.16303426     0.99816449        4
  1901.18346611     0.99886290        4
  1901.20389775     0.99992813        4
  1901.22432950     0.99883872        4
  1901.24476135     0.99744198        4
  1901.26519300     1.00023497        4
  1901.28562485     0.99518845        4
  1901.30605660     0.99865343        4
  1901.34692010     1.00041727        4
  1901.36735186     1.00069062        4
  1901.38778361     0.99915534        4
  1901.40821536     1.00004968        4
  1901.42864711     1.00041030        4
  1901.44907886     1.00030798        4
  1901.46951061     0.99958098        4
  1901.48994237     1.00052378        4
  1901.51037412     0.99918081        4
  1901.53080587     0.99985211        4
  1901.55123763     0.99942836        4
  1901.59210113     0.99963595        4
  1901.61253299     1.00068491        4
  1901.63296474     0.99887864        4
  1901.65339640     1.00117845        4
  1901.67382825     1.00060278        4
  1901.69426001     1.00097699        4
  1901.71469166     0.99969435        4
  1901.73512352     1.00043769        4
  1901.75555527     0.99943649        4
  1901.77598693     0.99953651        4
  1901.79641878     0.99897304        4
  1901.83728240     0.99968869        4
  1901.85771406     1.00038459        4
  1901.87814581     1.00019022        4
  1901.89857767     1.00029000        4
  1901.91900933     1.00014761        4
  1901.93944109     0.99993196        4
  1901.95987294     1.00055305        4
  1901.98030460     1.00013309        4
  1902.00073646     1.00046866        4
  1902.02116822     1.00104894        4
  1902.08246350     1.00034615        4
  1902.10289516     0.99991662        4
  1902.12332702     1.00099816        4
  1902.14375878     1.00140874        4
  1902.16419054     1.00099400        4
  1902.18462230     1.00137028        4
  1902.20505407     0.99940171        4
  1902.22548583     1.00029181        4
  1902.24591759     0.99953080        4
  1902.26634935     0.99989941        4
  1902.32764464     1.00060694        4
  1902.34807650     1.00022581        4
  1902.36850817     0.99990018        4
  1902.38894003     1.00002427        4
  1902.40937179     1.00151700        4
  1902.42980346     0.99957573        4
  1902.57282592     0.99997837        4
  1902.59325768     1.00085594        4
  1902.61368955     0.99958575        4
  1902.63412122     1.00028725        4
  1902.65455298     1.00061552        4
  1902.67498485     1.00138046        4
  1902.69541652     1.00029178        4
  1902.71584839     1.00035520        4
  1902.73628016     0.99972981        4
  1902.75671182     1.00088845        4
  1902.77714369     1.00023923        4
  1902.81800723     0.98926600        4
  1902.83843900     0.99961246        4
  1902.85887077     0.99972801        4
  1902.87930244     0.99988838        4
  1902.89973431     0.99943492        4
  1902.92016608     0.99809739        4
  1902.94059795     0.99791501        4
  1902.96102962     1.00016104        4
  1902.98146140     0.99882634        4
  1903.00189327     0.99900995        4
  1903.02232494     0.99360480        4
  1903.18577923     0.99914145        4
  1903.20621090     0.99958075        4
  1903.22664278     1.00002296        4
  1903.24707455     0.99935423        4
  1903.26750643     0.99965582        4
  1903.30836988     0.99873467        4
  1903.32880175     1.00045923        4
  1903.34923343     0.99966525        4
  1903.36966521     1.00021786        4
  1903.39009708     0.99903526        4
  1903.41052886     0.99908446        4
  1903.43096064     0.99784688        4
  1903.45139232     1.00056274        4
  1903.47182409     0.99890847        4
  1903.49225597     0.99987837        4
  1903.51268775     0.99910686        4
  1903.55355131     0.99988563        4
  1903.57398309     0.99851884        4
  1903.59441477     1.00074007        4
  1903.61484665     1.00013140        4
  1903.63527843     1.00060263        4
  1903.65571031     1.00045525        4
  1903.67614199     0.99990605        4
  1903.69657377     1.00084007        4
  1903.71700565     0.99960459        4
  1903.73743733     0.99936585        4
  1903.75786911     1.00110429        4
  1903.79873268     1.00026434        4
  1903.81916456     0.99962619        4
  1903.83959634     0.99927936        4
  1903.86002803     1.00023506        4
  1903.88045991     1.00093351        4
  1903.90089169     1.00083976        4
  1903.92132338     1.00121866        4
  1903.94175526     1.00006040        4
  1903.96218705     0.99888169        4
  1903.98261893     0.99952524        4
  1904.00305062     1.00136920        4
  1904.04391419     1.00035344        4
  1904.06434607     1.00524959        4
  1904.08477776     1.00073426        4
  1904.10520955     1.00183678        4
  1904.12564133     0.99978693        4
  1904.14607312     0.99986892        4
  1904.16650501     1.00021137        4
  1904.18693670     1.00026141        4
  1904.20736858     1.00075952        4
  1904.22780037     0.99908839        4
  1904.24823206     0.99832232        4
  1904.28909574     1.00109343        4
  1904.30952743     0.99921135        4
  1904.32995932     1.00126846        4
  1904.35039111     0.99926029        4
  1904.37082300     1.00005439        4
  1904.39125469     0.99872028        4
  1904.41168648     0.99985278        4
  1904.43211837     0.99903206        4
  1904.45255006     0.99801383        4
  1904.47298185     1.00015687        4
  1904.49341374     0.99993430        4
  1904.61600450     1.00049744        4
  1904.63643630     0.99985503        4
  1904.65686809     1.00000000        4
  1904.67729988     1.00086068        4
  1904.69773168     1.00162263        4
  1904.71816347     1.00026955        4
  1904.73859527     0.99904819        4
  1904.77945886     1.00061988        4
  1904.79989066     1.00086514        4
  1904.82032255     1.00118320        4
  1904.84075425     0.99969986        4
  1904.86118605     0.99980588        4
  1905.02464043     0.99944556        4
  1905.04507233     0.99930310        4
  1905.06550413     0.99970333        4
  1905.08593603     1.00008753        4
  1905.10636773     0.99984068        4
  1905.12679953     0.99935074        4
  1905.14723143     0.99991111        4
  1905.16766314     1.00012303        4
  1905.18809494     1.00015517        4
