  1835.65850700     0.99653202        0
  1835.67893897     0.99710375        0
  1835.80153079     1.00111620        0
  1835.82196286     1.00190424        0
  1835.84239473     1.00142250        0
  1835.86282670     1.00044097        0
  1835.88325877     0.99890196        0
  1835.90369063     0.99784902        0
  1835.92412260     0.99748346        0
  1835.94455467     0.99817675        0
  1835.96498653     1.00091217        0
  1835.98541850     1.00156472        0
  1836.00585057     1.00155648        0
  1836.02628243     1.00093024        0
  1836.04671439     1.00217159        0
  1836.06714646     1.00314259        0
  1836.08757832     1.00122882        0
  1836.10801029     1.00168887        0
  1836.12844235     1.00108311        0
  1836.14887431     0.99731194        0
  1836.16930617     0.99762343        0
  1836.18973823     0.99612871        0
  1836.21017020     0.99640656        0
  1836.23060226     0.99877209        0
  1836.25103412     0.99881261        0
  1836.27146608     1.00069106        0
  1836.31232999     1.00128651        0
  1836.33276195     1.00191028        0
  1836.35319401     1.00196147        0
  1836.37362587     1.00148278        0
  1836.39405783     1.00119960        0
  1836.41448978     0.99782678        0
  1836.43492174     0.99836512        0
  1836.45535370     0.99662249        0
  1836.47578565     0.99605786        0
  1836.49621761     0.99874391        0
  1836.51664956     1.00043854        0
  1836.53708152     0.99927633        0
  1836.55751347     0.99968080        0
  1836.57794542     1.00117662        0
  1836.59837748     1.00106425        0
  1836.61880933     1.00149018        0
  1836.63924128     0.99976193        0
  1836.65967333     1.00064737        0
  1836.68010519     0.99756148        0
  1836.70053714     0.99779393        0
  1836.72096919     0.99557700        0
  1836.74140104     0.99630830        0
  1836.76183299     0.99738982        0
  1836.78226504     0.99848467        0
  1836.80269689     1.00145899        0
  1836.82312894     1.00198478        0
  1836.84356088     1.00199862        0
  1836.86399273     1.00240362        0
  1836.88442478     1.00092191        0
  1836.90485673     0.99987094        0
  1836.92528857     0.99941032        0
  1836.94572062     0.99937674        0
  1836.96615256     0.99780343        0
  1836.98658451     0.99767549        0
  1837.00701645     0.99724752        0
  1837.02744840     0.99468810        0
  1837.10917617     1.00089659        0
  1837.12960812     1.00133168        0
  1837.15004006     1.00246822        0
  1837.17047200     1.00052662        0
  1837.19090394     1.00003415        0
  1837.21133588     0.99856998        0
  1837.23176782     0.99843439        0
  1837.25219976     0.99752154        0
  1837.27263170     0.99698061        0
  1837.29306354     0.99785960        0
  1837.31349558     0.99916549        0
  1837.33392752     1.00003517        0
  1837.35435946     1.00137331        0
  1837.37479139     1.00136582        0
  1837.39522333     1.00128957        0
  1837.41565527     1.00093892        0
  1837.43608730     1.00159891        0
  1837.45651914     1.00130336        0
  1837.47695117     1.00009004        0
  1837.49738311     0.99798688        0
  1837.51781495     0.99805178        0
  1837.53824698     0.99790246        0
  1837.55867891     0.99834751        0
  1837.57911075     0.99857470        0
  1837.59954278     1.05451379        0
  1837.61997471     1.00176933        0
  1837.64040654     1.00224723        0
  1837.66083858     1.00208669        0
  1837.68127051     1.00347622        0
  1837.70170234     1.00117362        0
  1837.72213437     1.00122634        0
  1837.74256630     0.99997003        0
  1837.76299813     0.99796242        0
  1837.78343016     0.99619162        0
  1837.80386209     0.99587106        0
  1837.82429402     0.99723041        0
  1837.84472595     0.99742396        0
  1837.86515787     0.99835073        0
  1837.88558970     1.00070879        0
  1837.90602173     1.00134324        0
  1837.92645365     1.00081517        0
  1837.94688558     1.00015694        0
  1837.96731751     1.00091964        0
  1837.98774943     1.00069088        0
  1838.00818126     0.99980456        0
  1838.02861328     0.99896144        0
  1838.04904521     0.99850951        0
  1838.06947723     0.99788420        0
  1838.08990905     0.99799310        0
  1838.11034098     0.99926939        0
  1838.13077300     1.00098518        0
  1838.15120482     1.00199982        0
  1838.17163674     1.00241444        0
  1838.19206877     1.00130935        0
  1838.21250059     1.00211251        0
  1838.23293251     1.00107431        0
  1838.27379645     1.00056690        0
  1838.29422827     0.99947318        0
  1838.31466029     0.99790107        0
  1838.33509220     0.99695726        0
  1838.35552402     0.99856808        0
  1838.37595604     0.99850035        0
  1838.39638796     1.00013529        0
  1838.41681978     1.00151732        0
  1838.43725179     1.00117253        0
  1838.45768371     1.00196597        0
  1838.47811552     1.00192463        0
  1838.49854754     1.00263328        0
  1838.51897945     0.99988323        0
  1838.53941127     0.99983874        0
  1838.55984328     0.99958410        0
  1838.58027520     0.99826531        0
  1838.60070701     0.99848246        0
  1838.62113902     0.99670435        0
  1838.64157094     0.99803159        0
  1838.66200275     0.99917018        0
  1838.68243476     1.00040019        0
  1838.70286667     1.00184088        0
  1838.72329858     1.00166544        0
  1838.74373050     1.00134869        0
  1838.76416241     1.00187314        0
  1838.78459432     1.00142639        0
  1838.80502623     0.99870644        0
  1838.82545813     0.99970734        0
  1838.84589014     0.99762828        0
  1838.86632195     0.99516681        0
  1838.88675386     0.99550145        0
  1838.90718587     0.99619787        0
  1838.92761767     0.99755139        0
  1838.94804958     1.00034078        0
  1838.96848159     1.00000000        0
  1838.98891339     0.99636771        0
  1839.07064101     1.00097810        0
  1839.09107302     1.00032958        0
  1839.11150492     0.99868525        0
  1839.13193673     0.99894160        0
  1839.15236873     0.99858732        0
  1839.17280063     0.99746435        0
  1839.19323243     0.99839048        0
  1839.21366444     1.00013684        0
  1839.23409634     1.00069518        0
  1839.25452814     1.00119973        0
  1839.27496014     1.00159570        0
  1839.29539204     1.00232355        0
  1839.31582404     1.00040732        0
  1839.33625584     1.00025615        0
  1839.35668774     0.99969051        0
  1839.37711964     0.99755064        0
  1839.39755154     0.99621764        0
  1839.41798333     0.99568256        0
  1839.43841533     0.99560008        0
  1839.45884723     0.99703723        0
  1839.47927902     0.99957199        0
  1839.49971102     1.00022807        0
  1839.52014292     1.00174296        0
  1839.54057481     1.00125366        0
  1839.56100671     1.00210847        0
  1839.58143860     1.00326425        0
  1839.60187050     1.00190862        0
  1839.62230239     1.00039313        0
  1839.64273429     0.99894479        0
  1839.66316618     0.99791430        0
  1839.72446186     0.99634096        0
  1839.74489385     0.99868555        0
  1839.76532564     1.00173835        0
  1839.78575753     1.00088161        0
  1839.80618952     1.00322547        0
  1839.82662131     1.00277161        0
  1839.84705320     1.00159506        0
  1839.86748519     1.00105371        0
  1839.88791698     0.99993578        0
  1839.90834887     1.00033937        0
  1839.92878086     0.99893414        0
  1839.94921275     0.99658854        0
  1839.96964463     0.99813664        0
  1839.99007652     0.99744797        0
  1840.01050841     0.99726645        0
  1840.31698657     1.00157109        0
  1840.33741855     1.00224580        0
  1840.35785043     1.00250049        0
  1840.37828231     1.00192866        0
  1840.39871419     1.00143396        0
  1840.41914607     1.00029285        0
  1840.43957795     1.00086912        0
  1840.46000983     0.99891406        0
  1840.48044170     0.99697214        0
  1840.50087358     0.99558115        0
  1840.52130556     0.99573527        0
  1840.54173734     0.99764299        0
  1840.56216931     0.99831323        0
  1840.58260119     1.00033246        0
  1840.60303297     0.99989287        0
  1840.62346494     1.00112057        0
  1840.64389682     1.00037490        0
  1840.66432859     1.00180977        0
  1840.68476057     1.00209523        0
  1840.70519244     0.99587365        0
  1840.72562422     1.00001578        0
  1840.74605619     0.99786316        0
  1840.76648806     0.99882202        0
  1840.78691993     0.99912253        0
  1840.80735181     0.99677665        0
  1840.82778358     0.99934002        0
  1840.84821555     0.99967524        0
  1840.86864742     1.00075325        0
  1840.88907929     1.00051112        0
  1840.90951106     1.00067416        0
  1840.92994303     1.00061992        0
  1840.95037490     1.00075278        0
  1840.97080667     0.99921484        0
  1840.99123864     0.99920526        0
  1872.00652393     1.00032291        1
  1872.02695552     1.00071948        1
  1872.04738711     0.99883888        1
  1872.06781869     0.99781406        1
  1872.08825028     0.99698549        1
  1872.10868187     0.99855869        1
  1872.12911356     0.99748680        1
  1872.16997663     0.99990545        1
  1872.19040832     1.00033181        1
  1872.21083990     1.00237938        1
  1872.23127139     1.00184096        1
  1872.25170308     1.00064580        1
  1872.27213467     1.00135197        1
  1872.29256615     0.99959506        1
  1872.31299784     0.99917980        1
  1872.33342943     0.99726543        1
  1872.35386091     0.99652313        1
  1872.37429260     0.99663597        1
  1872.41515588     0.99961326        1
  1872.43558736     1.00115242        1
  1872.45601895     1.00228595        1
  1872.47645064     1.00197370        1
  1872.49688212     1.00175119        1
  1872.51731371     1.00305670        1
  1872.53774540     1.00240792        1
  1872.55817689     1.00342355        1
  1872.57860847     1.00130165        1
  1872.59904016     1.00085653        1
  1872.61947165     0.99878599        1
  1872.66033492     0.99696954        1
  1872.68076641     1.00021449        1
  1872.70119810     1.00128301        1
  1872.72162968     1.00221914        1
  1872.74206117     1.00182531        1
  1872.76249286     1.00009743        1
  1872.78292444     1.00155684        1
  1872.80335593     1.00077692        1
  1872.82378762     1.00003410        1
  1872.84421921     0.99888082        1
  1872.86465069     0.99822434        1
  1872.90551397     0.99643478        1
  1872.92594546     0.99653632        1
  1872.94637714     0.99811691        1
  1872.96680873     0.99868885        1
  1872.98724042     1.00212666        1
  1873.00767190     1.00079971        1
  1873.02810349     0.99934245        1
  1873.04853518     1.00126961        1
  1873.06896667     1.00110059        1
  1873.08939825     1.00021538        1
  1873.10982994     0.99943945        1
  1873.15069302     0.99852754        1
  1873.17112470     0.99817966        1
  1873.19155629     0.99840169        1
  1873.21198788     0.99791046        1
  1873.23241947     0.99921182        1
  1873.25285105     0.99882628        1
  1873.27328264     1.00187063        1
  1873.29371423     1.00240186        1
  1873.31414582     1.00067389        1
  1873.33457740     1.00124890        1
  1873.35500899     1.00098327        1
  1873.39587217     0.99572158        1
  1873.41630375     0.99730540        1
  1873.43673524     0.99549904        1
  1873.45716693     0.99690234        1
  1873.47759852     0.99804279        1
  1873.49803020     0.99988772        1
  1873.51846169     0.99995078        1
  1873.53889328     1.00034918        1
  1873.55932497     1.00189831        1
  1873.57975645     1.00183826        1
  1873.60018804     1.00100601        1
  1873.74320926     0.99861946        1
  1873.78407243     0.99991641        1
  1873.80450402     1.00079844        1
  1873.82493561     1.00040848        1
  1873.84536729     1.00169733        1
  1873.88623037     1.00099961        1
  1873.90666206     1.00068593        1
  1873.92709355     1.00048490        1
  1873.94752513     0.99877435        1
  1873.96795682     0.99746578        1
  1873.98838831     0.99676068        1
  1874.00882000     0.99596099        1
  1874.02925149     0.99825364        1
  1874.04968307     0.99902162        1
  1874.07011476     0.99942128        1
  1874.09054625     1.00079645        1
  1874.25399906     0.99808142        1
  1874.27443065     0.99756974        1
  1874.29486223     0.99864320        1
  1874.31529382     1.00006695        1
  1874.33572541     1.00166817        1
  1874.37658859     1.00217223        1
  1874.39702018     1.00160618        1
  1874.41745186     1.00261826        1
  1874.43788335     1.00022921        1
  1874.45831494     0.99986140        1
  1874.47874663     0.99943164        1
  1874.49917812     0.99862143        1
  1874.51960981     0.99746216        1
  1874.54004140     0.99796605        1
  1874.56047288     0.99768121        1
  1874.58090457     0.99965426        1
  1874.62176765     1.00297167        1
  1874.64219934     1.00043505        1
  1874.66263093     1.00274259        1
  1874.68306252     1.00247834        1
  1874.70349411     1.00281748        1
  1874.72392570     1.00420559        1
  1874.74435718     1.00065592        1
  1874.76478887     0.99908860        1
  1874.78522046     0.99879429        1
  1874.80565205     0.99811398        1
  1874.86694692     1.00006095        1
  1874.88737841     1.00218444        1
  1874.90781000     1.00105135        1
  1874.92824169     1.00154814        1
  1874.94867318     1.00088739        1
  1874.96910476     1.00009296        1
  1874.98953645     0.99895085        1
  1875.00996794     0.99980798        1
  1875.03039963     0.99745141        1
  1875.05083122     0.99675399        1
  1875.11212599     0.99861782        1
  1875.13255748     0.99862259        1
  1875.15298917     1.00073104        1
  1875.17342076     1.00171101        1
  1875.19385235     1.00138277        1
  1875.21428394     1.00218694        1
  1875.23471553     1.00064793        1
  1875.25514722     1.00104518        1
  1875.35730507     0.99540840        1
  1875.37773676     0.99696857        1
  1875.39816825     1.00067995        1
  1875.41859984     1.00114476        1
  1875.43903153     1.00160028        1
  1875.45946302     1.00210542        1
  1875.47989461     1.00145357        1
  1875.50032630     1.00139031        1
  1875.52075779     1.00080767        1
  1875.54118948     0.99996267        1
  1875.56162107     0.99796085        1
  1875.60248425     0.99568170        1
  1875.62291584     0.99700633        1
  1875.64334733     0.99854841        1
  1875.66377902     0.99972856        1
  1875.68421061     1.00448004        1
  1875.70464220     1.00065275        1
  1875.72507379     0.99965642        1
  1875.74550538     1.00126928        1
  1875.76593707     1.00149040        1
  1875.78636857     1.00043334        1
  1875.80680016     0.99836258        1
  1875.84766344     0.99873378        1
  1875.86809493     0.99902579        1
  1875.88852662     0.99743395        1
  1875.90895821     0.99710778        1
  1875.92938970     0.99995907        1
  1875.94982139     0.99989735        1
  1875.97025298     1.00079093        1
  1875.99068468     0.99993054        1
  1876.01111617     1.00171478        1
  1876.03154776     1.00130594        1
  1876.09284253     0.99930491        1
  1876.11327412     0.99784268        1
  1876.13370572     0.99748381        1
  1876.15413721     0.99744085        1
  1876.17456890     0.99728617        1
  1876.19500049     0.99890912        1
  1876.21543208     0.99966872        1
  1876.23586367     1.00073634        1
  1876.25629527     1.00093606        1
  1876.27672696     1.00205516        1
  1876.35845332     1.00099834        1
  1876.37888482     0.99986557        1
  1876.39931651     0.99834854        1
  1876.41974810     0.99857199        1
  1876.44017959     0.99779706        1
  1876.46061129     0.99869717        1
  1876.48104288     1.00047494        1
  1876.50147457     1.00061532        1
  1876.52190606     1.00048033        1
  1876.54233766     1.00142628        1
  1876.58320084     1.00162715        1
  1876.60363243     0.99994526        1
  1876.62406413     0.99989504        1
  1876.64449562     0.99921207        1
  1876.66492721     0.99795399        1
  1876.82837996     1.00252190        1
  1876.84881165     1.00124734        1
  1876.86924314     0.99979959        1
  1876.88967473     0.99965441        1
  1876.91010643     0.99922935        1
  1876.93053802     0.99916815        1
  1877.07355928     1.00207692        1
  1877.09399077     1.00194478        1
  1877.11442237     1.00120866        1
  1877.13485406     1.00028390        1
  1877.15528555     0.99981656        1
  1877.17571715     0.99955743        1
  1877.19614884     0.99830062        1
  1877.21658034     0.99629342        1
  1877.23701203     0.99725428        1
  1877.25744362     0.99724266        1
  1877.27787512     0.99769914        1
  1877.31873841     1.00179316        1
  1877.33917000     1.00242026        1
  1877.35960160     1.00194275        1
  1877.38003319     1.00083276        1
  1877.40046479     1.00176725        1
  1877.42089638     1.00033881        1
  1877.44132798     1.00061508        1
  1877.46175957     0.99819551        1
  1877.48219117     0.99838964        1
  1877.50262276     0.99860387        1
  1877.52305436     0.99825012        1
  1877.56391755     1.00168198        1
  1877.58434924     1.00153039        1
  1877.60478074     1.00330271        1
  1877.62521233     1.00199238        1
  1877.64564403     1.00065046        1
  1877.66607552     1.00201967        1
  1877.68650722     1.00117187        1
  1877.70693882     0.99984035        1
  1877.72737031     0.99851832        1
  1877.74780201     0.99657986        1
  1877.76823360     0.99670050        1
  1877.80909680     0.99801259        1
  1877.82952839     1.00019853        1
  1877.84995989     0.99973423        1
  1877.87039158     1.00069990        1
  1877.89082318     1.00117519        1
  1877.91125478     1.00253494        1
  1877.93168637     1.00112869        1
  1877.95211797     1.00067248        1
  1877.97254967     1.00008500        1
  1877.99298126     1.00092676        1
  1878.01341276     0.99776143        1
  1878.05427605     0.99769469        1
  1878.07470755     0.99852220        1
  1878.09513925     0.99907695        1
  1878.11557084     1.00004482        1
  1878.13600234     0.99970407        1
  1878.15643404     1.00170203        1
  1878.17686554     1.00137433        1
  1878.19729723     1.00225022        1
  1878.21772883     1.00054523        1
  1878.23816033     0.99934284        1
  1878.25859203     0.99784757        1
  1878.29945512     0.99515313        1
  1878.31988682     0.99641540        1
  1878.34031842     0.99655256        1
  1878.36074991     0.99894746        1
  1878.38118161     0.99954435        1
  1878.40161321     1.00064102        1
  1878.42204491     1.00074025        1
  1878.44247641     1.00235865        1
  1878.46290800     1.00126785        1
  1878.48333970     1.00029136        1
  1878.50377120     0.99924037        1
  1878.54463450     0.99801473        1
  1878.56506610     0.99816503        1
  1878.58549760     0.99889697        1
  1878.60592929     0.99842250        1
  1878.62636089     0.99821415        1
  1878.64679249     1.00025688        1
  1878.66722409     0.99983399        1
  1878.68765569     1.00157581        1
  1878.70808739     1.00291742        1
  1878.72851889     1.00122358        1
  1878.74895049     1.00072667        1
  1878.78981369     0.99984702        1
  1878.81024529     0.99926188        1
  1878.83067688     0.99675533        1
  1878.85110848     0.99633313        1
  1878.87154018     0.99647917        1
  1878.89197168     0.99846986        1
  1878.91240328     0.99965352        1
  1878.93283498     1.00084545        1
  1878.95326648     1.00191898        1
  1878.97369808     1.00256347        1
  1878.99412978     1.00163846        1
  1879.07585619     1.00361918        1
  1879.09628779     0.99904727        1
  1879.11671939     0.99877728        1
  1879.13715099     0.99846511        1
  1879.15758259     0.99949282        1
  1879.17801419     1.00065347        1
  1879.19844579     1.00090638        1
  1879.21887749     1.00146686        1
  1879.23930899     1.00288918        1
  1879.34146710     1.00099384        1
  1879.36189860     0.99688948        1
  1879.38233030     0.99679216        1
  1879.40276190     0.99709589        1
  1879.42319341     0.99762329        1
  1879.44362511     0.99978867        1
  1879.46405671     1.00067188        1
  1879.48448821     1.00107710        1
  1879.52535142     1.00102723        1
  1879.54578312     1.00031492        1
  1879.56621472     1.00167112        1
  1879.58664632     1.00099238        1
  1879.60707793     1.00144211        1
  1879.62750953     0.99835497        1
  1879.64794113     1.00060439        1
  1879.66837273     0.99893271        1
  1879.68880434     0.99907006        1
  1879.70923594     1.00000000        1
  1879.72966754     1.00041800        1
  1879.77053085     1.00209002        1
  1879.79096245     1.00305951        1
  1879.81139396     1.00195829        1
  1879.83182566     1.00044289        1
  1879.85225726     1.00036778        1
  1879.87268877     0.99938651        1
  1879.89312047     0.99942942        1
  1879.91355208     0.99782075        1
  1879.93398358     0.99798545        1
  1879.95441528     0.99598139        1
  1879.97484689     0.99983107        1
  1880.03614170     0.99994021        2
  1880.05657341     1.00064390        2
  1880.07700491     1.00073162        2
  1880.09743651     0.99956946        2
  1880.11786812     1.00029667        2
  1880.13829972     0.99999595        2
  1880.15873133     0.99785947        2
  1880.17916303     0.99737342        2
  1880.19959454     0.99817262        2
  1880.22002624     0.99794424        2
  1880.26088936     0.99896441        2
  1880.28132106     0.99926479        2
  1880.30175267     1.00067750        2
  1880.32218417     1.00164463        2
  1880.34261588     1.00025685        2
  1880.36304748     1.00146034        2
  1880.38347899     0.99990253        2
  1880.40391070     1.00035366        2
  1880.42434230     1.00056623        2
  1880.44477401     0.99918692        2
  1880.50606883     0.99795074        2
  1880.52650034     0.99922913        2
  1880.54693194     1.00044568        2
  1880.56736365     1.00147774        2
  1880.58779516     1.00126340        2
  1880.60822676     1.00042140        2
  1880.62865847     1.00190552        2
  1880.64908998     1.00104605        2
  1880.66952168     1.00106892        2
  1880.75124812     0.99801027        2
  1880.77167972     0.99854354        2
  1880.79211133     0.99981691        2
  1880.81254294     0.99982799        2
  1880.83297455     1.00081952        2
  1880.85340616     1.00089600        2
  1880.87383776     1.00131873        2
  1880.89426937     1.00018722        2
  1880.91470098     0.99968875        2
  1880.93513259     0.99993238        2
  1880.95556430     0.99827762        2
  1881.01685912     0.99676879        2
  1881.03729063     0.99827969        2
  1881.05772224     0.99837871        2
  1881.07815395     1.00083225        2
  1881.09858546     1.00048155        2
  1881.11901717     1.00166222        2
  1881.13944878     1.00229330        2
  1881.15988029     1.00124092        2
  1881.18031200     1.00142179        2
  1881.20074361     1.00089673        2
  1881.24160683     0.99828445        2
  1881.26203844     0.99805544        2
  1881.28247005     0.99898589        2
  1881.30290166     0.99708476        2
  1881.32333327     0.99931546        2
  1881.34376498     1.00090744        2
  1881.36419649     1.00010744        2
  1881.38462810     1.00058561        2
  1881.40505982     1.00049006        2
  1881.42549143     1.00036181        2
  1881.44592294     1.00009406        2
  1881.48678616     0.99878158        2
  1881.50721787     0.99642905        2
  1881.52764948     0.99772701        2
  1881.54808110     0.99700653        2
  1881.56851271     0.99901298        2
  1881.58894432     0.99940218        2
  1881.60937583     0.99921542        2
  1881.62980754     1.00021428        2
  1881.65023916     1.00083808        2
  1881.67067067     0.99991774        2
  1881.69110238     1.00087519        2
  1881.73196571     0.99972604        2
  1881.75239722     1.00014817        2
  1881.77282883     0.99919801        2
  1881.79326054     0.99823556        2
  1881.81369206     0.99888337        2
  1881.83412367     0.99719442        2
  1881.85455538     1.00017924        2
  1881.87498690     1.00059297        2
  1881.89541851     1.00106033        2
  1881.91585023     1.00150525        2
  1881.93628184     1.00120223        2
  1881.97714507     1.00211941        2
  1881.99757668     1.00004774        2
  1882.01800830     0.99969015        2
  1882.03843991     0.99970680        2
  1882.05887152     0.99801179        2
  1882.07930324     0.99809218        2
  1882.09973475     0.99768968        2
  1882.12016637     0.99872941        2
  1882.14059808     0.99921055        2
  1882.16102960     1.00052704        2
  1882.22232444     1.00086472        2
  1882.24275616     1.00153534        2
  1882.26318768     1.00053680        2
  1882.28361929     1.00121829        2
  1882.30405101     1.00057718        2
  1882.32448252     0.99996088        2
  1882.34491424     0.99857732        2
  1882.36534586     0.99955735        2
  1882.38577737     0.99924200        2
  1882.46750394     1.00127074        2
  1882.48793555     1.00190150        2
  1882.50836717     1.00078576        2
  1882.52879879     1.00195685        2
  1882.54923041     1.00054103        2
  1882.56966212     0.99930140        2
  1882.59009374     0.99908416        2
  1882.77397830     1.00065445        2
  1882.79441002     1.00116515        2
  1882.81484154     1.00039933        2
  1882.83527316     0.99939479        2
  1882.85570488     0.99953650        2
  1882.87613640     0.99868495        2
  1882.89656792     0.99781251        2
  1882.91699964     0.99785557        2
  1883.03958936     1.00063822        2
  1883.06002098     0.99946511        2
  1883.08045270     1.00073305        2
  1883.10088432     1.00060459        2
  1883.12131584     0.99889996        2
  1883.14174756     0.99781041        2
  1883.16217918     0.99609576        2
  1883.20304242     0.99763099        2
  1883.22347404     0.99879919        2
  1883.24390576     1.00055533        2
  1883.26433729     1.00179046        2
  1883.28476891     1.00132769        2
  1883.30520063     1.00156642        2
  1883.32563215     1.00037768        2
  1883.34606377     0.99880965        2
  1883.36649550     0.99978966        2
  1883.38692702     0.99999799        2
  1883.40735874     1.00001717        2
  1883.44822189     0.99872813        2
  1883.46865361     0.99764202        2
  1883.48908523     0.99949519        2
  1883.50951675     0.99920551        2
  1883.52994848     1.00106135        2
  1883.55038000     1.00117013        2
  1883.57081172     1.00082961        2
  1883.59124335     1.00110791        2
  1883.61167487     0.99942270        2
  1883.63210659     0.99954101        2
  1883.65253822     1.00112415        2
  1883.71383309     0.99643391        2
  1883.73426472     0.99711717        2
  1883.75469634     0.99880074        2
  1883.77512797     0.99976342        2
  1883.79555969     1.00093328        2
  1883.81599131     1.00079458        2
  1883.83642284     1.00074775        2
  1883.85685457     1.00127335        2
  1883.87728619     1.00111205        2
  1883.89771772     1.00036610        2
  1883.97944432     0.99926277        2
  1883.99987595     0.99902995        2
  1884.02030767     0.99994374        2
  1884.04073920     0.99953832        2
  1884.06117083     1.00198523        2
  1884.08160255     1.00215667        2
  1884.10203408     1.00076702        2
  1884.12246571     1.00159901        2
  1884.14289743     1.00154377        2
  1884.20419222     0.99909001        2
  1884.22462384     0.99748453        2
  1884.24505557     0.99779195        2
  1884.26548710     0.99851537        2
  1884.28591873     1.00054330        2
  1884.30635045     1.00136763        2
  1884.32678208     1.00022911        2
  1884.34721361     1.00055856        2
  1884.36764534     1.00174952        2
  1884.38807697     1.00162703        2
  1884.42894023     1.00006095        2
  1884.44937186     0.99959173        2
  1884.46980359     0.99952089        2
  1884.49023512     1.00002263        2
  1884.51066674     0.99913598        2
  1884.53109847     0.99790990        2
  1884.55153000     0.99903475        2
  1884.57196163     0.99922842        2
  1884.59239336     0.99957230        2
  1884.61282489     1.00083675        2
  1884.63325663     1.00103474        2
  1884.67411979     1.00138497        2
  1884.69455152     1.00074840        2
  1884.71498315     0.99986155        2
  1884.73541478     0.99839096        2
  1884.75584641     0.99784814        2
  1884.77627804     0.99662647        2
  1884.79670967     0.99775796        2
  1884.81714131     0.99759286        2
  1884.83757294     0.99843549        2
  1884.85800457     0.99991446        2
  1884.87843620     1.00009700        2
  1884.91929947     1.00097292        2
  1884.93973110     1.00069091        2
  1884.96016273     1.00174373        2
  1884.98059446     1.00068454        2
  1885.00102600     0.99957387        2
  1885.02145773     0.99888886        2
  1885.04188936     0.99861819        2
  1885.06232090     0.99977693        2
  1885.08275263     0.99845214        2
  1885.10318426     0.99937618        2
  1885.12361580     1.00064725        2
  1885.16447917     0.99068380        2
  1885.18491070     1.00145771        2
  1885.20534244     0.99995534        2
  1885.22577407     1.00073676        2
  1885.24620581     1.00043014        2
  1885.26663734     0.99998987        2
  1885.28706898     0.99798715        2
  1885.30750071     0.99816146        2
  1885.32793225     0.99762064        2
  1885.34836388     0.99712940        2
  1885.36879562     0.99806800        2
  1885.40965879     1.00000000        2
  1885.43009052     1.00001977        2
  1885.45052216     1.00010765        2
  1885.47095380     1.00075567        2
  1885.49138543     1.00000255        2
  1885.51181707     1.00050269        2
  1885.53224871     1.00019014        2
  1885.55268034     0.99958886        2
  1885.57311188     0.99835681        2
  1885.59354362     0.99831453        2
  1885.61397526     0.99874778        2
  1885.65483853     1.00022066        2
  1885.67527017     1.00141544        2
  1885.69570191     1.00181461        2
  1885.71613345     1.00184484        2
  1885.73656508     1.00081131        2
  1885.75699682     1.00053979        2
  1885.77742836     1.00073350        2
  1885.79786000     0.99902360        2
  1885.81829174     1.00004453        2
  1885.83872328     0.99919545        2
  1885.85915502     0.99695975        2
  1885.90001820     0.99748252        2
  1885.92044994     0.99831849        2
  1885.94088158     0.99967386        2
  1885.96131322     1.00041323        2
  1885.98174486     0.99966734        2
  1886.00217650     1.00124363        2
  1886.02260814     1.00197177        2
  1886.04303978     1.00211899        2
  1886.06347142     1.00074412        2
  1886.08390316     1.00028180        2
  1886.10433480     0.99945348        2
  1886.18606127     1.00067783        2
  1886.20649301     1.00108457        2
  1886.22692455     1.00051865        2
  1886.24735629     1.00121832        2
  1886.26778794     1.00095207        2
  1886.28821948     1.00156642        2
  1886.30865122     1.00085463        2
  1886.32908286     1.00106637        2
  1886.34951441     1.00129905        2
  1886.39037779     0.99801577        2
  1886.41080934     0.99745571        2
  1886.43124108     0.99797360        2
  1886.45167273     0.99765048        2
  1886.47210447     0.99930356        2
  1886.49253601     1.00095522        2
  1886.51296766     1.00104892        2
  1886.53339940     1.00254503        2
  1886.55383095     1.00149027        2
  1886.63555763     0.99953606        2
  1886.65598927     0.99818990        2
  1886.67642092     0.99895677        2
  1886.69685256     0.99844393        2
  1886.71728421     0.99833204        2
  1886.73771586     1.00106229        2
  1886.75814760     1.00010077        2
  1886.88073738     1.00086719        2
  1886.90116903     0.99855693        2
  1886.92160078     0.99734348        2
  1886.94203233     0.99824771        2
  1886.96246397     0.99820693        2
  1886.98289572     0.99887220        2
  1887.00332727     1.00004851        2
  1887.12591726     1.00087836        2
  1887.14634891     1.00100081        2
  1887.16678056     1.00052146        2
  1887.18721221     0.99931339        2
  1887.20764386     0.99932198        2
  1887.22807551     0.99957761        2
  1887.24850726     0.99818245        2
  1887.26893881     0.99971678        2
  1887.28937046     1.00040862        2
  1887.30980222     1.00087581        2
  1887.33023387     1.00126890        2
  1887.37109717     1.00209842        2
  1887.39152882     1.00167495        2
  1887.41196037     1.00025445        2
  1887.43239212     0.99982468        2
  1887.45282378     0.99791284        2
  1887.47325543     0.99794100        2
  1887.49368708     0.99714860        2
  1887.51411873     0.99637084        2
  1887.53455049     0.99735167        2
  1887.55498204     1.00076219        2
  1887.57541369     1.00180232        2
  1887.61627700     1.00205911        2
  1887.63670875     1.00208937        2
  1887.65714031     0.99950636        2
  1887.67757196     1.00067731        2
  1887.69800371     1.00157817        2
  1887.71843527     0.99999699        2
  1887.73886692     1.00038443        2
  1887.75929868     0.99777314        2
  1887.77973023     0.99910549        2
  1887.80016189     0.99895065        2
  1887.86145695     1.00081293        2
  1887.88188861     0.99973279        2
  1887.90232026     1.00019517        2
  1887.92275192     1.00071702        2
  1887.94318358     1.00043274        2
  1887.96361523     0.99924710        2
  1887.98404699     0.99826418        2
  1891.04879829     0.99961913        3
  1891.06922998     1.00087177        3
  1891.08966177     1.00065242        3
  1891.11009335     1.00083660        3
  1891.13052504     1.00071724        3
  1891.15095682     1.00008981        3
  1891.17138841     1.00035008        3
  1891.19182020     0.99849443        3
  1891.21225189     0.99700575        3
  1891.23268347     0.99595719        3
  1891.29397854     0.99788003        3
  1891.31441032     0.99843696        3
  1891.33484201     0.99996566        3
  1891.35527380     1.00065450        3
  1891.37570539     1.00001037        3
  1891.39613708     1.00199469        3
  1891.41656887     1.00170162        3
  1891.43700046     0.99940774        3
  1891.45743215     1.00029889        3
  1891.47786394     0.99914692        3
  1891.49829563     0.99812816        3
  1891.53915901     0.99649903        3
  1891.55959060     0.99914633        3
  1891.58002239     0.99887274        3
  1891.60045408     1.00262161        3
  1891.62088567     1.00044826        3
  1891.64131747     1.00199497        3
  1891.66174916     0.99978617        3
  1891.68218075     1.00068432        3
  1891.70261254     1.00175292        3
  1891.72304423     1.00029555        3
  1891.74347603     1.00019320        3
  1891.78433931     0.99931070        3
  1891.80477111     1.02040264        3
  1891.82520270     0.99850316        3
  1891.84563439     0.99921954        3
  1891.86606619     0.99954244        3
  1891.88649778     1.00158750        3
  1891.90692948     1.00118145        3
  1891.92736127     1.00148420        3
  1891.94779287     1.00110932        3
  1891.96822466     1.00158332        3
  1891.98865636     1.00075459        3
  1892.02951975     1.00127258        3
  1892.04995144     0.99991357        3
  1892.07038314     0.99979049        3
  1892.09081484     0.99907040        3
  1892.11124653     0.99975584        3
  1892.13167833     0.99968132        3
  1892.15211003     1.00219166        3
  1892.17254162     1.00154286        3
  1892.19297342     1.00095099        3
  1892.21340502     1.00128683        3
  1892.23383672     1.00058310        3
  1892.27470011     1.00093220        3
  1892.29513191     0.99930572        3
  1892.31556361     0.99905562        3
  1892.33599521     0.99699275        3
  1892.35642701     0.99703525        3
  1892.37685871     0.99876470        3
  1892.39729031     0.99902781        3
  1892.41772211     0.99887337        3
  1892.43815381     0.99971417        3
  1892.45858541     1.00081061        3
  1892.47901721     1.00100203        3
  1892.51988071     1.00183206        3
  1892.54031231     1.00097159        3
  1892.56074402     1.00156913        3
  1892.58117582     0.99997490        3
  1892.60160742     0.99726008        3
  1892.62203912     0.99803973        3
  1892.64247092     0.99786079        3
  1892.66290263     0.99969355        3
  1892.82635626     1.00031700        3
  1892.84678796     0.99936528        3
  1892.86721977     0.99794018        3
  1892.88765137     0.99802670        3
  1892.90808318     0.99837394        3
  1892.92851478     0.99823007        3
  1892.94894649     1.00008135        3
  1892.96937829     0.99936550        3
  1893.01024161     0.99895110        3
  1893.03067341     1.00236654        3
  1893.05110502     1.00193998        3
  1893.07153683     1.00143913        3
  1893.09196854     0.99962528        3
  1893.11240014     1.00088352        3
  1893.13283195     0.99903273        3
  1893.15326366     0.99766907        3
  1893.17369527     0.99686033        3
  1893.19412708     0.99628689        3
  1893.21455879     1.00009958        3
  1893.33714904     1.00000000        3
  1893.35758085     1.00068690        3
  1893.37801256     0.99915017        3
  1893.39844418     0.99869504        3
  1893.41887599     0.99742037        3
  1893.43930770     0.99898009        3
  1893.45973951     0.99764780        3
  1893.50060283     0.99983493        3
  1893.52103465     0.99901685        3
  1893.54146626     1.00218516        3
  1893.56189787     1.00212414        3
  1893.58232969     1.00184012        3
  1893.60276140     1.00107980        3
  1893.62319321     0.99982009        3
  1893.64362483     1.00000139        3
  1893.66405654     0.99941823        3
  1893.68448835     0.99706043        3
  1893.70491997     0.99847711        3
  1893.74578350     0.99963595        3
  1893.76621511     1.00088543        3
  1893.78664683     1.00058956        3
  1893.80707864     1.00160257        3
  1893.82751026     1.00266291        3
  1893.84794208     1.00137889        3
  1893.86837379     1.00076552        3
  1893.88880551     0.99865772        3
  1893.90923723     0.99859740        3
  1893.92966894     0.99747374        3
  1894.03182763     0.99920323        3
  1894.05225925     1.00022319        3
  1894.07269107     1.00210120        3
  1894.09312279     1.00242882        3
  1894.11355441     1.00330517        3
  1894.13398623     1.00181575        3
  1894.15441795     1.00190778        3
  1894.17484967     1.00240022        3
  1894.19528139     1.00057762        3
  1894.23614483     0.99899379        3
  1894.25657655     1.00014427        3
  1894.27700817     1.00080063        3
  1894.29743999     1.00075836        3
  1894.31787171     1.00190722        3
  1894.33830334     1.00202813        3
  1894.35873516     1.00180691        3
  1894.37916688     1.00162540        3
  1894.39959870     1.00162931        3
  1894.42003033     1.00071418        3
  1894.44046205     1.00011627        3
  1894.48132550     0.99814253        3
  1894.50175722     0.99734312        3
  1894.52218904     0.99837916        3
  1894.54262077     0.99819280        3
  1894.56305249     0.99959016        3
  1894.58348422     1.00054625        3
  1894.60391594     1.00207863        3
  1894.62434767     1.00202719        3
  1894.72650630     1.00170399        3
  1894.74693812     1.00080914        3
  1894.76736975     0.99907336        3
  1894.78780158     0.99933838        3
  1894.80823331     0.99972376        3
  1894.82866493     0.99944962        3
  1894.84909676     1.00059286        3
  1894.86952839     1.00022282        3
  1894.97168714     0.99744688        3
  1894.99211877     0.99854510        3
  1895.01255060     0.99978791        3
  1895.03298233     0.99744635        3
  1895.05341406     0.99634614        3
  1895.07384579     0.99622546        3
  1895.09427752     1.00017878        3
  1895.11470935     1.00027844        3
  1895.13514098     0.99987274        3
  1895.15557271     1.00149976        3
  1895.17600455     1.00104780        3
  1895.21686791     0.99850162        3
  1895.23729974     0.99936750        3
  1895.25773148     0.99999626        3
  1895.27816311     0.99876115        3
  1895.29859494     0.99800868        3
  1895.31902668     0.99909616        3
  1895.33945851     0.99865941        3
  1895.35989014     0.99930161        3
  1895.38032188     0.99958938        3
  1895.40075371     1.00062414        3
  1895.42118535     1.00144289        3
  1895.46204892     1.00027969        3
  1895.48248056     1.00119491        3
  1895.50291239     1.00090457        3
  1895.52334403     0.99986763        3
  1895.54377577     0.99818673        3
  1895.56420760     0.99697122        3
  1895.58463924     0.99682520        3
  1895.60507098     0.99835960        3
  1895.62550281     0.99853071        3
  1895.64593445     0.99909761        3
  1895.66636629     0.99997445        3
  1895.70722977     1.00150317        3
  1895.72766151     1.00220332        3
  1895.74809324     1.00050091        3
  1895.76852498     1.00215998        3
  1895.78895672     1.00085508        3
  1895.80938846     0.99921141        3
  1895.82982020     0.99846619        3
  1895.85025204     0.99810381        3
  1895.87068369     0.99835764        3
  1895.89111553     0.99936214        3
  1895.91154727     0.99979686        3
  1895.97284249     1.00043893        3
  1895.99327413     1.00152908        3
  1896.01370598     1.00204219        3
  1896.03413772     1.00092507        3
  1896.05456956     1.00458554        3
  1896.07500121     0.99922227        3
  1896.09543295     0.99813805        3
  1896.11586469     0.99753167        3
  1896.13629644     0.99739495        3
  1896.15672818     0.99703194        3
  1896.19759167     0.99904939        3
  1896.21802352     1.00025832        3
  1896.23845516     1.00097026        3
  1896.25888691     1.00214590        3
  1896.27931875     1.00233675        3
  1896.29975040     1.00064765        3
  1896.32018215     0.99959587        3
  1896.34061399     1.00516650        3
  1896.36104564     0.99956363        3
  1896.38147739     0.99796112        3
  1896.50406798     1.00208704        3
  1896.52449973     1.00171392        3
  1896.54493147     1.00203648        3
  1896.56536332     1.00171245        3
  1896.58579497     1.00131099        3
  1896.60622682     1.00068541        3
  1896.62665857     0.99833895        3
  1896.64709023     0.99818289        3
  1896.68795383     0.99837273        3
  1896.70838548     0.99815775        3
  1896.72881733     1.00054086        3
  1896.74924908     1.00085326        3
  1896.76968083     1.00069847        3
  1896.79011259     1.00285862        3
  1896.81054434     1.00353484        3
  1896.83097609     1.00122544        3
  1896.85140785     1.00091633        3
  1896.87183960     1.00156968        3
  1896.89227135     1.00072111        3
  1896.93313486     0.99818091        3
  1896.95356662     0.99805780        3
  1896.97399837     0.99949844        3
  1896.99443023     0.99960723        3
  1897.01486188     1.00015364        3
  1897.03529364     0.99789733        3
  1897.05572549     0.99915490        3
  1897.07615725     1.00200541        3
  1897.09658891     1.00144325        3
  1897.11702076     1.00063701        3
  1897.13745252     0.99933717        3
  1897.17831604     0.99806664        3
  1897.19874779     0.99714784        3
  1897.21917965     0.99762741        3
  1897.23961131     0.99690926        3
  1897.26004307     0.99927278        3
  1897.28047493     0.99964978        3
  1897.30090659     1.00056453        3
  1897.32133845     1.00122836        3
  1897.34177021     1.00123390        3
  1897.36220187     1.00021377        3
  1897.38263373     1.00142016        3
  1897.42349715     1.00034922        3
  1897.44392901     0.99871341        3
  1897.46436077     0.99804561        3
  1897.48479263     0.99884117        3
  1897.50522430     0.99814964        3
  1897.52565596     0.99923955        3
  1897.54608782     1.00026078        3
  1897.56651958     1.00106721        3
  1897.58695135     1.00243592        3
  1897.60738311     1.00062708        3
  1897.62781487     1.00161095        3
  1897.75040546     0.99626372        3
  1897.77083733     0.99726285        3
  1897.79126909     0.99957053        3
  1897.81170076     0.99989002        3
  1897.83213262     1.00060092        3
  1897.85256439     1.00060298        3
  1897.87299626     1.00192031        3
  1897.93429156     1.00047111        3
  1897.95472323     1.00081594        3
  1897.97515500     0.99944484        3
  1897.99558687     0.99909937        3
  1898.01601853     0.99769873        4
  1898.03645040     0.99784437        4
  1898.05688217     1.00027443        4
  1898.07731384     1.00181224        4
  1898.09774571     0.99975050        4
  1898.11817748     1.00202978        4
  1898.15904102     1.00222826        4
  1898.17947270     1.00138196        4
  1898.19990457     1.00041064        4
  1898.22033634     0.99956257        4
  1898.24076801     0.99885318        4
  1898.26119988     0.99767391        4
  1898.28163166     0.99736385        4
  1898.30206343     0.99780597        4
  1898.32249520     0.99884090        4
  1898.34292698     1.00065256        4
  1898.40422230     1.00110877        4
  1898.42465417     1.00115300        4
  1898.44508595     1.00151731        4
  1898.46551762     1.00165320        4
  1898.48594950     1.00059957        4
  1898.50638127     1.00017724        4
  1898.52681295     0.99964962        4
  1898.54724483     0.99987456        4
  1898.56767660     0.99814878        4
  1898.58810848     0.99882470        4
  1898.60854016     0.99932618        4
  1898.64940381     1.00110819        4
  1898.66983549     1.00081620        4
  1898.69026727     1.00176984        4
  1898.71069915     1.00243498        4
  1898.73113082     1.00163764        4
  1898.75156270     1.00001062        4
  1898.77199448     0.99950325        4
  1898.79242616     0.99901599        4
  1898.81285804     0.99710795        4
  1898.83328972     0.99680415        4
  1898.85372150     0.99809336        4
  1898.89458507     0.99822032        4
  1898.91501685     0.99849089        4
  1898.93544873     0.99983257        4
  1898.95588051     1.00071047        4
  1898.97631229     1.00048442        4
  1898.99674407     1.00050755        4
  1899.01717586     0.99973070        4
  1899.03760764     0.99977787        4
  1899.05803942     0.99883524        4
  1899.07847121     1.00076418        4
  1899.09890309     0.99869561        4
  1899.13976666     0.99791165        4
  1899.16019845     0.99836563        4
  1899.18063013     1.00116725        4
  1899.20106202     1.00146229        4
  1899.22149380     1.00170188        4
  1899.24192549     1.00077043        4
  1899.26235737     1.00094451        4
  1899.28278916     1.00436843        4
  1899.30322105     1.00034177        4
  1899.32365274     0.99946359        4
  1899.34408452     0.99705604        4
  1899.38494810     0.99728598        4
  1899.40537989     0.99788177        4
  1899.42581178     0.99948643        4
  1899.44624346     1.00130857        4
  1899.46667535     1.00051307        4
  1899.48710704     1.00176005        4
  1899.50753883     1.00183323        4
  1899.52797072     1.00133609        4
  1899.54840241     1.00092091        4
  1899.56883420     1.00000732        4
  1899.58926610     1.00037728        4
  1899.63012958     0.99716571        4
  1899.65056147     0.99814519        4
  1899.67099326     0.99896177        4
  1899.69142505     0.99919297        4
  1899.71185685     0.99975486        4
  1899.73228864     1.00125248        4
  1899.75272053     1.00201141        4
  1899.77315223     1.00202890        4
  1899.79358402     1.00010541        4
  1899.81401592     1.00092375        4
  1899.83444761     0.99973458        4
  1899.89574300     0.99604740        4
  1899.91617489     0.99567605        4
  1899.93660669     0.99744318        4
  1899.95703838     0.99924637        4
  1899.97747028     1.00022249        4
  1899.99790208     1.00044209        4
  1900.01833397     1.00050313        4
  1900.03876567     1.00076309        4
  1900.05919747     1.00108024        4
  1900.07962927     1.00279070        4
  1900.12049287     1.00041581        4
  1900.14092466     0.99862439        4
  1900.16135646     0.99796053        4
  1900.18178836     0.99829558        4
  1900.20222006     0.99789980        4
  1900.22265186     1.00026997        4
  1900.24308376     0.99979047        4
  1900.26351546     1.00194699        4
  1900.28394727     1.00083818        4
  1900.30437917     1.00193250        4
  1900.32481097     1.00104596        4
  1900.36567457     1.00078298        4
  1900.38610638     0.99915783        4
  1900.40653828     0.99856694        4
  1900.42696998     0.99694398        4
  1900.44740179     0.99569184        4
  1900.46783369     0.99795295        4
  1900.48826539     0.99900108        4
  1900.50869720     0.99931854        4
  1900.52912910     1.00083944        4
  1900.54956081     1.00157023        4
  1900.56999271     1.00132666        4
  1900.61085623     1.00156180        4
  1900.63128813     1.00182047        4
  1900.65171994     1.00135651        4
  1900.67215165     0.99934756        4
  1900.69258355     1.00119027        4
  1900.71301536     0.99980317        4
  1900.85603802     1.00085020        4
  1900.87646983     1.00095788        4
  1900.89690174     0.99941887        4
  1900.91733355     0.99978833        4
  1900.93776526     0.99683087        4
  1900.95819717     0.99744343        4
  1900.97862899     0.99596908        4
  1900.99906070     0.99653604        4
  1901.01949261     0.99739169        4
  1901.03992442     0.99988883        4
  1901.06035613     1.00060966        4
  1901.10121986     1.00084436        4
  1901.12165177     1.00129519        4
  1901.14208349     1.00074780        4
  1901.16251530     0.99999485        4
  1901.18294722     1.00122381        4
  1901.20337893     1.00095624        4
  1901.22381075     0.99909224        4
  1901.24424266     0.99766241        4
  1901.26467438     0.99892061        4
  1901.28510629     0.99822488        4
  1901.30553811     0.99944768        4
  1901.36683356     1.00147819        4
  1901.38726538     0.99954804        4
  1901.40769720     1.00144691        4
  1901.42812902     1.00201960        4
  1901.44856083     1.00250806        4
  1901.46899265     0.99957951        4
  1901.48942447     0.99866225        4
  1901.50985629     0.99701292        4
  1901.53028811     0.99696411        4
  1901.55071993     0.99726015        4
  1901.59158357     0.99856776        4
  1901.61201549     1.00015601        4
  1901.63244732     1.00059001        4
  1901.65287904     1.00145265        4
  1901.67331096     1.00072210        4
  1901.69374278     1.00140049        4
  1901.71417450     1.00056730        4
  1901.73460643     1.00111011        4
  1901.75503825     0.99932300        4
  1901.77546997     0.99849560        4
  1901.79590190     0.99903251        4
  1901.83676565     0.99815547        4
  1901.85719737     1.00010235        4
  1901.87762920     1.00103056        4
  1901.89806112     1.00273326        4
  1901.91849285     1.00158105        4
  1901.93892467     1.00230494        4
  1901.95935660     1.00181067        4
  1901.97978833     1.00000000        4
  1902.00022025     0.99972364        4
  1902.02065208     0.99969542        4
  1902.08194757     0.99657015        4
  1902.10237930     0.99831544        4
  1902.12281122     0.99823883        4
  1902.14324305     1.00012469        4
  1902.16367488     1.00143606        4
  1902.18410671     1.00194506        4
  1902.20453854     1.00126514        4
  1902.22497037     1.00134091        4
  1902.24540220     1.00136041        4
  1902.26583404     1.00160364        4
  1902.28626597     0.99960114        4
  1902.32712953     0.99903590        4
  1902.34756146     0.99936343        4
  1902.36799320     0.99967335        4
  1902.38842513     0.99963235        4
  1902.40885696     1.00069588        4
  1902.42928870     1.00071091        4
  1902.44972063     1.00083725        4
  1902.57231164     0.99781880        4
  1902.59274348     0.99613600        4
  1902.61317542     0.99640162        4
  1902.63360715     0.99648236        4
  1902.65403899     0.99923781        4
  1902.67447093     1.00027660        4
  1902.69490267     1.00093918        4
  1902.71533460     1.00130215        4
  1902.73576644     1.00178723        4
  1902.75619818     1.00124300        4
  1902.77663012     1.00072563        4
  1902.81749380     0.99132088        4
  1902.83792564     0.99799450        4
  1902.85835748     0.99807259        4
  1902.87878922     0.99744553        4
  1902.89922116     0.99787233        4
  1902.91965301     0.99826265        4
  1902.94008495     0.99896954        4
  1902.96051669     1.00065606        4
  1902.98094853     1.00115737        4
  1903.00138047     1.00214560        4
  1903.02181222     1.00055600        4
  1903.20569882     0.99980515        4
  1903.22613077     1.00024472        4
  1903.24656261     1.00050984        4
  1903.26699456     1.00114185        4
  1903.30785816     0.99999645        4
  1903.32829010     1.00140919        4
  1903.34872185     1.00118631        4
  1903.36915370     0.99998878        4
  1903.38958565     0.99894677        4
  1903.41001750     0.99880269        4
  1903.43044935     0.99740340        4
  1903.45088110     0.99975595        4
  1903.47131295     1.00056592        4
  1903.49174490     1.00109909        4
  1903.51217675     1.00022441        4
  1903.55304046     1.00116348        4
  1903.57347231     0.99993883        4
  1903.59390406     1.00151232        4
  1903.61433601     0.99942272        4
  1903.63476787     0.99947032        4
  1903.65519982     0.99885985        4
  1903.67563157     0.99816665        4
  1903.69606343     0.99827832        4
  1903.71649538     0.99824368        4
  1903.73692714     0.99816553        4
  1903.75735899     0.99974528        4
  1903.81865466     0.99933439        4
  1903.83908651     0.99990869        4
  1903.85951827     1.00085927        4
  1903.87995023     1.00054538        4
  1903.90038209     0.99991803        4
  1903.92081384     1.00036883        4
  1903.94124580     0.99773960        4
  1903.96167766     0.99747998        4
  1903.98210962     0.99781516        4
  1904.00254138     0.99972651        4
  1904.04340510     1.00060908        4
  1904.06383706     1.00199919        4
  1904.08426882     1.00147812        4
  1904.10470068     1.00194359        4
  1904.12513254     1.00156467        4
  1904.14556440     1.00139740        4
  1904.16599636     0.99978214        4
  1904.18642812     0.99935665        4
  1904.20686009     0.99744694        4
  1904.22729195     0.99773100        4
  1904.24772371     0.99863115        4
  1904.30901930     1.00071142        4
  1904.32945127     1.00038457        4
  1904.34988313     1.00172423        4
  1904.37031510     1.00145292        4
  1904.39074686     1.00123608        4
  1904.41117873     1.00187619        4
  1904.43161070     1.00116967        4
  1904.45204246     0.99983843        4
  1904.47247433     0.99924424        4
  1904.49290630     0.99908822        4
  1904.61549751     1.00112098        4
  1904.63592938     1.00084124        4
  1904.65636125     1.00071152        4
  1904.67679312     1.00064252        4
  1904.69722499     1.00046387        4
  1904.71765686     0.99940494        4
  1904.73808873     0.99760113        4
  1904.77895247     0.99752798        4
  1904.79938435     0.99748844        4
  1904.81981632     0.99867903        4
  1904.84024809     0.99945405        4
  1904.86067996     1.00173399        4
  1904.88111194     1.00164619        4
  1905.04456694     0.99711772        4
  1905.06499882     0.99674434        4
  1905.08543079     0.99891563        4
  1905.10586257     0.99989093        4
  1905.12629445     1.00054171        4
  1905.14672643     1.00080344        4
  1905.16715821     1.00134792        4
  1905.18759008     1.00074247        4
