  1835.65911900     0.99840173        0
  1835.67955116     1.00085704        0
  1835.80214413     0.99344688        0
  1835.82257639     0.99943260        0
  1835.84300845     0.99931547        0
  1835.86344061     0.99962137        0
  1835.88387287     1.00022260        0
  1835.90430492     1.00171784        0
  1835.92473708     1.00111379        0
  1835.94516934     0.99988361        0
  1835.96560139     1.00060146        0
  1835.98603355     1.00011267        0
  1836.00646580     0.99951490        0
  1836.02689786     0.99992235        0
  1836.04733001     0.99996598        0
  1836.06776226     0.99988052        0
  1836.08819432     0.99968103        0
  1836.10862647     1.00076196        0
  1836.12905872     1.00094654        0
  1836.14949087     0.99765430        0
  1836.16992293     1.00081394        0
  1836.19035518     0.99967589        0
  1836.21078733     1.00121382        0
  1836.23121957     0.99856224        0
  1836.25165162     0.99932650        0
  1836.27208377     0.99941434        0
  1836.31294807     0.99964529        0
  1836.33338022     1.00041059        0
  1836.35381246     1.00092905        0
  1836.37424451     0.99980081        0
  1836.39467665     0.99707550        0
  1836.41510880     0.99923115        0
  1836.43554094     0.99965960        0
  1836.45597309     1.00067886        0
  1836.47640523     0.99954588        0
  1836.49683737     0.99985689        0
  1836.51726952     0.99819331        0
  1836.53770166     1.00084012        0
  1836.55813380     0.99923488        0
  1836.57856594     1.00018723        0
  1836.59899818     1.00178865        0
  1836.61943022     0.99999103        0
  1836.63986236     1.00071902        0
  1836.66029460     0.99919452        0
  1836.68072664     1.00018074        0
  1836.70115878     1.00232827        0
  1836.72159102     1.00001935        0
  1836.74202305     1.00021430        0
  1836.76245519     0.99878352        0
  1836.78288743     1.00082465        0
  1836.80331946     1.00000058        0
  1836.82375170     0.99957329        0
  1836.84418383     1.00039246        0
  1836.86461587     0.99954238        0
  1836.88504810     1.00188928        0
  1836.90548023     1.00075381        0
  1836.92591226     0.99976198        0
  1836.94634450     1.00121510        0
  1836.96677663     0.99780735        0
  1836.98720876     1.00078719        0
  1837.00764089     0.99888739        0
  1837.02807302     0.99455255        0
  1837.08936941     0.99927314        0
  1837.10980154     1.00044795        0
  1837.13023367     1.00063962        0
  1837.15066579     0.99988934        0
  1837.17109792     0.99914554        0
  1837.19153005     0.99906314        0
  1837.21196217     1.00020043        0
  1837.23239430     0.99866554        0
  1837.25282642     1.00052300        0
  1837.27325855     0.99957608        0
  1837.29369057     1.00026846        0
  1837.31412279     1.00099572        0
  1837.33455492     1.00021417        0
  1837.35498704     0.99993710        0
  1837.37541916     1.00013762        0
  1837.39585128     0.99882410        0
  1837.41628340     1.00040532        0
  1837.43671562     1.00092215        0
  1837.45714764     0.99831944        0
  1837.47757986     0.99985117        0
  1837.49801198     0.99837373        0
  1837.51844400     1.00177686        0
  1837.53887622     1.00021714        0
  1837.55930834     0.99805252        0
  1837.57974036     0.99900132        0
  1837.60017257     0.99951066        0
  1837.62060469     1.00062945        0
  1837.64103670     1.00103411        0
  1837.66146892     1.00038115        0
  1837.68190103     1.00081343        0
  1837.70233305     1.00014372        0
  1837.72276526     1.00080368        0
  1837.74319737     1.00115270        0
  1837.76362939     1.00150703        0
  1837.78406160     0.99816854        0
  1837.80449371     1.00133078        0
  1837.82492582     0.99910159        0
  1837.84535793     0.99937584        0
  1837.86579004     0.99968005        0
  1837.88622205     0.99975545        0
  1837.90665426     0.99938599        0
  1837.92708637     0.99774838        0
  1837.94751848     0.99835471        0
  1837.96795059     0.99970277        0
  1837.98838270     1.00113755        0
  1838.00881470     0.99861687        0
  1838.02924691     0.99783054        0
  1838.04967902     1.00001895        0
  1838.07011122     0.99921311        0
  1838.09054323     0.99766851        0
  1838.11097533     0.99979883        0
  1838.13140754     1.00150537        0
  1838.15183954     0.99988479        0
  1838.17227164     1.00106196        0
  1838.19270385     1.00028773        0
  1838.21313585     0.99973238        0
  1838.29486425     1.00032812        0
  1838.31529645     1.00009672        0
  1838.33572855     1.00127612        0
  1838.35616055     1.00026524        0
  1838.37659275     1.00131884        0
  1838.39702485     1.00219147        0
  1838.41745684     0.99994018        0
  1838.43788904     1.00772926        0
  1838.45832114     1.00016544        0
  1838.47875313     0.99929658        0
  1838.49918533     1.00085386        0
  1838.51961742     1.00154072        0
  1838.54004942     1.00053262        0
  1838.56048161     1.00114522        0
  1838.58091371     0.99959949        0
  1838.60134570     0.99939872        0
  1838.62177789     1.00000000        0
  1838.64220998     1.00057085        0
  1838.66264198     0.99933781        0
  1838.68307417     1.00116929        0
  1838.70350626     0.99982161        0
  1838.72393835     0.99982025        0
  1838.74437044     0.99972304        0
  1838.76480253     1.00214769        0
  1838.78523462     0.99872713        0
  1838.80566671     1.00038729        0
  1838.82609879     1.00159556        0
  1838.84653098     0.99884994        0
  1838.86696297     0.99931113        0
  1838.88739505     1.00102261        0
  1838.90782724     1.00084327        0
  1838.92825923     0.99934422        0
  1838.94869131     1.00011320        0
  1838.96912350     1.00014858        0
  1838.98955548     0.99369528        0
  1839.05085173     1.00057843        0
  1839.07128381     0.99987103        0
  1839.09171599     1.00102825        0
  1839.11214808     0.99964919        0
  1839.13258006     1.00092999        0
  1839.15301224     1.00028101        0
  1839.17344432     0.99832360        0
  1839.19387630     1.00004813        0
  1839.21430848     1.00022761        0
  1839.23474055     0.99951213        0
  1839.25517253     1.00025004        0
  1839.27560471     1.00114394        0
  1839.29603679     1.00005374        0
  1839.31646896     0.99896123        0
  1839.33690094     0.99904542        0
  1839.35733302     0.99850901        0
  1839.37776509     1.00026638        0
  1839.39819717     0.99819454        0
  1839.41862914     0.99932073        0
  1839.43906131     1.00146506        0
  1839.45949339     0.99946277        0
  1839.47992536     1.00099382        0
  1839.50035753     1.00048123        0
  1839.52078961     0.99979258        0
  1839.54122168     0.99933804        0
  1839.56165375     1.00124447        0
  1839.58208582     0.99949270        0
  1839.60251789     0.99993789        0
  1839.62294996     1.00040729        0
  1839.64338203     0.99772879        0
  1839.72511030     0.99307006        0
  1839.74554247     0.99979152        0
  1839.76597443     0.99865608        0
  1839.78640650     0.99742311        0
  1839.80683867     0.99973660        0
  1839.82727063     1.00048893        0
  1839.84770270     0.99870016        0
  1839.86813486     1.00206819        0
  1839.88856682     1.00142773        0
  1839.90899889     1.00097271        0
  1839.92943105     0.99861172        0
  1839.94986311     1.00023955        0
  1839.97029517     1.00031333        0
  1839.99072724     1.00243731        0
  1840.27677605     0.99973416        0
  1840.29720810     0.99949493        0
  1840.31764006     0.99926417        0
  1840.33807221     1.00005550        0
  1840.35850426     0.99881652        0
  1840.37893632     0.99956299        0
  1840.39936837     0.99814736        0
  1840.41980042     1.00034994        0
  1840.44023247     0.99788731        0
  1840.46066452     1.00177864        0
  1840.48109657     0.99957377        0
  1840.50152862     1.00046873        0
  1840.52196077     1.00070212        0
  1840.54239272     1.00043594        0
  1840.56282487     1.00273704        0
  1840.58325692     1.00096658        0
  1840.60368887     1.00084480        0
  1840.62412101     1.00043814        0
  1840.64455306     1.00032780        0
  1840.66498501     1.00085410        0
  1840.68541715     1.00083352        0
  1840.70584920     0.99582456        0
  1840.72628114     0.99939759        0
  1840.74671329     1.00143764        0
  1840.76714533     0.99861159        0
  1840.78757738     1.00016213        0
  1840.80800942     1.00194607        0
  1840.82844136     0.99952216        0
  1840.84887350     1.00043674        0
  1840.86930555     0.99983094        0
  1840.88973759     0.99957822        0
  1840.91016953     1.00078118        0
  1840.93060167     0.99957700        0
  1840.95103371     1.00015492        0
  1840.97146565     0.99796946        0
  1840.99189779     0.99806979        0
  1872.00733796     0.99930234        1
  1872.02776958     1.00135497        1
  1872.04820120     1.00007962        1
  1872.06863282     1.00125415        1
  1872.08906443     0.99869803        1
  1872.10949605     0.99840468        1
  1872.12992777     0.99936997        1
  1872.17079090     1.00079885        1
  1872.19122262     0.99998974        1
  1872.21165423     1.00004265        1
  1872.23208575     1.00100516        1
  1872.25251747     1.00052807        1
  1872.27294908     1.00007605        1
  1872.29338060     1.00257275        1
  1872.31381232     1.00024319        1
  1872.33424393     1.00067054        1
  1872.35467545     1.00003467        1
  1872.37510716     1.00051042        1
  1872.41597050     0.99836338        1
  1872.43640201     1.00074042        1
  1872.45683363     0.99934836        1
  1872.47726534     1.00043990        1
  1872.49769686     0.99949664        1
  1872.51812847     1.00474854        1
  1872.53856019     1.00012161        1
  1872.55899170     1.00145376        1
  1872.57942332     1.00149140        1
  1872.59985503     0.99883335        1
  1872.62028655     1.00084004        1
  1872.66114988     1.00000000        1
  1872.68158139     0.99953785        1
  1872.70201311     1.00011753        1
  1872.72244472     0.99865276        1
  1872.74287624     0.99904758        1
  1872.76330795     0.99943963        1
  1872.78373956     0.99847196        1
  1872.80417108     0.99867315        1
  1872.82460279     1.00032538        1
  1872.84503441     0.99947403        1
  1872.86546592     0.99873716        1
  1872.90632925     1.00114491        1
  1872.92676076     0.99922344        1
  1872.94719247     0.99889832        1
  1872.96762409     1.00193309        1
  1872.98805580     1.00028801        1
  1873.00848731     1.00040325        1
  1873.02891893     0.99836025        1
  1873.04935064     0.99966179        1
  1873.06978215     0.99940192        1
  1873.09021376     0.99972451        1
  1873.11064548     0.99748303        1
  1873.15150860     0.99922974        1
  1873.17194031     0.99968954        1
  1873.19237193     0.99864895        1
  1873.21280354     0.99670602        1
  1873.23323515     0.99902871        1
  1873.25366676     0.99948433        1
  1873.27409837     0.99968176        1
  1873.29452999     1.00124860        1
  1873.31496160     1.00075194        1
  1873.33539321     1.00128737        1
  1873.35582482     0.99941609        1
  1873.39668805     0.99723025        1
  1873.41711966     1.00038552        1
  1873.43755117     0.99799640        1
  1873.45798288     1.00013360        1
  1873.47841449     1.00167341        1
  1873.49884620     1.00192930        1
  1873.51927771     1.00498830        1
  1873.53970932     0.99940840        1
  1873.56014103     1.00366346        1
  1873.58057254     0.99855348        1
  1873.60100416     1.00146960        1
  1873.76445714     0.99964980        1
  1873.80532036     0.99949709        1
  1873.82575197     0.99928144        1
  1873.84618368     0.99733676        1
  1873.88704680     1.00180500        1
  1873.90747851     0.99869569        1
  1873.92791002     0.99887244        1
  1873.94834163     1.00087062        1
  1873.96877333     1.00047852        1
  1873.98920484     1.00212933        1
  1874.00963655     1.00045751        1
  1874.03006806     1.00101390        1
  1874.05049967     1.00219904        1
  1874.07093138     1.00193846        1
  1874.09136289     1.00281994        1
  1874.25481586     1.00107065        1
  1874.27524746     1.00095415        1
  1874.29567907     1.00087311        1
  1874.31611068     1.00099134        1
  1874.33654229     1.00121394        1
  1874.37740550     1.00277892        1
  1874.39783711     1.00101693        1
  1874.41826882     1.00055946        1
  1874.43870033     0.99952260        1
  1874.45913193     1.00055010        1
  1874.47956364     1.00122491        1
  1874.49999515     1.00206616        1
  1874.52042686     0.99827506        1
  1874.54085846     0.99886767        1
  1874.56128997     0.99976998        1
  1874.58172168     1.00026038        1
  1874.62258479     0.99899333        1
  1874.64301650     0.99915443        1
  1874.66344811     1.00096259        1
  1874.68387971     1.00086378        1
  1874.70431132     0.99937783        1
  1874.72474293     0.99936479        1
  1874.74517443     1.00023696        1
  1874.76560614     1.00021481        1
  1874.78603775     0.99926569        1
  1874.80646935     1.00102001        1
  1874.86776427     0.99919457        1
  1874.88819578     1.00029940        1
  1874.90862738     0.99921622        1
  1874.92905909     1.00217503        1
  1874.94949059     1.00077973        1
  1874.96992220     0.99909130        1
  1874.99035391     0.99863140        1
  1875.01078541     0.99991873        1
  1875.03121712     0.99996880        1
  1875.05164872     1.00287447        1
  1875.11294354     0.99941206        1
  1875.13337505     1.00128465        1
  1875.15380675     1.00038466        1
  1875.17423836     0.99946689        1
  1875.19466996     0.99958890        1
  1875.21510157     1.00017814        1
  1875.23553317     1.00131443        1
  1875.25596488     1.00119685        1
  1875.35812280     0.99666512        1
  1875.37855450     0.99933936        1
  1875.39898601     0.99993856        1
  1875.41941761     1.00131116        1
  1875.43984932     0.99801743        1
  1875.46028082     0.99867943        1
  1875.48071243     0.99957967        1
  1875.50114413     1.00095166        1
  1875.52157563     0.99945702        1
  1875.54200734     0.99913594        1
  1875.56243894     0.99927045        1
  1875.60330215     0.99846580        1
  1875.62373376     0.99939650        1
  1875.64416526     0.99979783        1
  1875.66459696     1.00241785        1
  1875.68502857     0.99920100        1
  1875.70546017     0.99856557        1
  1875.72589177     0.99879919        1
  1875.74632338     0.99790909        1
  1875.76675508     0.99928570        1
  1875.78718658     1.00107326        1
  1875.80761819     0.99870445        1
  1875.84848149     0.99963368        1
  1875.86891300     0.99963845        1
  1875.88934470     0.99941165        1
  1875.90977630     1.00542517        1
  1875.93020781     0.99842810        1
  1875.95063951     0.99850617        1
  1875.97107111     0.99999077        1
  1875.99150282     0.99778004        1
  1876.01193432     0.99777573        1
  1876.03236592     0.99917119        1
  1876.09366073     0.99903114        1
  1876.11409233     0.99833380        1
  1876.13452393     0.99844037        1
  1876.15495544     1.00024141        1
  1876.17538714     0.99852086        1
  1876.19581874     0.99862067        1
  1876.21625034     0.99943332        1
  1876.23668195     1.00005464        1
  1876.25711355     1.00128264        1
  1876.27754525     1.00243590        1
  1876.33884006     0.99878954        1
  1876.35927166     1.00045649        1
  1876.37970316     1.00476744        1
  1876.40013486     1.01226565        1
  1876.42056647     1.00190606        1
  1876.44099797     0.99966148        1
  1876.46142967     0.99932115        1
  1876.48186127     1.00000320        1
  1876.50229297     1.00104859        1
  1876.52272447     0.99981978        1
  1876.54315608     1.00213393        1
  1876.58401928     1.00062528        1
  1876.60445088     1.00181678        1
  1876.62488258     1.00085757        1
  1876.64531408     1.00111554        1
  1876.66574568     1.00051155        1
  1876.82919849     1.00131692        1
  1876.84963019     1.00032427        1
  1876.87006170     1.00081102        1
  1876.89049330     1.00200437        1
  1876.91092500     1.00149190        1
  1876.93135660     1.00081028        1
  1877.07437790     1.00038930        1
  1877.09480940     0.99894767        1
  1877.11524100     1.00172155        1
  1877.13567270     0.99937599        1
  1877.15610420     1.00191782        1
  1877.17653580     1.00015110        1
  1877.19696750     0.99864715        1
  1877.21739900     0.99987239        1
  1877.23783070     0.99964314        1
  1877.25826230     1.00062574        1
  1877.27869380     0.99987101        1
  1877.31955710     1.00095918        1
  1877.33998870     1.00053825        1
  1877.36042030     1.00075603        1
  1877.38085190     1.00132909        1
  1877.40128350     1.00058278        1
  1877.42171510     0.99932908        1
  1877.44214670     0.99948876        1
  1877.46257830     0.99910995        1
  1877.48300990     1.00037112        1
  1877.50344150     1.00044046        1
  1877.52387310     1.00066854        1
  1877.56473630     1.00016082        1
  1877.58516800     0.99927358        1
  1877.60559950     1.00078968        1
  1877.62603110     0.99963652        1
  1877.64646280     1.00059656        1
  1877.66689430     0.99948666        1
  1877.68732600     1.00126499        1
  1877.70775760     1.00001578        1
  1877.72818910     0.99975264        1
  1877.74862080     1.00084724        1
  1877.76905240     1.00332896        1
  1877.80991559     0.99983580        1
  1877.83034719     1.00223723        1
  1877.85077869     0.99913330        1
  1877.87121039     0.99821332        1
  1877.89164199     1.00055461        1
  1877.91207359     1.00000313        1
  1877.93250519     1.00078058        1
  1877.95293679     0.99890312        1
  1877.97336849     1.00077051        1
  1877.99380009     1.00188388        1
  1878.01423158     0.99930037        1
  1878.05509488     1.00050219        1
  1878.07552638     0.99980557        1
  1878.09595808     0.99969706        1
  1878.11638968     0.99853004        1
  1878.13682118     0.99957888        1
  1878.15725288     0.99968606        1
  1878.17768437     0.99939971        1
  1878.19811607     1.00082047        1
  1878.21854767     1.00009094        1
  1878.23897917     0.99980101        1
  1878.25941087     0.99906662        1
  1878.30027397     1.00024492        1
  1878.32070566     0.99974746        1
  1878.34113726     0.99950639        1
  1878.36156876     0.99889305        1
  1878.38200046     0.99895546        1
  1878.40243206     0.99898046        1
  1878.42286376     0.99812978        1
  1878.44329525     0.99854974        1
  1878.46372685     0.99917121        1
  1878.48415855     1.00155628        1
  1878.50459005     0.99926100        1
  1878.54545335     0.99912291        1
  1878.56588494     0.99872797        1
  1878.58631644     0.99898476        1
  1878.60674814     0.99908399        1
  1878.62717974     0.99965441        1
  1878.64761134     1.00187998        1
  1878.66804294     0.99885639        1
  1878.68847453     0.99975396        1
  1878.70890623     0.99907031        1
  1878.72933773     0.99902147        1
  1878.74976933     1.00053478        1
  1878.79063252     0.99969532        1
  1878.81106412     1.00136356        1
  1878.83149572     1.00014641        1
  1878.85192732     0.99841259        1
  1878.87235901     1.00081345        1
  1878.89279051     1.00044992        1
  1878.91322211     1.00126855        1
  1878.93365381     1.00015080        1
  1878.95408531     1.00212158        1
  1878.97451690     0.99927150        1
  1878.99494860     1.00075780        1
  1879.07667499     1.00041905        1
  1879.09710659     1.00011750        1
  1879.11753819     1.00054215        1
  1879.13796979     1.00373667        1
  1879.15840138     0.99935158        1
  1879.17883298     1.00110697        1
  1879.19926458     0.99985244        1
  1879.21969628     0.99944727        1
  1879.24012777     1.00014617        1
  1879.34228586     0.99934195        1
  1879.36271736     1.00080063        1
  1879.38314906     0.99781832        1
  1879.40358065     1.00086524        1
  1879.42401215     1.00036166        1
  1879.44444385     1.00031182        1
  1879.46487545     1.00050116        1
  1879.48530694     0.99887147        1
  1879.52617014     0.99998342        1
  1879.54660183     1.00015999        1
  1879.56703343     1.00091063        1
  1879.58746503     0.99977529        1
  1879.60789663     1.00128358        1
  1879.62832822     0.99904575        1
  1879.64875982     1.00019028        1
  1879.66919142     0.99936990        1
  1879.68962302     1.00033092        1
  1879.71005461     0.99989887        1
  1879.73048621     0.99944396        1
  1879.77134951     0.99866226        1
  1879.79178110     0.99999534        1
  1879.81221260     1.00078739        1
  1879.83264430     0.99934866        1
  1879.85307589     1.00005203        1
  1879.87350739     1.00133309        1
  1879.89393909     1.00073533        1
  1879.91437069     1.00047253        1
  1879.93480218     0.99861871        1
  1879.95523388     0.99995040        1
  1879.97566548     1.00010815        1
  1880.03696027     1.00104397        2
  1880.05739197     0.99967437        2
  1880.07782346     0.99991713        2
  1880.09825506     1.00072510        2
  1880.11868666     1.00033399        2
  1880.13911825     1.00074697        2
  1880.15954985     1.00015878        2
  1880.17998155     0.99873639        2
  1880.20041305     0.99967581        2
  1880.22084474     0.99879636        2
  1880.26170784     0.99991126        2
  1880.28213953     1.00063667        2
  1880.30257113     0.99893315        2
  1880.32300263     0.99919341        2
  1880.34343433     1.00204271        2
  1880.36386592     0.99874665        2
  1880.38429742     0.99914899        2
  1880.40472912     1.00083653        2
  1880.42516071     1.00030789        2
  1880.44559241     0.99926511        2
  1880.46602391     1.00083407        2
  1880.50688720     1.00084895        2
  1880.52731870     0.99996293        2
  1880.54775030     0.99838270        2
  1880.56818199     0.99840240        2
  1880.58861349     0.99895175        2
  1880.60904509     0.99801732        2
  1880.62947679     1.00042304        2
  1880.64990828     0.99968436        2
  1880.67033998     1.00056799        2
  1880.75206637     0.99974118        2
  1880.77249796     0.99906791        2
  1880.79292956     1.00076371        2
  1880.81336116     1.00106276        2
  1880.83379276     0.99989622        2
  1880.85422435     1.00131003        2
  1880.87465595     1.00091052        2
  1880.89508755     0.99915368        2
  1880.91551914     1.00041829        2
  1880.93595074     1.00153215        2
  1880.95638244     0.99961172        2
  1881.01767723     1.00060243        2
  1881.03810873     1.00111180        2
  1881.05854032     0.99951887        2
  1881.07897202     1.00037663        2
  1881.09940352     1.00205934        2
  1881.11983522     0.99975211        2
  1881.14026681     1.00146130        2
  1881.16069831     1.00158376        2
  1881.18113001     0.99939115        2
  1881.20156161     1.00142344        2
  1881.24242480     0.99868656        2
  1881.26285640     1.00116554        2
  1881.28328799     0.99878657        2
  1881.30371959     1.00006215        2
  1881.32415119     1.00112235        2
  1881.34458289     1.00017348        2
  1881.36501438     0.99898285        2
  1881.38544598     1.00028184        2
  1881.40587768     1.00108846        2
  1881.42630928     0.99985216        2
  1881.44674077     0.99832795        2
  1881.48760397     1.00060899        2
  1881.50803566     0.99989948        2
  1881.52846726     0.99851585        2
  1881.54889886     0.99953279        2
  1881.56933046     0.99983147        2
  1881.58976205     0.99947157        2
  1881.61019355     0.99979133        2
  1881.63062525     0.99945962        2
  1881.65105685     1.00137817        2
  1881.67148834     0.99880189        2
  1881.69192004     1.00039010        2
  1881.73278334     0.99894353        2
  1881.75321483     1.00073728        2
  1881.77364643     0.99985546        2
  1881.79407813     1.00058015        2
  1881.81450963     0.99815729        2
  1881.83494122     0.99939360        2
  1881.85537292     0.99961894        2
  1881.87580442     1.00116619        2
  1881.89623602     0.99773901        2
  1881.91666771     1.00070016        2
  1881.93709931     0.99914510        2
  1881.97796251     0.99960297        2
  1881.99839410     1.00040491        2
  1882.01882570     0.99974642        2
  1882.03925730     1.00011891        2
  1882.05968890     0.99959858        2
  1882.08012060     0.99871426        2
  1882.10055209     0.99862644        2
  1882.12098369     1.00079320        2
  1882.14141539     0.99974019        2
  1882.16184689     0.99864582        2
  1882.22314168     1.00084802        2
  1882.24357338     1.00133845        2
  1882.26400488     1.00002760        2
  1882.28443647     1.00042068        2
  1882.30486817     1.00038507        2
  1882.32529967     1.00059699        2
  1882.34573137     0.99973088        2
  1882.36616297     0.99890164        2
  1882.38659446     1.00076110        2
  1882.46832096     0.99914430        2
  1882.48875255     0.99794187        2
  1882.50918415     0.99881366        2
  1882.52961575     1.00083224        2
  1882.55004735     1.00038073        2
  1882.57047905     1.00012372        2
  1882.59091065     1.00052388        2
  1882.77479503     0.99879526        2
  1882.79522673     1.00110349        2
  1882.81565823     1.00048023        2
  1882.83608983     1.00013360        2
  1882.85652153     1.00092624        2
  1882.87695302     1.00098116        2
  1882.89738452     1.00148172        2
  1882.91781622     0.99993349        2
  1883.04040581     1.00083826        2
  1883.06083741     1.00141471        2
  1883.08126911     0.99957631        2
  1883.10170071     1.00045688        2
  1883.12213221     0.99988069        2
  1883.14256391     1.00001060        2
  1883.16299551     1.00013693        2
  1883.20385871     0.99931718        2
  1883.22429030     0.99990050        2
  1883.24472200     0.99990895        2
  1883.26515350     1.00014973        2
  1883.28558510     0.99976365        2
  1883.30601680     0.99942985        2
  1883.32644830     1.00063117        2
  1883.34687990     0.99923583        2
  1883.36731160     1.00023684        2
  1883.38774310     0.99950494        2
  1883.40817480     0.99982772        2
  1883.44903790     1.00173295        2
  1883.46946960     1.00105850        2
  1883.48990120     1.00006434        2
  1883.51033270     1.00021764        2
  1883.53076440     0.99973288        2
  1883.55119589     0.99994701        2
  1883.57162759     1.00018923        2
  1883.59205919     0.99856666        2
  1883.61249069     1.00061452        2
  1883.63292239     0.99920604        2
  1883.65335399     0.99978343        2
  1883.71464879     1.00051446        2
  1883.73508039     0.99970420        2
  1883.75551199     1.00008300        2
  1883.77594359     1.00028166        2
  1883.79637529     0.99885971        2
  1883.81680689     0.99998043        2
  1883.83723839     1.00061710        2
  1883.85767009     1.00036629        2
  1883.87810169     1.00038022        2
  1883.89853319     0.99949802        2
  1883.98025969     1.00006996        2
  1884.00069130     1.00085793        2
  1884.02112300     1.00001429        2
  1884.04155450     0.99998374        2
  1884.06198610     0.99944754        2
  1884.08241780     1.00009050        2
  1884.10284930     0.99960075        2
  1884.12328090     0.99915296        2
  1884.14371260     0.99948763        2
  1884.20500730     0.99929591        2
  1884.22543890     0.99872936        2
  1884.24587060     0.99919664        2
  1884.26630210     0.99882255        2
  1884.28673371     0.99728537        2
  1884.30716541     0.99970765        2
  1884.32759701     1.00028503        2
  1884.34802851     0.99949827        2
  1884.36846021     1.00028196        2
  1884.38889181     0.99978637        2
  1884.42975501     0.99887646        2
  1884.45018662     0.99988351        2
  1884.47061832     1.00073850        2
  1884.49104982     1.00128577        2
  1884.51148142     1.00104394        2
  1884.53191312     0.99900964        2
  1884.55234462     0.99915042        2
  1884.57277622     0.99994831        2
  1884.59320793     1.00019346        2
  1884.61363943     1.00015318        2
  1884.63407113     0.99937368        2
  1884.67493423     1.00045195        2
  1884.69536593     0.99984585        2
  1884.71579754     1.00010164        2
  1884.73622914     1.00056638        2
  1884.75666074     0.99979817        2
  1884.77709234     0.99960570        2
  1884.79752394     1.00145046        2
  1884.81795555     0.99875250        2
  1884.83838715     1.00051819        2
  1884.85881875     1.00051584        2
  1884.87925035     0.99883829        2
  1884.92011356     0.99994011        2
  1884.94054516     1.00018907        2
  1884.96097676     1.00099302        2
  1884.98140847     1.00045719        2
  1885.00183997     1.00069058        2
  1885.02227167     1.00014737        2
  1885.04270327     0.99952579        2
  1885.06313478     1.00034580        2
  1885.08356648     0.99978960        2
  1885.10399808     1.00000022        2
  1885.12442959     1.00097457        2
  1885.16529289     0.99259678        2
  1885.18572439     1.00184946        2
  1885.20615610     1.00004141        2
  1885.22658770     1.00030533        2
  1885.24701940     1.00088452        2
  1885.26745091     1.00096418        2
  1885.28788251     0.99965481        2
  1885.30831421     1.00118691        2
  1885.32874572     0.99913373        2
  1885.34917732     1.00026276        2
  1885.36960902     0.99999981        2
  1885.43090384     0.99958917        2
  1885.45133544     1.00002288        2
  1885.47176704     0.99923301        2
  1885.49219865     0.99854236        2
  1885.51263025     1.00026449        2
  1885.53306186     0.99977912        2
  1885.55349346     0.99937558        2
  1885.57392496     0.99931438        2
  1885.59435667     1.00037734        2
  1885.61478827     0.99993329        2
  1885.65565148     1.00007583        2
  1885.67608309     0.99952750        2
  1885.69651479     1.00043550        2
  1885.71694629     1.00023895        2
  1885.73737790     1.00053381        2
  1885.75780960     0.99961172        2
  1885.77824111     0.99955333        2
  1885.79867271     1.00077084        2
  1885.81910442     1.00028943        2
  1885.83953592     1.00062976        2
  1885.85996763     1.00002819        2
  1885.90083074     1.00037350        2
  1885.92126244     0.99958717        2
  1885.94169405     0.99975089        2
  1885.96212565     1.00048190        2
  1885.98255726     0.99949872        2
  1886.00298886     0.99988926        2
  1886.02342047     0.99877202        2
  1886.04385207     0.99902613        2
  1886.06428368     1.00045226        2
  1886.08471539     1.00007796        2
  1886.10514699     1.00083832        2
  1886.16644181     0.99929626        2
  1886.18687332     0.99924528        2
  1886.20730502     0.99958556        2
  1886.22773653     0.99982555        2
  1886.24816823     1.00015688        2
  1886.26859984     1.00206618        2
  1886.28903135     0.99915880        2
  1886.30946305     0.99958806        2
  1886.32989466     1.00016698        2
  1886.35032616     1.00190545        2
  1886.39118948     0.99890709        2
  1886.41162098     0.99942093        2
  1886.43205269     1.00010309        2
  1886.45248430     0.99902467        2
  1886.47291601     1.00046188        2
  1886.49334751     0.99925969        2
  1886.51377912     0.99862627        2
  1886.53421083     1.00000000        2
  1886.63636886     0.99996663        2
  1886.65680047     1.00083849        2
  1886.67723208     1.00060162        2
  1886.69766369     1.00028248        2
  1886.71809529     1.00076077        2
  1886.73852690     1.00101592        2
  1886.75895861     1.00003838        2
  1886.88154816     0.99995294        2
  1886.90197976     1.00251482        2
  1886.92241147     0.99917373        2
  1886.94284298     1.00187636        2
  1886.96327459     1.00064614        2
  1886.98370630     0.99952719        2
  1887.00413781     0.99999911        2
  1887.12672756     0.99994925        2
  1887.14715917     1.00020062        2
  1887.16759078     1.00026376        2
  1887.18802239     0.99955700        2
  1887.20845400     0.99933449        2
  1887.22888561     0.99854510        2
  1887.24931732     0.99834417        2
  1887.26974883     1.00076347        2
  1887.29018044     0.99986848        2
  1887.31061215     1.00002869        2
  1887.33104376     1.00014153        2
  1887.37190698     1.00039796        2
  1887.39233859     0.99779294        2
  1887.41277010     0.99925713        2
  1887.43320181     0.99942655        2
  1887.45363342     1.00044244        2
  1887.47406503     1.00053041        2
  1887.49449664     1.00136980        2
  1887.51492825     1.00030735        2
  1887.53535996     0.99932082        2
  1887.55579147     1.00074007        2
  1887.57622308     0.99983450        2
  1887.61708630     1.00029526        2
  1887.63751801     0.99999919        2
  1887.65794952     1.00028936        2
  1887.67838114     0.99990823        2
  1887.69881285     1.00005172        2
  1887.71924436     0.99983024        2
  1887.73967597     1.00107933        2
  1887.76010768     1.00040988        2
  1887.78053919     0.99902840        2
  1887.80097081     0.99812956        2
  1887.86226574     0.99996970        2
  1887.88269735     0.99989331        2
  1887.90312896     0.99952466        2
  1887.92356058     1.00149205        2
  1887.94399219     1.00012941        2
  1887.96442380     1.00135035        2
  1887.98485551     0.99838332        2
  1891.04959916     1.00049298        3
  1891.07003078     1.00041896        3
  1891.09046251     1.00024292        3
  1891.11089404     1.00050290        3
  1891.13132567     0.99920628        3
  1891.15175739     1.00074805        3
  1891.17218892     0.99959618        3
  1891.19262065     0.99941024        3
  1891.21305228     0.99973187        3
  1891.23348381     1.00032688        3
  1891.29477870     0.99949232        3
  1891.31521042     1.00058761        3
  1891.33564205     0.99834275        3
  1891.35607378     0.99961458        3
  1891.37650531     1.00043712        3
  1891.39693694     0.99982354        3
  1891.41736867     1.00076258        3
  1891.43780020     1.00030137        3
  1891.45823183     1.00012287        3
  1891.47866356     0.99970634        3
  1891.49909519     1.00015865        3
  1891.53995845     0.99915066        3
  1891.56038998     0.99919604        3
  1891.58082171     1.00016093        3
  1891.60125334     1.00168461        3
  1891.62168487     1.00107124        3
  1891.64211661     0.99967450        3
  1891.66254824     0.99964215        3
  1891.68297977     0.99938836        3
  1891.70341150     0.99863733        3
  1891.72384313     0.99904163        3
  1891.74427486     0.99873521        3
  1891.78513803     1.00061030        3
  1891.80556976     1.00048394        3
  1891.82600129     1.00023146        3
  1891.84643292     0.99958718        3
  1891.86686466     1.00065152        3
  1891.88729619     1.00021930        3
  1891.90772782     0.99935295        3
  1891.92815955     0.99965384        3
  1891.94859109     0.99987849        3
  1891.96902282     1.00029815        3
  1891.98945445     0.99809001        3
  1892.03031772     1.00003611        3
  1892.05074935     0.99951912        3
  1892.07118099     1.00080499        3
  1892.09161262     1.00017028        3
  1892.11204425     1.00078968        3
  1892.13247599     1.00021995        3
  1892.15290762     0.99971879        3
  1892.17333916     1.00025875        3
  1892.19377089     1.00170492        3
  1892.21420243     0.99996578        3
  1892.23463406     0.99956031        3
  1892.27549733     0.99917187        3
  1892.29592907     1.00085077        3
  1892.31636070     1.00081458        3
  1892.33679224     1.00043139        3
  1892.35722397     0.99928911        3
  1892.37765561     1.00036049        3
  1892.39808714     1.00092765        3
  1892.41851888     1.00066698        3
  1892.43895051     0.99955740        3
  1892.45938205     0.99996654        3
  1892.52067716     1.00149278        3
  1892.54110870     1.00002647        3
  1892.56154033     0.99979698        3
  1892.58197207     0.99955636        3
  1892.60240361     1.00066773        3
  1892.62283524     1.00086386        3
  1892.64326698     0.99953262        3
  1892.66369862     0.99935977        3
  1892.84758336     0.99861706        3
  1892.86801510     1.00163818        3
  1892.88844664     0.99940169        3
  1892.90887838     0.99862033        3
  1892.92930992     1.00086063        3
  1892.94974156     1.00136688        3
  1892.97017330     0.99945552        3
  1893.01103648     0.99578707        3
  1893.03146822     0.99979154        3
  1893.05189976     1.00006051        3
  1893.07233150     1.00047667        3
  1893.09276314     0.99835540        3
  1893.11319468     0.99861912        3
  1893.13362642     0.99953376        3
  1893.15405806     0.99867441        3
  1893.17448960     0.99980045        3
  1893.19492134     1.00090954        3
  1893.21535298     0.99935653        3
  1893.33794283     0.99988633        3
  1893.35837458     1.00201111        3
  1893.37880622     0.99876561        3
  1893.39923776     1.00089481        3
  1893.41966950     1.00000567        3
  1893.44010115     1.00011597        3
  1893.46053289     1.00066542        3
  1893.50139608     1.00067002        3
  1893.52182782     0.99858986        3
  1893.54225936     1.00042073        3
  1893.56269091     1.00016498        3
  1893.58312265     0.99938755        3
  1893.60355429     1.00024545        3
  1893.62398604     0.99993516        3
  1893.64441758     1.00012790        3
  1893.66484923     1.00094139        3
  1893.68528097     1.00017027        3
  1893.70571252     0.99963931        3
  1893.74657591     1.00114418        3
  1893.76700745     0.99979345        3
  1893.78743910     0.99999915        3
  1893.80787084     1.00139816        3
  1893.82830239     1.00000580        3
  1893.84873413     0.99924069        3
  1893.86916578     0.99874826        3
  1893.88959742     0.99850571        3
  1893.91002907     1.00086207        3
  1893.93046072     0.99941383        3
  1893.95089236     1.00048694        3
  1894.01218740     0.99941837        3
  1894.03261905     0.99885400        3
  1894.05305060     1.00008442        3
  1894.07348234     0.99929313        3
  1894.09391399     0.99974824        3
  1894.11434554     1.00132140        3
  1894.13477729     0.99914394        3
  1894.15520894     1.00008060        3
  1894.17564058     1.00008513        3
  1894.19607223     0.99998494        3
  1894.23693553     1.00017284        3
  1894.25736718     0.99895657        3
  1894.27779873     0.99962598        3
  1894.29823047     0.99887112        3
  1894.31866212     1.00054245        3
  1894.33909367     1.00048617        3
  1894.35952542     0.99924673        3
  1894.37995707     1.00112707        3
  1894.40038882     1.00026456        3
  1894.42082037     1.00134083        3
  1894.44125202     0.99836482        3
  1894.48211532     1.00087347        3
  1894.50254697     0.99927620        3
  1894.52297872     1.00113691        3
  1894.54341037     0.99861935        3
  1894.56384203     1.00070499        3
  1894.58427368     1.00040031        3
  1894.60470533     1.00005696        3
  1894.62513698     1.00060157        3
  1894.72729524     0.99936123        3
  1894.74772699     1.00072941        3
  1894.76815854     0.99933026        3
  1894.78859030     0.99967539        3
  1894.80902195     1.00142680        3
  1894.82945350     1.00047473        3
  1894.84988526     1.00098366        3
  1894.87031681     1.00003986        3
  1894.97247518     0.99773045        3
  1894.99290673     0.99912440        3
  1895.01333849     1.00049062        3
  1895.03377014     1.00048206        3
  1895.05420180     1.00075808        3
  1895.07463345     0.99928067        3
  1895.09506511     0.99962525        3
  1895.11549686     1.00107954        3
  1895.13592842     1.00005222        3
  1895.15636007     0.99876875        3
  1895.17679183     0.99924763        3
  1895.21765504     0.99848001        3
  1895.23808680     0.99953653        3
  1895.25851845     1.00054458        3
  1895.27895001     0.99984690        3
  1895.29938177     1.00002954        3
  1895.31981342     0.99868291        3
  1895.34024518     1.00008081        3
  1895.36067674     1.00000000        3
  1895.38110839     1.00125264        3
  1895.40154015     1.00015377        3
  1895.42197171     0.99890305        3
  1895.46283512     0.99931907        3
  1895.48326668     0.99960176        3
  1895.50369844     1.00032745        3
  1895.52413000     1.00061417        3
  1895.54456166     1.00122582        3
  1895.56499342     0.99966439        3
  1895.58542498     0.99911227        3
  1895.60585664     0.99930144        3
  1895.62628839     1.00097899        3
  1895.64671995     0.99988107        3
  1895.66715171     1.00012594        3
  1895.70801503     1.00025493        3
  1895.72844669     1.00045564        3
  1895.74887835     0.99922717        3
  1895.76931001     1.00003623        3
  1895.78974168     1.00003350        3
  1895.81017334     0.99915027        3
  1895.83060500     1.00037028        3
  1895.85103676     1.00035508        3
  1895.87146832     1.00076270        3
  1895.89190008     0.99944019        3
  1895.91233174     1.00036891        3
  1895.97362673     1.00108082        3
  1895.99405829     1.00042357        3
  1896.01449005     0.99791137        3
  1896.03492172     0.99989890        3
  1896.05535348     0.99927281        3
  1896.07578504     0.99982957        3
  1896.09621671     0.99924209        3
  1896.11664837     0.99976583        3
  1896.13708003     1.00137391        3
  1896.15751170     1.00027957        3
  1896.19837502     1.00006229        3
  1896.21880679     0.99965164        3
  1896.23923835     0.99838742        3
  1896.25967002     0.99998159        3
  1896.28010178     0.99924681        3
  1896.30053335     1.00062412        3
  1896.32096501     1.00075628        3
  1896.34139678     1.00176320        3
  1896.36182834     1.00217467        3
  1896.38226001     0.99733061        3
  1896.50485011     0.99959885        3
  1896.52528177     1.00004140        3
  1896.54571344     0.99949923        3
  1896.56614521     1.00787988        3
  1896.58657677     1.00014952        3
  1896.60700854     1.00010573        3
  1896.62744021     0.99945362        3
  1896.64787178     0.99966417        3
  1896.68873521     1.00100232        3
  1896.70916678     1.00030123        3
  1896.72959855     0.99991358        3
  1896.75003022     0.99979188        3
  1896.77046189     0.99963469        3
  1896.79089356     1.00009803        3
  1896.81132523     0.99872074        3
  1896.83175690     0.99980182        3
  1896.85218857     1.00255789        3
  1896.87262024     1.00046948        3
  1896.89305191     0.99997832        3
  1896.93391525     0.99954588        3
  1896.95434692     0.99922081        3
  1896.97477859     0.99927694        3
  1896.99521036     0.99966675        3
  1897.01564193     0.99970093        3
  1897.03607360     0.99902438        3
  1897.05650537     0.99919538        3
  1897.07693704     1.00000802        3
  1897.09736862     1.00100386        3
  1897.11780039     0.99982911        3
  1897.13823206     1.00097287        3
  1897.17909541     1.00177035        3
  1897.19952708     1.00016185        3
  1897.21995885     1.00043298        3
  1897.24039042     1.00100099        3
  1897.26082210     1.00021057        3
  1897.28125387     0.99994020        3
  1897.30168545     1.00120486        3
  1897.32211722     1.00063029        3
  1897.34254889     0.99951032        3
  1897.36298047     0.99839705        3
  1897.38341224     1.00114127        3
  1897.42427549     0.99967848        3
  1897.44470727     0.99969087        3
  1897.46513894     0.99992515        3
  1897.48557072     0.99922882        3
  1897.50600229     0.99966585        3
  1897.52643387     0.99944436        3
  1897.54686564     0.99966371        3
  1897.56729732     1.00039942        3
  1897.58772900     0.99921348        3
  1897.60816067     0.99868870        3
  1897.62859235     0.99897477        3
  1897.75118241     1.00050724        3
  1897.77161419     0.99980291        3
  1897.79204587     1.00082549        3
  1897.81247745     0.99921052        3
  1897.83290923     1.00037862        3
  1897.85334091     1.00066466        3
  1897.87377268     0.99909152        3
  1897.93506772     0.99943025        3
  1897.95549930     0.99957357        3
  1897.97593098     1.00060570        3
  1897.99636276     1.00023283        3
  1898.01679434     1.00037965        4
  1898.03722612     1.00068255        4
  1898.05765780     0.99946244        4
  1898.07808938     0.99978940        4
  1898.09852116     0.99993820        4
  1898.11895285     0.99877712        4
  1898.15981621     1.00040052        4
  1898.18024779     0.99994202        4
  1898.20067957     1.00143513        4
  1898.22111125     1.00011976        4
  1898.24154284     0.99934752        4
  1898.26197462     1.00090303        4
  1898.28240630     1.00065884        4
  1898.30283799     0.99900856        4
  1898.32326967     0.99917324        4
  1898.34370135     0.99868049        4
  1898.40499640     1.00090579        4
  1898.42542819     0.99926436        4
  1898.44585987     0.99993578        4
  1898.46629146     0.99974219        4
  1898.48672324     1.00048228        4
  1898.50715493     0.99964131        4
  1898.52758651     1.00053134        4
  1898.54801830     1.00101612        4
  1898.56844998     1.00046489        4
  1898.58888177     1.00062133        4
  1898.60931335     0.99973618        4
  1898.65017683     1.00085592        4
  1898.67060841     1.00027095        4
  1898.69104010     0.99980458        4
  1898.71147189     1.00057821        4
  1898.73190347     1.00062702        4
  1898.75233526     1.00067569        4
  1898.77276695     0.99954232        4
  1898.79319854     0.99990937        4
  1898.81363032     0.99920994        4
  1898.83406191     1.00021868        4
  1898.85449360     1.00041113        4
  1898.89535698     1.00056766        4
  1898.91578867     1.00032495        4
  1898.93622045     0.99916665        4
  1898.95665214     1.00025306        4
  1898.97708383     1.00132976        4
  1898.99751552     1.00072037        4
  1899.01794721     0.99854964        4
  1899.03837890     0.99949120        4
  1899.05881059     1.00012949        4
  1899.07924228     0.99958659        4
  1899.09967407     1.00087388        4
  1899.14053746     1.00052156        4
  1899.16096915     0.99878302        4
  1899.18140074     0.99993451        4
  1899.20183253     0.99969246        4
  1899.22226422     0.99957099        4
  1899.24269581     0.99916852        4
  1899.26312761     0.99852449        4
  1899.28355930     0.99843439        4
  1899.30399109     0.99943196        4
  1899.32442269     0.99978639        4
  1899.34485438     0.99856011        4
  1899.38571777     0.99997163        4
  1899.40614946     1.00199261        4
  1899.42658125     0.99947024        4
  1899.44701285     1.00166386        4
  1899.46744464     0.99972789        4
  1899.48787624     0.99955957        4
  1899.50830793     1.00050393        4
  1899.52873973     1.00071756        4
  1899.54917132     1.00064355        4
  1899.56960302     0.99978468        4
  1899.59003481     1.00035179        4
  1899.63089810     1.00080388        4
  1899.65132990     0.99930680        4
  1899.67176160     1.00034224        4
  1899.69219329     0.99937374        4
  1899.71262499     0.99864572        4
  1899.73305669     1.00011503        4
  1899.75348848     1.00001523        4
  1899.77392008     1.00181518        4
  1899.79435178     0.99967781        4
  1899.81478358     0.99933629        4
  1899.83521518     0.99965637        4
  1899.89651027     1.00243995        4
  1899.91694207     1.00027125        4
  1899.93737377     1.00060965        4
  1899.95780537     0.99988564        4
  1899.97823717     1.00078648        4
  1899.99866887     1.00110971        4
  1900.01910067     0.99964128        4
  1900.03953227     0.99983025        4
  1900.05996397     0.99982933        4
  1900.08039567     1.00103063        4
  1900.12125907     1.00045719        4
  1900.14169077     1.00170551        4
  1900.16212247     1.00138928        4
  1900.18255428     0.99994393        4
  1900.20298588     0.99939343        4
  1900.22341758     1.00098208        4
  1900.24384938     1.00046354        4
  1900.26428098     0.99949705        4
  1900.28471269     1.00014188        4
  1900.30514449     1.00023678        4
  1900.32557619     0.99859699        4
  1900.36643960     1.00101855        4
  1900.38687130     0.99983438        4
  1900.40730311     1.00151917        4
  1900.42773471     1.00004883        4
  1900.44816642     0.99981204        4
  1900.46859822     0.99962576        4
  1900.48902983     0.99754630        4
  1900.50946153     0.99920981        4
  1900.52989334     0.99965611        4
  1900.55032494     1.00070243        4
  1900.57075675     0.99920144        4
  1900.61162006     1.00141145        4
  1900.63205187     1.00064905        4
  1900.65248357     1.00077973        4
  1900.67291518     0.99923380        4
  1900.69334699     1.00076794        4
  1900.71377870     1.00117423        4
  1900.85680065     0.99960378        4
  1900.87723236     0.99835657        4
  1900.89766417     0.99898657        4
  1900.91809588     1.00105262        4
  1900.93852749     0.99934557        4
  1900.95895930     0.99970377        4
  1900.97939101     0.99917087        4
  1900.99982262     0.99917152        4
  1901.02025443     1.00098810        4
  1901.04068614     1.00003115        4
  1901.06111775     1.00022262        4
  1901.10198128     0.99970602        4
  1901.12241309     1.00103014        4
  1901.14284470     0.99958936        4
  1901.16327641     0.99963981        4
  1901.18370822     0.99985747        4
  1901.20413984     1.00055393        4
  1901.22457155     0.99956525        4
  1901.24500336     0.99971979        4
  1901.26543498     0.99871629        4
  1901.28586679     1.00331038        4
  1901.30629850     1.00080347        4
  1901.38802536     0.99973005        4
  1901.40845708     0.99967608        4
  1901.42888879     0.99972810        4
  1901.44932051     0.99900473        4
  1901.46975222     0.99983839        4
  1901.49018394     1.00020907        4
  1901.51061565     0.99992896        4
  1901.53104737     0.99921868        4
  1901.55147909     0.99856478        4
  1901.59234252     1.00082694        4
  1901.61277434     0.99978935        4
  1901.63320605     1.00046340        4
  1901.65363767     0.99952163        4
  1901.67406949     1.00047920        4
  1901.69450121     0.99918129        4
  1901.71493283     1.00118955        4
  1901.73536465     0.99899780        4
  1901.75579636     1.00016766        4
  1901.77622798     1.00036613        4
  1901.79665980     0.99988116        4
  1901.83752334     0.99886753        4
  1901.85795496     0.99893290        4
  1901.87838668     1.00092117        4
  1901.89881850     1.00047371        4
  1901.91925012     1.00000000        4
  1901.93968184     0.99933213        4
  1901.96011366     0.99863291        4
  1901.98054529     0.99942061        4
  1902.00097711     1.00316538        4
  1902.02140883     1.00173365        4
  1902.08270400     1.00145576        4
  1902.10313562     1.00072509        4
  1902.12356744     1.00150222        4
  1902.14399916     1.00071792        4
  1902.16443089     1.00075173        4
  1902.18486261     1.00138334        4
  1902.20529433     1.00054523        4
  1902.22572606     0.99967451        4
  1902.24615778     0.99954514        4
  1902.26658951     1.00040948        4
  1902.28702133     1.00010844        4
  1902.32788468     0.99938236        4
  1902.34831651     1.00006241        4
  1902.36874813     0.99989418        4
  1902.38917996     1.00065535        4
  1902.40961169     0.99973286        4
  1902.43004331     1.00126667        4
  1902.45047514     1.00008819        4
  1902.57306550     1.00053067        4
  1902.59349723     0.99981571        4
  1902.61392906     0.99930759        4
  1902.63436069     1.00144655        4
  1902.65479242     1.00152490        4
  1902.67522425     1.00066009        4
  1902.69565588     1.00102731        4
  1902.71608771     1.00539511        4
  1902.73651944     1.00119763        4
  1902.75695107     0.99908884        4
  1902.77738290     1.00022276        4
  1902.81824636     0.99703710        4
  1902.83867809     0.99828338        4
  1902.85910982     0.99968846        4
  1902.87954145     1.00146579        4
  1902.89997329     0.99992080        4
  1902.92040502     0.99955415        4
  1902.94083685     0.99969807        4
  1902.96126848     1.00004175        4
  1902.98170022     0.99990780        4
  1903.00213205     1.00137538        4
  1903.02256368     1.00000658        4
  1903.20644929     1.00094696        4
  1903.22688113     1.00001617        4
  1903.24731287     0.99959739        4
  1903.26774470     1.00146717        4
  1903.30860808     0.99890954        4
  1903.32903991     0.99953913        4
  1903.34947155     0.99918398        4
  1903.36990329     1.00013205        4
  1903.39033513     0.99994832        4
  1903.41076686     1.00031585        4
  1903.43119860     0.99822413        4
  1903.45163024     0.99890912        4
  1903.47206198     0.99960343        4
  1903.49249382     0.99904728        4
  1903.51292556     0.99986326        4
  1903.55378904     1.00055477        4
  1903.57422078     0.99983018        4
  1903.59465242     0.99972914        4
  1903.61508426     0.99981785        4
  1903.63551600     1.00007762        4
  1903.65594784     1.00028655        4
  1903.67637948     0.99993302        4
  1903.69681122     0.99946293        4
  1903.71724306     0.99898475        4
  1903.73767470     1.00031199        4
  1903.75810645     0.99948901        4
  1903.81940177     1.00011093        4
  1903.83983352     0.99974055        4
  1903.86026516     0.99999033        4
  1903.88069701     1.00206761        4
  1903.90112875     0.99865460        4
  1903.92156039     1.00143300        4
  1903.94199224     0.99956510        4
  1903.96242398     0.99981173        4
  1903.98285583     0.99941220        4
  1904.00328747     0.99876114        4
  1904.04415096     1.00018161        4
  1904.06458281     1.00034067        4
  1904.08501446     1.00055922        4
  1904.10544620     0.99941150        4
  1904.12587795     1.00022750        4
  1904.14630970     1.00013422        4
  1904.16674154     1.00028107        4
  1904.18717319     1.00030940        4
  1904.20760504     1.00134248        4
  1904.22803679     1.00015561        4
  1904.24846843     1.00054078        4
  1904.28933203     1.00076753        4
  1904.30976368     0.99915133        4
  1904.33019553     0.99998790        4
  1904.35062728     1.00004314        4
  1904.37105913     1.00038446        4
  1904.39149078     1.00042454        4
  1904.41192253     1.00087300        4
  1904.43235438     1.00068336        4
  1904.45278603     1.00048959        4
  1904.47321778     1.00145741        4
  1904.49364963     1.00032214        4
  1904.61624015     0.99955880        4
  1904.63667190     0.99929585        4
  1904.65710365     0.99955208        4
  1904.67753541     0.99905793        4
  1904.69796716     1.00007212        4
  1904.71839892     0.99963835        4
  1904.73883067     1.00003104        4
  1904.77969418     1.00161474        4
  1904.80012593     1.00073105        4
  1904.82055779     1.00019941        4
  1904.84098945     0.99975122        4
  1904.86142120     1.00026210        4
  1904.88185306     0.99919920        4
  1905.04530712     0.99980874        4
  1905.06573888     1.00093515        4
  1905.08617073     0.99974887        4
  1905.10660239     0.99959298        4
  1905.12703415     0.99990132        4
  1905.14746601     1.00055758        4
  1905.16789767     1.00004911        4
  1905.18832943     0.99946555        4
