  1835.65870916     1.00092130        0
  1835.80173333     0.99823615        0
  1835.82216546     0.99981894        0
  1835.84259738     0.99953517        0
  1835.86302940     1.00016668        0
  1835.88346152     0.99935499        0
  1835.90389344     0.99959999        0
  1835.92432547     0.99938211        0
  1835.94475759     0.99981864        0
  1835.96518951     0.99954756        0
  1835.98562153     1.00090416        0
  1836.00605364     1.00076701        0
  1836.02648556     0.99979441        0
  1836.04691758     1.00118973        0
  1836.06734970     0.99981494        0
  1836.08778162     1.00603094        0
  1836.10821363     1.00018672        0
  1836.12864575     0.99827478        0
  1836.14907777     1.00098785        0
  1836.16950968     0.99953415        0
  1836.18994180     1.00011754        0
  1836.21037381     0.99971828        0
  1836.23080593     1.00051937        0
  1836.25123784     1.00037492        0
  1836.27166985     1.00142600        0
  1836.31253388     1.00033699        0
  1836.33296589     1.00013786        0
  1836.35339800     0.99948302        0
  1836.37382991     1.00009232        0
  1836.39426192     0.99987750        0
  1836.41469394     1.00083064        0
  1836.43512594     1.00069294        0
  1836.45555795     1.00081377        0
  1836.47598996     1.00151476        0
  1836.49642197     1.00044500        0
  1836.51685398     0.99934753        0
  1836.53728599     0.99987773        0
  1836.55771800     1.00009944        0
  1836.57815000     0.99993119        0
  1836.59858211     0.99884502        0
  1836.61901401     0.99986663        0
  1836.63944602     0.99986624        0
  1836.65987812     0.99912050        0
  1836.68031003     0.99981582        0
  1836.70074203     0.99986395        0
  1836.72117414     1.00005611        0
  1836.74160604     1.00015550        0
  1836.76203804     1.00016526        0
  1836.78247015     0.99998228        0
  1836.80290205     1.00035475        0
  1836.82333415     0.99958901        0
  1836.84376615     0.99995901        0
  1836.86419805     0.99892840        0
  1836.88463015     0.99889774        0
  1836.90506215     0.99886763        0
  1836.92549405     0.99915638        0
  1836.94592615     0.99832145        0
  1836.96635815     1.00070850        0
  1836.98679015     1.00024682        0
  1837.00722214     0.99984917        0
  1837.02765414     0.99651729        0
  1837.08895013     0.99954864        0
  1837.10938212     1.00049167        0
  1837.12981412     1.00041579        0
  1837.15024611     0.99916462        0
  1837.17067811     1.00068402        0
  1837.19111010     1.00045860        0
  1837.21154210     0.99969694        0
  1837.23197409     1.00060783        0
  1837.25240608     0.99985738        0
  1837.27283807     1.00235615        0
  1837.29326996     0.99936682        0
  1837.31370205     0.99933516        0
  1837.33413405     0.99956685        0
  1837.35456604     0.99993620        0
  1837.37499803     0.99978810        0
  1837.39543001     1.00052797        0
  1837.41586200     1.00010901        0
  1837.43629409     1.00020920        0
  1837.45672598     1.00098447        0
  1837.47715807     0.99993460        0
  1837.49759006     1.00092110        0
  1837.51802194     1.00086393        0
  1837.53845403     1.00101606        0
  1837.55888601     1.00067742        0
  1837.57931790     1.00120557        0
  1837.59974998     1.00044950        0
  1837.62018197     0.99881700        0
  1837.64061385     0.99884093        0
  1837.66104594     0.99980764        0
  1837.68147792     0.99933908        0
  1837.70190980     0.99942795        0
  1837.72234189     0.99941647        0
  1837.74277387     0.99989152        0
  1837.76320575     0.99941768        0
  1837.78363783     0.99951439        0
  1837.80406981     0.99907163        0
  1837.82450179     1.00055573        0
  1837.84493377     1.00021091        0
  1837.86536575     1.00043015        0
  1837.88579763     1.00164775        0
  1837.90622971     1.00084841        0
  1837.92666169     1.00107458        0
  1837.94709367     1.00107848        0
  1837.96752564     0.99937456        0
  1837.98795762     1.00085072        0
  1838.00838950     1.00049725        0
  1838.02882157     0.99981000        0
  1838.04925355     1.00025310        0
  1838.06968562     1.00012361        0
  1838.09011750     0.99975227        0
  1838.11054947     1.00042524        0
  1838.13098155     0.99960517        0
  1838.15141342     1.00168348        0
  1838.17184539     0.99968499        0
  1838.19227747     0.99982426        0
  1838.21270934     1.00091439        0
  1838.23314131     0.99972361        0
  1838.27400535     0.99923639        0
  1838.29443722     0.99995653        0
  1838.31486929     0.99976800        0
  1838.33530126     0.99943117        0
  1838.35573313     1.00058633        0
  1838.37616520     0.99971967        0
  1838.39659717     1.00050287        0
  1838.41702904     1.00052269        0
  1838.43746111     0.99976817        0
  1838.45789307     1.00019782        0
  1838.47832494     1.00015190        0
  1838.49875701     1.00027635        0
  1838.51918897     0.99928944        0
  1838.53962084     0.99910607        0
  1838.56005290     0.99960877        0
  1838.58048487     0.99989873        0
  1838.60091673     1.00049316        0
  1838.62134880     0.99918738        0
  1838.64178076     0.99936009        0
  1838.66221262     0.99968715        0
  1838.68264469     0.99947124        0
  1838.70307665     0.99896754        0
  1838.72350861     1.00128801        0
  1838.74394057     1.00001459        0
  1838.76437253     1.00024830        0
  1838.78480449     1.00020797        0
  1838.80523645     1.00023414        0
  1838.82566841     1.00022167        0
  1838.84610047     0.99915329        0
  1838.86653233     1.00010939        0
  1838.88696429     0.99931559        0
  1838.90739635     0.99968415        0
  1838.92782821     0.99980528        0
  1838.94826016     1.00052731        0
  1838.96869222     0.99903374        0
  1838.98912408     0.99796473        0
  1839.07085190     0.99948392        0
  1839.09128395     1.00106605        0
  1839.11171591     0.99965933        0
  1839.13214776     1.00040585        0
  1839.15257981     1.00128480        0
  1839.17301176     1.00039365        0
  1839.19344362     1.00020513        0
  1839.21387567     1.00058942        0
  1839.23430762     1.00044178        0
  1839.25473947     1.00000000        0
  1839.27517152     1.00017737        0
  1839.29560347     1.00058439        0
  1839.31603552     1.00068289        0
  1839.33646737     1.00032252        0
  1839.35689932     0.99963016        0
  1839.37733127     0.99938560        0
  1839.39776322     1.00016950        0
  1839.41819506     0.99970187        0
  1839.43862711     1.00027241        0
  1839.45905906     1.00066141        0
  1839.47949091     0.99961750        0
  1839.49992295     1.00031590        0
  1839.52035490     1.00187748        0
  1839.54078684     1.00015015        0
  1839.56121879     1.00044886        0
  1839.58165073     1.00015808        0
  1839.60208268     0.99952083        0
  1839.62251462     1.00103506        0
  1839.64294656     1.00007723        0
  1839.72467433     0.99698563        0
  1839.74510637     1.00117169        0
  1839.76553821     0.99983155        0
  1839.78597016     0.99983688        0
  1839.80640220     1.00088944        0
  1839.82683403     0.99921205        0
  1839.84726597     1.00017232        0
  1839.86769801     0.99933635        0
  1839.88812985     1.00025735        0
  1839.90856179     0.99958027        0
  1839.92899383     0.99954504        0
  1839.94942576     0.99924584        0
  1839.96985770     0.99974332        0
  1839.99028964     1.00000359        0
  1840.01072157     0.99911432        0
  1840.27633670     1.00023216        0
  1840.31720046     1.00042709        0
  1840.33763249     0.99929528        0
  1840.35806442     0.99923924        0
  1840.37849635     0.99828484        0
  1840.39892828     0.99979524        0
  1840.41936021     0.99896385        0
  1840.43979214     0.99953193        0
  1840.46022406     1.00068387        0
  1840.48065599     1.00009760        0
  1840.50108792     0.99986651        0
  1840.52151994     1.00039720        0
  1840.54195177     1.00093950        0
  1840.56238379     1.00023458        0
  1840.58281572     1.00269393        0
  1840.60324754     1.00136031        0
  1840.62367957     0.99987508        0
  1840.64411149     1.00095941        0
  1840.66454331     0.99998167        0
  1840.68497534     1.00075968        0
  1840.70540726     0.99628967        0
  1840.72583908     1.00038581        0
  1840.74627110     1.00006207        0
  1840.76670302     0.99962980        0
  1840.78713494     1.00088255        0
  1840.80756686     0.99896435        0
  1840.82799868     1.00023786        0
  1840.84843070     1.00003431        0
  1840.86886262     0.99946528        0
  1840.88929454     1.00065919        0
  1840.90972636     1.00048651        0
  1840.93015838     0.99987121        0
  1840.95059030     0.99937449        0
  1840.97102211     0.99933726        0
  1840.99145413     0.99978187        0
  1872.00678082     1.00043635        1
  1872.02721242     0.99931323        1
  1872.04764401     0.99990334        1
  1872.06807560     0.99945403        1
  1872.08850720     1.00119698        1
  1872.10893879     1.00099321        1
  1872.12937048     1.00080706        1
  1872.17023357     1.00011634        1
  1872.19066526     0.99990057        1
  1872.21109685     0.99889318        1
  1872.23152834     0.99523767        1
  1872.25196004     0.99984318        1
  1872.27239163     0.99955750        1
  1872.29282312     1.00031344        1
  1872.31325481     0.99991427        1
  1872.33368641     1.00037513        1
  1872.35411790     0.99951089        1
  1872.37454959     1.00031725        1
  1872.41541288     1.00056255        1
  1872.43584437     0.99997117        1
  1872.45627596     0.99958264        1
  1872.47670765     1.00054498        1
  1872.49713915     1.00027951        1
  1872.51757074     0.99894444        1
  1872.53800243     0.99973465        1
  1872.55843392     0.99878957        1
  1872.57886551     0.99907558        1
  1872.59929721     0.99907195        1
  1872.61972870     0.99945726        1
  1872.66059198     0.99997085        1
  1872.68102348     1.00037028        1
  1872.70145517     0.99878804        1
  1872.72188676     0.99947394        1
  1872.74231825     1.00062203        1
  1872.76274994     0.99975051        1
  1872.78318154     1.00142649        1
  1872.80361303     1.00076221        1
  1872.82404472     0.99975241        1
  1872.84447631     1.00019165        1
  1872.86490780     0.99885296        1
  1872.90577109     1.00048130        1
  1872.92620258     0.99956646        1
  1872.94663427     1.00027237        1
  1872.96706586     1.00052521        1
  1872.98749755     1.00029297        1
  1873.00792905     1.00101386        1
  1873.02836064     1.00018919        1
  1873.04879233     0.99994331        1
  1873.06922382     0.99970040        1
  1873.15095019     1.00019594        1
  1873.17138188     1.00171867        1
  1873.19181347     1.00167528        1
  1873.21224506     1.00124431        1
  1873.23267665     1.00185707        1
  1873.25310824     0.99994262        1
  1873.27353984     1.00012430        1
  1873.29397143     1.00018221        1
  1873.31440302     1.00064801        1
  1873.33483461     0.99971456        1
  1873.35526620     0.99934221        1
  1873.39612938     0.99978387        1
  1873.41656098     1.00085352        1
  1873.43699247     0.99895333        1
  1873.45742416     0.99977050        1
  1873.47785575     0.99962229        1
  1873.49828744     1.00035060        1
  1873.51871893     1.00081713        1
  1873.53915052     0.99890125        1
  1873.55958222     0.99979188        1
  1873.58001371     0.99984208        1
  1873.60044530     0.99910674        1
  1873.68217176     1.00020707        1
  1873.70260335     0.99964127        1
  1873.72303485     0.99930341        1
  1873.74346654     1.00077949        1
  1873.76389813     1.00061344        1
  1873.78432972     1.00056571        1
  1873.80476131     1.00127817        1
  1873.82519290     1.00061827        1
  1873.84562459     1.00006695        1
  1873.88648767     0.99929322        1
  1873.90691937     1.00076849        1
  1873.92735086     1.00098124        1
  1873.94778245     0.99965930        1
  1873.96821414     0.99977160        1
  1873.98864563     0.99944466        1
  1874.00907732     0.99826772        1
  1874.02950881     1.00015798        1
  1874.04994040     1.00041244        1
  1874.07037209     0.99944913        1
  1874.09080358     0.99971296        1
  1874.21339323     1.00004754        1
  1874.23382472     1.00092644        1
  1874.25425641     1.00057639        1
  1874.27468800     1.00136195        1
  1874.29511959     1.00040502        1
  1874.31555119     0.99913323        1
  1874.33598278     0.99991636        1
  1874.37684596     1.00027699        1
  1874.39727755     0.99983391        1
  1874.41770924     1.00008570        1
  1874.43814073     1.00048564        1
  1874.45857232     1.00012314        1
  1874.47900401     1.00064036        1
  1874.49943550     1.00045249        1
  1874.51986720     1.00086020        1
  1874.54029879     0.99893951        1
  1874.56073028     0.99930822        1
  1874.58116197     0.99950414        1
  1874.62202505     1.00030045        1
  1874.64245674     0.99840501        1
  1874.66288833     1.00037344        1
  1874.68331992     0.99968138        1
  1874.70375151     1.00017068        1
  1874.72418310     0.99880727        1
  1874.74461460     0.99949767        1
  1874.76504629     0.99952695        1
  1874.78547788     1.00042989        1
  1874.86720434     1.00446817        1
  1874.88763583     1.00006443        1
  1874.90806742     1.00122752        1
  1874.92849911     1.00051267        1
  1874.94893060     0.99879932        1
  1874.96936220     0.99890945        1
  1874.98979389     0.99900087        1
  1875.01022538     0.99932489        1
  1875.03065707     1.00027802        1
  1875.11238343     1.00008621        1
  1875.13281492     0.99931217        1
  1875.15324661     0.99999365        1
  1875.17367821     0.99948248        1
  1875.19410980     0.99934334        1
  1875.21454139     0.99993680        1
  1875.23497298     0.99955855        1
  1875.35756253     0.99943194        1
  1875.37799422     0.99998367        1
  1875.39842571     1.00021061        1
  1875.41885730     1.00060329        1
  1875.43928899     1.00048948        1
  1875.45972048     0.99907625        1
  1875.48015207     0.99861203        1
  1875.50058376     0.99954632        1
  1875.52101525     0.99902673        1
  1875.54144695     1.00021954        1
  1875.56187854     0.99970443        1
  1875.60274172     1.00054324        1
  1875.62317331     0.99967214        1
  1875.64360480     1.00063677        1
  1875.66403649     0.99859420        1
  1875.68446808     0.99973958        1
  1875.70489967     1.00082410        1
  1875.72533127     1.00069070        1
  1875.74576286     0.99902914        1
  1875.76619455     1.00006309        1
  1875.78662604     1.00028728        1
  1875.80705763     1.00161842        1
  1875.84792091     1.00062554        1
  1875.86835240     1.00066334        1
  1875.88878410     1.00080977        1
  1875.90921569     1.00108350        1
  1875.92964718     0.99962361        1
  1875.95007887     1.00015257        1
  1875.97051046     0.99904034        1
  1875.99094215     0.99954210        1
  1876.09310001     1.00001795        1
  1876.11353160     0.99931002        1
  1876.13396319     1.00017401        1
  1876.15439469     1.00055371        1
  1876.17482638     1.00124770        1
  1876.19525797     1.00029488        1
  1876.21568956     1.00028937        1
  1876.23612115     1.00188777        1
  1876.25655274     1.00007223        1
  1876.33827921     0.99949196        1
  1876.35871080     1.00089597        1
  1876.37914229     0.99994011        1
  1876.39957399     1.00057859        1
  1876.42000558     0.99981263        1
  1876.44043707     0.99936304        1
  1876.46086876     1.00044775        1
  1876.48130035     1.00132813        1
  1876.50173204     1.00023085        1
  1876.52216354     1.00130070        1
  1876.54259513     1.00040445        1
  1876.58345831     1.00075823        1
  1876.60388990     1.00003031        1
  1876.62432160     1.00082169        1
  1876.64475309     1.00053811        1
  1876.82863742     1.00011347        1
  1876.84906911     0.99955197        1
  1876.86950060     1.00004013        1
  1876.88993219     1.00038088        1
  1876.91036389     0.99987494        1
  1877.07381673     1.00011274        1
  1877.09424822     0.99982109        1
  1877.11467981     1.00006016        1
  1877.13511150     1.00006655        1
  1877.15554300     1.00049089        1
  1877.17597459     0.99939218        1
  1877.19640628     1.00100691        1
  1877.21683778     0.99962121        1
  1877.23726947     0.99940150        1
  1877.25770106     0.99913889        1
  1877.27813255     0.99915293        1
  1877.31899584     0.99817630        1
  1877.33942743     0.99961117        1
  1877.35985903     1.00105339        1
  1877.38029062     0.99912481        1
  1877.40072221     0.99961554        1
  1877.42115380     0.99931924        1
  1877.44158540     0.99959797        1
  1877.46201699     0.99962289        1
  1877.48244858     0.99911000        1
  1877.50288018     0.99949766        1
  1877.52331177     1.00033364        1
  1877.56417496     0.99950045        1
  1877.58460665     0.99864106        1
  1877.60503814     0.99950496        1
  1877.62546974     1.00023680        1
  1877.64590143     1.00058540        1
  1877.66633292     0.99969554        1
  1877.68676462     0.99937323        1
  1877.70719621     0.99884736        1
  1877.72762770     0.99971978        1
  1877.74805940     0.99985124        1
  1877.76849099     1.00107204        1
  1877.80935418     0.99997910        1
  1877.82978577     1.00155898        1
  1877.85021727     0.99868758        1
  1877.87064896     1.00074787        1
  1877.89108055     1.00017839        1
  1877.91151215     0.99993907        1
  1877.93194374     1.00060352        1
  1877.95237534     0.99991612        1
  1877.97280703     0.99969024        1
  1877.99323862     0.99874470        1
  1878.01367012     0.99890969        1
  1878.05453341     0.99895614        1
  1878.07496490     0.99904924        1
  1878.09539660     1.00009605        1
  1878.11582819     0.99851001        1
  1878.13625968     1.00002575        1
  1878.15669138     1.00080363        1
  1878.17712287     1.00092945        1
  1878.19755457     0.99928073        1
  1878.21798616     0.99973567        1
  1878.23841766     0.99968797        1
  1878.25884935     1.00051252        1
  1878.29971244     1.00070408        1
  1878.32014413     1.00066750        1
  1878.34057573     1.00127919        1
  1878.36100722     0.99984422        1
  1878.38143892     0.99950806        1
  1878.40187051     0.99937894        1
  1878.42230221     1.00013664        1
  1878.44273370     0.99966570        1
  1878.46316530     1.00092199        1
  1878.48359699     1.00047171        1
  1878.54489178     0.99974214        1
  1878.56532337     1.00096244        1
  1878.58575487     1.00055620        1
  1878.60618657     1.00031342        1
  1878.62661816     1.00176106        1
  1878.64704976     1.00109347        1
  1878.66748135     0.99912940        1
  1878.68791295     0.99988733        1
  1878.70834464     0.99997228        1
  1878.72877614     0.99992432        1
  1878.74920773     0.99977037        1
  1878.79007093     0.99960231        1
  1878.81050252     1.00178194        1
  1878.83093412     1.00074810        1
  1878.85136571     1.00231263        1
  1878.87179741     1.00166624        1
  1878.89222890     0.99985233        1
  1878.91266050     1.00031854        1
  1878.93309220     1.00130653        1
  1878.95352369     1.00000000        1
  1878.97395529     1.00050047        1
  1878.99438698     0.99959797        1
  1879.05568177     1.00021877        1
  1879.07611337     0.99986783        1
  1879.09654497     0.99995339        1
  1879.11697656     1.00005922        1
  1879.13740816     1.00082162        1
  1879.15783976     1.00145565        1
  1879.17827135     0.99968420        1
  1879.19870295     0.99945051        1
  1879.21913465     1.00015178        1
  1879.23956614     1.00132008        1
  1879.28042944     0.99895183        1
  1879.30086093     0.99876547        1
  1879.32129263     1.00010125        1
  1879.34172423     0.99962305        1
  1879.36215573     0.99852942        1
  1879.38258742     0.99889691        1
  1879.40301902     0.99856238        1
  1879.42345052     1.00013832        1
  1879.44388221     0.99913076        1
  1879.46431381     0.99902252        1
  1879.48474531     0.99972564        1
  1879.52560850     0.99863226        1
  1879.54604020     1.00009101        1
  1879.56647180     0.99978063        1
  1879.58690340     0.99985658        1
  1879.60733499     1.00062469        1
  1879.62776659     1.00013514        1
  1879.64819819     1.00054500        1
  1879.66862979     1.00118780        1
  1879.68906139     0.99984280        1
  1879.70949298     1.00050354        1
  1879.72992458     1.00135805        1
  1879.77078788     0.99925171        1
  1879.79121948     0.99826947        1
  1879.81165098     1.00100135        1
  1879.83208267     0.99898353        1
  1879.85251427     0.99995554        1
  1879.87294577     1.00044927        1
  1879.89337747     1.00143770        1
  1879.91380907     1.00019809        1
  1879.93424057     0.99905638        1
  1879.95467227     1.00047320        1
  1879.97510387     0.99940387        1
  1880.01596706     1.00052622        2
  1880.03639866     1.00051589        2
  1880.05683036     1.00024029        2
  1880.07726186     1.00039659        2
  1880.09769346     1.00029021        2
  1880.11812506     0.99919431        2
  1880.13855666     0.99943867        2
  1880.15898826     0.99910621        2
  1880.17941996     1.00055523        2
  1880.19985146     1.00037859        2
  1880.22028316     0.99987730        2
  1880.26114626     1.00073532        2
  1880.28157796     1.00151164        2
  1880.30200956     1.00032841        2
  1880.32244106     1.00152515        2
  1880.34287276     0.99977911        2
  1880.36330436     0.99966721        2
  1880.38373586     0.99995502        2
  1880.40416756     0.99943154        2
  1880.42459916     0.99920930        2
  1880.50632566     1.00052967        2
  1880.52675716     1.00011320        2
  1880.54718876     0.99938633        2
  1880.56762046     1.00008737        2
  1880.58805196     0.99945520        2
  1880.60848356     1.00010362        2
  1880.62891526     1.00077197        2
  1880.64934676     0.99989585        2
  1880.75150487     0.99926470        2
  1880.77193647     0.99896113        2
  1880.79236807     1.00009309        2
  1880.81279967     0.99918672        2
  1880.83323128     0.99899975        2
  1880.85366288     1.00008337        2
  1880.87409448     1.00045149        2
  1880.89452608     0.99990558        2
  1880.91495768     1.00067807        2
  1880.93538928     0.99990869        2
  1880.99668409     0.99891290        2
  1881.01711579     0.99973868        2
  1881.03754730     0.99837397        2
  1881.05797890     0.99905130        2
  1881.07841060     0.99940648        2
  1881.09884210     0.99946302        2
  1881.11927381     1.00057113        2
  1881.13970541     0.99959654        2
  1881.16013691     0.99942739        2
  1881.18056861     1.00055421        2
  1881.20100022     0.99973190        2
  1881.24186342     1.00111892        2
  1881.26229503     1.00184269        2
  1881.28272663     1.00028093        2
  1881.30315823     0.99989291        2
  1881.32358984     1.00092016        2
  1881.34402154     1.00137112        2
  1881.36445304     1.00029347        2
  1881.38488465     0.99941931        2
  1881.40531635     1.00068517        2
  1881.42574795     0.99946581        2
  1881.44617946     0.99978785        2
  1881.48704267     1.00012673        2
  1881.50747437     0.99963054        2
  1881.52790597     1.00006796        2
  1881.54833758     1.00153711        2
  1881.56876918     0.99984185        2
  1881.58920079     1.00125633        2
  1881.60963229     1.00083905        2
  1881.63006400     1.00097960        2
  1881.65049560     1.00022858        2
  1881.67092710     1.00009143        2
  1881.69135881     0.99944480        2
  1881.73222212     1.00001032        2
  1881.75265362     1.00056920        2
  1881.77308523     0.99995995        2
  1881.79351693     0.99903119        2
  1881.81394844     1.00002387        2
  1881.83438005     0.99992706        2
  1881.85481175     1.00081341        2
  1881.87524326     1.00002023        2
  1881.89567486     1.00180318        2
  1881.91610657     0.99992682        2
  1881.93653817     0.99967473        2
  1881.97740139     0.99936771        2
  1881.99783299     0.99965893        2
  1882.01826460     0.99870563        2
  1882.03869620     1.00072361        2
  1882.05912781     1.00021946        2
  1882.07955952     0.99811520        2
  1882.09999102     0.99950953        2
  1882.12042263     0.99998898        2
  1882.14085434     0.99928581        2
  1882.16128584     1.00035098        2
  1882.22258066     0.99991749        2
  1882.24301237     1.00067295        2
  1882.26344388     1.00027784        2
  1882.28387548     1.00066359        2
  1882.30430719     0.99982195        2
  1882.32473870     0.99882093        2
  1882.34517041     1.00059174        2
  1882.36560201     1.00090011        2
  1882.46776005     0.99970361        2
  1882.48819166     1.00015693        2
  1882.50862327     1.00094106        2
  1882.52905488     1.00095502        2
  1882.54948649     0.99977978        2
  1882.75380267     1.00121202        2
  1882.77423428     1.00059122        2
  1882.79466599     1.00006252        2
  1882.81509750     1.00055146        2
  1882.83552911     1.00090808        2
  1882.85596082     1.00026827        2
  1882.87639233     0.99982562        2
  1882.89682384     1.00008962        2
  1882.91725555     0.99982955        2
  1882.99898199     0.99974224        2
  1883.01941370     1.00016783        2
  1883.03984521     0.99878511        2
  1883.06027682     0.99948479        2
  1883.08070854     1.00041573        2
  1883.10114015     0.99847511        2
  1883.12157166     0.99983760        2
  1883.14200337     0.99988747        2
  1883.16243498     0.99985116        2
  1883.20329820     0.99932327        2
  1883.22372981     0.99988663        2
  1883.24416153     1.00021650        2
  1883.26459304     1.00022238        2
  1883.28502465     0.99964365        2
  1883.30545636     0.99933369        2
  1883.32588787     1.00001738        2
  1883.34631948     1.00009988        2
  1883.36675120     0.99908067        2
  1883.38718271     0.99985515        2
  1883.40761442     0.99948321        2
  1883.44847755     0.99968915        2
  1883.46890926     0.99920582        2
  1883.48934087     1.00002137        2
  1883.50977238     0.99911270        2
  1883.53020410     0.99844948        2
  1883.55063561     0.99952375        2
  1883.57106732     0.99974961        2
  1883.59149894     0.99996971        2
  1883.61193045     0.99801752        2
  1883.63236216     0.99896975        2
  1883.65279378     0.99998608        2
  1883.69365700     0.99894041        2
  1883.71408862     1.00034855        2
  1883.73452023     0.99979380        2
  1883.75495185     1.00089317        2
  1883.77538346     0.99930214        2
  1883.79581517     1.00018267        2
  1883.81624679     0.99970935        2
  1883.83667830     1.00138307        2
  1883.85711002     1.00084884        2
  1883.87754163     1.00031515        2
  1883.89797315     1.00040920        2
  1883.93883648     1.00087657        2
  1883.95926799     0.99901877        2
  1883.97969971     1.00007691        2
  1884.00013132     1.00082500        2
  1884.02056304     1.00048365        2
  1884.04099455     1.00023267        2
  1884.06142617     0.99899038        2
  1884.08185789     1.00013585        2
  1884.10228940     1.00121496        2
  1884.12272102     1.00099854        2
  1884.14315273     1.00110864        2
  1884.18401587     1.00030489        2
  1884.20444748     1.00051190        2
  1884.22487910     1.00196039        2
  1884.24531081     1.00155328        2
  1884.26574233     1.00281437        2
  1884.28617395     1.00182897        2
  1884.30660567     1.00199378        2
  1884.32703728     1.00164581        2
  1884.34746880     1.00101578        2
  1884.36790052     1.00140449        2
  1884.38833213     1.00111582        2
  1884.42919537     0.99945246        2
  1884.44962699     0.99916002        2
  1884.47005870     1.00009954        2
  1884.49049022     0.99954322        2
  1884.51092184     0.99894744        2
  1884.53135356     0.99989986        2
  1884.55178508     1.00006424        2
  1884.57221670     0.99920301        2
  1884.59264841     1.00064971        2
  1884.61307993     1.00064170        2
  1884.63351165     0.99985674        2
  1884.67437479     1.00004668        2
  1884.69480651     1.00244263        2
  1884.71523813     1.00030375        2
  1884.73566975     0.99974267        2
  1884.75610137     1.00039591        2
  1884.77653299     1.00010495        2
  1884.79696460     0.99969569        2
  1884.81739622     0.99978967        2
  1884.83782784     1.00072199        2
  1884.85825946     0.99934157        2
  1884.91955432     0.99917669        2
  1884.93998595     0.99990680        2
  1884.96041757     1.00000000        2
  1884.98084929     1.00008533        2
  1885.00128081     0.99953956        2
  1885.02171253     0.99936149        2
  1885.04214415     1.00098184        2
  1885.06257567     1.00047329        2
  1885.08300739     0.99960107        2
  1885.10343901     1.00078260        2
  1885.12387053     0.99982139        2
  1885.16473388     0.99773439        2
  1885.18516540     0.99873106        2
  1885.20559712     0.99870022        2
  1885.22602874     0.99876398        2
  1885.24646047     0.99924963        2
  1885.26689199     0.99904865        2
  1885.28732361     0.99935662        2
  1885.30775533     0.99939865        2
  1885.32818686     0.99890243        2
  1885.34861848     0.99943421        2
  1885.36905020     1.00016108        2
  1885.40991335     1.00164230        2
  1885.43034507     1.00134793        2
  1885.45077669     1.00053368        2
  1885.47120832     0.99940030        2
  1885.49163994     0.99917142        2
  1885.51207157     0.99909185        2
  1885.53250319     1.00112766        2
  1885.55293481     0.99952722        2
  1885.57336634     0.99936070        2
  1885.59379806     1.00142144        2
  1885.61422969     1.00173710        2
  1885.65509294     1.00033520        2
  1885.67552456     1.00134076        2
  1885.69595628     1.00092339        2
  1885.71638781     1.00062925        2
  1885.73681943     0.99934557        2
  1885.75725116     1.00003774        2
  1885.77768269     1.00120804        2
  1885.79811431     1.00074960        2
  1885.81854604     1.00116640        2
  1885.83897756     1.00028675        2
  1885.85940929     1.00018779        2
  1885.90027244     1.00074450        2
  1885.92070417     1.00034202        2
  1885.94113579     0.99968802        2
  1885.96156742     1.00038319        2
  1885.98199905     0.99966343        2
  1886.00243067     0.99988117        2
  1886.02286230     0.99993715        2
  1886.04329393     0.99986914        2
  1886.06372555     1.00026281        2
  1886.08415728     0.99974503        2
  1886.10458891     1.00044620        2
  1886.14545216     0.99837273        2
  1886.16588379     0.99920205        2
  1886.18631532     0.99932484        2
  1886.20674705     1.00058278        2
  1886.22717858     0.99997328        2
  1886.24761030     1.00070103        2
  1886.26804193     1.00040416        2
  1886.28847346     0.99982728        2
  1886.30890519     0.99983805        2
  1886.32933682     0.99851747        2
  1886.34976835     0.99851679        2
  1886.39063171     0.99881355        2
  1886.41106324     1.00033033        2
  1886.43149497     0.99915597        2
  1886.45192659     0.99899277        2
  1886.47235832     1.00012331        2
  1886.49278985     1.00021117        2
  1886.51322148     1.00076802        2
  1886.53365321     0.99981100        2
  1886.63581137     1.00017404        2
  1886.65624300     0.99983091        2
  1886.67667463     0.99896045        2
  1886.69710626     0.99983108        2
  1886.71753789     0.99986075        2
  1886.73796952     1.00065637        2
  1886.88099095     1.00162857        2
  1886.90142258     1.00246942        2
  1886.92185431     0.99980647        2
  1886.94228585     1.00018931        2
  1886.96271748     1.00164221        2
  1886.98314921     1.00138121        2
  1887.12617065     1.00034133        2
  1887.14660228     0.99979612        2
  1887.16703392     1.00101709        2
  1887.18746555     1.00030933        2
  1887.20789719     1.00064867        2
  1887.22832882     0.99990929        2
  1887.24876056     0.99863287        2
  1887.26919209     0.99806872        2
  1887.28962373     0.99940412        2
  1887.31005546     0.99937542        2
  1887.33048710     1.00098662        2
  1887.37135037     1.00083418        2
  1887.39178201     1.00079175        2
  1887.41221354     0.99980794        2
  1887.43264528     0.99993133        2
  1887.45307691     0.99911665        2
  1887.47350855     1.00029913        2
  1887.49394019     0.99978851        2
  1887.51437182     1.00022920        2
  1887.53480356     1.00061583        2
  1887.55523510     0.99966848        2
  1887.57566674     1.00027760        2
  1887.61653001     0.99991137        2
  1887.63696175     0.99854203        2
  1887.65739329     0.99983681        2
  1887.67782492     0.99985826        2
  1887.69825666     0.99923740        2
  1887.71868820     1.00057240        2
  1887.73911984     0.99978166        2
  1887.75955158     0.99992498        2
  1887.77998312     0.99884614        2
  1887.86170977     1.00005473        2
  1887.88214141     0.99927722        2
  1887.90257305     1.00236211        2
  1887.92300469     1.00114516        2
  1887.94343633     0.99938026        2
  1887.96386797     0.99972454        2
  1887.98429971     1.00056602        2
  1891.04904827     1.00146920        3
  1891.06947993     1.00030224        3
  1891.08991170     1.00119869        3
  1891.11034326     1.00124098        3
  1891.13077493     0.99950224        3
  1891.15120669     0.99950015        3
  1891.17163826     0.99910851        3
  1891.19207003     0.99946833        3
  1891.21250169     0.99934299        3
  1891.23293326     0.99977796        3
  1891.29422826     0.99991835        3
  1891.31466003     1.00023970        3
  1891.33509170     1.00060588        3
  1891.35552346     0.99815518        3
  1891.37595503     1.00038715        3
  1891.39638670     0.99960201        3
  1891.41681847     0.99901809        3
  1891.43725004     0.99857628        3
  1891.45768171     0.99969573        3
  1891.47811348     0.99883510        3
  1891.49854514     0.99865533        3
  1891.53940848     1.00234109        3
  1891.55984005     1.00043911        3
  1891.58027182     1.00035520        3
  1891.60070349     1.00008643        3
  1891.62113506     1.00024334        3
  1891.64156683     1.00046421        3
  1891.66199851     0.99886915        3
  1891.68243008     0.99946450        3
  1891.70286185     0.99990024        3
  1891.72329352     1.00115091        3
  1891.74372529     0.99973115        3
  1891.78458853     1.00016538        3
  1891.80502031     0.99908204        3
  1891.82545188     1.00009468        3
  1891.84588355     0.99939461        3
  1891.86631532     0.99908291        3
  1891.88674690     0.99875797        3
  1891.90717857     1.00010990        3
  1891.92761034     1.00025152        3
  1891.94804191     1.00001582        3
  1891.96847369     0.99984744        3
  1891.98890536     1.00010305        3
  1892.02976871     0.99966783        3
  1892.05020038     1.00135252        3
  1892.07063206     0.99972456        3
  1892.09106373     0.99898818        3
  1892.11149541     0.99927251        3
  1892.13192718     1.00011545        3
  1892.15235886     1.00059202        3
  1892.17279043     0.99976319        3
  1892.19322221     1.00083171        3
  1892.21365379     1.00019889        3
  1892.23408546     1.00060265        3
  1892.27494881     0.99974195        3
  1892.29538059     0.99948915        3
  1892.31581227     0.99898771        3
  1892.33624384     0.99968096        3
  1892.35667562     0.99914808        3
  1892.37710730     0.99975452        3
  1892.39753888     0.99980185        3
  1892.41797066     1.00184480        3
  1892.43840233     1.00001776        3
  1892.45883391     1.00094649        3
  1892.52012915     1.00022935        3
  1892.54056073     1.00086258        3
  1892.56099241     1.00062763        3
  1892.58142418     1.00153904        3
  1892.60185576     1.00054185        3
  1892.62228744     1.00207693        3
  1892.64271922     1.00003593        3
  1892.66315090     1.00004934        3
  1892.82660435     0.99972130        3
  1892.84703603     1.00113943        3
  1892.86746782     1.00005597        3
  1892.88789940     0.99985034        3
  1892.90833118     0.99896908        3
  1892.92876276     1.00023586        3
  1892.94919445     1.00041692        3
  1892.96962623     1.00041194        3
  1893.01048950     0.99845681        3
  1893.03092128     1.00009922        3
  1893.05135287     1.00089692        3
  1893.07178465     0.99994860        3
  1893.09221633     0.99886615        3
  1893.11264792     0.99914848        3
  1893.13307970     0.99958357        3
  1893.15351139     0.99929340        3
  1893.17394297     0.99851683        3
  1893.19437476     0.99971247        3
  1893.21480645     0.99983364        3
  1893.29653329     1.00042041        3
  1893.31696488     1.00049623        3
  1893.33739656     1.00006885        3
  1893.35782835     1.00068079        3
  1893.37826004     1.00088640        3
  1893.39869163     1.00039176        3
  1893.41912341     0.99853175        3
  1893.43955510     0.99953127        3
  1893.45998689     0.99972612        3
  1893.50085017     0.99867826        3
  1893.52128195     0.99800443        3
  1893.54171354     0.99892118        3
  1893.56214513     0.99940430        3
  1893.58257692     0.99962011        3
  1893.60300861     1.00021463        3
  1893.62344040     1.00019118        3
  1893.64387199     0.99979105        3
  1893.66430368     1.00037446        3
  1893.68473547     1.00174343        3
  1893.70516706     0.99984912        3
  1893.74603054     1.00011694        3
  1893.76646214     1.00070014        3
  1893.78689383     1.00072364        3
  1893.80732562     0.99943657        3
  1893.82775721     0.99887682        3
  1893.84818900     0.99856580        3
  1893.86862070     0.99972255        3
  1893.88905239     1.00052830        3
  1893.90948408     1.00059726        3
  1893.92991577     0.99992215        3
  1894.01164265     0.99948072        3
  1894.03207434     0.99957007        3
  1894.05250594     1.00247239        3
  1894.07293773     0.99913100        3
  1894.09336942     1.00037112        3
  1894.11380102     0.99994971        3
  1894.13423281     1.00028745        3
  1894.15466451     0.99999981        3
  1894.17509621     1.00058743        3
  1894.19552790     0.99950843        3
  1894.23639129     0.99900701        3
  1894.25682299     1.00216704        3
  1894.27725459     1.00035148        3
  1894.29768638     1.00060396        3
  1894.31811808     1.00110932        3
  1894.33854968     0.99972213        3
  1894.35898147     1.00012727        3
  1894.37941317     1.00051168        3
  1894.39984497     0.99910173        3
  1894.42027657     1.00066240        3
  1894.44070827     0.99858170        3
  1894.48157166     0.99949640        3
  1894.50200336     0.99968956        3
  1894.52243516     0.99954278        3
  1894.54286686     0.99993061        3
  1894.56329856     0.99985109        3
  1894.58373026     1.00051473        3
  1894.60416196     1.00014326        3
  1894.72675217     0.99924107        3
  1894.74718397     0.99941560        3
  1894.76761557     1.00023444        3
  1894.78804737     0.99995939        3
  1894.80847907     1.00062188        3
  1894.82891068     1.00147445        3
  1894.84934248     1.00027704        3
  1894.97193270     0.99764196        3
  1894.99236430     0.99788908        3
  1895.01279611     0.99920355        3
  1895.03322781     0.99837581        3
  1895.05365952     0.99882308        3
  1895.07409122     0.99992437        3
  1895.09452293     1.00010332        3
  1895.11495473     0.99980639        3
  1895.13538634     1.00149431        3
  1895.15581805     1.00011066        3
  1895.17624985     0.99976109        3
  1895.21711317     0.99838850        3
  1895.23754497     0.99988434        3
  1895.25797668     0.99999507        3
  1895.27840829     1.00112875        3
  1895.29884009     1.00042121        3
  1895.31927180     1.00042419        3
  1895.33970361     0.99998403        3
  1895.36013522     0.99886950        3
  1895.38056693     0.99868630        3
  1895.40099874     1.00170846        3
  1895.46229386     1.00013842        3
  1895.48272547     1.00035144        3
  1895.50315728     0.99972334        3
  1895.52358889     0.99871688        3
  1895.54402060     0.99879062        3
  1895.56445241     0.99920339        3
  1895.58488403     0.99914943        3
  1895.60531574     0.99940238        3
  1895.62574755     0.99964579        3
  1895.64617916     1.00035851        3
  1895.66661097     1.00053836        3
  1895.70747439     0.99957648        3
  1895.72790611     1.00102826        3
  1895.74833782     1.00194291        3
  1895.76876953     0.99974649        3
  1895.78920125     1.00119206        3
  1895.80963296     1.00096769        3
  1895.83006467     1.00161024        3
  1895.85049649     1.00071950        3
  1895.87092810     1.00031258        3
  1895.89135991     1.00028401        3
  1895.91179163     1.00019498        3
  1895.95265506     1.00006948        3
  1895.97308677     0.99947707        3
  1895.99351839     1.00000000        3
  1896.01395021     0.99999673        3
  1896.03438192     1.00034901        3
  1896.05481374     1.00018201        3
  1896.07524535     0.99975492        3
  1896.09567707     1.00040678        3
  1896.11610879     1.00009983        3
  1896.13654050     1.00027846        3
  1896.15697222     1.00034337        3
  1896.19783566     1.00036627        3
  1896.21826748     1.00093206        3
  1896.23869909     1.00028307        3
  1896.25913081     1.00024056        3
  1896.27956263     0.99907270        3
  1896.29999425     0.99796013        3
  1896.32042597     0.99888634        3
  1896.34085779     0.99999963        3
  1896.36128941     1.00049435        3
  1896.48387983     0.99963425        3
  1896.50431155     0.99970025        3
  1896.52474327     0.99846288        3
  1896.54517500     1.00233641        3
  1896.56560682     0.99931938        3
  1896.58603844     1.00099201        3
  1896.60647026     0.99902731        3
  1896.62690199     1.00033410        3
  1896.64733361     1.00043516        3
  1896.68819715     0.99953991        3
  1896.70862878     0.99927095        3
  1896.72906060     0.99962616        3
  1896.74949233     1.00127636        3
  1896.76992405     1.00111801        3
  1896.79035578     1.00055142        3
  1896.81078750     1.00022328        3
  1896.83121923     0.99973945        3
  1896.85165095     1.00100180        3
  1896.87208268     0.99887511        3
  1896.89251440     0.99939808        3
  1896.93337786     1.00013898        3
  1896.95380958     1.00012256        3
  1896.97424131     0.99894089        3
  1896.99467314     0.99880753        3
  1897.01510476     0.99828192        3
  1897.03553649     0.99800380        3
  1897.05596832     0.99936812        3
  1897.07640005     0.99870213        3
  1897.09683168     0.99898452        3
  1897.17855869     1.00064646        3
  1897.19899042     1.00089246        3
  1897.21942225     1.00030722        3
  1897.23985388     1.00072197        3
  1897.26028561     0.99928767        3
  1897.28071744     0.99984822        3
  1897.30114907     0.99921501        3
  1897.32158090     1.00052982        3
  1897.34201263     0.99861042        3
  1897.36244427     1.00052704        3
  1897.38287610     0.99983345        3
  1897.42373946     1.00081661        3
  1897.44417129     0.99994117        3
  1897.46460303     1.00009372        3
  1897.48503486     1.00002418        3
  1897.50546649     1.00017326        3
  1897.52589813     1.00038315        3
  1897.54632996     1.00144620        3
  1897.56676169     1.00099428        3
  1897.58719343     1.00086037        3
  1897.60762516     1.00041138        3
  1897.62805690     1.00027094        3
  1897.73021568     0.99937881        3
  1897.75064731     1.00081424        3
  1897.77107915     0.99953217        3
  1897.79151089     1.00007881        3
  1897.81194252     0.99884697        3
  1897.83237436     0.99938318        3
  1897.85280610     1.00036903        3
  1897.87323793     1.00110008        3
  1897.91410131     0.99963144        3
  1897.93453315     0.99977629        3
  1897.95496479     1.00088035        3
  1897.97539653     1.00029098        3
  1897.99582837     0.99957517        3
  1898.01626001     1.00009792        4
  1898.03669185     0.99953643        4
  1898.05712359     1.00014184        4
  1898.07755523     1.00079359        4
  1898.09798707     0.99910397        4
  1898.11841881     0.99980024        4
  1898.15928229     0.99955156        4
  1898.17971393     0.99945744        4
  1898.20014577     1.00015398        4
  1898.22057752     0.99920260        4
  1898.24100916     0.99970237        4
  1898.26144100     0.99977602        4
  1898.28187274     1.00080807        4
  1898.30230449     1.00090335        4
  1898.32273623     1.00135930        4
  1898.40446321     0.99999391        4
  1898.42489505     1.00073148        4
  1898.44532680     1.00007681        4
  1898.46575844     1.00033165        4
  1898.48619029     0.99941839        4
  1898.50662203     1.00011145        4
  1898.52705368     1.00000000        4
  1898.54748552     0.99981591        4
  1898.56791727     1.00006219        4
  1898.58834912     0.99944352        4
  1898.64964436     1.00055731        4
  1898.67007601     1.00072060        4
  1898.69050775     1.00058411        4
  1898.71093960     1.00005956        4
  1898.73137125     1.00067674        4
  1898.75180310     1.00002566        4
  1898.77223485     0.99976845        4
  1898.79266650     1.00034471        4
  1898.81309835     0.99957861        4
  1898.83353000     0.99919626        4
  1898.85396175     0.99969237        4
  1898.89482525     0.99976602        4
  1898.91525700     0.99883854        4
  1898.93568885     0.99875991        4
  1898.95612060     0.99998953        4
  1898.97655235     1.00033814        4
  1898.99698411     0.99990599        4
  1899.01741586     1.00009062        4
  1899.03784761     1.00004981        4
  1899.05827936     0.99978821        4
  1899.07871112     1.00009588        4
  1899.09914297     1.00032456        4
  1899.14000648     0.99968725        4
  1899.16043823     0.99968787        4
  1899.18086989     0.99981300        4
  1899.20130174     0.99932868        4
  1899.22173349     1.00038586        4
  1899.24216515     0.99810891        4
  1899.26259701     1.00020630        4
  1899.28302876     0.99909049        4
  1899.30346062     0.99992877        4
  1899.32389227     0.99991925        4
  1899.34432403     0.99967038        4
  1899.38518754     1.00202604        4
  1899.40561930     0.99975630        4
  1899.42605116     0.99991159        4
  1899.44648282     1.00085863        4
  1899.46691467     1.00035122        4
  1899.48734633     1.00029699        4
  1899.50777809     0.99989037        4
  1899.52820995     1.00013461        4
  1899.54864161     1.00002116        4
  1899.56907337     1.00075503        4
  1899.58950523     1.00004217        4
  1899.63036865     1.00101311        4
  1899.65080051     1.00005059        4
  1899.67123227     1.00106185        4
  1899.69166403     0.99869819        4
  1899.71209579     0.99979522        4
  1899.73252755     0.99971431        4
  1899.75295941     0.99991343        4
  1899.77339108     1.00037847        4
  1899.79382284     1.00025813        4
  1899.81425470     1.00050464        4
  1899.83468636     1.00075793        4
  1899.87554999     1.00153033        4
  1899.89598165     1.00072340        4
  1899.91641352     1.00178407        4
  1899.93684528     0.99923988        4
  1899.95727695     1.00108079        4
  1899.97770881     0.99987467        4
  1899.99814058     0.99943998        4
  1900.01857244     1.00047114        4
  1900.03900411     1.00028731        4
  1900.05943587     0.99996009        4
  1900.07986764     1.00057700        4
  1900.12073117     1.00056335        4
  1900.14116294     1.00021427        4
  1900.16159471     1.00036807        4
  1900.18202658     0.99990215        4
  1900.20245824     0.99987381        4
  1900.22289001     0.99971177        4
  1900.24332188     1.00033840        4
  1900.26375355     0.99964724        4
  1900.28418532     0.99826504        4
  1900.30461719     0.99817067        4
  1900.32504896     0.99871212        4
  1900.36591250     0.99853183        4
  1900.38634427     0.99882934        4
  1900.40677614     0.99834988        4
  1900.42720781     0.99966982        4
  1900.44763958     0.99900054        4
  1900.46807145     0.99972338        4
  1900.48850312     0.99969344        4
  1900.50893489     1.00035227        4
  1900.52936677     0.99949756        4
  1900.54979844     1.00010603        4
  1900.57023031     0.99970706        4
  1900.61109376     0.99948036        4
  1900.63152563     1.00065037        4
  1900.65195741     0.99992764        4
  1900.67238908     0.99991113        4
  1900.69282095     0.99864625        4
  1900.85627516     1.00077636        4
  1900.87670694     1.00010657        4
  1900.89713881     0.99876112        4
  1900.91757059     0.99906050        4
  1900.93800227     0.99888909        4
  1900.95843415     0.99950828        4
  1900.97886593     0.99971431        4
  1900.99929760     0.99965878        4
  1901.01972948     0.99969226        4
  1901.04016126     1.00059636        4
  1901.06059294     0.99996451        4
  1901.10145660     1.00015378        4
  1901.12188848     1.00000359        4
  1901.14232016     0.99890142        4
  1901.16275194     0.99951271        4
  1901.18318383     1.00064359        4
  1901.20361551     1.00095152        4
  1901.22404729     1.00027318        4
  1901.24447917     1.00026323        4
  1901.26491085     1.00006347        4
  1901.28534274     1.00052282        4
  1901.30577452     1.00027679        4
  1901.34663809     1.00013010        4
  1901.36706987     1.00070013        4
  1901.38750165     0.99907949        4
  1901.40793344     1.00025892        4
  1901.42836522     0.99973293        4
  1901.44879701     1.00100245        4
  1901.46922879     1.00102819        4
  1901.48966058     1.00008446        4
  1901.51009236     1.00039135        4
  1901.53052415     1.00075019        4
  1901.55095594     0.99976974        4
  1901.59181951     1.00030255        4
  1901.61225140     1.00060815        4
  1901.63268319     1.00084704        4
  1901.65311487     1.00069921        4
  1901.67354676     1.00019217        4
  1901.69397855     1.00076906        4
  1901.71441024     1.00035380        4
  1901.73484213     0.99996798        4
  1901.75527392     0.99956600        4
  1901.77570561     0.99934191        4
  1901.79613750     0.99939113        4
  1901.83700118     1.00007314        4
  1901.85743287     0.99937818        4
  1901.87786466     0.99951218        4
  1901.89829655     1.00449486        4
  1901.91872824     1.00133410        4
  1901.93916003     1.00097683        4
  1901.95959193     0.99909149        4
  1901.98002362     1.00057310        4
  1902.00045551     1.00002612        4
  1902.08218268     0.99887209        4
  1902.10261438     1.00115149        4
  1902.12304627     1.00082659        4
  1902.14347807     1.00133756        4
  1902.16390986     1.00041132        4
  1902.18434166     1.00003219        4
  1902.20477345     0.99954762        4
  1902.22520525     0.99928773        4
  1902.24563705     0.99987405        4
  1902.26606884     0.99904263        4
  1902.28650074     0.99938790        4
  1902.32736423     0.99953559        4
  1902.34779613     0.99977130        4
  1902.36822783     1.00072366        4
  1902.38865973     1.00069543        4
  1902.40909153     1.00017142        4
  1902.42952323     1.00083004        4
  1902.57254593     1.00037094        4
  1902.59297773     0.99980623        4
  1902.61340963     1.00057200        4
  1902.63384133     0.99983277        4
  1902.65427313     0.99922284        4
  1902.67470504     0.99956774        4
  1902.69513674     1.00000037        4
  1902.71556864     0.99994225        4
  1902.73600045     0.99948427        4
  1902.75643215     1.00079692        4
  1902.77686405     1.00009773        4
  1902.81772766     0.99649435        4
  1902.83815947     0.99999199        4
  1902.85859127     1.00047099        4
  1902.87902298     1.00057175        4
  1902.89945488     1.00113245        4
  1902.91988669     1.00037325        4
  1902.94031860     0.99843698        4
  1902.96075030     0.99940437        4
  1902.98118211     0.99956719        4
  1903.00161402     0.99971730        4
  1903.02204573     0.99901881        4
  1903.18550030     0.99968718        4
  1903.20593201     0.99912816        4
  1903.22636392     0.99975590        4
  1903.24679573     0.99977542        4
  1903.26722764     0.99950254        4
  1903.30809116     0.99904032        4
  1903.32852308     0.99990313        4
  1903.34895479     0.99994626        4
  1903.36938660     0.99995440        4
  1903.38981851     0.99849759        4
  1903.41025033     1.00008691        4
  1903.43068214     0.99981145        4
  1903.45111386     1.00074600        4
  1903.47154567     0.99962441        4
  1903.49197758     0.99903236        4
  1903.51240940     0.99847306        4
  1903.55327303     0.99888747        4
  1903.57370485     0.99929400        4
  1903.59413656     0.99983384        4
  1903.61456848     1.00074395        4
  1903.63500030     1.00102263        4
  1903.65543221     1.00146012        4
  1903.67586393     1.00113726        4
  1903.69629575     1.00128625        4
  1903.71672767     0.99947880        4
  1903.73715938     1.00134839        4
  1903.75759120     1.00035353        4
  1903.79845484     0.99993592        4
  1903.81888676     1.00064870        4
  1903.83931858     0.99848941        4
  1903.85975030     0.99977035        4
  1903.88018222     0.99960953        4
  1903.90061404     0.99906365        4
  1903.92104576     1.00062053        4
  1903.94147768     1.00020812        4
  1903.96190951     1.00035192        4
  1903.98234143     1.00148720        4
  1904.00277315     1.00019129        4
  1904.04363680     1.00010708        4
  1904.06406872     0.99971521        4
  1904.08450044     0.99970551        4
  1904.10493227     1.00041977        4
  1904.12536409     1.00400388        4
  1904.14579592     0.99932387        4
  1904.16622784     1.00034423        4
  1904.18665957     1.00112870        4
  1904.20709149     0.99872432        4
  1904.22752332     1.00022512        4
  1904.28881880     0.99963410        4
  1904.30925052     1.00010961        4
  1904.32968245     1.00027454        4
  1904.35011428     1.00077327        4
  1904.37054621     1.00004187        4
  1904.39097793     1.00081751        4
  1904.41140976     1.00005639        4
  1904.43184169     1.00032090        4
  1904.45227342     0.99968546        4
  1904.47270525     0.99963196        4
  1904.49313718     1.00047073        4
  1904.59529633     0.99944937        4
  1904.61572817     0.99957149        4
  1904.63616000     0.99996787        4
  1904.65659183     0.99989858        4
  1904.67702366     1.00048282        4
  1904.69745550     0.99998762        4
  1904.71788733     0.99980065        4
  1904.73831916     1.00036008        4
  1904.77918283     1.00091947        4
  1904.79961467     0.99970088        4
  1904.82004660     1.00018122        4
  1904.84047834     1.00005612        4
  1904.86091017     1.00037954        4
  1905.02436487     0.99960201        4
  1905.04479681     0.99956394        4
  1905.06522865     0.99948068        4
  1905.08566058     1.00015110        4
  1905.10609232     0.99943480        4
  1905.12652416     1.00011645        4
  1905.14695610     1.00122908        4
  1905.16738784     0.99938891        4
  1905.18781968     1.00026433        4
