  1835.65925298     0.99995605        0
  1835.67968519     0.99994879        0
  1835.80227845     0.99926684        0
  1835.82271076     1.00001182        0
  1835.84314287     0.99995691        0
  1835.86357507     1.00001735        0
  1835.88400738     1.00005703        0
  1835.90443948     0.99992517        0
  1835.92487169     0.99983338        0
  1835.94530399     1.00008636        0
  1835.96573610     1.00010561        0
  1835.98616830     0.99999692        0
  1836.00660061     0.99995488        0
  1836.02703271     0.99996771        0
  1836.04746491     1.00014776        0
  1836.06789721     1.00001504        0
  1836.08832931     1.00006557        0
  1836.10876151     1.00027004        0
  1836.12919381     1.00010820        0
  1836.14962601     1.00017755        0
  1836.17005811     1.00004540        0
  1836.19049041     0.99997210        0
  1836.21092261     1.00002824        0
  1836.23135491     0.99982829        0
  1836.25178700     0.99988198        0
  1836.27221920     0.99997719        0
  1836.31308359     0.99990408        0
  1836.33351579     0.99988499        0
  1836.35394808     1.00007615        0
  1836.37438018     0.99999553        0
  1836.39481237     1.00006746        0
  1836.41524456     1.00023779        0
  1836.43567675     0.99980522        0
  1836.45610895     1.00004783        0
  1836.47654114     1.00003366        0
  1836.49697333     1.00019715        0
  1836.51740552     1.00002509        0
  1836.53783771     0.99993195        0
  1836.55826990     1.00010450        0
  1836.57870209     0.99986023        0
  1836.59913437     1.00003480        0
  1836.61956646     0.99999477        0
  1836.63999865     1.00018767        0
  1836.66043094     0.99986534        0
  1836.68086302     0.99992167        0
  1836.70129521     1.00020952        0
  1836.72172749     0.99999724        0
  1836.74215958     0.99977396        0
  1836.76259176     0.99968904        0
  1836.78302405     1.00004803        0
  1836.80345613     0.99985038        0
  1836.82388841     1.00008283        0
  1836.84432059     1.00009237        0
  1836.86475268     0.99989090        0
  1836.88518496     0.99981112        0
  1836.90561714     1.00011003        0
  1836.92604922     0.99994830        0
  1836.94648150     1.00005829        0
  1836.96691368     0.99980251        0
  1836.98734586     1.00003233        0
  1837.00777803     1.00008077        0
  1837.02821021     0.99896798        0
  1837.08950674     0.99997624        0
  1837.10993892     0.99998738        0
  1837.13037109     1.00010662        0
  1837.15080327     1.00011484        0
  1837.17123544     0.99989588        0
  1837.19166761     1.00001399        0
  1837.21209979     0.99989448        0
  1837.23253196     1.00008650        0
  1837.25296413     1.00007499        0
  1837.27339630     1.00000000        0
  1837.29382838     0.99971396        0
  1837.31426065     1.00011981        0
  1837.33469282     0.99986359        0
  1837.35512499     0.99990509        0
  1837.37555715     1.00001782        0
  1837.39598932     1.00000103        0
  1837.41642149     0.99990494        0
  1837.43685376     1.00003080        0
  1837.45728583     1.00000329        0
  1837.47771809     0.99995809        0
  1837.49815026     0.99995056        0
  1837.51858232     1.00015870        0
  1837.53901459     0.99992373        0
  1837.55944675     0.99993682        0
  1837.57987882     0.99988892        0
  1837.60031108     1.00012658        0
  1837.62074324     1.00012437        0
  1837.64117531     0.99988416        0
  1837.66160757     0.99990156        0
  1837.68203973     0.99994482        0
  1837.70247179     1.00026193        0
  1837.72290405     1.00017925        0
  1837.74333621     0.99993348        0
  1837.76376827     0.99972577        0
  1837.78420053     1.00013916        0
  1837.80463269     0.99980613        0
  1837.82506485     0.99989633        0
  1837.84549700     0.99984978        0
  1837.86592916     1.00015198        0
  1837.88636122     0.99980514        0
  1837.90679347     0.99983453        0
  1837.92722563     1.00019025        0
  1837.94765778     0.99986787        0
  1837.96808994     0.99997583        0
  1837.98852209     1.00000775        0
  1838.00895415     0.99987254        0
  1838.02938640     1.00018456        0
  1838.04981855     1.00002475        0
  1838.07025081     1.00007996        0
  1838.09068286     0.99975859        0
  1838.11111501     0.99989246        0
  1838.13154726     1.00010769        0
  1838.15197931     0.99997720        0
  1838.17241146     1.00012560        0
  1838.19284371     1.00008573        0
  1838.21327576     1.00006732        0
  1838.23370790     1.00000426        0
  1838.29500435     1.00006969        0
  1838.31543659     1.00008776        0
  1838.33586874     0.99991491        0
  1838.35630078     1.00006317        0
  1838.37673303     0.99987534        0
  1838.39716517     1.00030074        0
  1838.41759722     1.00006335        0
  1838.43802946     1.00003128        0
  1838.45846160     0.99995790        0
  1838.47889364     0.99979096        0
  1838.49932588     0.99999264        0
  1838.51975803     1.00008739        0
  1838.54019007     1.00004791        0
  1838.56062231     1.00000281        0
  1838.58105445     1.00015349        0
  1838.60148649     1.00011226        0
  1838.62191872     1.00006057        0
  1838.64235086     1.00017082        0
  1838.66278290     0.99997137        0
  1838.68321514     0.99980401        0
  1838.70364728     1.00019428        0
  1838.72407941     1.00002949        0
  1838.74451155     1.00010454        0
  1838.76494368     1.00009520        0
  1838.78537582     1.00951476        0
  1838.80580795     0.99983962        0
  1838.82624009     1.00009358        0
  1838.84667232     1.00003694        0
  1838.86710435     1.00014414        0
  1838.88753648     1.00010157        0
  1838.90796872     1.00001350        0
  1838.92840075     0.99985181        0
  1838.94883288     0.99987470        0
  1838.96926511     0.99996121        0
  1838.98969714     0.99887639        0
  1839.05099353     0.99988196        0
  1839.07142565     0.99994082        0
  1839.09185788     0.99988283        0
  1839.11229001     0.99984084        0
  1839.13272204     0.99963587        0
  1839.15315426     0.99991754        0
  1839.17358639     1.00000569        0
  1839.19401841     1.00024813        0
  1839.21445064     1.00039507        0
  1839.23488276     0.99994080        0
  1839.25531478     0.99986829        0
  1839.27574701     0.99988332        0
  1839.29617913     0.99990598        0
  1839.31661135     0.99984800        0
  1839.33704337     1.00009841        0
  1839.35747550     0.99995078        0
  1839.37790762     0.99997423        0
  1839.39833974     0.99993957        0
  1839.41877176     0.99999446        0
  1839.43920398     1.00030124        0
  1839.45963609     0.99986254        0
  1839.48006811     0.99986728        0
  1839.50050033     1.00015643        0
  1839.52093245     1.00003929        0
  1839.54136457     1.00027227        0
  1839.56179668     1.00015473        0
  1839.58222880     1.00506811        0
  1839.60266091     0.99999704        0
  1839.62309303     0.99989932        0
  1839.64352514     0.99989192        0
  1839.72525360     0.99927715        0
  1839.74568581     1.00003330        0
  1839.76611782     0.99979382        0
  1839.78654993     0.99993794        0
  1839.80698214     0.99989224        0
  1839.82741415     0.99993375        0
  1839.84784626     1.00010875        0
  1839.86827847     0.99982882        0
  1839.88871048     0.99998804        0
  1839.90914259     1.00001721        0
  1839.92957479     0.99995798        0
  1839.95000690     0.99991184        0
  1839.97043901     0.99990865        0
  1839.99087112     1.00018472        0
  1840.29735265     1.00002168        0
  1840.31778465     1.00011623        0
  1840.33821685     1.00012586        0
  1840.35864895     1.00004359        0
  1840.37908105     1.00009102        0
  1840.39951314     1.00002579        0
  1840.41994524     0.99984869        0
  1840.44037734     1.00006120        0
  1840.46080943     1.00006139        0
  1840.48124153     1.00010330        0
  1840.50167362     0.99980212        0
  1840.52210581     0.99992118        0
  1840.54253781     1.00003044        0
  1840.56297000     0.99995642        0
  1840.58340209     1.00030716        0
  1840.60383409     0.99993819        0
  1840.62426628     1.00024293        0
  1840.64469837     0.99972201        0
  1840.66513036     1.00110269        0
  1840.68556255     1.00007892        0
  1840.70599464     0.99909251        0
  1840.72642663     1.00002221        0
  1840.74685882     0.99995373        0
  1840.76729091     0.99988713        0
  1840.78772299     1.00010233        0
  1840.80815508     1.00006933        0
  1840.82858707     0.99998444        0
  1840.84901925     0.99995804        0
  1840.86945134     0.99994347        0
  1840.88988343     0.99975970        0
  1840.91031541     1.00005187        0
  1840.93074760     1.00000084        0
  1840.95117968     0.99982295        0
  1840.97161166     1.00005671        0
  1840.99204385     1.00003440        0
  1872.00752858     1.00011856        1
  1872.02796021     1.00004333        1
  1872.04839184     0.99998786        1
  1872.06882347     1.00020366        1
  1872.08925510     0.99993980        1
  1872.10968673     1.00004260        1
  1872.13011846     0.99989445        1
  1872.17098162     1.00020148        1
  1872.19141335     0.99983758        1
  1872.21184498     1.00002031        1
  1872.23227651     0.99985546        1
  1872.25270824     1.00012124        1
  1872.27313987     0.99987102        1
  1872.29357140     0.99977524        1
  1872.31400313     0.99983081        1
  1872.33443476     0.99969512        1
  1872.35486629     0.99984156        1
  1872.37529802     1.00016898        1
  1872.41616138     0.99995856        1
  1872.43659290     1.00008317        1
  1872.45702453     1.00012485        1
  1872.47745626     0.99993321        1
  1872.49788779     1.00016708        1
  1872.51831942     0.99995061        1
  1872.53875115     1.00000011        1
  1872.55918267     1.00012771        1
  1872.57961430     1.00014215        1
  1872.60004603     1.00076691        1
  1872.62047756     1.00000401        1
  1872.66134091     1.00003662        1
  1872.68177244     1.00007649        1
  1872.70220417     0.99988334        1
  1872.72263579     1.00006108        1
  1872.74306732     1.00011338        1
  1872.76349905     0.99992810        1
  1872.78393068     0.99992417        1
  1872.80436220     0.99996600        1
  1872.82479393     1.00020071        1
  1872.84522556     1.00016524        1
  1872.86565708     0.99987488        1
  1872.90652043     0.99991927        1
  1872.92695196     0.99991044        1
  1872.94738369     0.99992792        1
  1872.96781531     0.99980509        1
  1872.98824704     0.99959001        1
  1873.00867856     0.99985194        1
  1873.02911019     0.99995653        1
  1873.04954191     0.99970447        1
  1873.06997344     0.99966291        1
  1873.09040506     1.00010310        1
  1873.15169994     0.99996648        1
  1873.17213166     0.99985280        1
  1873.19256329     0.99993505        1
  1873.21299491     0.99980291        1
  1873.23342654     0.99987013        1
  1873.25385816     1.00005292        1
  1873.27428979     1.00003265        1
  1873.29472141     1.00002151        1
  1873.31515303     1.00004558        1
  1873.33558466     1.00004878        1
  1873.35601628     1.00015100        1
  1873.39687953     0.99887347        1
  1873.41731115     1.00004582        1
  1873.43774268     0.99996415        1
  1873.45817440     1.00020263        1
  1873.47860602     1.00005614        1
  1873.49903775     0.99979501        1
  1873.51946927     0.99997458        1
  1873.53990089     1.00000432        1
  1873.56033261     1.00011061        1
  1873.58076414     1.00010641        1
  1873.60119576     0.99998046        1
  1873.74421721     0.99986224        1
  1873.76464884     1.00017492        1
  1873.78508046     1.00011086        1
  1873.80551208     1.00000000        1
  1873.82594370     0.99997581        1
  1873.84637542     1.00009138        1
  1873.88723856     1.00004209        1
  1873.90767028     1.00004506        1
  1873.92810181     0.99984253        1
  1873.94853343     1.00027964        1
  1873.96896515     1.00006310        1
  1873.98939667     0.99999290        1
  1874.00982839     0.99989839        1
  1874.03025991     1.00008749        1
  1874.05069153     0.99994627        1
  1874.07112325     1.00008336        1
  1874.09155477     1.00022427        1
  1874.25500783     1.00005905        1
  1874.27543945     1.00001516        1
  1874.29587107     1.00009886        1
  1874.31630268     1.00001697        1
  1874.33673430     1.00000887        1
  1874.37759754     0.99999318        1
  1874.39802916     0.99988105        1
  1874.41846088     0.99996757        1
  1874.43889240     1.00004479        1
  1874.45932402     1.00014742        1
  1874.47975573     1.00020216        1
  1874.50018725     0.99983324        1
  1874.52061897     0.99984686        1
  1874.54105059     1.00012959        1
  1874.56148211     0.99991730        1
  1874.58191382     1.00007095        1
  1874.62277696     1.00006101        1
  1874.64320868     1.00003712        1
  1874.66364030     0.99992316        1
  1874.68407191     1.00008371        1
  1874.70450353     0.99964827        1
  1874.72493515     1.00010069        1
  1874.74536666     0.99989042        1
  1874.76579838     0.99989940        1
  1874.78623000     0.99971425        1
  1874.80666162     0.99994347        1
  1874.86795657     0.99990226        1
  1874.88838808     1.00007578        1
  1874.90881970     0.99989796        1
  1874.92925142     0.99997947        1
  1874.94968293     1.00000880        1
  1874.97011455     0.99992854        1
  1874.99054626     1.00012950        1
  1875.01097778     1.00014191        1
  1875.03140950     0.99999220        1
  1875.05184111     0.99993742        1
  1875.11313596     1.00002698        1
  1875.13356748     1.00002863        1
  1875.15399919     0.99988774        1
  1875.17443081     0.99996173        1
  1875.19486242     1.00007986        1
  1875.21529404     0.99982697        1
  1875.23572565     1.00009472        1
  1875.35831534     0.99917760        1
  1875.37874706     0.99974597        1
  1875.39917857     1.00007016        1
  1875.41961018     1.00006014        1
  1875.44004190     1.00016090        1
  1875.46047341     1.00010144        1
  1875.48090503     1.00031606        1
  1875.50133674     1.00012573        1
  1875.52176825     0.99988295        1
  1875.54219997     0.99985954        1
  1875.56263158     0.99994188        1
  1875.60349481     0.99983864        1
  1875.62392642     1.00012892        1
  1875.64435794     1.00006336        1
  1875.66478965     0.99981666        1
  1875.68522126     0.99989241        1
  1875.70565288     0.99999970        1
  1875.72608449     0.99987413        1
  1875.74651610     1.00004017        1
  1875.76694782     0.99998433        1
  1875.78737933     1.00000762        1
  1875.80781094     0.99996708        1
  1875.84867427     0.99990899        1
  1875.86910578     1.00006321        1
  1875.88953749     0.99993024        1
  1875.90996911     1.00000694        1
  1875.93040062     1.00012838        1
  1875.95083233     1.00005920        1
  1875.97126394     1.00003584        1
  1875.99169566     0.99999478        1
  1876.01212717     1.00009979        1
  1876.09385362     0.99999385        1
  1876.11428523     0.99985927        1
  1876.13471684     1.00004698        1
  1876.15514835     1.00002526        1
  1876.17558006     1.00013211        1
  1876.19601167     1.00002138        1
  1876.21644328     0.99988786        1
  1876.23687490     0.99991865        1
  1876.25730651     0.99985415        1
  1876.27773822     0.99996320        1
  1876.33903305     0.99987012        1
  1876.35946466     0.99976549        1
  1876.37989617     0.99989156        1
  1876.40032788     0.99968731        1
  1876.42075950     0.99992887        1
  1876.44119101     0.99978961        1
  1876.46162272     0.99988473        1
  1876.48205433     0.99983383        1
  1876.50248604     0.99991817        1
  1876.52291755     0.99993570        1
  1876.54334916     0.99994989        1
  1876.58421238     1.00000328        1
  1876.60464399     0.99998917        1
  1876.62507570     0.99992438        1
  1876.64550721     1.00001562        1
  1876.66593882     0.99996044        1
  1876.82939170     0.99982326        1
  1876.84982340     1.00001039        1
  1876.87025491     1.00000164        1
  1876.89068652     0.99995735        1
  1876.91111823     1.00004238        1
  1876.93154984     1.00016385        1
  1877.07457120     1.00009833        1
  1877.09500271     1.00028785        1
  1877.11543432     1.00004519        1
  1877.13586603     1.00011919        1
  1877.15629754     0.99997379        1
  1877.17672914     1.00006973        1
  1877.19716085     1.00002479        1
  1877.21759236     1.00004081        1
  1877.23802407     1.00011579        1
  1877.25845568     0.99995331        1
  1877.27888719     0.99995223        1
  1877.31975050     1.00001727        1
  1877.34018211     1.00005541        1
  1877.36061372     1.00003700        1
  1877.38104532     1.00010299        1
  1877.40147693     1.00004023        1
  1877.42190854     1.00011157        1
  1877.44234015     0.99999517        1
  1877.46277175     1.00003698        1
  1877.48320336     0.99994889        1
  1877.50363497     0.99985287        1
  1877.52406658     1.00002994        1
  1877.56492979     1.00000353        1
  1877.58536150     0.99986925        1
  1877.60579301     1.00012855        1
  1877.62622461     0.99993787        1
  1877.64665632     0.99978295        1
  1877.66708783     0.99988493        1
  1877.68751953     0.99991448        1
  1877.70795114     0.99977796        1
  1877.72838265     0.99999351        1
  1877.74881435     0.99996926        1
  1877.76924596     1.00011033        1
  1877.81010917     0.99999911        1
  1877.83054078     0.99989583        1
  1877.85097229     1.00009295        1
  1877.87140399     1.00008552        1
  1877.89183560     1.00000965        1
  1877.91226721     1.00004016        1
  1877.93269881     0.99987904        1
  1877.95313042     1.00014078        1
  1877.97356212     1.00011227        1
  1877.99399373     1.00005898        1
  1878.01442524     0.99988320        1
  1878.05528855     0.99988326        1
  1878.07572005     1.00007832        1
  1878.09615176     1.00007350        1
  1878.11658337     1.00007852        1
  1878.13701487     0.99988300        1
  1878.15744658     1.00022653        1
  1878.17787808     0.99985482        1
  1878.19830979     1.00022879        1
  1878.21874139     1.00010166        1
  1878.23917290     1.00021076        1
  1878.25960460     1.00003425        1
  1878.30046772     1.00009121        1
  1878.32089942     0.99998292        1
  1878.34133103     1.00007007        1
  1878.36176253     1.00003015        1
  1878.38219424     1.00007958        1
  1878.40262584     0.99993377        1
  1878.42305755     0.99996177        1
  1878.44348905     1.00002015        1
  1878.46392066     1.00019131        1
  1878.48435236     1.00006155        1
  1878.54564718     1.00003828        1
  1878.56607878     0.99990075        1
  1878.58651029     0.99964340        1
  1878.60694199     0.99974882        1
  1878.62737359     1.00009709        1
  1878.64780520     0.99976651        1
  1878.66823680     0.99978406        1
  1878.68866841     1.00017864        1
  1878.70910011     1.00005310        1
  1878.72953162     0.99995275        1
  1878.74996322     1.00005062        1
  1878.79082643     1.00010522        1
  1878.81125803     1.00012253        1
  1878.83168964     0.99983874        1
  1878.85212124     0.99998243        1
  1878.87255295     1.00001427        1
  1878.89298445     1.00001192        1
  1878.91341605     0.99994780        1
  1878.93384776     0.99985334        1
  1878.95427926     0.99979666        1
  1878.97471087     1.00027904        1
  1878.99514257     1.00022424        1
  1879.07686899     1.00003471        1
  1879.09730059     0.99986663        1
  1879.11773219     0.99990023        1
  1879.13816380     0.99998482        1
  1879.15859540     0.99988898        1
  1879.17902700     0.99991799        1
  1879.19945861     0.99989480        1
  1879.21989031     0.99995102        1
  1879.24032181     0.99996801        1
  1879.30161662     0.99998850        1
  1879.32204833     0.99991911        1
  1879.34247993     0.99987331        1
  1879.36291143     1.00012765        1
  1879.38334314     1.00014234        1
  1879.40377474     1.00006118        1
  1879.42420624     0.99988587        1
  1879.44463795     0.99989606        1
  1879.46506955     0.99999519        1
  1879.48550105     0.99982851        1
  1879.52636426     0.99990887        1
  1879.54679596     1.00001886        1
  1879.56722756     1.00010497        1
  1879.58765916     0.99983289        1
  1879.60809077     0.99984892        1
  1879.62852237     0.99987362        1
  1879.64895397     0.99999816        1
  1879.66938558     1.00016623        1
  1879.68981718     0.99994456        1
  1879.71024878     1.00003804        1
  1879.73068038     1.00011455        1
  1879.77154369     1.00001267        1
  1879.79197529     1.00011018        1
  1879.81240679     1.00005593        1
  1879.83283850     0.99991979        1
  1879.85327010     0.99996171        1
  1879.87370160     1.00010171        1
  1879.89413330     1.00005653        1
  1879.91456491     1.00014064        1
  1879.93499641     0.99991571        1
  1879.95542811     0.99990403        1
  1879.97585971     1.00006375        1
  1880.03715452     0.99997851        2
  1880.05758622     1.00008418        2
  1880.07801772     0.99992708        2
  1880.09844932     0.99994510        2
  1880.11888093     1.00018488        2
  1880.13931253     1.00003286        2
  1880.15974413     1.00009624        2
  1880.18017583     1.00008039        2
  1880.20060733     1.00003717        2
  1880.22103904     0.99989226        2
  1880.26190214     0.99989637        2
  1880.28233384     1.00016834        2
  1880.30276544     0.99988339        2
  1880.32319695     1.00008314        2
  1880.34362865     1.00017161        2
  1880.36406025     1.00109778        2
  1880.38449175     0.99977742        2
  1880.40492345     0.99985894        2
  1880.42535505     0.99998304        2
  1880.44578676     0.99988768        2
  1880.50708156     1.00009048        2
  1880.52751306     1.00002433        2
  1880.54794466     0.99995943        2
  1880.56837637     1.00048864        2
  1880.58880787     0.99989563        2
  1880.60923947     0.99990264        2
  1880.62967117     0.99979903        2
  1880.65010267     0.99979280        2
  1880.67053437     1.00001670        2
  1880.75226078     0.99984588        2
  1880.77269238     0.99982921        2
  1880.79312398     1.00015821        2
  1880.81355558     0.99985029        2
  1880.83398718     1.00014008        2
  1880.85441878     1.00007009        2
  1880.87485039     0.99989325        2
  1880.89528199     1.00003112        2
  1880.91571359     1.00006046        2
  1880.93614519     0.99987646        2
  1880.95657689     1.00011346        2
  1881.01787169     0.99988351        2
  1881.03830319     0.99967639        2
  1881.05873480     0.99989529        2
  1881.07916650     0.99998689        2
  1881.09959800     0.99984696        2
  1881.12002970     1.00008396        2
  1881.14046130     0.99996015        2
  1881.16089280     1.00002458        2
  1881.18132450     1.00023771        2
  1881.20175610     1.00001445        2
  1881.24261930     0.99989581        2
  1881.26305090     0.99966291        2
  1881.28348251     0.99999245        2
  1881.30391411     1.00003091        2
  1881.32434571     1.00007886        2
  1881.34477741     1.00000000        2
  1881.36520891     1.00002795        2
  1881.38564051     1.00002567        2
  1881.40607221     1.00019695        2
  1881.42650381     0.99989545        2
  1881.44693531     1.00001877        2
  1881.48779851     0.99993244        2
  1881.50823021     0.99981254        2
  1881.52866182     0.99986066        2
  1881.54909342     1.00001134        2
  1881.56952502     1.00006228        2
  1881.58995662     0.99995027        2
  1881.61038812     1.00006512        2
  1881.63081982     0.99993828        2
  1881.65125142     1.00019139        2
  1881.67168292     1.00019479        2
  1881.69211462     1.00055208        2
  1881.73297792     1.00010957        2
  1881.75340942     1.00015933        2
  1881.77384102     1.00000272        2
  1881.79427272     1.00002792        2
  1881.81470422     1.00021000        2
  1881.83513583     0.99998876        2
  1881.85556753     0.99991690        2
  1881.87599903     1.00004124        2
  1881.89643063     1.00014133        2
  1881.91686233     1.00008520        2
  1881.93729393     0.99995238        2
  1881.97815713     1.00000917        2
  1881.99858873     1.00008314        2
  1882.01902033     1.00070528        2
  1882.03945193     1.00040599        2
  1882.05988353     1.00010599        2
  1882.08031523     1.00014184        2
  1882.10074673     0.99992970        2
  1882.12117833     0.99999264        2
  1882.14161003     1.00005642        2
  1882.16204153     0.99997273        2
  1882.22333634     0.99983271        2
  1882.24376804     1.00002139        2
  1882.26419954     0.99982293        2
  1882.28463114     0.99992714        2
  1882.30506284     1.00015227        2
  1882.32549434     1.00014100        2
  1882.34592604     1.00001878        2
  1882.36635764     1.00008209        2
  1882.38678914     0.99999056        2
  1882.46851564     1.00022386        2
  1882.48894724     0.99996064        2
  1882.50937884     0.99994830        2
  1882.52981044     1.00013467        2
  1882.55024204     0.99976172        2
  1882.57067374     0.99987144        2
  1882.59110534     0.99992965        2
  1882.77498975     0.99983486        2
  1882.79542145     1.00003461        2
  1882.81585295     0.99993253        2
  1882.83628455     1.00003832        2
  1882.85671625     0.99986271        2
  1882.87714775     0.99993654        2
  1882.89757925     0.99980050        2
  1882.91801095     0.99999183        2
  1883.02016906     1.00004570        2
  1883.04060056     0.99995975        2
  1883.06103216     1.00002498        2
  1883.08146386     1.00003443        2
  1883.10189546     0.99994376        2
  1883.12232696     1.00001283        2
  1883.14275866     0.99993155        2
  1883.16319026     0.99992284        2
  1883.20405346     0.99998215        2
  1883.22448506     0.99988281        2
  1883.24491676     0.99982481        2
  1883.26534826     1.00003913        2
  1883.28577986     0.99989354        2
  1883.30621156     0.99991543        2
  1883.32664307     0.99975514        2
  1883.34707467     0.99980225        2
  1883.36750637     0.99981767        2
  1883.38793787     0.99997210        2
  1883.40836957     1.00012259        2
  1883.44923267     0.99991345        2
  1883.46966437     1.00010794        2
  1883.49009597     0.99998060        2
  1883.51052747     0.99991104        2
  1883.53095917     1.00008429        2
  1883.55139067     0.99998614        2
  1883.57182237     0.99989134        2
  1883.59225398     1.00003856        2
  1883.61268548     0.99990120        2
  1883.63311718     1.00018050        2
  1883.65354878     0.99995862        2
  1883.71484358     0.99992981        2
  1883.73527518     1.00001759        2
  1883.75570678     1.00010883        2
  1883.77613838     1.00006676        2
  1883.79657008     1.00004200        2
  1883.81700169     1.00001713        2
  1883.83743319     0.99999146        2
  1883.85786489     0.99997581        2
  1883.87829649     0.99994732        2
  1883.89872799     1.00000978        2
  1883.96002279     0.99993936        2
  1883.98045449     1.00009326        2
  1884.00088610     0.99990977        2
  1884.02131780     0.99983384        2
  1884.04174930     0.99992185        2
  1884.06218090     1.00014449        2
  1884.08261260     1.00006338        2
  1884.10304410     1.00004145        2
  1884.12347570     1.00001171        2
  1884.14390740     0.99985620        2
  1884.20520211     0.99997872        2
  1884.22563371     1.00016343        2
  1884.24606541     0.99988719        2
  1884.26649691     0.99979533        2
  1884.28692851     0.99996931        2
  1884.30736022     0.99997018        2
  1884.32779182     1.00012925        2
  1884.34822332     1.00003362        2
  1884.36865502     0.99986424        2
  1884.38908662     1.00006859        2
  1884.42994982     1.00001149        2
  1884.45038143     1.00010298        2
  1884.47081313     1.00012741        2
  1884.49124463     1.00012277        2
  1884.51167623     1.00017562        2
  1884.53210793     1.00016074        2
  1884.55253943     1.00004979        2
  1884.57297104     1.00004967        2
  1884.59340274     0.99995387        2
  1884.61383424     1.00016434        2
  1884.63426594     1.00013499        2
  1884.67512905     1.00005253        2
  1884.69556075     1.00002767        2
  1884.71599235     0.99998822        2
  1884.73642395     1.00007143        2
  1884.75685555     0.99984755        2
  1884.77728715     0.99982923        2
  1884.79771876     1.00006178        2
  1884.81815036     0.99994237        2
  1884.83858196     0.99986821        2
  1884.85901356     1.00000928        2
  1884.92030837     1.00015980        2
  1884.94073997     0.99984331        2
  1884.96117157     1.00004194        2
  1884.98160328     0.99989655        2
  1885.00203478     0.99987880        2
  1885.02246648     0.99989337        2
  1885.04289808     0.99989324        2
  1885.06332959     1.00023010        2
  1885.08376129     1.00009311        2
  1885.10419289     1.00003856        2
  1885.12462439     0.99996745        2
  1885.16548770     0.99698679        2
  1885.18591920     0.99994477        2
  1885.20635090     1.00001451        2
  1885.22678251     1.00005653        2
  1885.24721421     0.99976248        2
  1885.26764571     0.99999363        2
  1885.28807731     0.99972333        2
  1885.30850902     0.99982475        2
  1885.32894052     0.99985552        2
  1885.34937212     1.00000005        2
  1885.36980382     0.99992582        2
  1885.41066693     1.00026207        2
  1885.43109863     0.99998116        2
  1885.45153024     1.00006279        2
  1885.47196184     1.00000392        2
  1885.49239344     1.00005488        2
  1885.51282505     1.00002450        2
  1885.53325665     0.99986395        2
  1885.55368825     0.99991733        2
  1885.57411976     1.00027762        2
  1885.59455146     1.00027632        2
  1885.61498306     1.00006939        2
  1885.65584627     1.00016314        2
  1885.67627787     1.00008470        2
  1885.69670958     1.00013070        2
  1885.71714108     1.00005626        2
  1885.73757268     0.99994375        2
  1885.75800439     0.99982812        2
  1885.77843589     0.99983462        2
  1885.79886749     1.00001046        2
  1885.81929920     0.99993569        2
  1885.83973070     0.99994104        2
  1885.86016240     1.00002334        2
  1885.90102551     0.99985480        2
  1885.92145722     0.99995057        2
  1885.94188882     1.00003016        2
  1885.96232042     1.00006982        2
  1885.98275203     1.00000231        2
  1886.00318363     1.00017075        2
  1886.02361523     0.99981020        2
  1886.04404684     0.99975513        2
  1886.06447844     1.00004990        2
  1886.08491015     1.00001685        2
  1886.10534175     1.00004564        2
  1886.16663656     0.99998998        2
  1886.18706807     0.99994327        2
  1886.20749977     0.99999076        2
  1886.22793128     0.99995433        2
  1886.24836298     0.99979801        2
  1886.26879459     0.99996681        2
  1886.28922609     1.00009580        2
  1886.30965780     0.99999852        2
  1886.33008940     1.00012590        2
  1886.35052090     0.99998286        2
  1886.39138421     1.00018174        2
  1886.41181572     0.99995421        2
  1886.43224742     0.99981543        2
  1886.45267903     0.99983374        2
  1886.47311073     1.00055288        2
  1886.49354224     1.00020845        2
  1886.51397384     0.99997710        2
  1886.53440555     1.00000968        2
  1886.63656358     0.99984623        2
  1886.65699518     1.00000831        2
  1886.67742679     1.00007979        2
  1886.69785839     0.99991059        2
  1886.71829000     1.00003448        2
  1886.73872160     1.00000339        2
  1886.88174284     1.00002139        2
  1886.90217445     1.00004148        2
  1886.92260615     0.99980666        2
  1886.94303766     0.99997768        2
  1886.96346927     1.00003494        2
  1886.98390097     1.00007838        2
  1887.00433248     0.99999080        2
  1887.12692222     1.00028177        2
  1887.14735382     0.99998239        2
  1887.16778543     0.99990642        2
  1887.18821704     0.99986395        2
  1887.20864864     1.00003663        2
  1887.22908025     0.99999315        2
  1887.24951196     1.00005967        2
  1887.26994347     0.99991564        2
  1887.29037507     0.99982019        2
  1887.31080678     1.00006680        2
  1887.33123839     0.99992435        2
  1887.37210160     1.00011641        2
  1887.39253321     1.00000921        2
  1887.41296471     1.00004366        2
  1887.43339642     1.00012914        2
  1887.45382803     0.99999325        2
  1887.47425964     0.99972389        2
  1887.49469124     1.00007294        2
  1887.51512285     1.00000965        2
  1887.53555456     1.00000295        2
  1887.55598607     0.99997376        2
  1887.57641768     1.00003891        2
  1887.61728089     0.99996425        2
  1887.63771260     0.99978135        2
  1887.65814411     0.99991580        2
  1887.67857571     1.00008558        2
  1887.69900742     0.99989187        2
  1887.71943893     0.99995639        2
  1887.73987054     0.99998053        2
  1887.76030225     0.99994235        2
  1887.78073376     1.00013926        2
  1887.80116536     1.00014104        2
  1887.86246029     1.00016672        2
  1887.88289190     1.00014547        2
  1887.90332351     0.99992853        2
  1887.92375512     1.00007971        2
  1887.94418672     0.99989428        2
  1887.96461833     0.99999476        2
  1887.98505004     0.99988343        2
  1891.04979292     0.99990548        3
  1891.07022454     1.00020944        3
  1891.09065626     0.99989791        3
  1891.11108778     1.00004919        3
  1891.13151940     0.99996347        3
  1891.15195112     0.99995736        3
  1891.17238264     0.99998724        3
  1891.19281436     1.00007826        3
  1891.21324599     1.00006906        3
  1891.23367751     1.00001798        3
  1891.29497237     1.00006322        3
  1891.31540410     1.00004008        3
  1891.33583572     0.99999557        3
  1891.35626744     1.00001623        3
  1891.37669896     0.99976429        3
  1891.39713058     1.00015250        3
  1891.41756231     1.00003803        3
  1891.43799383     0.99989894        3
  1891.45842545     1.00005854        3
  1891.47885718     1.00008344        3
  1891.49928880     0.99993584        3
  1891.54015204     0.99991346        3
  1891.56058357     0.99985901        3
  1891.58101529     0.99997018        3
  1891.60144691     0.99997784        3
  1891.62187844     1.00022822        3
  1891.64231016     0.99996551        3
  1891.66274179     0.99993859        3
  1891.68317331     0.99989985        3
  1891.70360503     0.99998062        3
  1891.72403666     1.00013658        3
  1891.74446838     0.99997246        3
  1891.78533153     1.00002613        3
  1891.80576325     1.00003690        3
  1891.82619478     1.00006109        3
  1891.84662640     0.99979632        3
  1891.86705813     1.00008425        3
  1891.88748965     1.00005010        3
  1891.90792128     0.99999219        3
  1891.92835300     1.00003691        3
  1891.94878453     1.00002851        3
  1891.96921625     0.99997298        3
  1891.98964788     0.99974127        3
  1892.03051113     1.00008368        3
  1892.05094276     0.99980372        3
  1892.07137438     1.00006359        3
  1892.09180601     0.99998203        3
  1892.11223764     1.00002054        3
  1892.13266936     1.00007661        3
  1892.15310099     1.00012853        3
  1892.17353251     0.99986765        3
  1892.19396424     1.00008338        3
  1892.21439577     0.99990130        3
  1892.23482739     0.99991468        3
  1892.27569065     0.99991284        3
  1892.29612237     0.99994854        3
  1892.31655400     1.00005668        3
  1892.33698553     0.99995275        3
  1892.35741726     1.00018581        3
  1892.37784888     1.00002030        3
  1892.39828041     1.00019378        3
  1892.41871214     0.99997411        3
  1892.43914377     1.00003611        3
  1892.45957530     0.99983018        3
  1892.48000702     1.00010137        3
  1892.52087038     1.00000545        3
  1892.54130191     0.99985771        3
  1892.56173354     0.99974367        3
  1892.58216527     1.00006785        3
  1892.60259679     1.00032176        3
  1892.62302842     1.00005136        3
  1892.64346015     1.00001099        3
  1892.66389178     1.00001350        3
  1892.84777645     1.00014552        3
  1892.86820818     0.99998492        3
  1892.88863971     0.99995691        3
  1892.90907144     1.00028185        3
  1892.92950297     0.99998157        3
  1892.94993460     0.99998682        3
  1892.97036633     0.99998154        3
  1893.01122949     0.99909089        3
  1893.03166122     0.99998115        3
  1893.05209276     1.00000000        3
  1893.07252449     1.00008491        3
  1893.09295612     1.00005118        3
  1893.11338765     1.00003417        3
  1893.13381938     1.00025954        3
  1893.15425101     1.00003369        3
  1893.17468255     0.99978074        3
  1893.19511428     0.99988301        3
  1893.21554591     0.99997705        3
  1893.33813571     0.99984756        3
  1893.35856744     1.00006748        3
  1893.37899907     0.99998997        3
  1893.39943061     0.99987001        3
  1893.41986234     1.00003719        3
  1893.44029397     0.99997736        3
  1893.46072571     0.99992644        3
  1893.50158887     0.99993142        3
  1893.52202061     0.99990116        3
  1893.54245214     1.00013757        3
  1893.56288368     1.00020411        3
  1893.58331541     1.00002518        3
  1893.60374705     1.00022974        3
  1893.62417878     0.99989873        3
  1893.64461032     1.00005983        3
  1893.66504195     1.00008463        3
  1893.68547369     1.00009973        3
  1893.70590522     1.00005401        3
  1893.74676859     1.00005853        3
  1893.76720013     0.99989425        3
  1893.78763176     0.99996817        3
  1893.80806350     1.00000375        3
  1893.82849503     1.00019320        3
  1893.84892677     1.00008167        3
  1893.86935841     1.00002157        3
  1893.88979004     1.00017059        3
  1893.91022168     0.99993192        3
  1893.93065332     1.00011650        3
  1893.95108495     0.99988848        3
  1894.03281160     0.99991388        3
  1894.05324314     1.00003094        3
  1894.07367487     0.99976895        3
  1894.09410651     1.00008194        3
  1894.11453805     1.00009075        3
  1894.13496979     0.99990649        3
  1894.15540143     0.99994059        3
  1894.17583306     0.99983803        3
  1894.19626470     0.99973466        3
  1894.23712798     0.99988009        3
  1894.25755962     0.99993989        3
  1894.27799116     1.00025431        3
  1894.29842289     1.00002080        3
  1894.31885453     0.99995575        3
  1894.33928607     1.00001198        3
  1894.35971781     1.00016661        3
  1894.38014945     0.99996318        3
  1894.40058119     0.99996969        3
  1894.42101273     1.00005471        3
  1894.44144437     1.00012161        3
  1894.48230765     0.99987298        3
  1894.50273929     1.00031447        3
  1894.52317103     0.99997472        3
  1894.54360267     0.99980635        3
  1894.56403431     1.00003951        3
  1894.58446595     0.99991099        3
  1894.60489759     1.00001067        3
  1894.62532923     0.99991310        3
  1894.72748744     0.99996986        3
  1894.74791918     1.00004790        3
  1894.76835073     1.00007113        3
  1894.78878247     1.00006537        3
  1894.80921411     1.00019422        3
  1894.82964565     1.00004610        3
  1894.85007739     0.99986019        3
  1894.87050894     0.99997618        3
  1894.97266725     0.99918351        3
  1894.99309880     0.99992612        3
  1895.01353054     1.00022633        3
  1895.03396218     1.00026327        3
  1895.05439383     0.99999112        3
  1895.07482547     1.00015951        3
  1895.09525712     0.99987253        3
  1895.11568886     0.99992800        3
  1895.13612040     0.99995571        3
  1895.15655205     0.99991458        3
  1895.17698379     0.99993614        3
  1895.21784698     0.99970931        3
  1895.23827873     0.99968797        3
  1895.25871037     0.99992504        3
  1895.27914192     1.00008923        3
  1895.29957366     1.00004198        3
  1895.32000531     1.00018177        3
  1895.34043706     0.99988011        3
  1895.36086860     0.99990582        3
  1895.38130025     1.00005831        3
  1895.40173199     1.00008006        3
  1895.42216354     0.99992215        3
  1895.46302693     0.99986927        3
  1895.48345848     1.00015853        3
  1895.50389023     1.00005358        3
  1895.52432178     1.00018262        3
  1895.54475342     1.00015015        3
  1895.56518517     0.99986235        3
  1895.58561672     1.00012259        3
  1895.60604837     0.99995430        3
  1895.62648011     1.00023390        3
  1895.64691166     0.99997496        3
  1895.66734341     1.00024858        3
  1895.70820671     0.99987339        3
  1895.72863835     1.00012820        3
  1895.74907000     1.00012409        3
  1895.76950165     1.00003856        3
  1895.78993330     0.99991214        3
  1895.81036495     0.99994695        3
  1895.83079660     0.99995410        3
  1895.85122835     0.99993705        3
  1895.87165990     0.99994442        3
  1895.89209165     0.99995532        3
  1895.91252330     1.00014184        3
  1895.97381825     1.00013131        3
  1895.99424980     0.99994056        3
  1896.01468155     1.00002601        3
  1896.03511320     0.99983010        3
  1896.05554495     1.00017090        3
  1896.07597650     0.99997243        3
  1896.09640815     1.00004795        3
  1896.11683981     0.99992821        3
  1896.13727146     0.99988760        3
  1896.15770311     0.99993010        3
  1896.19856641     1.00009528        3
  1896.21899816     1.00017034        3
  1896.23942972     1.00007164        3
  1896.25986137     0.99989910        3
  1896.28029312     1.00028530        3
  1896.30072468     0.99992433        3
  1896.32115633     0.99999258        3
  1896.34158808     0.99995510        3
  1896.36201963     1.00036340        3
  1896.38245129     1.00016138        3
  1896.50504131     0.99995048        3
  1896.52547297     1.00000678        3
  1896.54590462     1.00002800        3
  1896.56633638     0.99990488        3
  1896.58676793     0.99981711        3
  1896.60719969     0.99995662        3
  1896.62763134     0.99996644        3
  1896.64806290     0.99997585        3
  1896.68892631     1.00003896        3
  1896.70935786     0.99996502        3
  1896.72978962     0.99995405        3
  1896.75022127     1.00006182        3
  1896.77065293     0.99999600        3
  1896.79108459     1.00001946        3
  1896.81151624     1.00003627        3
  1896.83194790     1.00022938        3
  1896.85237956     0.99997644        3
  1896.87281122     0.99985671        3
  1896.89324287     0.99998378        3
  1896.93410619     1.00013302        3
  1896.95453785     1.00000766        3
  1896.97496950     1.00022593        3
  1896.99540126     0.99999685        3
  1897.01583282     0.99999308        3
  1897.03626448     0.99991002        3
  1897.05669624     0.99997308        3
  1897.07712790     0.99987649        3
  1897.09755945     1.00001787        3
  1897.11799121     1.00013759        3
  1897.13842287     1.00018531        3
  1897.17928619     1.00011396        3
  1897.19971785     0.99997114        3
  1897.22014961     1.00014027        3
  1897.24058117     1.00018090        3
  1897.26101283     0.99991181        3
  1897.28144459     0.99986969        3
  1897.30187615     0.99994489        3
  1897.32230791     0.99992605        3
  1897.34273957     0.99999036        3
  1897.36317113     0.99976575        3
  1897.38360290     1.00021312        3
  1897.42446612     1.00002512        3
  1897.44489788     1.00004976        3
  1897.46532954     0.99997082        3
  1897.48576130     1.00004626        3
  1897.50619287     0.99982163        3
  1897.52662443     1.00002968        3
  1897.54705619     1.00003766        3
  1897.56748785     1.00040515        3
  1897.58791952     1.00054833        3
  1897.60835118     0.99982495        3
  1897.62878284     1.00011392        3
  1897.75137282     1.00005268        3
  1897.77180459     1.00005450        3
  1897.79223625     1.00011975        3
  1897.81266782     0.99997936        3
  1897.83309958     1.00003838        3
  1897.85353125     0.99997174        3
  1897.87396301     0.99990130        3
  1897.93525801     1.00007172        3
  1897.95568958     0.99996462        3
  1897.97612124     1.00001507        3
  1897.99655301     1.00025616        3
  1898.01698457     1.00013265        4
  1898.03741634     0.99987374        4
  1898.05784801     0.99995612        4
  1898.07827957     1.00012608        4
  1898.09871134     0.99990377        4
  1898.11914301     1.00020448        4
  1898.16000634     1.00026131        4
  1898.18043791     1.00003235        4
  1898.20086968     1.00018551        4
  1898.22130135     0.99985443        4
  1898.24173291     0.99990291        4
  1898.26216468     0.99992641        4
  1898.28259635     0.99997212        4
  1898.30302802     1.00013306        4
  1898.32345969     0.99986376        4
  1898.34389136     0.99991284        4
  1898.40518637     1.00014211        4
  1898.42561814     0.99989829        4
  1898.44604981     0.99989032        4
  1898.46648138     0.99990435        4
  1898.48691315     0.99986602        4
  1898.50734482     1.00004666        4
  1898.52777639     1.00003696        4
  1898.54820816     1.00001996        4
  1898.56863983     1.00003637        4
  1898.58907160     0.99964071        4
  1898.60950317     1.00009561        4
  1898.65036662     0.99993425        4
  1898.67079819     1.00016351        4
  1898.69122986     1.00002910        4
  1898.71166163     1.00007825        4
  1898.73209320     0.99998847        4
  1898.75252498     0.99992342        4
  1898.77295665     0.99971820        4
  1898.79338822     0.99995850        4
  1898.81382000     1.00008209        4
  1898.83425157     1.00012591        4
  1898.85468324     0.99989662        4
  1898.89554659     0.99986338        4
  1898.91597826     0.99998622        4
  1898.93641004     0.99997476        4
  1898.95684171     1.00002427        4
  1898.97727339     0.99997808        4
  1898.99770506     1.00002279        4
  1899.01813674     1.00005296        4
  1899.03856841     1.00004371        4
  1899.05900009     1.00011947        4
  1899.07943176     0.99999372        4
  1899.09986354     1.00007235        4
  1899.14072689     1.00009254        4
  1899.16115857     0.99990278        4
  1899.18159014     0.99994141        4
  1899.20202192     0.99982453        4
  1899.22245360     1.00017092        4
  1899.24288517     1.00002958        4
  1899.26331695     0.99990033        4
  1899.28374863     1.00014496        4
  1899.30418041     0.99992238        4
  1899.32461198     1.00005367        4
  1899.34504366     0.99991828        4
  1899.38590702     1.00006359        4
  1899.40633870     0.99990118        4
  1899.42677047     1.00006263        4
  1899.44720205     1.00006153        4
  1899.46763383     1.00012060        4
  1899.48806541     0.99988302        4
  1899.50849709     0.99991440        4
  1899.52892887     1.00019398        4
  1899.54936045     0.99996499        4
  1899.56979213     0.99999457        4
  1899.59022391     1.00018411        4
  1899.63108717     1.00006709        4
  1899.65151895     0.99992082        4
  1899.67195063     1.00010687        4
  1899.69238231     0.99984943        4
  1899.71281399     1.00010586        4
  1899.73324568     0.99994872        4
  1899.75367746     0.99987269        4
  1899.77410904     1.00000391        4
  1899.79454072     1.00020168        4
  1899.81497250     0.99990350        4
  1899.83540409     0.99984343        4
  1899.89669913     1.00017839        4
  1899.91713092     1.00024716        4
  1899.93756260     1.00012532        4
  1899.95799418     1.00008149        4
  1899.97842597     1.00006723        4
  1899.99885765     1.00009879        4
  1900.01928944     0.99997990        4
  1900.03972102     1.00006379        4
  1900.06015270     0.99991299        4
  1900.08058439     0.99978632        4
  1900.12144776     0.99993964        4
  1900.14187944     1.00005084        4
  1900.16231113     1.00003197        4
  1900.18274291     0.99992441        4
  1900.20317450     0.99988302        4
  1900.22360619     1.00006854        4
  1900.24403797     1.00012119        4
  1900.26446956     0.99988700        4
  1900.28490125     1.00030086        4
  1900.30533303     0.99993924        4
  1900.32576472     0.99990880        4
  1900.36662809     1.00000000        4
  1900.38705978     0.99998225        4
  1900.40749157     0.99990595        4
  1900.42792316     0.99991524        4
  1900.44835485     1.00000269        4
  1900.46878663     0.99977689        4
  1900.48921822     0.99995638        4
  1900.50964991     1.00003852        4
  1900.53008170     1.00004610        4
  1900.55051329     0.99995068        4
  1900.57094508     0.99991954        4
  1900.61180836     1.00011028        4
  1900.63224015     1.00019461        4
  1900.65267184     0.99995723        4
  1900.67310343     1.00024252        4
  1900.69353522     0.99991229        4
  1900.71396691     0.99986071        4
  1900.85698875     1.00012598        4
  1900.87742044     0.99991429        4
  1900.89785223     0.99991710        4
  1900.91828393     0.99991798        4
  1900.93871552     1.00014014        4
  1900.95914731     1.00001330        4
  1900.97957901     1.00002200        4
  1901.00001060     1.00003587        4
  1901.02044239     1.00028129        4
  1901.04087409     0.99996637        4
  1901.06130568     0.99984019        4
  1901.10216917     0.99997905        4
  1901.12260096     1.00003835        4
  1901.14303256     1.00009514        4
  1901.16346425     0.99991459        4
  1901.18389605     1.00016337        4
  1901.20432765     0.99996943        4
  1901.22475934     1.00018903        4
  1901.24519114     0.99988109        4
  1901.26562273     1.00005410        4
  1901.28605453     0.99982331        4
  1901.30648623     0.99996365        4
  1901.38821301     0.99969880        4
  1901.40864471     1.00016638        4
  1901.42907641     1.00007376        4
  1901.44950811     0.99994604        4
  1901.46993981     0.99998936        4
  1901.49037150     1.00003566        4
  1901.51080320     0.99985814        4
  1901.53123490     0.99978126        4
  1901.55166660     1.00001152        4
  1901.59253000     1.00005119        4
  1901.61296180     1.00001033        4
  1901.63339350     0.99992834        4
  1901.65382510     1.00029727        4
  1901.67425690     1.00012042        4
  1901.69468860     1.00008062        4
  1901.71512020     0.99987665        4
  1901.73555200     0.99992450        4
  1901.75598370     0.99997190        4
  1901.77641530     0.99996091        4
  1901.79684710     0.99996725        4
  1901.83771061     0.99995765        4
  1901.85814221     0.99985418        4
  1901.87857391     0.99970901        4
  1901.89900572     1.00031652        4
  1901.91943732     1.00027174        4
  1901.93986902     1.00044430        4
  1901.96030082     0.99992747        4
  1901.98073243     0.99996449        4
  1902.00116423     1.00014139        4
  1902.02159593     1.00009983        4
  1902.08289105     0.99998932        4
  1902.10332265     0.99993912        4
  1902.12375446     0.99993036        4
  1902.14418616     1.00011961        4
  1902.16461787     0.99983720        4
  1902.18504957     1.00001560        4
  1902.20548128     1.00002727        4
  1902.22591298     1.00032715        4
  1902.24634469     0.99996886        4
  1902.26677640     0.99998557        4
  1902.28720820     1.00017668        4
  1902.32807152     0.99991517        4
  1902.34850332     0.99989648        4
  1902.36893493     1.00004822        4
  1902.38936674     0.99995012        4
  1902.40979845     0.99995396        4
  1902.43023006     1.00000821        4
  1902.45066186     0.99997329        4
  1902.57325212     0.99997386        4
  1902.59368383     1.00003335        4
  1902.61411564     1.00021046        4
  1902.63454725     1.00005990        4
  1902.65497896     0.99987170        4
  1902.67541077     1.00011082        4
  1902.69584238     1.00008022        4
  1902.71627419     1.00009805        4
  1902.73670590     0.99988725        4
  1902.75713752     1.00007038        4
  1902.77756933     1.00002458        4
  1902.81843275     0.99837318        4
  1902.83886446     0.99977005        4
  1902.85929618     0.99999286        4
  1902.87972779     1.00010024        4
  1902.90015960     0.99994906        4
  1902.92059132     0.99999820        4
  1902.94102313     0.99990483        4
  1902.96145474     0.99991887        4
  1902.98188646     1.00009933        4
  1903.00231827     1.00002885        4
  1903.02274989     0.99988423        4
  1903.20663533     1.00025807        4
  1903.22706714     1.00008488        4
  1903.24749886     0.99998349        4
  1903.26793068     0.99996021        4
  1903.30879401     0.99980929        4
  1903.32922583     1.00002499        4
  1903.34965745     1.00003685        4
  1903.37008917     0.99987317        4
  1903.39052098     0.99984017        4
  1903.41095270     0.99998985        4
  1903.43138442     0.99976629        4
  1903.45181604     1.00018732        4
  1903.47224776     0.99995451        4
  1903.49267958     0.99986400        4
  1903.51311130     0.99997174        4
  1903.55397474     0.99999634        4
  1903.57440646     1.00024459        4
  1903.59483808     1.00022991        4
  1903.61526990     1.00007044        4
  1903.63570162     1.00008421        4
  1903.65613344     0.99992825        4
  1903.67656507     0.99983013        4
  1903.69699679     1.00014971        4
  1903.71742861     0.99986352        4
  1903.73786023     0.99984699        4
  1903.75829195     1.00007436        4
  1903.81958722     1.00002902        4
  1903.84001895     0.99977653        4
  1903.86045057     1.00012812        4
  1903.88088239     1.00006692        4
  1903.90131412     0.99983167        4
  1903.92174574     1.00001240        4
  1903.94217757     1.00008609        4
  1903.96260929     1.00015863        4
  1903.98304112     1.00015172        4
  1904.00347274     1.00019511        4
  1904.04433619     1.00005125        4
  1904.06476802     1.00002547        4
  1904.08519965     1.00022446        4
  1904.10563137     1.00014250        4
  1904.12606310     1.00017879        4
  1904.14649483     1.00006429        4
  1904.16692665     1.00005303        4
  1904.18735828     1.00000249        4
  1904.20779011     0.99989362        4
  1904.22822184     1.00013673        4
  1904.24865347     1.00020491        4
  1904.28951702     0.99988482        4
  1904.30994865     0.99983415        4
  1904.33038048     0.99987970        4
  1904.35081221     0.99982765        4
  1904.37124404     0.99985173        4
  1904.39167567     0.99985543        4
  1904.41210740     1.00002659        4
  1904.43253923     1.00000855        4
  1904.45297086     1.00004617        4
  1904.47340259     1.00002518        4
  1904.49383442     1.00000721        4
  1904.61642481     0.99988788        4
  1904.63685654     0.99984330        4
  1904.65728828     0.99988872        4
  1904.67772001     0.99987940        4
  1904.69815174     0.99988082        4
  1904.71858348     0.99984095        4
  1904.73901521     1.00021040        4
  1904.77987868     0.99988813        4
  1904.80031041     1.00002424        4
  1904.82074225     1.00006797        4
  1904.84117388     1.00004879        4
  1904.86160562     0.99992017        4
  1904.88203745     1.00004430        4
  1905.04549135     1.00014539        4
  1905.06592308     1.00017284        4
  1905.08635492     1.00001231        4
  1905.10678656     1.00007802        4
  1905.12721830     1.00010073        4
  1905.14765014     0.99986793        4
  1905.16808178     0.99998842        4
  1905.18851351     0.99998843        4
