  1835.65906560     1.00025501        0
  1835.67949774     1.00030205        0
  1835.80209058     0.99965541        0
  1835.82252282     0.99971288        0
  1835.84295485     0.99994500        0
  1835.86338699     1.00001746        0
  1835.88381923     0.99996452        0
  1835.90425126     0.99977215        0
  1835.92468340     0.99971208        0
  1835.94511563     1.00009701        0
  1835.96554767     0.99991143        0
  1835.98597980     1.00017339        0
  1836.00641204     1.00029728        0
  1836.02684407     1.00024254        0
  1836.04727620     1.00009798        0
  1836.06770843     0.99994707        0
  1836.08814046     0.99988268        0
  1836.10857260     1.00000815        0
  1836.12900483     0.99987134        0
  1836.14943696     1.00005431        0
  1836.16986899     0.99984445        0
  1836.19030121     1.00003445        0
  1836.21073334     0.99980747        0
  1836.23116557     1.00004845        0
  1836.25159760     0.99997119        0
  1836.27202973     1.00001946        0
  1836.31289398     0.99986601        0
  1836.33332611     1.00010441        0
  1836.35375833     1.00009224        0
  1836.37419036     0.99998205        0
  1836.39462248     1.00008685        0
  1836.41505460     0.99997300        0
  1836.43548673     0.99996185        0
  1836.45591885     1.00004761        0
  1836.47635097     1.00003661        0
  1836.49678309     0.99980024        0
  1836.51721521     1.00020043        0
  1836.53764734     0.99983185        0
  1836.55807946     1.00004184        0
  1836.57851158     0.99977648        0
  1836.59894380     1.00010980        0
  1836.61937581     1.00009289        0
  1836.63980793     1.00010861        0
  1836.66024015     0.99988766        0
  1836.68067217     1.00015730        0
  1836.70110428     0.99997354        0
  1836.72153650     0.99991161        0
  1836.74196852     0.99992677        0
  1836.76240063     1.00022364        0
  1836.78283285     1.00014852        0
  1836.80326486     0.99973481        0
  1836.82369708     1.00011066        0
  1836.84412919     1.00005101        0
  1836.86456120     0.99986136        0
  1836.88499342     1.00023743        0
  1836.90542553     1.00026516        0
  1836.92585754     1.00058634        0
  1836.94628975     1.00006599        0
  1836.96672186     0.99992137        0
  1836.98715397     0.99990562        0
  1837.00758608     1.00005695        0
  1837.02801819     0.99945246        0
  1837.08931452     0.99985935        0
  1837.10974662     0.99995262        0
  1837.13017873     0.99990744        0
  1837.15061084     0.99991848        0
  1837.17104294     1.00015034        0
  1837.19147505     0.99985406        0
  1837.21190715     1.00006505        0
  1837.23233926     0.99985784        0
  1837.25277136     0.99975791        0
  1837.27320346     1.00023498        0
  1837.29363547     1.00022285        0
  1837.31406767     1.00000157        0
  1837.33449977     0.99987390        0
  1837.35493187     1.00009858        0
  1837.37536397     1.00018624        0
  1837.39579607     1.00029453        0
  1837.41622817     1.00019624        0
  1837.43666037     1.00020666        0
  1837.45709237     0.99990220        0
  1837.47752457     0.99975781        0
  1837.49795667     0.99994654        0
  1837.51838867     1.00013309        0
  1837.53882087     0.99986613        0
  1837.55925296     1.00020338        0
  1837.57968496     0.99989608        0
  1837.60011715     0.99990792        0
  1837.62054925     0.99968310        0
  1837.64098125     0.99977883        0
  1837.66141344     0.99963263        0
  1837.68184553     1.00011127        0
  1837.70227753     0.99981359        0
  1837.72270972     0.99990263        0
  1837.74314181     0.99975774        0
  1837.76357380     1.00008523        0
  1837.78400600     1.00006127        0
  1837.80443809     0.99993629        0
  1837.82487018     0.99997535        0
  1837.84530227     0.99990857        0
  1837.86573436     1.00004361        0
  1837.88616635     1.00014082        0
  1837.90659854     1.00007698        0
  1837.92703062     1.00015211        0
  1837.94746271     1.00019244        0
  1837.96789480     0.99985283        0
  1837.98832689     1.00013446        0
  1838.00875887     1.00026512        0
  1838.02919106     1.00025912        0
  1838.04962314     0.99982574        0
  1838.07005533     1.00000722        0
  1838.09048731     0.99990833        0
  1838.11091940     0.99956317        0
  1838.13135158     1.00020830        0
  1838.15178356     0.99986301        0
  1838.17221565     0.99997588        0
  1838.19264783     0.99985414        0
  1838.21307981     1.00007600        0
  1838.29480813     1.00010784        0
  1838.31524031     1.00004736        0
  1838.33567239     0.99975651        0
  1838.35610437     1.00016681        0
  1838.37653655     0.99990193        0
  1838.39696862     0.99972740        0
  1838.41740060     0.99985262        0
  1838.43783278     0.99996005        0
  1838.45826485     1.00000000        0
  1838.47869683     0.99997768        0
  1838.49912900     0.99993965        0
  1838.51956108     1.00011935        0
  1838.53999305     0.99999321        0
  1838.56042523     1.00000442        0
  1838.58085730     1.00014704        0
  1838.60128927     1.00010554        0
  1838.62172145     1.00026799        0
  1838.64215352     1.00013292        0
  1838.66258549     0.99972598        0
  1838.68301766     0.99991320        0
  1838.70344973     0.99982881        0
  1838.72388180     0.99999636        0
  1838.74431387     1.00017736        0
  1838.76474594     1.00001807        0
  1838.78517801     0.99985179        0
  1838.80561008     1.00003484        0
  1838.82604214     1.00015358        0
  1838.84647431     0.99992293        0
  1838.86690628     0.99992582        0
  1838.88733834     1.00000179        0
  1838.90777051     0.99995652        0
  1838.92820248     1.00022895        0
  1838.94863454     1.00082324        0
  1838.96906671     0.99984736        0
  1838.98949867     0.99945414        0
  1839.05079486     1.00039932        0
  1839.07122692     1.00008368        0
  1839.09165908     0.99976691        0
  1839.11209114     1.00007262        0
  1839.13252310     0.99986855        0
  1839.15295526     0.99985481        0
  1839.17338732     0.99989797        0
  1839.19381928     1.00011062        0
  1839.21425144     0.99994417        0
  1839.23468350     1.00009617        0
  1839.25511546     1.00009989        0
  1839.27554762     0.99988864        0
  1839.29597967     1.00000043        0
  1839.31641183     1.00028388        0
  1839.33684379     1.00000195        0
  1839.35727584     1.00013513        0
  1839.37770790     1.00013622        0
  1839.39813995     0.99992946        0
  1839.41857191     1.00000660        0
  1839.43900406     1.00009647        0
  1839.45943611     1.00000648        0
  1839.47986807     1.00032481        0
  1839.50030022     1.00072116        0
  1839.52073227     0.99995952        0
  1839.54116432     0.99999619        0
  1839.56159638     0.99996659        0
  1839.58202843     0.99985071        0
  1839.60246048     0.99986054        0
  1839.62289253     1.00016483        0
  1839.64332458     1.00011035        0
  1839.72505277     0.99972910        0
  1839.74548492     1.00003336        0
  1839.76591686     0.99992064        0
  1839.78634891     0.99976690        0
  1839.80678105     1.00006219        0
  1839.82721300     0.99982168        0
  1839.84764504     1.00003822        0
  1839.86807719     1.00006208        0
  1839.88850913     0.99995568        0
  1839.90894118     0.99986029        0
  1839.92937332     1.00036898        0
  1839.94980536     0.99997564        0
  1839.97023740     0.99997112        0
  1839.99066945     0.99995045        0
  1840.01110149     0.99996527        0
  1840.27671798     0.99994438        0
  1840.31758195     1.00002661        0
  1840.33801409     1.00023994        0
  1840.35844612     0.99993607        0
  1840.37887815     1.00007697        0
  1840.39931019     0.99993381        0
  1840.41974222     0.99998823        0
  1840.44017425     0.99999701        0
  1840.46060628     1.00003306        0
  1840.48103831     0.99983433        0
  1840.50147034     1.00003638        0
  1840.52190247     0.99988291        0
  1840.54233440     1.00020775        0
  1840.56276653     1.00002002        0
  1840.58319856     0.99983663        0
  1840.60363049     1.00004805        0
  1840.62406262     0.99990031        0
  1840.64449464     0.99988269        0
  1840.66492657     0.99995584        0
  1840.68535870     1.00009791        0
  1840.70579072     0.99937338        0
  1840.72622265     1.00011511        0
  1840.74665477     1.00012225        0
  1840.76708680     0.99993694        0
  1840.78751882     1.00019917        0
  1840.80795085     0.99985163        0
  1840.82838277     1.00000699        0
  1840.84881489     1.00012497        0
  1840.86924691     1.00028659        0
  1840.88967894     0.99991853        0
  1840.91011086     0.99982880        0
  1840.93054298     1.00005440        0
  1840.95097500     1.00004316        0
  1840.97140692     1.00003147        0
  1840.99183904     0.99980982        0
  1872.00726139     0.99988653        1
  1872.02769300     1.00027327        1
  1872.04812462     0.99956910        1
  1872.06855623     1.00009572        1
  1872.08898785     1.00017540        1
  1872.10941946     0.99999833        1
  1872.12985117     0.99992628        1
  1872.17071430     0.99999089        1
  1872.19114601     0.99993901        1
  1872.21157762     1.00010134        1
  1872.23200914     0.99988824        1
  1872.25244085     1.00028880        1
  1872.27287246     1.00015539        1
  1872.29330398     0.99998249        1
  1872.31373569     0.99989446        1
  1872.33416730     1.00002951        1
  1872.35459881     0.99998886        1
  1872.37503053     1.00002906        1
  1872.41589385     1.00000901        1
  1872.43632536     1.00001319        1
  1872.45675697     0.99997539        1
  1872.47718869     1.00010884        1
  1872.49762020     0.99999365        1
  1872.51805181     1.00007381        1
  1872.53848352     0.99987673        1
  1872.55891503     1.00001346        1
  1872.57934665     0.99998938        1
  1872.59977836     1.00014295        1
  1872.62020987     0.99997163        1
  1872.66107319     0.99973763        1
  1872.68150470     0.99988348        1
  1872.70193641     0.99983690        1
  1872.72236802     0.99979011        1
  1872.74279953     1.00069189        1
  1872.76323125     0.99972986        1
  1872.78366286     1.00004998        1
  1872.80409437     0.99968852        1
  1872.82452608     0.99961382        1
  1872.84495769     0.99982967        1
  1872.86538920     0.99976763        1
  1872.90625252     1.00013923        1
  1872.92668403     1.00007981        1
  1872.94711574     0.99998292        1
  1872.96754735     0.99980907        1
  1872.98797906     0.99979316        1
  1873.00841057     0.99956728        1
  1873.02884218     0.99993821        1
  1873.04927389     1.00010095        1
  1873.06970540     0.99995713        1
  1873.15143184     1.00011679        1
  1873.17186354     1.00018213        1
  1873.19229515     1.00035934        1
  1873.21272676     1.00014743        1
  1873.23315837     1.00025577        1
  1873.25358998     0.99999279        1
  1873.27402159     1.00004635        1
  1873.29445320     1.00003517        1
  1873.31488481     1.00009672        1
  1873.33531642     1.00022732        1
  1873.35574802     1.00016746        1
  1873.39661124     0.99903033        1
  1873.41704285     1.00021422        1
  1873.43747436     0.99990204        1
  1873.45790607     1.00018047        1
  1873.47833768     1.00009198        1
  1873.49876938     1.00001163        1
  1873.51920089     1.00015284        1
  1873.53963250     0.99993419        1
  1873.56006421     1.00008923        1
  1873.58049571     1.00005003        1
  1873.60092732     0.99987804        1
  1873.72351697     0.99995954        1
  1873.74394867     1.00005247        1
  1873.76438028     1.00011049        1
  1873.78481189     1.00008892        1
  1873.80524350     0.99989290        1
  1873.82567510     1.00012388        1
  1873.84610681     0.99991147        1
  1873.88696992     1.00007569        1
  1873.90740163     0.99998555        1
  1873.92783314     1.00025830        1
  1873.94826474     0.99986559        1
  1873.96869645     1.00013630        1
  1873.98912796     0.99978803        1
  1874.00955966     0.99972356        1
  1874.02999117     0.99983792        1
  1874.05042278     1.00012718        1
  1874.07085448     1.00004290        1
  1874.09128599     1.00006306        1
  1874.23430723     1.00021823        1
  1874.25473894     1.00004286        1
  1874.27517054     1.00016430        1
  1874.29560215     0.99995406        1
  1874.31603375     0.99987460        1
  1874.33646536     1.00022413        1
  1874.37732857     0.99984977        1
  1874.39776017     0.99994856        1
  1874.41819188     1.00002932        1
  1874.43862338     0.99970869        1
  1874.45905499     0.99981194        1
  1874.47948669     0.99992883        1
  1874.49991820     0.99977709        1
  1874.52034990     0.99981243        1
  1874.54078151     0.99963618        1
  1874.56121301     1.00011741        1
  1874.58164472     0.99989012        1
  1874.62250783     0.99999713        1
  1874.64293953     0.99985745        1
  1874.66337114     0.99998553        1
  1874.68380274     0.99994130        1
  1874.70423434     0.99989515        1
  1874.72466595     1.00002351        1
  1874.74509745     0.99961410        1
  1874.76552916     0.99982280        1
  1874.78596076     0.99987476        1
  1874.80639237     1.00003611        1
  1874.86768728     1.00010896        1
  1874.88811878     1.00023516        1
  1874.90855039     0.99994223        1
  1874.92898209     1.00012732        1
  1874.94941359     1.00006324        1
  1874.96984520     0.99993396        1
  1874.99027690     0.99993031        1
  1875.01070840     0.99981914        1
  1875.03114011     0.99989155        1
  1875.11286652     1.00011463        1
  1875.13329802     1.00020227        1
  1875.15372973     1.00024144        1
  1875.17416133     1.00013780        1
  1875.19459293     1.00033440        1
  1875.21502454     1.00043167        1
  1875.23545614     1.00010076        1
  1875.35804576     0.99949381        1
  1875.37847746     0.99952958        1
  1875.39890896     1.00028997        1
  1875.41934056     0.99987661        1
  1875.43977227     0.99976879        1
  1875.46020377     0.99998089        1
  1875.48063537     1.00012120        1
  1875.50106707     0.99981291        1
  1875.52149857     0.99991286        1
  1875.54193028     0.99988400        1
  1875.56236188     1.00004777        1
  1875.60322508     1.00017529        1
  1875.62365669     0.99992030        1
  1875.64408819     1.00099091        1
  1875.66451989     1.00002790        1
  1875.68495149     0.99993751        1
  1875.70538309     0.99973872        1
  1875.72581469     1.00015927        1
  1875.74624630     0.99978923        1
  1875.76667800     0.99992649        1
  1875.78710950     1.00005004        1
  1875.80754110     1.00024469        1
  1875.84840441     1.00019439        1
  1875.86883591     1.00019715        1
  1875.88926761     0.99996203        1
  1875.90969921     1.00015249        1
  1875.93013071     1.00016655        1
  1875.95056241     1.00021520        1
  1875.97099401     0.99998586        1
  1875.99142571     0.99994192        1
  1876.09358362     1.00003385        1
  1876.11401522     0.99995303        1
  1876.13444682     1.00118457        1
  1876.15487832     1.00000520        1
  1876.17531002     0.99999453        1
  1876.19574163     1.00001621        1
  1876.21617323     1.00015230        1
  1876.23660483     0.99996726        1
  1876.25703643     1.00018098        1
  1876.27746813     0.99991181        1
  1876.33876293     0.99991879        1
  1876.35919453     1.00005135        1
  1876.37962603     0.99966041        1
  1876.40005773     1.00008700        1
  1876.42048933     1.00023013        1
  1876.44092083     1.00026031        1
  1876.46135253     1.00017291        1
  1876.48178413     0.99992045        1
  1876.50221583     0.99997531        1
  1876.52264733     1.00000674        1
  1876.54307893     1.00001872        1
  1876.58394213     0.99990780        1
  1876.60437373     0.99973876        1
  1876.62480543     0.99997732        1
  1876.64523693     1.00010083        1
  1876.66566853     1.00008696        1
  1876.82912133     0.99977714        1
  1876.84955303     0.99999853        1
  1876.86998453     0.99995396        1
  1876.89041613     1.00000316        1
  1876.91084783     1.00013288        1
  1876.93127943     0.99986448        1
  1877.07430073     1.00002794        1
  1877.09473223     0.99985751        1
  1877.11516383     1.00015818        1
  1877.13559553     1.00029215        1
  1877.15602702     0.99989186        1
  1877.17645862     0.99983341        1
  1877.19689032     1.00028178        1
  1877.21732182     0.99985484        1
  1877.23775352     0.99994880        1
  1877.25818512     1.00009275        1
  1877.27861662     1.00002797        1
  1877.31947992     1.00000071        1
  1877.33991152     1.00022611        1
  1877.36034312     1.00001877        1
  1877.38077471     1.00001881        1
  1877.40120631     0.99974657        1
  1877.42163791     0.99991314        1
  1877.44206951     1.00000968        1
  1877.46250111     1.00017159        1
  1877.48293271     1.00019824        1
  1877.50336431     0.99973257        1
  1877.52379591     0.99983056        1
  1877.56465910     1.00000091        1
  1877.58509080     1.00016274        1
  1877.60552230     0.99990548        1
  1877.62595390     0.99980700        1
  1877.64638560     0.99988962        1
  1877.66681710     0.99988936        1
  1877.68724880     0.99989742        1
  1877.70768040     0.99981274        1
  1877.72811189     1.00000000        1
  1877.74854359     1.00019296        1
  1877.76897519     1.00065060        1
  1877.80983839     1.00006301        1
  1877.83026999     0.99995574        1
  1877.85070148     0.99965695        1
  1877.87113318     1.00022740        1
  1877.89156478     0.99989563        1
  1877.91199638     1.00001560        1
  1877.93242798     0.99989258        1
  1877.95285958     1.00001549        1
  1877.97329127     1.00002620        1
  1877.99372287     0.99999777        1
  1878.01415437     1.00002674        1
  1878.05501767     1.00004874        1
  1878.07544917     1.00029366        1
  1878.09588086     0.99976252        1
  1878.11631246     1.00008205        1
  1878.13674396     0.99999451        1
  1878.15717566     1.00020683        1
  1878.17760716     1.00011464        1
  1878.19803886     0.99984788        1
  1878.21847045     0.99990475        1
  1878.23890195     0.99971753        1
  1878.25933365     1.00001809        1
  1878.30019675     1.00032000        1
  1878.32062844     1.00010542        1
  1878.34106004     0.99996298        1
  1878.36149154     0.99979190        1
  1878.38192324     0.99988197        1
  1878.40235484     1.00011166        1
  1878.42278653     1.00004597        1
  1878.44321803     0.99991402        1
  1878.46364963     0.99997059        1
  1878.48408133     0.99983479        1
  1878.54537612     1.00000087        1
  1878.56580772     1.00025469        1
  1878.58623922     1.00001995        1
  1878.60667091     0.99987110        1
  1878.62710251     1.00024781        1
  1878.64753411     0.99987641        1
  1878.66796571     1.00015755        1
  1878.68839731     1.00018836        1
  1878.70882900     1.00023700        1
  1878.72926050     1.00001542        1
  1878.74969210     0.99992030        1
  1878.79055530     0.99979535        1
  1878.81098689     0.99997528        1
  1878.83141849     0.99978991        1
  1878.85185009     0.99989749        1
  1878.87228179     1.00021474        1
  1878.89271328     1.00004934        1
  1878.91314488     1.00041557        1
  1878.93357658     1.00007295        1
  1878.95400808     0.99986113        1
  1878.97443967     0.99997512        1
  1878.99487137     1.00022481        1
  1879.07659776     1.00167641        1
  1879.09702936     0.99982711        1
  1879.11746096     0.99973167        1
  1879.13789256     1.00002674        1
  1879.15832415     1.00014291        1
  1879.17875575     1.00034215        1
  1879.19918735     1.00007388        1
  1879.21961905     1.00039262        1
  1879.24005054     1.00004279        1
  1879.28091384     0.99960721        1
  1879.30134534     0.99993871        1
  1879.32177703     0.99983261        1
  1879.34220863     0.99997930        1
  1879.36264013     0.99987682        1
  1879.38307183     0.99969815        1
  1879.40350342     1.00022474        1
  1879.42393492     0.99987151        1
  1879.44436662     0.99987511        1
  1879.46479822     1.00012991        1
  1879.48522972     0.99991936        1
  1879.52609291     1.00009589        1
  1879.54652461     0.99994302        1
  1879.56695620     1.00006489        1
  1879.58738780     0.99997778        1
  1879.60781940     0.99999547        1
  1879.62825100     0.99981775        1
  1879.64868260     1.00019906        1
  1879.66911419     1.00003662        1
  1879.68954579     0.99999152        1
  1879.70997739     1.00007476        1
  1879.73040899     1.00031506        1
  1879.77127228     0.99975970        1
  1879.79170388     0.99998101        1
  1879.81213538     0.99974182        1
  1879.83256707     0.99976162        1
  1879.85299867     1.00014147        1
  1879.87343017     0.99996978        1
  1879.89386187     0.99997712        1
  1879.91429346     0.99986014        1
  1879.93472496     1.00002752        1
  1879.95515666     1.00016289        1
  1879.97558826     1.00036818        1
  1880.01645145     1.00023149        2
  1880.03688305     0.99981052        2
  1880.05731475     0.99987001        2
  1880.07774624     1.00027272        2
  1880.09817784     0.99997853        2
  1880.11860944     0.99996113        2
  1880.13904104     0.99994852        2
  1880.15947264     0.99994376        2
  1880.17990433     0.99975515        2
  1880.20033583     1.00010893        2
  1880.22076753     1.00025850        2
  1880.26163062     1.00020987        2
  1880.28206232     1.00001688        2
  1880.30249392     0.99988256        2
  1880.32292542     0.99971849        2
  1880.34335711     0.99996355        2
  1880.36378871     0.99994584        2
  1880.38422021     0.99976774        2
  1880.40465191     0.99976132        2
  1880.42508351     0.99996035        2
  1880.44551520     0.99999803        2
  1880.50681000     1.00010078        2
  1880.52724149     0.99991988        2
  1880.54767309     1.00006870        2
  1880.56810479     0.99963242        2
  1880.58853629     1.00018477        2
  1880.60896789     1.00003712        2
  1880.62939958     1.00004718        2
  1880.64983108     1.00001471        2
  1880.67026278     1.00006995        2
  1880.75198917     1.00013703        2
  1880.77242077     1.00001414        2
  1880.79285237     0.99988439        2
  1880.81328397     1.00009565        2
  1880.83371556     0.99979421        2
  1880.85414716     1.00001431        2
  1880.87457876     1.00025507        2
  1880.89501036     0.99994167        2
  1880.91544196     1.00013705        2
  1880.93587355     1.00002887        2
  1880.95630525     1.00004717        2
  1880.99716835     1.00026239        2
  1881.01760005     0.99988526        2
  1881.03803154     1.00013244        2
  1881.05846314     0.99997439        2
  1881.07889484     1.00011900        2
  1881.09932634     1.00000622        2
  1881.11975804     0.99986065        2
  1881.14018963     0.99994827        2
  1881.16062113     1.00034843        2
  1881.18105283     1.00000939        2
  1881.20148443     0.99996922        2
  1881.24234763     1.00017818        2
  1881.26277922     1.00001641        2
  1881.28321082     1.00001993        2
  1881.30364242     0.99996841        2
  1881.32407402     1.00031690        2
  1881.34450572     1.00029568        2
  1881.36493722     0.99987740        2
  1881.38536881     1.00001118        2
  1881.40580051     1.00004306        2
  1881.42623211     0.99992272        2
  1881.44666361     0.99997091        2
  1881.48752681     1.00001647        2
  1881.50795851     0.99993585        2
  1881.52839010     0.99981998        2
  1881.54882170     1.00006944        2
  1881.56925330     1.00002347        2
  1881.58968490     0.99981934        2
  1881.61011640     1.00016083        2
  1881.63054810     1.00005464        2
  1881.65097970     0.99986245        2
  1881.67141120     0.99983655        2
  1881.69184289     1.00000720        2
  1881.73270619     0.99980824        2
  1881.75313769     0.99984634        2
  1881.77356929     1.00004971        2
  1881.79400099     0.99989037        2
  1881.81443249     0.99991120        2
  1881.83486409     0.99976412        2
  1881.85529579     1.00021667        2
  1881.87572728     1.00000406        2
  1881.89615888     0.99994137        2
  1881.91659058     0.99993600        2
  1881.93702218     0.99975674        2
  1881.97788538     1.00014808        2
  1881.99831698     0.99979268        2
  1882.01874858     0.99989705        2
  1882.03918018     1.00012347        2
  1882.05961178     0.99996371        2
  1882.08004348     0.99996496        2
  1882.10047498     0.99988517        2
  1882.12090657     0.99981887        2
  1882.14133827     1.00000723        2
  1882.16176977     1.00008152        2
  1882.22306457     0.99985055        2
  1882.24349627     0.99983018        2
  1882.26392777     0.99995208        2
  1882.28435937     0.99983297        2
  1882.30479107     1.00001024        2
  1882.32522257     1.00009322        2
  1882.34565427     1.00000532        2
  1882.36608587     0.99996227        2
  1882.46824387     1.00003580        2
  1882.48867547     1.00015351        2
  1882.50910707     0.99990814        2
  1882.52953867     1.00004393        2
  1882.54997027     1.00003232        2
  1882.57040197     0.99973032        2
  1882.77471797     0.99975432        2
  1882.79514967     1.00022559        2
  1882.81558117     1.00023808        2
  1882.83601277     0.99981552        2
  1882.85644447     1.00012500        2
  1882.87687597     1.00016138        2
  1882.89730747     1.00033207        2
  1882.91773917     1.00045164        2
  1883.01989728     1.00007260        2
  1883.04032878     1.00011652        2
  1883.06076038     1.00010558        2
  1883.08119208     0.99997390        2
  1883.10162368     1.00011340        2
  1883.12205518     1.00017123        2
  1883.14248688     0.99978733        2
  1883.16291848     0.99988032        2
  1883.20378169     0.99955018        2
  1883.22421329     1.00002928        2
  1883.24464499     1.00027476        2
  1883.26507649     1.00021292        2
  1883.28550809     1.00011400        2
  1883.30593979     0.99998746        2
  1883.32637129     0.99988508        2
  1883.34680290     0.99990960        2
  1883.36723460     1.00001294        2
  1883.38766610     1.00013834        2
  1883.40809780     1.00006205        2
  1883.44896090     0.99997733        2
  1883.46939261     1.00000515        2
  1883.48982421     1.00015054        2
  1883.51025571     0.99964299        2
  1883.53068741     1.01106527        2
  1883.55111891     1.00000313        2
  1883.57155062     0.99969011        2
  1883.59198222     1.00014967        2
  1883.61241372     1.00015370        2
  1883.63284542     0.99997085        2
  1883.65327702     1.00006757        2
  1883.69414023     0.99981704        2
  1883.71457183     0.99967331        2
  1883.73500343     0.99979595        2
  1883.75543503     0.99974597        2
  1883.77586664     0.99982458        2
  1883.79629834     0.99999787        2
  1883.81672994     0.99997999        2
  1883.83716144     1.00006937        2
  1883.85759315     0.99993110        2
  1883.87802475     1.00016284        2
  1883.89845625     0.99986492        2
  1883.95975106     1.00005264        2
  1883.98018276     0.99981757        2
  1884.00061437     0.99988770        2
  1884.02104607     0.99997593        2
  1884.04147757     0.99996563        2
  1884.06190918     1.00002963        2
  1884.08234088     1.00011494        2
  1884.10277238     1.00004328        2
  1884.12320399     0.99993661        2
  1884.14363569     1.00011391        2
  1884.20493040     1.00011541        2
  1884.22536200     0.99994121        2
  1884.24579371     1.00021850        2
  1884.26622521     0.99996178        2
  1884.28665681     1.00009827        2
  1884.30708852     0.99985250        2
  1884.32752012     1.00008697        2
  1884.34795163     1.00003694        2
  1884.36838333     0.99993244        2
  1884.38881493     1.00001588        2
  1884.42967814     1.00022686        2
  1884.45010975     0.99984682        2
  1884.47054145     0.99971579        2
  1884.49097295     0.99986287        2
  1884.51140456     0.99989659        2
  1884.53183626     1.00007241        2
  1884.55226777     1.00027961        2
  1884.57269937     0.99986189        2
  1884.59313108     1.00010263        2
  1884.61356258     1.00012502        2
  1884.63399428     0.99999775        2
  1884.67485739     0.99998965        2
  1884.69528910     0.99997582        2
  1884.71572070     1.00028966        2
  1884.73615231     1.00006256        2
  1884.75658391     0.99988033        2
  1884.77701552     0.99999636        2
  1884.79744712     0.99997778        2
  1884.81787873     1.00034724        2
  1884.83831033     1.00005522        2
  1884.85874194     0.99992605        2
  1884.92003676     1.00018249        2
  1884.94046836     1.00021748        2
  1884.96089997     1.00024117        2
  1884.98133167     1.00002871        2
  1885.00176318     1.00010189        2
  1885.02219488     1.00021765        2
  1885.04262649     1.00024356        2
  1885.06305799     1.00011250        2
  1885.08348970     1.00027176        2
  1885.10392131     0.99982132        2
  1885.12435281     0.99987284        2
  1885.16521612     0.99758055        2
  1885.18564763     1.00016903        2
  1885.20607934     0.99989667        2
  1885.22651094     1.00008229        2
  1885.24694265     0.99980869        2
  1885.26737416     0.99995623        2
  1885.28780576     0.99970362        2
  1885.30823747     0.99998175        2
  1885.32866898     0.99982260        2
  1885.34910058     1.00000000        2
  1885.36953229     0.99979314        2
  1885.41039540     0.99988945        2
  1885.43082711     0.99997439        2
  1885.45125872     0.99979314        2
  1885.47169033     1.00003680        2
  1885.49212193     1.00002948        2
  1885.51255354     0.99997974        2
  1885.53298515     0.99982980        2
  1885.55341675     0.99989644        2
  1885.57384826     0.99996647        2
  1885.59427997     0.99993128        2
  1885.61471158     0.99990293        2
  1885.65557479     1.00001148        2
  1885.67600640     1.00002320        2
  1885.69643811     0.99986567        2
  1885.71686962     1.00015431        2
  1885.73730122     0.99999010        2
  1885.75773293     0.99989205        2
  1885.77816444     0.99989960        2
  1885.79859605     1.00008393        2
  1885.81902776     0.99976327        2
  1885.83945927     0.99988976        2
  1885.85989097     1.00012179        2
  1885.90075409     1.00007584        2
  1885.92118580     1.00010247        2
  1885.94161741     0.99995486        2
  1885.96204902     0.99996723        2
  1885.98248063     1.00006054        2
  1886.00291223     0.99995191        2
  1886.02334384     0.99986641        2
  1886.04377545     0.99998855        2
  1886.06420706     0.99993832        2
  1886.08463877     1.00010656        2
  1886.10507038     1.00009022        2
  1886.16636521     0.99982145        2
  1886.18679672     1.00009867        2
  1886.20722843     1.00012195        2
  1886.22765994     1.00014234        2
  1886.24809165     0.99993798        2
  1886.26852326     0.99999891        2
  1886.28895477     0.99992882        2
  1886.30938648     1.00006866        2
  1886.32981809     1.00001214        2
  1886.35024960     1.00019670        2
  1886.39111292     0.99989068        2
  1886.41154443     1.00001304        2
  1886.43197614     0.99986391        2
  1886.45240775     0.99983009        2
  1886.47283946     1.00005239        2
  1886.49327097     1.00009584        2
  1886.51370258     0.99981578        2
  1886.53413429     1.00009146        2
  1886.63629235     0.99991033        2
  1886.65672396     1.00018896        2
  1886.67715557     0.99996569        2
  1886.69758718     1.00010317        2
  1886.71801879     1.00011424        2
  1886.73845041     0.99996319        2
  1886.88147169     0.99975714        2
  1886.90190330     1.00030817        2
  1886.92233502     1.00012524        2
  1886.94276653     1.00018797        2
  1886.96319814     1.00007798        2
  1886.98362985     0.99957286        2
  1887.00406137     1.00002398        2
  1887.12665114     1.00011873        2
  1887.14708276     1.00004922        2
  1887.16751437     0.99984710        2
  1887.18794598     1.00000038        2
  1887.20837760     1.00000408        2
  1887.22880921     0.99994508        2
  1887.24924093     1.00003906        2
  1887.26967244     0.99999678        2
  1887.29010405     0.99991764        2
  1887.31053577     1.00005456        2
  1887.33096738     0.99996337        2
  1887.37183061     1.00000102        2
  1887.39226222     0.99977574        2
  1887.41269374     1.00004268        2
  1887.43312545     1.00010644        2
  1887.45355707     0.99990239        2
  1887.47398868     0.99997612        2
  1887.49442030     0.99984265        2
  1887.51485191     1.00013645        2
  1887.53528363     0.99991736        2
  1887.55571514     0.99995812        2
  1887.57614676     1.00014024        2
  1887.61700999     1.00002111        2
  1887.63744170     0.99998052        2
  1887.65787322     1.00005009        2
  1887.67830483     1.00020574        2
  1887.69873655     0.99996408        2
  1887.71916807     0.99989573        2
  1887.73959968     0.99999319        2
  1887.76003140     1.00016899        2
  1887.78046291     1.00005044        2
  1887.86218948     1.00000814        2
  1887.88262110     0.99983499        2
  1887.90305271     1.00013239        2
  1887.92348433     0.99999854        2
  1887.94391595     1.00011623        2
  1887.96434756     0.99974423        2
  1887.98477928     0.99985264        2
  1891.04952373     0.99986040        3
  1891.06995536     0.99983951        3
  1891.09038709     1.00010750        3
  1891.11081863     1.00020240        3
  1891.13125026     0.99974867        3
  1891.15168200     1.00022504        3
  1891.17211353     1.00007521        3
  1891.19254527     1.00014075        3
  1891.21297690     0.99994677        3
  1891.29470334     1.00003646        3
  1891.31513508     1.00012539        3
  1891.33556671     0.99979104        3
  1891.35599845     0.99992984        3
  1891.37642998     1.00007910        3
  1891.39686162     1.00018681        3
  1891.41729335     0.99987967        3
  1891.43772489     1.00014827        3
  1891.45815653     0.99978512        3
  1891.47858826     0.99998190        3
  1891.49901990     0.99995263        3
  1891.53988317     0.99998385        3
  1891.56031471     1.00017623        3
  1891.58074645     1.00006555        3
  1891.60117808     1.00004151        3
  1891.62160962     0.99998495        3
  1891.64204136     1.00021682        3
  1891.66247300     0.99983078        3
  1891.68290453     1.00008971        3
  1891.70333627     0.99994709        3
  1891.72376791     0.99995988        3
  1891.74419965     1.00001153        3
  1891.78506283     1.00009953        3
  1891.80549456     0.99983304        3
  1891.82592610     0.99999049        3
  1891.84635774     0.99974571        3
  1891.86678948     0.99990345        3
  1891.88722102     1.00004442        3
  1891.90765266     0.99998219        3
  1891.92808440     0.99991259        3
  1891.94851594     0.99993864        3
  1891.96894768     0.99994774        3
  1891.98937932     0.99996877        3
  1892.03024260     1.00012301        3
  1892.05067424     1.00022245        3
  1892.07110588     0.99991918        3
  1892.09153752     1.00010051        3
  1892.11196916     0.99984247        3
  1892.13240090     0.99989029        3
  1892.15283254     1.00003890        3
  1892.17326408     1.00006969        3
  1892.19369582     1.00006384        3
  1892.21412736     0.99988889        3
  1892.23455901     0.99994645        3
  1892.27542229     0.99996881        3
  1892.29585403     0.99992946        3
  1892.31628567     1.00004689        3
  1892.33671721     0.99992168        3
  1892.35714896     1.00003169        3
  1892.37758060     0.99997991        3
  1892.39801214     1.00008650        3
  1892.41844388     1.00006327        3
  1892.43887553     0.99993850        3
  1892.45930707     1.00001499        3
  1892.52060220     0.99982388        3
  1892.54103374     0.99977318        3
  1892.56146539     0.99999383        3
  1892.58189713     1.00006540        3
  1892.60232868     0.99969151        3
  1892.62276032     0.99979246        3
  1892.64319206     1.00009314        3
  1892.66362371     1.00010837        3
  1892.82707687     1.00020594        3
  1892.84750851     0.99990878        3
  1892.86794026     0.99994100        3
  1892.88837181     0.99994562        3
  1892.90880355     1.00025815        3
  1892.92923510     1.00006999        3
  1892.94966675     1.00022868        3
  1892.97009849     1.00022732        3
  1893.01096169     0.99916635        3
  1893.03139343     1.00010883        3
  1893.05182498     1.00043676        3
  1893.07225673     1.00009374        3
  1893.09268838     0.99989915        3
  1893.11311992     1.00000000        3
  1893.13355167     0.99993574        3
  1893.15398332     1.00005408        3
  1893.17441487     1.00007325        3
  1893.19484662     1.00022094        3
  1893.21527826     0.99984735        3
  1893.31743651     1.00018186        3
  1893.33786816     1.00011584        3
  1893.35829991     0.99995996        3
  1893.37873156     0.99999737        3
  1893.39916311     0.99989207        3
  1893.41959486     1.00010234        3
  1893.44002651     1.00018066        3
  1893.46045826     1.00038472        3
  1893.50132146     1.00001328        3
  1893.52175321     0.99990601        3
  1893.54218476     1.00014724        3
  1893.56261631     0.99979402        3
  1893.58304806     1.00015573        3
  1893.60347971     0.99974525        3
  1893.62391146     1.00020365        3
  1893.64434302     0.99992577        3
  1893.66477467     0.99976629        3
  1893.68520642     0.99988547        3
  1893.70563797     1.00001715        3
  1893.74650138     0.99991139        3
  1893.76693293     0.99993048        3
  1893.78736458     1.00013307        3
  1893.80779633     1.00012215        3
  1893.82822789     1.00003250        3
  1893.84865964     0.99984227        3
  1893.86909129     1.00002864        3
  1893.88952295     0.99999781        3
  1893.90995460     0.99974253        3
  1893.93038626     0.99992232        3
  1894.01211297     0.99983705        3
  1894.03254463     1.00002176        3
  1894.05297618     0.99982464        3
  1894.07340794     1.00017669        3
  1894.09383959     1.00006585        3
  1894.11427115     1.00002102        3
  1894.13470290     0.99997844        3
  1894.15513456     1.00003784        3
  1894.17556621     1.00007142        3
  1894.19599787     0.99989775        3
  1894.23686118     1.00001614        3
  1894.25729284     0.99983238        3
  1894.27772440     1.00010432        3
  1894.29815615     0.99967674        3
  1894.31858781     1.00008633        3
  1894.33901937     0.99989309        3
  1894.35945112     0.99985771        3
  1894.37988278     1.00017503        3
  1894.40031454     0.99993566        3
  1894.42074610     0.99992061        3
  1894.44117775     0.99993162        3
  1894.48204107     0.99988604        3
  1894.50247273     1.00027944        3
  1894.52290449     0.99984233        3
  1894.54333615     0.99962637        3
  1894.56376780     1.00002210        3
  1894.58419946     0.99987641        3
  1894.60463112     1.00000188        3
  1894.72722108     0.99995306        3
  1894.74765284     1.00017608        3
  1894.76808440     1.00003140        3
  1894.78851616     1.00005499        3
  1894.80894782     0.99981990        3
  1894.82937938     1.00023644        3
  1894.84981115     1.00000502        3
  1894.97240112     0.99916468        3
  1894.99283268     0.99985899        3
  1895.01326444     0.99967634        3
  1895.03369610     1.00020896        3
  1895.05412777     0.99983203        3
  1895.07455943     0.99977640        3
  1895.09499109     0.99993171        3
  1895.11542286     1.00014240        3
  1895.13585442     1.00019522        3
  1895.15628608     0.99997198        3
  1895.17671785     1.00003190        3
  1895.21758108     0.99946988        3
  1895.23801284     0.99984294        3
  1895.25844451     1.00003761        3
  1895.27887607     0.99977766        3
  1895.29930784     1.00018370        3
  1895.31973950     1.00011727        3
  1895.34017127     0.99989099        3
  1895.36060283     1.00011935        3
  1895.38103450     0.99997193        3
  1895.40146626     0.99977944        3
  1895.42189783     1.00009929        3
  1895.46276126     0.99986724        3
  1895.48319283     1.00034275        3
  1895.50362459     1.00005980        3
  1895.52405616     1.00020283        3
  1895.54448783     0.99988655        3
  1895.56491960     0.99995522        3
  1895.58535116     1.00058442        3
  1895.60578283     0.99962400        3
  1895.62621460     0.99993630        3
  1895.64664617     1.00002174        3
  1895.66707793     1.00017528        3
  1895.70794127     1.00001080        3
  1895.72837294     1.00006122        3
  1895.74880461     1.00018266        3
  1895.76923628     0.99986671        3
  1895.78966795     1.00010593        3
  1895.81009962     0.99978939        3
  1895.83053129     1.00015416        3
  1895.85096305     1.00000159        3
  1895.87139462     0.99997660        3
  1895.89182639     1.00001672        3
  1895.91225807     0.99997584        3
  1895.95312141     1.00009078        3
  1895.97355308     1.00005259        3
  1895.99398465     0.99994001        3
  1896.01441642     1.00004519        3
  1896.03484809     0.99990036        3
  1896.05527986     1.00002736        3
  1896.07571143     0.99993308        3
  1896.09614311     1.00008340        3
  1896.11657478     1.00007870        3
  1896.13700645     0.99981270        3
  1896.15743812     1.00003188        3
  1896.19830147     0.99998794        3
  1896.21873324     0.99979502        3
  1896.23916481     0.99994504        3
  1896.25959649     1.00003599        3
  1896.28002826     1.00005970        3
  1896.30045983     1.00010613        3
  1896.32089151     0.99990564        3
  1896.34132328     1.00015771        3
  1896.36175486     1.00001989        3
  1896.38218653     0.99996030        3
  1896.50477668     1.00010496        3
  1896.52520836     1.00000969        3
  1896.54564003     1.00012430        3
  1896.56607181     1.00007919        3
  1896.58650338     0.99987233        3
  1896.60693516     0.99993976        3
  1896.62736684     0.99995717        3
  1896.64779841     0.99990700        3
  1896.68866187     0.99978736        3
  1896.70909345     1.00017464        3
  1896.72952522     1.00067052        3
  1896.74995690     1.00006455        3
  1896.77038858     0.99995435        3
  1896.79082026     1.00003026        3
  1896.81125194     0.99996119        3
  1896.83168361     0.99991373        3
  1896.85211529     1.00021643        3
  1896.87254697     1.00035686        3
  1896.89297865     0.99996641        3
  1896.93384201     1.00003224        3
  1896.95427369     1.00006372        3
  1896.97470537     0.99997551        3
  1896.99513715     0.99997423        3
  1897.01556873     0.99984584        3
  1897.03600041     1.00036823        3
  1897.05643219     1.00002749        3
  1897.07686387     1.00009587        3
  1897.09729545     0.99983195        3
  1897.11772723     1.00028162        3
  1897.13815892     1.00010959        3
  1897.17902228     1.00747506        3
  1897.19945396     0.99997656        3
  1897.21988574     1.00002884        3
  1897.24031732     0.99974013        3
  1897.26074901     1.00002964        3
  1897.28118079     0.99956852        3
  1897.30161237     1.00013537        3
  1897.32204416     1.00016600        3
  1897.34247584     1.00003181        3
  1897.36290742     1.00000188        3
  1897.38333921     0.99974521        3
  1897.42420247     0.99964037        3
  1897.44463426     0.99988575        3
  1897.46506594     0.99975086        3
  1897.48549773     0.99981795        3
  1897.50592931     0.99992376        3
  1897.52636090     0.99986021        3
  1897.54679268     1.00009225        3
  1897.56722437     1.00002663        3
  1897.58765605     0.99984977        3
  1897.60808774     0.99992716        3
  1897.62851943     0.99994513        3
  1897.75110955     0.99977753        3
  1897.77154133     0.99989381        3
  1897.79197302     0.99977739        3
  1897.81240461     1.00001447        3
  1897.83283640     0.99998643        3
  1897.85326809     1.00000959        3
  1897.87369987     1.00022752        3
  1897.91456315     0.99990164        3
  1897.93499494     0.99997544        3
  1897.95542653     1.00008866        3
  1897.97585822     1.00025631        3
  1897.99629001     1.00005627        3
  1898.01672160     0.99990206        4
  1898.03715339     0.99985358        4
  1898.05758508     1.00003268        4
  1898.07801667     1.00002768        4
  1898.09844846     1.00017345        4
  1898.11888015     1.00020769        4
  1898.15974353     0.99978893        4
  1898.18017512     1.00017932        4
  1898.20060692     0.99992211        4
  1898.22103861     1.00008439        4
  1898.24147020     1.00015453        4
  1898.26190199     0.99994026        4
  1898.28233369     1.00006863        4
  1898.30276538     1.00000843        4
  1898.32319707     0.99993590        4
  1898.40492384     1.00004831        4
  1898.42535564     1.00018435        4
  1898.44578733     1.00010171        4
  1898.46621893     0.99983500        4
  1898.48665072     0.99998378        4
  1898.50708242     1.00002294        4
  1898.52751401     1.00010370        4
  1898.54794581     0.99994475        4
  1898.56837750     0.99986912        4
  1898.58880930     1.00004223        4
  1898.65010438     1.00017693        4
  1898.67053598     1.00016427        4
  1898.69096768     1.00000169        4
  1898.71139947     1.00003365        4
  1898.73183107     1.00011555        4
  1898.75226287     0.99973885        4
  1898.77269457     0.99977688        4
  1898.79312616     0.99987937        4
  1898.81355796     0.99988864        4
  1898.83398956     0.99981069        4
  1898.85442126     0.99996713        4
  1898.89528465     0.99983784        4
  1898.91571635     0.99983754        4
  1898.93614815     0.99985548        4
  1898.95657985     0.99993442        4
  1898.97701155     0.99999792        4
  1898.99744325     0.99997235        4
  1899.01787495     0.99997345        4
  1899.03830665     0.99993190        4
  1899.05873835     0.99998133        4
  1899.07917005     1.00009005        4
  1899.09960185     1.00012721        4
  1899.14046526     1.00002545        4
  1899.16089696     1.00011253        4
  1899.18132856     0.99988297        4
  1899.20176036     0.99980002        4
  1899.22219206     0.99989448        4
  1899.24262366     1.00016500        4
  1899.26305547     1.00001753        4
  1899.28348717     1.00005079        4
  1899.30391897     1.00010628        4
  1899.32435058     1.00018273        4
  1899.34478228     0.99998648        4
  1899.38564569     1.00003533        4
  1899.40607739     1.00009346        4
  1899.42650919     0.99999409        4
  1899.44694080     1.00009562        4
  1899.46737260     1.00007011        4
  1899.48780421     0.99995359        4
  1899.50823591     1.00014795        4
  1899.52866772     1.00017199        4
  1899.54909932     1.00038831        4
  1899.56953103     1.00016675        4
  1899.58996284     0.99998645        4
  1899.63082615     0.99993811        4
  1899.65125796     1.00012310        4
  1899.67168966     1.00003524        4
  1899.69212137     1.00010273        4
  1899.71255308     0.99960063        4
  1899.73298478     1.00005505        4
  1899.75341659     0.99991323        4
  1899.77384820     0.99987684        4
  1899.79427991     1.00043005        4
  1899.81471172     0.99983474        4
  1899.83514332     0.99996390        4
  1899.87600684     0.99990013        4
  1899.89643845     0.99997478        4
  1899.91687026     0.99975338        4
  1899.93730197     0.99988344        4
  1899.95773358     1.00000250        4
  1899.97816539     0.99981148        4
  1899.99859710     0.99986954        4
  1900.01902891     1.00014133        4
  1900.03946052     0.99990683        4
  1900.05989223     1.00009346        4
  1900.08032394     0.99997997        4
  1900.12118737     1.00010556        4
  1900.14161908     1.00000884        4
  1900.16205079     0.99991255        4
  1900.18248260     0.99974828        4
  1900.20291422     1.00003221        4
  1900.22334593     1.00011097        4
  1900.24377774     1.00013243        4
  1900.26420936     1.00001871        4
  1900.28464107     0.99989298        4
  1900.30507288     0.99990480        4
  1900.32550460     1.00013531        4
  1900.36636802     1.00008553        4
  1900.38679974     1.00021661        4
  1900.40723155     1.00021604        4
  1900.42766317     1.00008836        4
  1900.44809488     0.99978958        4
  1900.46852670     0.99990836        4
  1900.48895832     1.00006871        4
  1900.50939003     0.99994610        4
  1900.52982185     1.00001102        4
  1900.55025346     1.00015697        4
  1900.57068528     1.00008836        4
  1900.61154861     0.99982695        4
  1900.63198043     1.00019130        4
  1900.65241215     1.00005223        4
  1900.67284377     1.00012499        4
  1900.69327559     1.00012067        4
  1900.71370730     1.00013586        4
  1900.85672934     0.99991582        4
  1900.87716106     0.99979890        4
  1900.89759288     1.00008986        4
  1900.91802460     0.99995597        4
  1900.93845622     0.99992757        4
  1900.95888804     1.00000546        4
  1900.97931976     0.99968482        4
  1900.99975138     0.99997928        4
  1901.02018320     1.00007824        4
  1901.04061493     0.99999552        4
  1901.06104655     1.00016309        4
  1901.10191009     1.00007563        4
  1901.12234192     0.99991868        4
  1901.14277354     0.99996676        4
  1901.16320526     1.00003692        4
  1901.18363709     1.00007224        4
  1901.20406871     0.99984835        4
  1901.22450043     1.00003999        4
  1901.24493226     1.00017261        4
  1901.26536388     0.99990630        4
  1901.28579571     0.99991778        4
  1901.30622743     0.99985718        4
  1901.36752261     0.99989933        4
  1901.38795433     0.99963308        4
  1901.40838606     0.99999692        4
  1901.42881779     1.00007136        4
  1901.44924951     1.00039215        4
  1901.46968124     0.99982088        4
  1901.49011297     0.99981693        4
  1901.51054469     1.00026877        4
  1901.53097642     1.00021320        4
  1901.55140815     0.99988480        4
  1901.59227161     0.99992496        4
  1901.61270343     0.99998522        4
  1901.63313516     0.99989407        4
  1901.65356679     1.00000004        4
  1901.67399862     0.99985134        4
  1901.69443035     1.00021916        4
  1901.71486198     1.00024712        4
  1901.73529381     0.99995542        4
  1901.75572554     1.00003213        4
  1901.77615717     1.00032293        4
  1901.79658900     1.00029865        4
  1901.83745256     0.99995695        4
  1901.85788419     0.99996575        4
  1901.87831592     1.00009571        4
  1901.89874776     0.99987870        4
  1901.91917939     0.99976794        4
  1901.93961112     1.00001539        4
  1901.96004295     0.99987823        4
  1901.98047459     1.00015001        4
  1902.00090642     0.99995003        4
  1902.02133815     1.00013359        4
  1902.08263335     0.99991717        4
  1902.10306499     0.99983550        4
  1902.12349682     1.00010990        4
  1902.14392856     1.00021290        4
  1902.16436029     0.99971694        4
  1902.18479203     0.99983043        4
  1902.20522376     1.00015121        4
  1902.22565550     1.00000000        4
  1902.24608723     1.00001801        4
  1902.26651897     0.99999004        4
  1902.28695081     1.00005208        4
  1902.32781418     1.00001165        4
  1902.34824602     1.00012316        4
  1902.36867765     0.99980197        4
  1902.38910949     1.00001070        4
  1902.40954123     0.99995175        4
  1902.42997287     1.00005458        4
  1902.45040471     0.99996084        4
  1902.57299514     1.00001883        4
  1902.59342688     1.00057501        4
  1902.61385872     1.00009697        4
  1902.63429036     0.99982939        4
  1902.65472210     0.99977283        4
  1902.67515395     0.99986214        4
  1902.69558559     1.00009681        4
  1902.71601743     1.00008273        4
  1902.73644917     0.99999471        4
  1902.75688081     0.99999137        4
  1902.77731265     0.99989496        4
  1902.81817614     0.99836253        4
  1902.83860788     1.00016261        4
  1902.85903963     0.99996268        4
  1902.87947127     0.99989761        4
  1902.89990311     0.99995308        4
  1902.92033486     1.00009986        4
  1902.94076670     1.00018997        4
  1902.96119835     1.00026949        4
  1902.98163009     0.99999069        4
  1903.00206194     1.00008646        4
  1903.02249358     0.99997785        4
  1903.20637930     1.00010860        4
  1903.22681115     1.00010946        4
  1903.24724290     0.99988228        4
  1903.26767475     1.00003257        4
  1903.30853814     1.00003536        4
  1903.32896999     1.00002459        4
  1903.34940164     1.00004038        4
  1903.36983339     1.00005785        4
  1903.39026524     1.00000224        4
  1903.41069699     0.99994200        4
  1903.43112874     1.00008140        4
  1903.45156039     1.00023743        4
  1903.47199214     0.99992591        4
  1903.49242399     1.00000704        4
  1903.51285575     0.99997702        4
  1903.55371925     0.99995018        4
  1903.57415100     0.99998551        4
  1903.59458265     0.99996711        4
  1903.61501451     1.00005166        4
  1903.63544626     1.00000046        4
  1903.65587811     0.99982924        4
  1903.67630977     1.00006583        4
  1903.69674152     1.00006690        4
  1903.71717337     0.99986267        4
  1903.73760503     1.00005181        4
  1903.75803678     0.99972289        4
  1903.81933215     0.99989156        4
  1903.83976390     1.00011195        4
  1903.86019556     1.00017941        4
  1903.88062741     0.99994698        4
  1903.90105917     1.00009412        4
  1903.92149083     0.99996113        4
  1903.94192268     1.00010763        4
  1903.96235444     0.99998809        4
  1903.98278630     0.99996952        4
  1904.00321796     1.00000076        4
  1904.04408147     1.00008708        4
  1904.06451333     0.99993684        4
  1904.08494499     0.99995091        4
  1904.10537675     1.00005236        4
  1904.12580851     1.00000905        4
  1904.14624027     0.99981576        4
  1904.16667213     1.00004078        4
  1904.18710379     0.99993104        4
  1904.20753565     0.99997271        4
  1904.22796741     0.99999100        4
  1904.24839907     0.99999447        4
  1904.28926269     1.00019928        4
  1904.30969435     1.00005625        4
  1904.33012621     0.99992090        4
  1904.35055798     1.00038630        4
  1904.37098984     1.00003910        4
  1904.39142150     0.99987528        4
  1904.41185326     1.00019843        4
  1904.43228513     0.99994106        4
  1904.45271679     0.99983030        4
  1904.47314855     0.99995809        4
  1904.49358042     0.99981529        4
  1904.61617101     1.00016821        4
  1904.63660277     0.99995197        4
  1904.65703454     0.99996549        4
  1904.67746631     1.00013716        4
  1904.69789807     1.00016732        4
  1904.71832984     0.99992589        4
  1904.73876161     0.99998839        4
  1904.77962514     0.99985697        4
  1904.80005691     0.99991744        4
  1904.82048878     0.99999664        4
  1904.84092045     0.99995431        4
  1904.86135222     1.00000671        4
  1904.88178408     0.99980498        4
  1905.04523825     1.00029993        4
  1905.06567002     0.99991795        4
  1905.08610189     0.99994584        4
  1905.10653356     0.99984034        4
  1905.12696533     1.00012203        4
  1905.14739721     1.00013422        4
  1905.16782888     1.00013215        4
  1905.18826065     0.99997215        4
