  1835.65923033     1.00005480        0
  1835.67966255     0.99991176        0
  1835.80225581     1.00103394        0
  1835.82268812     1.00004492        0
  1835.84312023     1.00006586        0
  1835.86355244     1.00015903        0
  1835.88398475     1.00019331        0
  1835.90441686     0.99987414        0
  1835.92484906     0.99987639        0
  1835.94528137     1.00010518        0
  1835.96571348     1.00013291        0
  1835.98614568     1.00009193        0
  1836.00657799     0.99983466        0
  1836.02701009     0.99992691        0
  1836.04744230     0.99993154        0
  1836.06787460     0.99998486        0
  1836.08830670     0.99999594        0
  1836.10873890     0.99994911        0
  1836.12917121     1.00004493        0
  1836.14960341     0.99987310        0
  1836.17003551     0.99989436        0
  1836.19046781     0.99998915        0
  1836.21090001     1.00004140        0
  1836.23133231     0.99991458        0
  1836.25176441     1.00001819        0
  1836.27219661     1.00017607        0
  1836.31306100     0.99985062        0
  1836.33349320     0.99991456        0
  1836.35392549     0.99989304        0
  1836.37435759     0.99999652        0
  1836.39478978     1.00001770        0
  1836.41522198     1.00003123        0
  1836.43565417     0.99998897        0
  1836.45608637     1.00020620        0
  1836.47651856     1.00008911        0
  1836.49695075     1.00001938        0
  1836.51738295     0.99997218        0
  1836.53781514     0.99983309        0
  1836.55824733     0.99980193        0
  1836.57867952     0.99993198        0
  1836.59911181     0.99994059        0
  1836.61954390     1.00020287        0
  1836.63997609     1.00013079        0
  1836.66040838     1.00017819        0
  1836.68084047     1.00005592        0
  1836.70127265     1.00005489        0
  1836.72170494     0.99994021        0
  1836.74213703     1.00024494        0
  1836.76256921     0.99991190        0
  1836.78300150     1.00007425        0
  1836.80343358     1.00014278        0
  1836.82386587     1.00013285        0
  1836.84429805     1.00000862        0
  1836.86473014     1.00000664        0
  1836.88516242     1.00008664        0
  1836.90559460     1.00015330        0
  1836.92602668     1.00008955        0
  1836.94645897     1.00010466        0
  1836.96689115     0.99993742        0
  1836.98732333     1.00019093        0
  1837.00775551     1.00018830        0
  1837.02818769     1.00078630        0
  1837.10991640     1.00008367        0
  1837.13034858     1.00000000        0
  1837.15078075     0.99991173        0
  1837.17121293     0.99989968        0
  1837.19164511     0.99981995        0
  1837.21207728     0.99982585        0
  1837.23250946     1.00008624        0
  1837.25294163     0.99999711        0
  1837.27337380     1.00009304        0
  1837.29380588     1.00013121        0
  1837.31423815     1.00013206        0
  1837.33467032     1.00008852        0
  1837.35510249     0.99997476        0
  1837.37553466     1.00006049        0
  1837.39596683     1.00006127        0
  1837.41639900     1.00007987        0
  1837.43683127     1.00000983        0
  1837.45726334     0.99993035        0
  1837.47769561     0.99979065        0
  1837.49812778     0.99987584        0
  1837.51855985     0.99995986        0
  1837.53899211     0.99993002        0
  1837.55942428     0.99999678        0
  1837.57985635     0.99985697        0
  1837.60028861     0.99985071        0
  1837.62072078     0.99999771        0
  1837.64115284     1.00008088        0
  1837.66158511     0.99993010        0
  1837.68201727     1.00009402        0
  1837.70244933     0.99992485        0
  1837.72288160     0.99973509        0
  1837.74331376     0.99978879        0
  1837.76374582     0.99987647        0
  1837.78417808     0.99974044        0
  1837.80461024     0.99964137        0
  1837.82504240     0.99962044        0
  1837.84547456     0.99956768        0
  1837.86590672     0.99960814        0
  1837.88633878     0.99986086        0
  1837.90677104     0.99993255        0
  1837.92720319     1.00016251        0
  1837.94763535     1.00008682        0
  1837.96806751     1.00008229        0
  1837.98849966     1.00000568        0
  1838.00893172     1.00000698        0
  1838.02936397     1.00006029        0
  1838.04979613     0.99997299        0
  1838.07022838     0.99985953        0
  1838.09066044     0.99981550        0
  1838.11109259     0.99998310        0
  1838.13152484     0.99997110        0
  1838.15195690     1.00003136        0
  1838.17238905     0.99987640        0
  1838.19282130     0.99996310        0
  1838.21325335     1.00000990        0
  1838.23368550     1.00013864        0
  1838.27454990     0.99992396        0
  1838.29498195     0.99987580        0
  1838.31541420     0.99987496        0
  1838.33584634     0.99990701        0
  1838.35627839     1.00005999        0
  1838.37671064     1.00001412        0
  1838.39714278     1.00009432        0
  1838.41757483     1.00005466        0
  1838.43800707     1.00009489        0
  1838.45843922     1.00018686        0
  1838.47887126     1.00001668        0
  1838.49930351     1.00007060        0
  1838.51973565     1.00030843        0
  1838.54016769     1.00013370        0
  1838.56059994     1.00005233        0
  1838.58103208     1.00008971        0
  1838.60146412     1.00017736        0
  1838.62189636     1.00002024        0
  1838.64232850     0.99999383        0
  1838.66276054     0.99995470        0
  1838.68319278     1.00001003        0
  1838.70362492     0.99984235        0
  1838.72405706     1.00002962        0
  1838.74448920     1.00012565        0
  1838.76492133     0.99993664        0
  1838.78535347     0.99973618        0
  1838.80578561     0.99982672        0
  1838.82621774     0.99978413        0
  1838.84664998     0.99971354        0
  1838.86708201     0.99963797        0
  1838.88751415     0.99989685        0
  1838.90794638     0.99974151        0
  1838.92837842     0.99995451        0
  1838.94881055     1.00015986        0
  1838.96924278     1.00012847        0
  1838.98967481     1.00107433        0
  1839.07140334     1.00015660        0
  1839.09183557     1.00005377        0
  1839.11226770     0.99991660        0
  1839.13269973     1.00013342        0
  1839.15313195     1.00004697        0
  1839.17356408     0.99995595        0
  1839.19399611     0.99987651        0
  1839.21442834     0.99975560        0
  1839.23486046     0.99983178        0
  1839.25529249     0.99986748        0
  1839.27572471     0.99989885        0
  1839.29615684     0.99997240        0
  1839.31658906     0.99996830        0
  1839.33702109     1.00009076        0
  1839.35745321     1.00002863        0
  1839.37788533     1.00002060        0
  1839.39831746     0.99999178        0
  1839.41874948     0.99994162        0
  1839.43918170     0.99997581        0
  1839.45961382     1.00011074        0
  1839.48004584     1.00016731        0
  1839.50047806     1.00026239        0
  1839.52091018     1.00029265        0
  1839.54134230     1.00035721        0
  1839.56177442     1.00035371        0
  1839.58220654     1.00003944        0
  1839.60263866     1.00020341        0
  1839.62307077     1.00009994        0
  1839.64350289     1.00025205        0
  1839.72523135     1.00090009        0
  1839.74566357     0.99997756        0
  1839.76609558     1.00000789        0
  1839.78652770     0.99997522        0
  1839.80695991     1.00004224        0
  1839.82739192     1.00005655        0
  1839.84782403     0.99980228        0
  1839.86825624     0.99993287        0
  1839.88868826     0.99992254        0
  1839.90912037     0.99972493        0
  1839.92955258     0.99970089        0
  1839.94998469     0.99969058        0
  1839.97041679     0.99968649        0
  1839.99084890     0.99989045        0
  1840.01128101     0.99971087        0
  1840.29733048     0.99995083        0
  1840.31776248     0.99998469        0
  1840.33819468     1.00001222        0
  1840.35862678     0.99993610        0
  1840.37905888     1.00001425        0
  1840.39949098     0.99996523        0
  1840.41992308     0.99981902        0
  1840.44035518     0.99989615        0
  1840.46078727     1.00002693        0
  1840.48121937     0.99993000        0
  1840.50165147     0.99983074        0
  1840.52208366     1.00000228        0
  1840.54251566     1.00002711        0
  1840.56294786     1.00004250        0
  1840.58337995     1.00035213        0
  1840.60381195     1.00023243        0
  1840.62424414     1.00020680        0
  1840.64467623     1.00012809        0
  1840.66510823     0.99994938        0
  1840.68554042     1.00030708        0
  1840.70597251     1.00205202        0
  1840.72640450     1.00012175        0
  1840.74683669     1.00000983        0
  1840.76726879     1.00001929        0
  1840.78770088     0.99995522        0
  1840.80813297     0.99975720        0
  1840.82856495     0.99991000        0
  1840.84899714     0.99996945        0
  1840.86942923     0.99995171        0
  1840.88986132     0.99991645        0
  1840.91029331     1.00016309        0
  1840.93072550     0.99984896        0
  1840.95115758     0.99978350        0
  1840.97158957     1.00004923        0
  1840.99202175     1.00019582        0
  1872.00751318     1.00010266        1
  1872.02794481     0.99987445        1
  1872.04837645     0.99981994        1
  1872.06880809     0.99982637        1
  1872.08923972     0.99968470        1
  1872.10967136     0.99987497        1
  1872.13010310     0.99981368        1
  1872.17096627     1.00001287        1
  1872.19139801     1.00000406        1
  1872.21182964     1.00017122        1
  1872.23226118     1.00009085        1
  1872.25269291     0.99980288        1
  1872.27312455     0.99985014        1
  1872.29355609     0.99995525        1
  1872.31398782     0.99998887        1
  1872.33441946     0.99988409        1
  1872.35485099     1.00002570        1
  1872.37528273     0.99985574        1
  1872.41614610     1.00022401        1
  1872.43657763     1.00031351        1
  1872.45700927     1.00001857        1
  1872.47744100     1.00018932        1
  1872.49787254     0.99999935        1
  1872.51830417     1.00003144        1
  1872.53873590     0.99997676        1
  1872.55916744     1.00024421        1
  1872.57959907     1.00048598        1
  1872.60003081     1.00041847        1
  1872.62046234     1.00037516        1
  1872.66132571     1.00046705        1
  1872.68175724     1.00039421        1
  1872.70218897     1.00054073        1
  1872.72262061     1.00052721        1
  1872.74305214     1.00050745        1
  1872.76348387     1.00066096        1
  1872.78391551     1.00034407        1
  1872.80434704     1.00025154        1
  1872.82477877     1.00010962        1
  1872.84521041     1.00014415        1
  1872.86564194     1.00017651        1
  1872.90650530     1.00000678        1
  1872.92693683     0.99987830        1
  1872.94736857     1.00004193        1
  1872.96780020     1.00006574        1
  1872.98823193     0.99984916        1
  1873.00866346     0.99969041        1
  1873.02909509     0.99964600        1
  1873.04952683     0.99960825        1
  1873.06995836     0.99977449        1
  1873.15168488     0.99968203        1
  1873.17211661     0.99945919        1
  1873.19254824     0.99952563        1
  1873.21297987     0.99958133        1
  1873.23341150     0.99960896        1
  1873.25384314     0.99979443        1
  1873.27427477     0.99984362        1
  1873.29470640     0.99964983        1
  1873.31513803     0.99962615        1
  1873.33556966     0.99972911        1
  1873.35600129     0.99975821        1
  1873.39686455     1.00034790        1
  1873.41729618     0.99993670        1
  1873.43772770     1.00054347        1
  1873.45815943     0.99999339        1
  1873.47859106     0.99994598        1
  1873.49902279     0.99990752        1
  1873.51945432     1.00011193        1
  1873.53988595     1.00021018        1
  1873.56031768     0.99996574        1
  1873.58074921     0.99999922        1
  1873.60118084     0.99986907        1
  1873.68290745     1.00012890        1
  1873.72377061     1.00017615        1
  1873.74420234     0.99997686        1
  1873.76463396     1.00040547        1
  1873.78506559     1.00045942        1
  1873.80549722     1.00036244        1
  1873.82592885     1.00057470        1
  1873.84636058     1.00031974        1
  1873.88722373     1.00045675        1
  1873.90765546     1.00018826        1
  1873.92808698     1.00020420        1
  1873.94851861     1.00035031        1
  1873.96895034     1.00030940        1
  1873.98938187     1.00036552        1
  1874.00981359     1.00046046        1
  1874.03024512     1.00001355        1
  1874.05067675     0.99997330        1
  1874.07110847     0.99988544        1
  1874.09154000     0.99999466        1
  1874.21412985     0.99984508        1
  1874.23456138     0.99991937        1
  1874.25499311     1.00010715        1
  1874.27542473     0.99988229        1
  1874.29585636     0.99999365        1
  1874.31628798     0.99983422        1
  1874.33671961     0.99977967        1
  1874.37758286     0.99975478        1
  1874.39801448     0.99988392        1
  1874.41844621     1.00005991        1
  1874.43887773     0.99997386        1
  1874.45930936     0.99994632        1
  1874.47974108     0.99996147        1
  1874.50017261     1.00009954        1
  1874.52060433     1.00011081        1
  1874.54103596     0.99999616        1
  1874.56146748     0.99995450        1
  1874.58189920     0.99999124        1
  1874.62276235     0.99990518        1
  1874.64319408     0.99984757        1
  1874.66362570     0.99990065        1
  1874.68405732     0.99966926        1
  1874.70448895     0.99975752        1
  1874.72492057     0.99962609        1
  1874.74535210     0.99972614        1
  1874.76578382     0.99986856        1
  1874.78621544     0.99984718        1
  1874.86794203     1.00009151        1
  1874.88837356     1.00001578        1
  1874.90880518     0.99999999        1
  1874.92923690     1.00023952        1
  1874.94966843     1.00039192        1
  1874.97010005     1.00053200        1
  1874.99053177     1.00041652        1
  1875.01096329     1.00020112        1
  1875.03139502     1.00019699        1
  1875.11312150     0.99994595        1
  1875.13355303     1.00001812        1
  1875.15398475     0.99994532        1
  1875.17441637     0.99974162        1
  1875.19484799     0.99994068        1
  1875.21527961     0.99985688        1
  1875.23571123     0.99985511        1
  1875.35830096     1.00039704        1
  1875.37873268     1.00050785        1
  1875.39916420     0.99973593        1
  1875.41959582     0.99972090        1
  1875.44002754     0.99979574        1
  1875.46045906     0.99974916        1
  1875.48089069     0.99995121        1
  1875.50132241     1.00014978        1
  1875.52175393     1.00020369        1
  1875.54218565     1.00014939        1
  1875.56261727     1.00010633        1
  1875.60348051     1.00014967        1
  1875.62391213     1.00038468        1
  1875.64434365     1.00022678        1
  1875.66477537     1.00035119        1
  1875.68520699     0.99987338        1
  1875.70563861     1.00039052        1
  1875.72607023     1.00006924        1
  1875.74650185     1.00007490        1
  1875.76693356     1.00003790        1
  1875.78736508     0.99993330        1
  1875.80779670     0.99997001        1
  1875.84866004     0.99997774        1
  1875.86909156     0.99984128        1
  1875.88952328     0.99997978        1
  1875.90995490     1.00008043        1
  1875.93038642     1.00005576        1
  1875.95081814     1.00018806        1
  1875.97124976     1.00025544        1
  1875.99168147     1.00008077        1
  1876.09383947     1.00020221        1
  1876.11427108     1.00031809        1
  1876.13470270     1.00023844        1
  1876.15513422     1.00001369        1
  1876.17556594     1.00000000        1
  1876.19599756     1.00008078        1
  1876.21642917     1.00003691        1
  1876.23686079     1.00000729        1
  1876.25729241     1.00007194        1
  1876.33901898     0.99999083        1
  1876.35945060     1.00010290        1
  1876.37988211     0.99995923        1
  1876.40031383     0.99982840        1
  1876.42074545     0.99995386        1
  1876.44117697     0.99986176        1
  1876.46160868     1.00016845        1
  1876.48204030     1.00003709        1
  1876.50247202     0.99986684        1
  1876.52290353     0.99978192        1
  1876.54333515     0.99971496        1
  1876.58419838     0.99997834        1
  1876.60463000     0.99999526        1
  1876.62506172     0.99994811        1
  1876.64549323     0.99992886        1
  1876.66592485     1.00012776        1
  1876.82937778     0.99992762        1
  1876.84980949     0.99992559        1
  1876.87024101     1.00000303        1
  1876.89067263     0.99998613        1
  1876.91110434     0.99986677        1
  1877.07455736     0.99978314        1
  1877.09498888     0.99987270        1
  1877.11542049     0.99965680        1
  1877.13585221     0.99997500        1
  1877.15628372     0.99997044        1
  1877.17671534     1.00003431        1
  1877.19714705     1.00016303        1
  1877.21757857     1.00000970        1
  1877.23801028     1.00002311        1
  1877.25844190     1.00003342        1
  1877.27887341     1.00015791        1
  1877.31973674     0.99973066        1
  1877.34016836     0.99980492        1
  1877.36059997     0.99992057        1
  1877.38103158     0.99971577        1
  1877.40146320     0.99976450        1
  1877.42189481     1.00003336        1
  1877.44232643     0.99994387        1
  1877.46275804     1.00000332        1
  1877.48318965     1.00013901        1
  1877.50362127     1.00004637        1
  1877.52405288     0.99992699        1
  1877.56491611     0.99976053        1
  1877.58534782     0.99993416        1
  1877.60577934     0.99977535        1
  1877.62621095     1.00004403        1
  1877.64664266     0.99996209        1
  1877.66707418     0.99971724        1
  1877.68750589     0.99980670        1
  1877.70793750     0.99976744        1
  1877.72836902     1.00000967        1
  1877.74880073     0.99988074        1
  1877.76923234     0.99994566        1
  1877.81009557     0.99999957        1
  1877.83052718     0.99996881        1
  1877.85095870     1.00043364        1
  1877.87139041     1.00025221        1
  1877.89182202     1.00026130        1
  1877.91225364     0.99996787        1
  1877.93268525     1.00008716        1
  1877.95311686     1.00004867        1
  1877.97354857     0.99995717        1
  1877.99398019     1.00007103        1
  1878.01441170     0.99999033        1
  1878.05527502     0.99978365        1
  1878.07570654     0.99976445        1
  1878.09613825     1.00004215        1
  1878.11656986     1.00009082        1
  1878.13700137     1.00006014        1
  1878.15743309     1.00004676        1
  1878.17786460     1.00015486        1
  1878.19829631     1.00009958        1
  1878.21872792     1.00015116        1
  1878.23915943     1.00010167        1
  1878.25959115     1.00024119        1
  1878.30045427     1.00022687        1
  1878.32088598     1.00022856        1
  1878.34131759     1.00029596        1
  1878.36174911     1.00026407        1
  1878.38218082     1.00010653        1
  1878.40261243     1.00003233        1
  1878.42304414     1.00007141        1
  1878.44347565     1.00002482        1
  1878.46390726     1.00015287        1
  1878.48433898     1.00019907        1
  1878.54563381     1.00009942        1
  1878.56606542     0.99996256        1
  1878.58649693     0.99994800        1
  1878.60692864     1.00013128        1
  1878.62736026     1.00012252        1
  1878.64779187     1.00016138        1
  1878.66822348     1.00014834        1
  1878.68865509     0.99994471        1
  1878.70908680     0.99991483        1
  1878.72951831     1.00006493        1
  1878.74994992     0.99994342        1
  1878.79081314     0.99970720        1
  1878.81124475     0.99960356        1
  1878.83167637     0.99969892        1
  1878.85210798     0.99990738        1
  1878.87253969     1.00007978        1
  1878.89297120     1.00033771        1
  1878.91340281     1.00023817        1
  1878.93383452     1.00030781        1
  1878.95426603     1.00035104        1
  1878.97469764     1.00035582        1
  1878.99512935     1.00014094        1
  1879.05642418     0.99991514        1
  1879.07685579     0.99980343        1
  1879.09728740     0.99997039        1
  1879.11771901     0.99963924        1
  1879.13815062     0.99955216        1
  1879.15858223     0.99962269        1
  1879.17901384     0.99983304        1
  1879.19944545     0.99992808        1
  1879.21987716     0.99990152        1
  1879.24030867     1.00005259        1
  1879.28117199     0.99987037        1
  1879.30160350     0.99982425        1
  1879.32203521     0.99988222        1
  1879.34246682     0.99983013        1
  1879.36289833     1.00040875        1
  1879.38333004     1.00054643        1
  1879.40376165     0.99996604        1
  1879.42419316     1.00016430        1
  1879.44462487     1.00004338        1
  1879.46505648     1.00030485        1
  1879.48548799     1.00028037        1
  1879.52635121     1.00016818        1
  1879.54678292     1.00004217        1
  1879.56721453     0.99996201        1
  1879.58764614     1.00008448        1
  1879.60807775     1.00016051        1
  1879.62850936     1.00008561        1
  1879.64894097     0.99997946        1
  1879.66937258     1.00004399        1
  1879.68980419     1.00012215        1
  1879.71023580     1.00009567        1
  1879.73066741     0.99991511        1
  1879.77153072     1.00016879        1
  1879.79196233     0.99972729        1
  1879.81239384     0.99991290        1
  1879.83282555     0.99996963        1
  1879.85325716     0.99975369        1
  1879.87368867     0.99991562        1
  1879.89412038     0.99979058        1
  1879.91455199     0.99985360        1
  1879.93498350     1.00010645        1
  1879.95541521     0.99999029        1
  1879.97584681     1.00008453        1
  1880.01671003     1.00012734        2
  1880.03714164     1.00010809        2
  1880.05757335     0.99990114        2
  1880.07800486     1.00004663        2
  1880.09843647     1.00009440        2
  1880.11886808     1.00018610        2
  1880.13929969     1.00007285        2
  1880.15973129     0.99999987        2
  1880.18016300     0.99995857        2
  1880.20059451     0.99974993        2
  1880.22102622     0.99990193        2
  1880.26188934     0.99996369        2
  1880.28232105     0.99985344        2
  1880.30275265     0.99984264        2
  1880.32318416     0.99978514        2
  1880.34361587     0.99980251        2
  1880.36404748     0.99986529        2
  1880.38447899     0.99994221        2
  1880.40491070     0.99990218        2
  1880.42534231     0.99999554        2
  1880.44577401     1.00020558        2
  1880.50706884     1.00017180        2
  1880.52750035     1.00018880        2
  1880.54793196     1.00021950        2
  1880.56836366     1.00020423        2
  1880.58879517     1.00017091        2
  1880.60922678     1.00017215        2
  1880.62965849     1.00030570        2
  1880.65009000     1.00016403        2
  1880.67052170     1.00016296        2
  1880.75224814     0.99991984        2
  1880.77267975     0.99999737        2
  1880.79311135     1.00018971        2
  1880.81354296     1.00018409        2
  1880.83397457     1.00007013        2
  1880.85440618     1.00004885        2
  1880.87483779     0.99985225        2
  1880.89526939     1.00003104        2
  1880.91570100     0.99982535        2
  1880.93613261     0.99958250        2
  1880.95656432     0.99976511        2
  1880.99742743     0.99973296        2
  1881.01785914     0.99987616        2
  1881.03829065     0.99979109        2
  1881.05872226     0.99975344        2
  1881.07915396     1.00004250        2
  1881.09958547     0.99996745        2
  1881.12001718     0.99995677        2
  1881.14044879     1.00000937        2
  1881.16088030     0.99990318        2
  1881.18131200     0.99984354        2
  1881.20174361     0.99987076        2
  1881.24260683     1.00030161        2
  1881.26303843     0.99999826        2
  1881.28347004     0.99997889        2
  1881.30390165     1.00002702        2
  1881.32433326     1.00004563        2
  1881.34476497     1.00010231        2
  1881.36519647     0.99997491        2
  1881.38562808     0.99999736        2
  1881.40605979     1.00004017        2
  1881.42649140     1.00002987        2
  1881.44692290     1.00010830        2
  1881.48778612     0.99998797        2
  1881.50821783     1.00038196        2
  1881.52864943     1.00037015        2
  1881.54908104     1.00035562        2
  1881.56951265     1.00011903        2
  1881.58994426     1.00021953        2
  1881.61037576     1.00021891        2
  1881.63080747     1.00008877        2
  1881.65123908     1.00027505        2
  1881.67167059     1.00030129        2
  1881.69210229     1.00028403        2
  1881.73296561     1.00015618        2
  1881.75339712     0.99988692        2
  1881.77382872     0.99992366        2
  1881.79426043     0.99997686        2
  1881.81469194     0.99997195        2
  1881.83512355     1.00000000        2
  1881.85555525     0.99995066        2
  1881.87598676     0.99995795        2
  1881.89641837     0.99994181        2
  1881.91685008     1.00004953        2
  1881.93728168     0.99999527        2
  1881.97814490     0.99977285        2
  1881.99857651     0.99968445        2
  1882.01900811     0.99974332        2
  1882.03943972     0.99993417        2
  1882.05987133     0.99986632        2
  1882.08030304     0.99997142        2
  1882.10073454     0.99995929        2
  1882.12116615     0.99965551        2
  1882.14159786     0.99991804        2
  1882.16202937     0.99988483        2
  1882.22332419     0.99998178        2
  1882.24375590     1.00002030        2
  1882.26418740     1.00005312        2
  1882.28461901     1.00020130        2
  1882.30505072     1.00018699        2
  1882.32548222     1.00006667        2
  1882.34591393     1.00003327        2
  1882.36634554     0.99997647        2
  1882.46850358     0.99988175        2
  1882.48893518     0.99995839        2
  1882.50936679     1.00007113        2
  1882.52979840     1.00002427        2
  1882.55023001     1.00007270        2
  1882.57066171     0.99986536        2
  1882.77497779     1.00016375        2
  1882.79540950     1.00005808        2
  1882.81584100     0.99996875        2
  1882.83627261     1.00014706        2
  1882.85670432     0.99986206        2
  1882.87713583     0.99989893        2
  1882.89756733     1.00000414        2
  1882.91799904     0.99990125        2
  1883.02015718     0.99985923        2
  1883.04058869     0.99980061        2
  1883.06102029     0.99976265        2
  1883.08145200     0.99973854        2
  1883.10188361     0.99982252        2
  1883.12231512     0.99996991        2
  1883.14274682     0.99996155        2
  1883.16317843     1.00003360        2
  1883.20404165     1.00019194        2
  1883.22447325     0.99991993        2
  1883.24490496     0.99999379        2
  1883.26533647     0.99997867        2
  1883.28576808     1.00011786        2
  1883.30619978     1.00009581        2
  1883.32663129     0.99992818        2
  1883.34706290     1.00013743        2
  1883.36749461     1.00024346        2
  1883.38792612     1.00034849        2
  1883.40835782     1.00034539        2
  1883.44922094     1.00006544        2
  1883.46965265     1.00005064        2
  1883.49008425     1.00013370        2
  1883.51051576     1.00013428        2
  1883.53094747     1.00008142        2
  1883.55137898     1.00012485        2
  1883.57181069     0.99997605        2
  1883.59224229     0.99987528        2
  1883.61267380     1.00010304        2
  1883.63310551     0.99989450        2
  1883.65353712     0.99998009        2
  1883.69440033     1.00001682        2
  1883.71483194     1.00019579        2
  1883.73526355     1.00011463        2
  1883.75569516     0.99999162        2
  1883.77612676     1.00009607        2
  1883.79655847     1.00013689        2
  1883.81699008     1.00029765        2
  1883.83742159     1.00029412        2
  1883.85785330     1.00032186        2
  1883.87828490     1.00031891        2
  1883.89871641     1.00026940        2
  1883.96001124     0.99996949        2
  1883.98044295     0.99999048        2
  1884.00087455     0.99989894        2
  1884.02130626     1.00002635        2
  1884.04173777     0.99986576        2
  1884.06216938     0.99969061        2
  1884.08260109     0.99978492        2
  1884.10303259     0.99992107        2
  1884.12346420     0.99997455        2
  1884.14389591     0.99982836        2
  1884.18475903     1.00015241        2
  1884.20519064     1.00018908        2
  1884.22562224     0.99996704        2
  1884.24605395     1.00002192        2
  1884.26648546     1.00001235        2
  1884.28691707     1.00009288        2
  1884.30734878     0.99993760        2
  1884.32778039     0.99997924        2
  1884.34821190     0.99974922        2
  1884.36864360     1.00003515        2
  1884.38907521     0.99998520        2
  1884.42993843     0.99994809        2
  1884.45037004     0.99995585        2
  1884.47080175     1.00003975        2
  1884.49123326     1.00006654        2
  1884.51166486     1.00035251        2
  1884.53209657     1.00016685        2
  1884.55252808     1.00005184        2
  1884.57295969     1.00013361        2
  1884.59339140     0.99993133        2
  1884.61382291     0.99992177        2
  1884.63425462     0.99978586        2
  1884.67511774     0.99965939        2
  1884.69554944     0.99971025        2
  1884.71598105     0.99987032        2
  1884.73641266     0.99969269        2
  1884.75684427     0.99998069        2
  1884.77727588     0.99998187        2
  1884.79770749     1.00012392        2
  1884.81813910     1.00022251        2
  1884.83857071     1.00011816        2
  1884.85900232     0.99999198        2
  1884.92029714     0.99975778        2
  1884.94072875     0.99998598        2
  1884.96116036     1.00001124        2
  1884.98159207     1.00009555        2
  1885.00202358     1.00000852        2
  1885.02245529     1.00001124        2
  1885.04288690     1.00012070        2
  1885.06331841     1.00007051        2
  1885.08375012     1.00014252        2
  1885.10418173     0.99994141        2
  1885.12461324     0.99994923        2
  1885.16547656     1.00124408        2
  1885.18590807     0.99990764        2
  1885.20633978     0.99960864        2
  1885.22677139     0.99973900        2
  1885.24720310     0.99992803        2
  1885.26763461     0.99984344        2
  1885.28806622     0.99995425        2
  1885.30849793     0.99990835        2
  1885.32892944     0.99984005        2
  1885.34936105     0.99975864        2
  1885.36979276     0.99992140        2
  1885.41065588     0.99991481        2
  1885.43108759     1.00000852        2
  1885.45151920     1.00007176        2
  1885.47195081     0.99999443        2
  1885.49238242     1.00047350        2
  1885.51281403     1.00028100        2
  1885.53324564     1.00012018        2
  1885.55367725     0.99999857        2
  1885.57410876     1.00008156        2
  1885.59454047     1.00005245        2
  1885.61497208     1.00000317        2
  1885.65583530     1.00023710        2
  1885.67626691     1.00002713        2
  1885.69669862     1.00015955        2
  1885.71713013     0.99993454        2
  1885.73756174     0.99989647        2
  1885.75799345     1.00007060        2
  1885.77842496     0.99999874        2
  1885.79885657     1.00013819        2
  1885.81928828     0.99997814        2
  1885.83971979     0.99986091        2
  1885.86015151     0.99998850        2
  1885.90101463     1.00014364        2
  1885.92144634     1.00000535        2
  1885.94187795     1.00029678        2
  1885.96230956     1.00018650        2
  1885.98274117     1.00029431        2
  1886.00317278     1.00015929        2
  1886.02360439     1.00012891        2
  1886.04403601     1.00002890        2
  1886.06446762     0.99998835        2
  1886.08489933     1.00010095        2
  1886.10533094     1.00014126        2
  1886.16662577     1.00013953        2
  1886.18705728     1.00000925        2
  1886.20748900     0.99995038        2
  1886.22792051     1.00001724        2
  1886.24835222     0.99995160        2
  1886.26878383     0.99970584        2
  1886.28921534     1.00000855        2
  1886.30964705     1.00010322        2
  1886.33007867     1.00007099        2
  1886.35051018     1.00007784        2
  1886.39137350     0.99981571        2
  1886.41180501     0.99984016        2
  1886.43223673     0.99994699        2
  1886.45266834     0.99992707        2
  1886.47310005     0.99983878        2
  1886.49353156     0.99989867        2
  1886.51396317     0.99970898        2
  1886.53439489     1.00006320        2
  1886.63655295     1.00013963        2
  1886.65698456     1.00007096        2
  1886.67741617     1.00019299        2
  1886.69784779     1.00003047        2
  1886.71827940     1.00009210        2
  1886.73871101     1.00024023        2
  1886.88173230     0.99982320        2
  1886.90216392     0.99991229        2
  1886.92259563     0.99993800        2
  1886.94302714     1.00003061        2
  1886.96345876     0.99997064        2
  1886.98389047     0.99998035        2
  1887.12691176     0.99996658        2
  1887.14734338     1.00003331        2
  1887.16777499     1.00009269        2
  1887.18820661     1.00012698        2
  1887.20863822     1.00003042        2
  1887.22906983     0.99995825        2
  1887.24950155     1.00014686        2
  1887.26993306     1.00027334        2
  1887.29036468     1.00006256        2
  1887.31079639     0.99997880        2
  1887.33122801     1.00001533        2
  1887.37209123     0.99975207        2
  1887.39252285     1.00003130        2
  1887.41295436     0.99978084        2
  1887.43338608     0.99993494        2
  1887.45381769     1.00000001        2
  1887.47424931     0.99998728        2
  1887.49468092     0.99998724        2
  1887.51511254     0.99999711        2
  1887.53554425     0.99983384        2
  1887.55597577     0.99972369        2
  1887.57640738     0.99968818        2
  1887.61727061     0.99976147        2
  1887.63770233     0.99994114        2
  1887.65813384     1.00017022        2
  1887.67856546     1.00018609        2
  1887.69899717     1.00018150        2
  1887.71942869     1.00023359        2
  1887.73986030     1.00036883        2
  1887.76029202     1.00003746        2
  1887.78072353     1.00010818        2
  1887.86245010     1.00016999        2
  1887.88288171     1.00018071        2
  1887.90331333     0.99998898        2
  1887.92374494     0.99999789        2
  1887.94417656     0.99991409        2
  1887.96460818     0.99992183        2
  1887.98503989     0.99985511        2
  1891.04978387     0.99988477        3
  1891.07021550     0.99989135        3
  1891.09064723     1.00003675        3
  1891.11107875     0.99997068        3
  1891.13151038     1.00000354        3
  1891.15194211     1.00003841        3
  1891.17237364     0.99985279        3
  1891.19280537     0.99973920        3
  1891.21323700     0.99985134        3
  1891.23366853     0.99997486        3
  1891.29496342     0.99984755        3
  1891.31539515     0.99987061        3
  1891.33582678     1.00021070        3
  1891.35625851     1.00012066        3
  1891.37669003     0.99989456        3
  1891.39712166     0.99980842        3
  1891.41755339     0.99983505        3
  1891.43798492     1.00007182        3
  1891.45841656     0.99995893        3
  1891.47884829     0.99997976        3
  1891.49927992     1.00004797        3
  1891.54014318     1.00035397        3
  1891.56057471     1.00021437        3
  1891.58100644     1.00033843        3
  1891.60143807     1.00027641        3
  1891.62186960     1.00025542        3
  1891.64230133     1.00021844        3
  1891.66273296     1.00019549        3
  1891.68316449     1.00014114        3
  1891.70359623     1.00037161        3
  1891.72402786     0.99995586        3
  1891.74445959     1.00013225        3
  1891.78532275     1.00002699        3
  1891.80575448     1.00012364        3
  1891.82618602     1.00007572        3
  1891.84661765     0.99995246        3
  1891.86704938     1.00005414        3
  1891.88748091     1.00007421        3
  1891.90791255     1.00002824        3
  1891.92834428     0.99994523        3
  1891.94877581     0.99997041        3
  1891.96920754     0.99974937        3
  1891.98963918     0.99972689        3
  1892.03050244     0.99975551        3
  1892.05093408     0.99982111        3
  1892.07136571     0.99989391        3
  1892.09179734     0.99997453        3
  1892.11222898     1.00083046        3
  1892.13266071     1.00003685        3
  1892.15309234     1.00001412        3
  1892.17352388     0.99985001        3
  1892.19395561     1.00002298        3
  1892.21438715     1.00010417        3
  1892.23481878     0.99998353        3
  1892.27568205     0.99992461        3
  1892.29611378     1.00003968        3
  1892.31654542     1.00000865        3
  1892.33697695     1.00000072        3
  1892.35740869     0.99985395        3
  1892.37784032     0.99977713        3
  1892.39827186     0.99977671        3
  1892.41870359     0.99970615        3
  1892.43913523     0.99993390        3
  1892.45956677     0.99974057        3
  1892.52086187     0.99994040        3
  1892.54129341     0.99997392        3
  1892.56172504     1.00000100        3
  1892.58215678     1.00011014        3
  1892.60258832     1.00000637        3
  1892.62301995     0.99999805        3
  1892.64345169     1.00005565        3
  1892.66388333     0.99998970        3
  1892.82733642     0.99996773        3
  1892.84776806     1.00000936        3
  1892.86819980     0.99990915        3
  1892.88863134     1.00003037        3
  1892.90906307     1.00002112        3
  1892.92949461     1.00013630        3
  1892.94992625     0.99998658        3
  1892.97035799     0.99987420        3
  1893.01122117     1.00025883        3
  1893.03165290     0.99994310        3
  1893.05208444     0.99991396        3
  1893.07251618     0.99988849        3
  1893.09294782     0.99986098        3
  1893.11337936     0.99974828        3
  1893.13381110     0.99976511        3
  1893.15424274     0.99983415        3
  1893.17467428     1.00008567        3
  1893.19510602     0.99977106        3
  1893.21553766     1.00002546        3
  1893.33812750     0.99995104        3
  1893.35855924     1.00007206        3
  1893.37899088     1.00027399        3
  1893.39942242     1.00018658        3
  1893.41985416     1.00012892        3
  1893.44028580     0.99998686        3
  1893.46071754     0.99990886        3
  1893.50158073     0.99979182        3
  1893.52201247     1.00001740        3
  1893.54244401     0.99999235        3
  1893.56287555     1.00000485        3
  1893.58330729     0.99997762        3
  1893.60373894     0.99994111        3
  1893.62417068     0.99991135        3
  1893.64460222     0.99987021        3
  1893.66503386     1.00001869        3
  1893.68546561     0.99989156        3
  1893.70589715     1.00004612        3
  1893.74676054     1.00015990        3
  1893.76719208     1.00015016        3
  1893.78762372     1.00025885        3
  1893.80805546     1.00027491        3
  1893.82848701     1.00032985        3
  1893.84891875     1.00048400        3
  1893.86935040     1.00027439        3
  1893.88978204     1.00021587        3
  1893.91021368     0.99999225        3
  1893.93064533     1.00009180        3
  1894.03280365     1.00001112        3
  1894.05323519     0.99982151        3
  1894.07366694     0.99977617        3
  1894.09409859     0.99990302        3
  1894.11453013     0.99994166        3
  1894.13496188     1.00003882        3
  1894.15539352     0.99978607        3
  1894.17582517     0.99984873        3
  1894.19625681     1.00007253        3
  1894.23712010     0.99995969        3
  1894.25755175     0.99977494        3
  1894.27798330     0.99987429        3
  1894.29841504     1.00006683        3
  1894.31884669     1.00011873        3
  1894.33927824     1.00005115        3
  1894.35970998     0.99999386        3
  1894.38014163     1.00015247        3
  1894.40057338     1.00014912        3
  1894.42100493     1.00006422        3
  1894.44143657     1.00007991        3
  1894.48229987     1.00005675        3
  1894.50273152     1.00006885        3
  1894.52316326     1.00017733        3
  1894.54359491     1.00000985        3
  1894.56402656     1.00003829        3
  1894.58445821     1.00015018        3
  1894.60488986     0.99989213        3
  1894.62532151     0.99962744        3
  1894.72747975     0.99982218        3
  1894.74791150     0.99986480        3
  1894.76834305     1.00005301        3
  1894.78877480     0.99999564        3
  1894.80920645     1.00001630        3
  1894.82963800     1.00003518        3
  1894.85006975     1.00002063        3
  1894.97265965     1.00042882        3
  1894.99309120     0.99995736        3
  1895.01352295     1.00002858        3
  1895.03395461     1.00012397        3
  1895.05438626     1.00023717        3
  1895.07481791     1.00010419        3
  1895.09524956     1.00004494        3
  1895.11568131     1.00006329        3
  1895.13611287     0.99998466        3
  1895.15654452     0.99993552        3
  1895.17697627     0.99999805        3
  1895.21783947     1.00030450        3
  1895.23827123     0.99992990        3
  1895.25870288     0.99994060        3
  1895.27913443     0.99988277        3
  1895.29956619     0.99983203        3
  1895.31999784     0.99978550        3
  1895.34042959     0.99956500        3
  1895.36086115     0.99970506        3
  1895.38129280     0.99971346        3
  1895.40172455     0.99985534        3
  1895.42215611     0.99991835        3
  1895.46301952     0.99990434        3
  1895.48345107     0.99973667        3
  1895.50388283     1.00004212        3
  1895.52431438     1.00006652        3
  1895.54474604     1.00002919        3
  1895.56517779     0.99993568        3
  1895.58560935     1.00010385        3
  1895.60604100     0.99987213        3
  1895.62647276     0.99996994        3
  1895.64690431     0.99990813        3
  1895.66733607     0.99995169        3
  1895.70819938     0.99970851        3
  1895.72863104     0.99982784        3
  1895.74906269     0.99992010        3
  1895.76949435     0.99982578        3
  1895.78992601     0.99987116        3
  1895.81035766     0.99993010        3
  1895.83078932     1.00003019        3
  1895.85122108     1.00004486        3
  1895.87165263     1.00020030        3
  1895.89208439     1.00030144        3
  1895.91251605     1.00032307        3
  1895.95337937     1.00018542        3
  1895.97381102     1.00009053        3
  1895.99424258     1.00006294        3
  1896.01467434     1.00007385        3
  1896.03510600     1.00025864        3
  1896.05553776     1.00024647        3
  1896.07596932     1.00012620        3
  1896.09640097     1.00000665        3
  1896.11683263     1.00011069        3
  1896.13726429     1.00010870        3
  1896.15769595     1.00022697        3
  1896.19855927     0.99997779        3
  1896.21899103     0.99984341        3
  1896.23942259     0.99978693        3
  1896.25985425     0.99987142        3
  1896.28028601     0.99979402        3
  1896.30071757     0.99987620        3
  1896.32114923     0.99996906        3
  1896.34158099     0.99993581        3
  1896.36201255     0.99992633        3
  1896.48460262     0.99964100        3
  1896.50503429     0.99944855        3
  1896.52546595     0.99959608        3
  1896.54589761     0.99971904        3
  1896.56632937     0.99975447        3
  1896.58676093     0.99979632        3
  1896.60719270     1.00000487        3
  1896.62762436     1.00015858        3
  1896.64805592     1.00014959        3
  1896.68891935     1.00010591        3
  1896.70935091     0.99993707        3
  1896.72978268     1.00001993        3
  1896.75021434     1.00010603        3
  1896.77064601     1.00012532        3
  1896.79107767     0.99990164        3
  1896.81150933     1.00001552        3
  1896.83194100     0.99997378        3
  1896.85237266     1.00010360        3
  1896.87280433     1.00011366        3
  1896.89323599     0.99997717        3
  1896.93409932     1.00001093        3
  1896.95453099     0.99989515        3
  1896.97496265     0.99993153        3
  1896.99539442     0.99989607        3
  1897.01582599     1.00008066        3
  1897.03625765     1.00009110        3
  1897.05668942     0.99997868        3
  1897.07712108     1.00028267        3
  1897.09755265     1.00038621        3
  1897.11798442     1.00029318        3
  1897.13841609     1.00010325        3
  1897.17927942     1.00012048        3
  1897.19971109     1.00007686        3
  1897.22014285     1.00010095        3
  1897.24057442     1.00000105        3
  1897.26100609     0.99992205        3
  1897.28143786     0.99981735        3
  1897.30186943     0.99981007        3
  1897.32230119     0.99995219        3
  1897.34273286     0.99984370        3
  1897.36316443     0.99995336        3
  1897.38359620     0.99999009        3
  1897.42445944     0.99995531        3
  1897.44489121     1.00008118        3
  1897.46532288     1.00001880        3
  1897.48575465     0.99986851        3
  1897.50618622     0.99991776        3
  1897.52661779     0.99970466        3
  1897.54704956     0.99988495        3
  1897.56748123     1.00000398        3
  1897.58791290     1.00008654        3
  1897.60834457     1.00000000        3
  1897.62877624     0.99993725        3
  1897.75136627     1.00003519        3
  1897.77179804     1.00016262        3
  1897.79222971     1.00034382        3
  1897.81266129     1.00011912        3
  1897.83309306     1.00038893        3
  1897.85352473     1.00019049        3
  1897.87395650     1.00008746        3
  1897.91481975     1.00002687        3
  1897.93525152     1.00000911        3
  1897.95568310     0.99975080        3
  1897.97611477     0.99982663        3
  1897.99654654     0.99978596        3
  1898.01697812     0.99984385        4
  1898.03740989     0.99994468        4
  1898.05784157     1.00001440        4
  1898.07827314     0.99991526        4
  1898.09870492     1.00005923        4
  1898.11913659     1.00000526        4
  1898.15999994     1.00013654        4
  1898.18043152     1.00020111        4
  1898.20086329     1.00013437        4
  1898.22129497     1.00019042        4
  1898.24172654     1.00022715        4
  1898.26215832     1.00012390        4
  1898.28259000     1.00007139        4
  1898.30302167     1.00012690        4
  1898.32345335     1.00009375        4
  1898.34388503     1.00008409        4
  1898.40518006     0.99977366        4
  1898.42561184     0.99990602        4
  1898.44604351     0.99997498        4
  1898.46647509     0.99995979        4
  1898.48690687     0.99998825        4
  1898.50733855     1.00006470        4
  1898.52777013     0.99990681        4
  1898.54820191     0.99978523        4
  1898.56863358     0.99993118        4
  1898.58906536     0.99975688        4
  1898.65036040     0.99953101        4
  1898.67079198     0.99969208        4
  1898.69122366     0.99984786        4
  1898.71165544     0.99971076        4
  1898.73208702     0.99969414        4
  1898.75251880     0.99994388        4
  1898.77295048     0.99997528        4
  1898.79338206     1.00002918        4
  1898.81381384     1.00021437        4
  1898.83424542     0.99990618        4
  1898.85467711     0.99986961        4
  1898.89554047     1.00034443        4
  1898.91597215     1.00014263        4
  1898.93640393     1.00049099        4
  1898.95683561     1.00003639        4
  1898.97726730     1.00006086        4
  1898.99769898     0.99985517        4
  1899.01813066     0.99993612        4
  1899.03856235     0.99997194        4
  1899.05899403     0.99981871        4
  1899.07942571     0.99993189        4
  1899.09985749     0.99991553        4
  1899.14072086     1.00024161        4
  1899.16115255     1.00028090        4
  1899.18158413     1.00000904        4
  1899.20201592     1.00012082        4
  1899.22244760     1.00030808        4
  1899.24287918     1.00021885        4
  1899.26331097     1.00015944        4
  1899.28374265     1.00028260        4
  1899.30417444     1.00022662        4
  1899.32460603     1.00026199        4
  1899.34503771     1.00032982        4
  1899.38590108     1.00030390        4
  1899.40633277     1.00051199        4
  1899.42676456     1.00006634        4
  1899.44719614     1.00012281        4
  1899.46762793     1.00008596        4
  1899.48805952     1.00001780        4
  1899.50849120     0.99994329        4
  1899.52892299     0.99974304        4
  1899.54935458     0.99981909        4
  1899.56978627     1.00001883        4
  1899.59021805     0.99990418        4
  1899.63108133     0.99991841        4
  1899.65151312     0.99993239        4
  1899.67194481     0.99991173        4
  1899.69237650     0.99993826        4
  1899.71280818     0.99988984        4
  1899.73323987     0.99975657        4
  1899.75367166     0.99971682        4
  1899.77410325     0.99961827        4
  1899.79453494     0.99980124        4
  1899.81496673     0.99974733        4
  1899.83539832     0.99972325        4
  1899.89669339     0.99993156        4
  1899.91712519     1.00009801        4
  1899.93755688     0.99995826        4
  1899.95798847     1.00012320        4
  1899.97842026     1.00004155        4
  1899.99885195     0.99994581        4
  1900.01928374     0.99989988        4
  1900.03971533     1.00015921        4
  1900.06014703     1.00011309        4
  1900.08057872     0.99992319        4
  1900.12144210     0.99986821        4
  1900.14187380     0.99984129        4
  1900.16230549     1.00009870        4
  1900.18273728     1.00011993        4
  1900.20316888     0.99995133        4
  1900.22360057     0.99998421        4
  1900.24403237     1.00002047        4
  1900.26446396     1.00008490        4
  1900.28489565     1.00032410        4
  1900.30532745     1.00015196        4
  1900.32575914     1.00000196        4
  1900.36662253     1.00003010        4
  1900.38705423     1.00008424        4
  1900.40748602     1.00003079        4
  1900.42791762     1.00020783        4
  1900.44834932     1.00038238        4
  1900.46878111     1.00018174        4
  1900.48921271     1.00025924        4
  1900.50964441     1.00011980        4
  1900.53007620     1.00009916        4
  1900.55050780     1.00018525        4
  1900.57093960     1.00008046        4
  1900.61180289     1.00007132        4
  1900.63223469     0.99997753        4
  1900.65266639     1.00003234        4
  1900.67309799     1.00023055        4
  1900.69352978     1.00007962        4
  1900.71396148     0.99993058        4
  1900.85698338     0.99969108        4
  1900.87741508     0.99985307        4
  1900.89784688     1.00008890        4
  1900.91827858     1.00004683        4
  1900.93871018     0.99991317        4
  1900.95914198     0.99988931        4
  1900.97957368     0.99987473        4
  1901.00000528     0.99994835        4
  1901.02043708     0.99977906        4
  1901.04086879     0.99983236        4
  1901.06130039     0.99997643        4
  1901.10216389     1.00009185        4
  1901.12259569     0.99982180        4
  1901.14302730     0.99992387        4
  1901.16345900     1.00000204        4
  1901.18389080     1.00008915        4
  1901.20432241     1.00011225        4
  1901.22475411     0.99982717        4
  1901.24518591     0.99986500        4
  1901.26561752     0.99979990        4
  1901.28604932     0.99995310        4
  1901.30648103     0.99994152        4
  1901.36777614     1.00003102        4
  1901.38820785     1.00010857        4
  1901.40863955     0.99993915        4
  1901.42907126     1.00013333        4
  1901.44950296     1.00004701        4
  1901.46993467     1.00019699        4
  1901.49036638     1.00019959        4
  1901.51079808     1.00022868        4
  1901.53122979     1.00017558        4
  1901.55166150     1.00019398        4
  1901.59252491     1.00032046        4
  1901.61295672     1.00003127        4
  1901.63338843     0.99996523        4
  1901.65382003     0.99992496        4
  1901.67425184     1.00002891        4
  1901.69468355     1.00017248        4
  1901.71511516     1.00008213        4
  1901.73554697     0.99984567        4
  1901.75597868     0.99997905        4
  1901.77641028     0.99999091        4
  1901.79684209     0.99990568        4
  1901.83770561     0.99990024        4
  1901.85813722     0.99991918        4
  1901.87856893     0.99981196        4
  1901.89900074     0.99987976        4
  1901.91943235     0.99990464        4
  1901.93986407     0.99989277        4
  1901.96029588     0.99983727        4
  1901.98072749     0.99982501        4
  1902.00115930     0.99993120        4
  1902.02159101     0.99994376        4
  1902.08288615     0.99981272        4
  1902.10331776     0.99999075        4
  1902.12374957     0.99992005        4
  1902.14418129     0.99990195        4
  1902.16461300     1.00009385        4
  1902.18504471     0.99999359        4
  1902.20547643     1.00001896        4
  1902.22590814     1.00025192        4
  1902.24633985     1.00025051        4
  1902.26677157     1.00014365        4
  1902.32806671     0.99983653        4
  1902.34849853     0.99984466        4
  1902.36893014     0.99992148        4
  1902.38936196     0.99991057        4
  1902.40979367     0.99977983        4
  1902.43022529     0.99990740        4
  1902.45065711     0.99997392        4
  1902.57324741     0.99995673        4
  1902.59367913     1.00005684        4
  1902.61411094     1.00027414        4
  1902.63454256     1.00027899        4
  1902.65497428     1.00021967        4
  1902.67540610     1.00027496        4
  1902.69583772     1.00023161        4
  1902.71626954     1.00035999        4
  1902.73670126     1.00029932        4
  1902.75713287     1.00032839        4
  1902.77756469     1.00050912        4
  1902.81842813     1.00100965        4
  1902.83885985     1.00013830        4
  1902.85929158     1.00000000        4
  1902.87972320     0.99987239        4
  1902.90015502     1.00006397        4
  1902.92058674     1.00001728        4
  1902.94101856     1.00009482        4
  1902.96145018     0.99984691        4
  1902.98188190     0.99994154        4
  1903.00231373     0.99996760        4
  1903.02274535     1.00002333        4
  1903.20663086     0.99988852        4
  1903.22706268     0.99983667        4
  1903.24749441     1.00006654        4
  1903.26792623     0.99991675        4
  1903.30878958     0.99987350        4
  1903.32922141     1.00003216        4
  1903.34965304     1.00027620        4
  1903.37008476     0.99997109        4
  1903.39051659     0.99995275        4
  1903.41094831     0.99989150        4
  1903.43138004     0.99993653        4
  1903.45181167     0.99996283        4
  1903.47224340     0.99996132        4
  1903.49267522     0.99988450        4
  1903.51310695     0.99986966        4
  1903.55397041     0.99982652        4
  1903.57440214     0.99978732        4
  1903.59483376     0.99982518        4
  1903.61526559     0.99980613        4
  1903.63569732     0.99980705        4
  1903.65612915     1.00002973        4
  1903.67656078     0.99992860        4
  1903.69699251     1.00000506        4
  1903.71742434     1.00029564        4
  1903.73785597     1.00028006        4
  1903.75828770     1.00023142        4
  1903.79915116     1.00037545        4
  1903.81958299     1.00052854        4
  1903.84001473     1.00046068        4
  1903.86044636     1.00022821        4
  1903.88087819     1.00019811        4
  1903.90130992     1.00003914        4
  1903.92174155     1.00026694        4
  1903.94217339     1.00012312        4
  1903.96260512     1.00010711        4
  1903.98303695     1.00012001        4
  1904.00346859     1.00013367        4
  1904.04433205     1.00006282        4
  1904.06476389     1.00011086        4
  1904.08519552     1.00014345        4
  1904.10562726     0.99993615        4
  1904.12605899     0.99985617        4
  1904.14649072     0.99981619        4
  1904.16692256     0.99965788        4
  1904.18735420     0.99976219        4
  1904.20778603     0.99979196        4
  1904.22821777     0.99993717        4
  1904.24864940     1.00012204        4
  1904.28951298     0.99977893        4
  1904.30994461     0.99974481        4
  1904.33037645     0.99986385        4
  1904.35080819     1.00002964        4
  1904.37124002     0.99979893        4
  1904.39167166     0.99993586        4
  1904.41210340     1.00011213        4
  1904.43253524     1.00022017        4
  1904.45296688     1.00027831        4
  1904.47339861     1.00007637        4
  1904.49383045     1.00013632        4
  1904.61642089     0.99943782        4
  1904.63685263     0.99990091        4
  1904.65728437     0.99974217        4
  1904.67771611     0.99977969        4
  1904.69814786     0.99987629        4
  1904.71857960     0.99996165        4
  1904.73901134     0.99988513        4
  1904.77987482     0.99996572        4
  1904.80030656     1.00028052        4
  1904.82073841     1.00049455        4
  1904.84117005     1.00066406        4
  1904.86160179     1.00052987        4
  1905.02505575     1.00005107        4
  1905.04548759     0.99993578        4
  1905.06591934     1.00010362        4
  1905.08635118     1.00001147        4
  1905.10678283     0.99998746        4
  1905.12721458     0.99994922        4
  1905.14764642     0.99994021        4
  1905.16807807     1.00001633        4
  1905.18850982     1.00012716        4
