  1835.65928177     0.99950128        0
  1835.67971401     1.00105799        0
  1835.80230744     0.99178633        0
  1835.82273977     0.99942630        0
  1835.84317191     1.00053451        0
  1835.86360414     0.99899915        0
  1835.88403648     1.00056153        0
  1835.90446861     0.99999179        0
  1835.92490085     1.00005552        0
  1835.94533318     1.00089614        0
  1835.96576531     1.00008497        0
  1835.98619754     1.00039001        0
  1836.00662987     0.99934847        0
  1836.02706201     0.99982784        0
  1836.04749424     0.99918423        0
  1836.06792657     1.00067278        0
  1836.08835870     0.99906524        0
  1836.10879092     0.99986897        0
  1836.12922325     1.00157418        0
  1836.14965548     0.99968320        0
  1836.17008761     0.99885720        0
  1836.19051993     0.99993882        0
  1836.21095216     1.00077963        0
  1836.23138449     0.99998446        0
  1836.25181661     1.00158650        0
  1836.27224884     1.00134001        0
  1836.31311328     0.99926238        0
  1836.33354551     1.00065148        0
  1836.35397783     0.99952907        0
  1836.37440995     1.00035758        0
  1836.39484217     0.99988164        0
  1836.41527440     0.99835564        0
  1836.43570662     0.99996006        0
  1836.45613884     1.00001323        0
  1836.47657106     0.99990331        0
  1836.49700327     0.99981282        0
  1836.51743549     1.00044854        0
  1836.53786771     1.00029507        0
  1836.55829993     1.00075529        0
  1836.57873215     1.00169352        0
  1836.59916446     0.99982856        0
  1836.61959658     1.00111694        0
  1836.64002879     0.99963662        0
  1836.66046111     1.00060426        0
  1836.68089322     1.00039813        0
  1836.70132544     0.99985130        0
  1836.72175775     0.99893780        0
  1836.74218986     1.00004999        0
  1836.76262208     0.99867340        0
  1836.78305439     1.00117585        0
  1836.80348650     0.99816385        0
  1836.82391881     1.00073941        0
  1836.84435102     0.99973570        0
  1836.86478313     0.99961280        0
  1836.88521544     0.99970487        0
  1836.90564765     1.00148086        0
  1836.92607976     0.99992531        0
  1836.94651206     1.00000661        0
  1836.96694427     0.99950633        0
  1836.98737648     0.99990431        0
  1837.00780869     0.99910311        0
  1837.02824089     0.99268446        0
  1837.10996971     0.99949380        0
  1837.13040191     1.00081503        0
  1837.15083411     1.00023462        0
  1837.17126632     1.00058540        0
  1837.19169852     0.99885612        0
  1837.21213072     1.00060674        0
  1837.23256292     0.99965587        0
  1837.25299512     0.99932346        0
  1837.27342732     1.00121087        0
  1837.29385942     0.99974522        0
  1837.31429172     1.00051271        0
  1837.33472392     1.00090917        0
  1837.35515611     1.00050773        0
  1837.37558831     1.00103632        0
  1837.39602051     1.00028447        0
  1837.41645270     1.00054705        0
  1837.43688500     1.00063207        0
  1837.45731709     0.99989352        0
  1837.47774939     1.00157982        0
  1837.49818158     0.99860615        0
  1837.51861368     0.99934189        0
  1837.53904597     1.00013476        0
  1837.55947816     1.00073247        0
  1837.57991025     1.00166478        0
  1837.60034255     0.99944906        0
  1837.62077474     1.00295699        0
  1837.64120683     0.99910207        0
  1837.66163912     0.99880256        0
  1837.68207131     1.00062582        0
  1837.70250340     0.99872261        0
  1837.72293568     0.99948128        0
  1837.74336787     0.99911563        0
  1837.76379996     0.99952601        0
  1837.78423225     1.00040223        0
  1837.80466443     0.99992507        0
  1837.82509662     1.00037565        0
  1837.84552881     0.99987877        0
  1837.86596099     1.00120436        0
  1837.88639308     0.99945047        0
  1837.90682536     0.99964215        0
  1837.92725754     1.00035082        0
  1837.94768973     1.00050482        0
  1837.96812191     1.00030774        0
  1837.98855409     0.99921233        0
  1838.00898617     1.00040951        0
  1838.02941845     1.00143748        0
  1838.04985063     1.00021559        0
  1838.07028291     0.99963605        0
  1838.09071499     0.99967786        0
  1838.11114717     1.00060752        0
  1838.13157945     1.00028486        0
  1838.15201153     0.99866029        0
  1838.17244371     0.99913864        0
  1838.19287598     1.00076889        0
  1838.21330806     1.00004399        0
  1838.23374024     1.00132353        0
  1838.27460469     1.00004838        0
  1838.29503676     1.00103628        0
  1838.31546903     1.00079018        0
  1838.33590121     0.99962580        0
  1838.35633328     0.99901793        0
  1838.37676555     1.00029549        0
  1838.39719773     0.99975186        0
  1838.41762980     0.99905222        0
  1838.43806207     0.99909836        0
  1838.45849424     0.99974824        0
  1838.47892631     1.00038740        0
  1838.49935858     1.00085056        0
  1838.51979075     0.99925814        0
  1838.54022282     1.00133711        0
  1838.56065508     1.00035618        0
  1838.58108725     0.99999969        0
  1838.60151932     1.00014454        0
  1838.62195158     1.00059176        0
  1838.64238375     1.00097319        0
  1838.66281582     1.00026328        0
  1838.68324808     1.00036497        0
  1838.70368025     1.00063990        0
  1838.72411241     0.99977326        0
  1838.74454457     0.99946456        0
  1838.76497674     0.99947841        0
  1838.78540890     1.00018540        0
  1838.80584106     0.99893553        0
  1838.82627322     1.00103401        0
  1838.84670549     1.00099899        0
  1838.86713755     1.00027191        0
  1838.88756971     0.99975878        0
  1838.90800197     1.00089437        0
  1838.92843402     1.00108650        0
  1838.94886618     0.99754849        0
  1838.96929844     0.99885494        0
  1838.98973050     0.99141034        0
  1839.07145913     0.99942438        0
  1839.09189138     0.99982872        0
  1839.11232354     1.00082454        0
  1839.13275559     0.99983175        0
  1839.15318784     0.99922851        0
  1839.17362000     1.00045996        0
  1839.19405205     0.99961258        0
  1839.21448430     1.00021513        0
  1839.23491645     1.00058802        0
  1839.25534850     1.00042245        0
  1839.27578076     0.99985835        0
  1839.29621291     0.99969597        0
  1839.31664516     0.99948123        0
  1839.33707721     0.99947256        0
  1839.35750935     1.00090473        0
  1839.37794150     0.99948959        0
  1839.39837365     0.99932863        0
  1839.41880570     0.99895509        0
  1839.43923794     1.00067028        0
  1839.45967009     0.99996804        0
  1839.48010214     0.99913841        0
  1839.50053438     1.00097979        0
  1839.52096653     1.00132186        0
  1839.54139867     1.00066294        0
  1839.56183082     1.00021884        0
  1839.58226296     1.00565666        0
  1839.60269510     0.99919901        0
  1839.62312725     0.99990694        0
  1839.64355939     0.99982915        0
  1839.72528795     0.99243856        0
  1839.74572019     1.00093593        0
  1839.76615223     1.00037274        0
  1839.78658437     1.00009658        0
  1839.80701661     0.99898544        0
  1839.82744864     1.00292223        0
  1839.84788078     1.00080710        0
  1839.86831302     1.00040330        0
  1839.88874506     0.99966368        0
  1839.90917719     0.99920240        0
  1839.92960943     1.00064623        0
  1839.95004156     1.00072012        0
  1839.97047370     0.99982963        0
  1839.99090583     1.00025030        0
  1840.01133796     0.99976098        0
  1840.29738778     0.99979765        0
  1840.31781981     0.99965312        0
  1840.33825203     1.00072896        0
  1840.35868416     1.00086746        0
  1840.37911628     0.99979103        0
  1840.39954841     1.00049185        0
  1840.41998053     1.00025772        0
  1840.44041265     0.99979426        0
  1840.46084478     0.99871880        0
  1840.48127690     1.00157348        0
  1840.50170902     0.99985929        0
  1840.52214124     1.00106838        0
  1840.54257326     1.00036263        0
  1840.56300548     0.99873156        0
  1840.58343760     0.99937778        0
  1840.60386962     0.99967625        0
  1840.62430184     0.99988858        0
  1840.64473396     1.00066725        0
  1840.66516598     1.00021852        0
  1840.68559820     1.00000000        0
  1840.70603031     0.99482043        0
  1840.72646233     1.00029874        0
  1840.74689455     1.00097677        0
  1840.76732666     0.99967414        0
  1840.78775878     0.99950916        0
  1840.80819089     1.00013791        0
  1840.82862291     0.99975750        0
  1840.84905512     0.99948484        0
  1840.86948723     0.99992976        0
  1840.88991935     0.99981225        0
  1840.91035136     1.00012417        0
  1840.93078357     1.00066015        0
  1840.95121568     1.00108987        0
  1840.97164769     0.99990666        0
  1840.99207990     1.00008423        0
  1872.00759919     0.99990543        1
  1872.02803084     0.99989818        1
  1872.04846249     1.00034668        1
  1872.06889414     1.00112766        1
  1872.08932579     0.99986991        1
  1872.10975743     1.00005889        1
  1872.13018918     0.99957262        1
  1872.17105238     1.00077627        1
  1872.19148412     1.00006510        1
  1872.21191577     0.99997806        1
  1872.23234732     0.99904205        1
  1872.25277907     0.99960418        1
  1872.27321071     0.99922827        1
  1872.29364226     0.99895224        1
  1872.31407401     0.99997683        1
  1872.33450565     1.00071240        1
  1872.35493720     1.00104471        1
  1872.37536895     0.99894243        1
  1872.41623234     1.00035928        1
  1872.43666388     1.00017341        1
  1872.45709553     1.00025974        1
  1872.47752727     1.00003626        1
  1872.49795882     1.00050065        1
  1872.51839047     0.99926576        1
  1872.53882221     1.00126862        1
  1872.55925376     1.00005912        1
  1872.57968540     0.99911289        1
  1872.60011715     1.00020922        1
  1872.62054869     0.99990126        1
  1872.66141208     1.00061546        1
  1872.68184362     1.00006269        1
  1872.70227537     0.99931321        1
  1872.72270701     0.99935049        1
  1872.74313856     0.99906374        1
  1872.76357030     0.99959176        1
  1872.78400194     0.99988307        1
  1872.80443349     1.00112189        1
  1872.82486523     1.00031022        1
  1872.84529687     1.00057803        1
  1872.86572842     1.00028020        1
  1872.90659180     0.99963912        1
  1872.92702335     0.99922262        1
  1872.94745509     0.99940396        1
  1872.96788673     0.99856276        1
  1872.98831847     0.99999489        1
  1873.00875002     0.99945999        1
  1873.02918166     1.00144189        1
  1873.04961340     1.00010836        1
  1873.07004494     0.99925192        1
  1873.09047658     0.99903186        1
  1873.15177151     1.00092407        1
  1873.17220325     1.00056886        1
  1873.19263489     1.00013170        1
  1873.21306653     1.00052729        1
  1873.23349818     1.00127923        1
  1873.25392982     1.00013141        1
  1873.27436146     1.00103214        1
  1873.29479310     0.99994792        1
  1873.31522474     1.00125001        1
  1873.33565638     1.00116512        1
  1873.35608802     0.99983345        1
  1873.39695130     0.99698239        1
  1873.41738294     0.99949920        1
  1873.43781448     0.99945817        1
  1873.45824622     1.00068197        1
  1873.47867786     0.99971899        1
  1873.49910960     1.00049172        1
  1873.51954114     1.00059213        1
  1873.53997278     1.00040286        1
  1873.56040452     1.00067515        1
  1873.58083606     0.99980656        1
  1873.60126770     1.00022241        1
  1873.74428927     0.99887468        1
  1873.76472091     0.99816561        1
  1873.78515254     0.99955055        1
  1873.80558418     1.00022143        1
  1873.82601582     1.00020296        1
  1873.84644756     0.99951730        1
  1873.88731073     0.99953725        1
  1873.90774247     1.00057293        1
  1873.92817401     0.99916132        1
  1873.94860565     1.00031863        1
  1873.96903738     0.99965337        1
  1873.98946892     1.00079833        1
  1874.00990066     1.00133296        1
  1874.03033219     0.99960746        1
  1874.05076383     0.99991600        1
  1874.07119557     1.01689696        1
  1874.09162710     0.99930782        1
  1874.25508029     1.00096709        1
  1874.27551193     0.99931019        1
  1874.29594356     0.99991840        1
  1874.31637520     1.00008827        1
  1874.33680683     1.00027786        1
  1874.37767010     0.99959907        1
  1874.39810174     0.99911829        1
  1874.41853347     1.00023729        1
  1874.43896501     1.00052377        1
  1874.45939664     0.99947914        1
  1874.47982838     0.99980425        1
  1874.50025991     0.99933590        1
  1874.52069165     1.00095296        1
  1874.54112328     0.99982785        1
  1874.56155482     0.99991883        1
  1874.58198655     1.00103377        1
  1874.62284972     0.99883889        1
  1874.64328145     1.00010234        1
  1874.66371309     0.99912455        1
  1874.68414472     0.99997322        1
  1874.70457635     1.00087358        1
  1874.72500799     0.99965918        1
  1874.74543952     0.99925114        1
  1874.76587125     1.00092452        1
  1874.78630289     1.00096653        1
  1874.80673452     0.99970619        1
  1874.86802952     1.00012333        1
  1874.88846105     1.00066912        1
  1874.90889268     1.00075651        1
  1874.92932441     0.99975965        1
  1874.94975595     0.99863129        1
  1874.97018758     1.00005651        1
  1874.99061931     1.00076734        1
  1875.01105084     1.00000439        1
  1875.03148258     1.00034242        1
  1875.05191421     1.00126826        1
  1875.11320910     0.99957241        1
  1875.13364063     1.00030279        1
  1875.15407237     0.99946303        1
  1875.17450400     0.99967178        1
  1875.19493563     1.00042066        1
  1875.21536726     0.99991589        1
  1875.23579889     0.99902653        1
  1875.35838867     0.99877539        1
  1875.37882040     0.99912525        1
  1875.39925194     0.99957423        1
  1875.41968357     0.99967894        1
  1875.44011530     0.99980738        1
  1875.46054683     1.00069145        1
  1875.48097846     1.00014377        1
  1875.50141019     1.00013599        1
  1875.52184172     0.99995665        1
  1875.54227345     1.00031683        1
  1875.56270507     1.00092186        1
  1875.60356833     1.00108971        1
  1875.62399996     1.00054251        1
  1875.64443149     0.99894180        1
  1875.66486322     1.00034246        1
  1875.68529485     0.99921288        1
  1875.70572648     0.99847388        1
  1875.72615811     0.99922495        1
  1875.74658974     1.00255276        1
  1875.76702147     1.00147755        1
  1875.78745299     1.00052012        1
  1875.80788462     0.99927894        1
  1875.84874798     0.99890211        1
  1875.86917951     1.00032291        1
  1875.88961124     1.00026900        1
  1875.91004286     0.99999525        1
  1875.93047439     0.99982819        1
  1875.95090612     0.99992417        1
  1875.97133775     0.99858280        1
  1875.99176948     1.00097414        1
  1876.01220100     1.00018742        1
  1876.09392751     0.99993560        1
  1876.11435914     0.99949370        1
  1876.13479077     0.99967830        1
  1876.15522230     1.00032773        1
  1876.17565402     1.00040489        1
  1876.19608565     1.00063940        1
  1876.21651728     1.00021176        1
  1876.23694890     0.99969290        1
  1876.25738053     0.99941646        1
  1876.27781226     0.99976122        1
  1876.33910714     0.99931555        1
  1876.35953876     0.99981777        1
  1876.37997029     0.99952504        1
  1876.40040202     0.99975250        1
  1876.42083364     1.00011364        1
  1876.44126517     0.99930485        1
  1876.46169689     1.00001537        1
  1876.48212852     0.99925849        1
  1876.50256025     1.00047403        1
  1876.52299177     1.00062039        1
  1876.54342340     0.99945488        1
  1876.58428665     0.99903087        1
  1876.60471827     0.99999634        1
  1876.62515000     0.99970185        1
  1876.64558152     0.99991475        1
  1876.66601315     0.99956205        1
  1876.82946615     1.00066904        1
  1876.84989787     0.99923299        1
  1876.87032940     0.99998786        1
  1876.89076102     1.00031039        1
  1876.91119275     1.00021640        1
  1876.93162437     1.00020814        1
  1877.07464584     1.00097214        1
  1877.09507736     0.99921826        1
  1877.11550899     1.00114412        1
  1877.13594071     0.99959909        1
  1877.15637223     1.04053423        1
  1877.17680386     0.99975396        1
  1877.19723558     0.99973905        1
  1877.21766710     0.99939220        1
  1877.23809883     0.99961641        1
  1877.25853045     1.00076446        1
  1877.27896197     1.00046061        1
  1877.31982532     0.99983841        1
  1877.34025694     0.99966825        1
  1877.36068856     1.00044970        1
  1877.38112019     0.99973987        1
  1877.40155181     1.00027200        1
  1877.42198343     0.99993294        1
  1877.44241505     0.99955457        1
  1877.46284668     1.00059281        1
  1877.48327830     1.00015696        1
  1877.50370992     1.00064396        1
  1877.52414154     1.00074773        1
  1877.56500479     1.00124974        1
  1877.58543651     0.99974799        1
  1877.60586803     1.00005911        1
  1877.62629965     0.99905967        1
  1877.64673138     0.99951783        1
  1877.66716290     0.99965253        1
  1877.68759462     1.00020050        1
  1877.70802624     1.00042371        1
  1877.72845776     1.00000000        1
  1877.74888948     0.99904027        1
  1877.76932111     0.99938948        1
  1877.81018435     1.00184047        1
  1877.83061597     0.99998854        1
  1877.85104749     0.99922012        1
  1877.87147921     1.00005201        1
  1877.89191083     1.00106535        1
  1877.91234245     1.00046965        1
  1877.93277407     0.99990020        1
  1877.95320570     1.00022558        1
  1877.97363742     1.00053317        1
  1877.99406904     0.99961516        1
  1878.01450056     1.00026981        1
  1878.05536390     1.00009733        1
  1878.07579542     1.00002591        1
  1878.09622714     1.00015362        1
  1878.11665876     1.00026308        1
  1878.13709028     1.00015255        1
  1878.15752200     1.00093286        1
  1878.17795352     0.99973248        1
  1878.19838524     0.99964390        1
  1878.21881686     0.99902230        1
  1878.23924838     0.99975377        1
  1878.25968010     0.99936450        1
  1878.30054324     0.99907098        1
  1878.32097496     0.99926805        1
  1878.34140658     1.00005644        1
  1878.36183810     1.00152480        1
  1878.38226982     1.00073157        1
  1878.40270144     1.00083699        1
  1878.42313316     1.00104247        1
  1878.44356468     0.99969099        1
  1878.46399630     1.00037658        1
  1878.48442802     0.99992878        1
  1878.54572288     1.00030562        1
  1878.56615450     0.99957805        1
  1878.58658602     1.00031233        1
  1878.60701774     0.99920188        1
  1878.62744935     1.00024248        1
  1878.64788097     1.00007663        1
  1878.66831259     1.00103738        1
  1878.68874421     0.99941315        1
  1878.70917593     1.00007546        1
  1878.72960745     0.99962896        1
  1878.75003907     1.00047512        1
  1878.79090230     1.00086136        1
  1878.81133392     0.99946215        1
  1878.83176554     0.99955400        1
  1878.85219716     1.00006160        1
  1878.87262888     0.99935077        1
  1878.89306040     1.00022423        1
  1878.91349202     1.00038844        1
  1878.93392373     0.99951324        1
  1878.95435525     1.00007833        1
  1878.97478687     0.99960748        1
  1878.99521859     1.00089679        1
  1879.07694506     1.00068966        1
  1879.09737668     0.99919720        1
  1879.11780830     1.00039965        1
  1879.13823991     1.00027824        1
  1879.15867153     0.99966796        1
  1879.17910315     0.99945051        1
  1879.19953477     0.99895981        1
  1879.21996649     0.99917936        1
  1879.24039800     0.99955520        1
  1879.30169286     1.00004078        1
  1879.32212457     0.99978627        1
  1879.34255619     1.00017218        1
  1879.36298771     1.00011410        1
  1879.38341942     0.99992103        1
  1879.40385104     1.00017831        1
  1879.42428256     0.99855072        1
  1879.44471428     0.99952870        1
  1879.46514589     0.99995361        1
  1879.48557741     1.00052656        1
  1879.52644064     1.00022758        1
  1879.54687236     1.00123099        1
  1879.56730398     1.00035594        1
  1879.58773559     0.99875541        1
  1879.60816721     1.00052908        1
  1879.62859883     1.00083889        1
  1879.64903044     1.00020058        1
  1879.66946206     0.99960268        1
  1879.68989368     0.99969269        1
  1879.71032529     1.00095845        1
  1879.73075691     0.99988493        1
  1879.77162024     0.99994439        1
  1879.79205186     0.99955741        1
  1879.81248338     1.00150884        1
  1879.83291509     1.00006920        1
  1879.85334671     1.00002332        1
  1879.87377823     0.99943637        1
  1879.89420994     0.99851158        1
  1879.91464156     1.00000371        1
  1879.93507307     0.99963384        1
  1879.95550479     1.00009854        1
  1879.97593641     1.00030710        1
  1880.01679964     0.99934672        2
  1880.03723126     0.99962762        2
  1880.05766297     0.99971196        2
  1880.07809449     0.99989679        2
  1880.09852610     1.00046295        2
  1880.11895772     0.99919586        2
  1880.13938933     0.99944370        2
  1880.15982095     0.99951131        2
  1880.18025267     1.00092499        2
  1880.20068418     0.99898745        2
  1880.22111590     1.00078787        2
  1880.26197903     1.00057373        2
  1880.28241074     1.00070473        2
  1880.30284236     0.99982692        2
  1880.32327388     1.00021363        2
  1880.34370559     1.00028991        2
  1880.36413721     1.00125596        2
  1880.38456872     1.00085933        2
  1880.40500044     0.99980787        2
  1880.42543205     1.00011698        2
  1880.44586377     0.99986452        2
  1880.50715861     1.00075460        2
  1880.52759013     0.99894518        2
  1880.54802174     1.00072076        2
  1880.56845346     1.00036798        2
  1880.58888497     1.00009935        2
  1880.60931659     0.99975080        2
  1880.62974830     0.99977350        2
  1880.65017982     1.00055498        2
  1880.67061153     0.99961975        2
  1880.75233799     0.99950984        2
  1880.77276961     0.99970353        2
  1880.79320122     0.99990580        2
  1880.81363284     1.00028384        2
  1880.83406445     1.00055480        2
  1880.85449607     1.00000604        2
  1880.87492768     1.00185404        2
  1880.89535930     1.00003267        2
  1880.91579091     1.00003998        2
  1880.93622253     1.00002296        2
  1880.95665424     0.99887850        2
  1880.99751737     1.00033642        2
  1881.01794908     0.99980913        2
  1881.03838060     1.00038145        2
  1881.05881221     0.99994805        2
  1881.07924393     0.99953207        2
  1881.09967544     1.00004089        2
  1881.12010716     0.99951399        2
  1881.14053877     1.00005873        2
  1881.16097028     1.00062421        2
  1881.18140200     0.99950301        2
  1881.20183361     1.00020048        2
  1881.24269684     1.00112665        2
  1881.26312846     0.99969269        2
  1881.28356007     0.99933445        2
  1881.30399168     0.99817974        2
  1881.32442330     0.99887138        2
  1881.34485501     1.00143724        2
  1881.36528653     1.00109752        2
  1881.38571814     0.99974444        2
  1881.40614985     0.99992973        2
  1881.42658147     0.99910022        2
  1881.44701298     0.99989256        2
  1881.48787621     0.99946646        2
  1881.50830792     0.99932934        2
  1881.52873954     0.99951796        2
  1881.54917115     1.00077944        2
  1881.56960277     0.99900145        2
  1881.59003438     1.00002330        2
  1881.61046589     1.00049915        2
  1881.63089761     0.99934297        2
  1881.65132922     0.99992720        2
  1881.67176074     0.99940520        2
  1881.69219245     1.00038074        2
  1881.73305578     1.00054754        2
  1881.75348729     0.99983733        2
  1881.77391890     0.99862322        2
  1881.79435062     1.00041826        2
  1881.81478213     1.00106903        2
  1881.83521375     1.00038975        2
  1881.85564546     0.99925972        2
  1881.87607697     0.99983177        2
  1881.89650859     1.00079921        2
  1881.91694030     1.00080852        2
  1881.93737191     0.99957229        2
  1881.97823514     0.99948752        2
  1881.99866675     1.00017916        2
  1882.01909837     1.00003822        2
  1882.03952998     1.00037492        2
  1882.05996159     1.00064508        2
  1882.08039331     0.99955985        2
  1882.10082482     0.99971030        2
  1882.12125643     1.00092237        2
  1882.14168815     1.00121430        2
  1882.16211966     1.00035726        2
  1882.22341450     0.99908088        2
  1882.24384622     1.00103915        2
  1882.26427773     0.99964109        2
  1882.28470934     1.00079357        2
  1882.30514106     1.00053850        2
  1882.32557257     0.99922920        2
  1882.34600428     1.00052580        2
  1882.36643590     1.00014824        2
  1882.46859396     1.00027816        2
  1882.48902558     0.99966242        2
  1882.50945719     1.00050640        2
  1882.52988880     1.00013627        2
  1882.55032041     0.99939753        2
  1882.57075213     1.00035000        2
  1882.77506826     0.99956573        2
  1882.79549997     0.99958283        2
  1882.81593149     0.99949385        2
  1882.83636310     0.99872811        2
  1882.85679481     0.99951130        2
  1882.87722633     1.00025417        2
  1882.89765784     1.00033849        2
  1882.91808955     0.99833366        2
  1883.02024772     1.00107569        2
  1883.04067923     0.99992425        2
  1883.06111084     1.00051814        2
  1883.08154256     0.99867163        2
  1883.10197417     0.99992729        2
  1883.12240568     0.99971468        2
  1883.14283740     0.99983615        2
  1883.16326901     1.00032193        2
  1883.20413224     0.99852686        2
  1883.22456385     1.00004613        2
  1883.24499556     1.00009237        2
  1883.26542707     0.99993305        2
  1883.28585869     0.99947478        2
  1883.30629040     1.00098435        2
  1883.32672191     1.00001632        2
  1883.34715353     1.00043307        2
  1883.36758524     0.99992100        2
  1883.38801675     0.99981548        2
  1883.40844847     1.00005648        2
  1883.44931159     1.00067722        2
  1883.46974331     0.99939764        2
  1883.49017492     1.00035767        2
  1883.51060643     0.99925564        2
  1883.53103815     0.99986845        2
  1883.55146966     1.00037087        2
  1883.57190137     1.00002265        2
  1883.59233298     0.99993949        2
  1883.61276450     0.99952103        2
  1883.63319621     1.00094274        2
  1883.65362782     0.99986315        2
  1883.69449105     0.99845711        2
  1883.71492266     0.99970582        2
  1883.73535428     1.00114376        2
  1883.75578589     1.00020714        2
  1883.77621750     0.99982522        2
  1883.79664922     0.99890047        2
  1883.81708083     0.99933415        2
  1883.83751234     1.00053499        2
  1883.85794406     1.00097310        2
  1883.87837567     1.00037163        2
  1883.89880718     1.00034839        2
  1883.96010202     1.00057637        2
  1883.98053373     0.99908457        2
  1884.00096535     1.00035379        2
  1884.02139706     0.99935528        2
  1884.04182857     0.99971215        2
  1884.06226019     1.00051188        2
  1884.08269190     1.00074276        2
  1884.10312341     0.99996466        2
  1884.12355503     1.00020983        2
  1884.14398674     1.00111805        2
  1884.20528148     0.99884402        2
  1884.22571309     1.00117675        2
  1884.24614481     1.00079404        2
  1884.26657632     0.99910196        2
  1884.28700793     0.99928819        2
  1884.30743965     0.99984866        2
  1884.32787126     0.99902040        2
  1884.34830277     1.00036397        2
  1884.36873449     0.99953311        2
  1884.38916610     0.99959752        2
  1884.43002933     1.00081493        2
  1884.45046094     0.99996739        2
  1884.47089266     1.00033741        2
  1884.49132417     1.00101220        2
  1884.51175578     1.00185554        2
  1884.53218750     0.99945166        2
  1884.55261901     1.00095411        2
  1884.57305062     0.99950382        2
  1884.59348234     1.00094209        2
  1884.61391385     1.00084656        2
  1884.63434556     0.99958552        2
  1884.67520869     0.99888547        2
  1884.69564041     0.99954403        2
  1884.71607202     0.99991890        2
  1884.73650363     1.00029011        2
  1884.75693525     0.99977820        2
  1884.77736686     0.99914767        2
  1884.79779847     1.00095954        2
  1884.81823009     0.99913739        2
  1884.83866170     0.99967947        2
  1884.85909331     1.00024130        2
  1884.92038816     1.00092120        2
  1884.94081977     0.99967519        2
  1884.96125138     1.00022649        2
  1884.98168310     1.00049017        2
  1885.00211461     1.00099197        2
  1885.02254633     1.00102085        2
  1885.04297794     1.00039408        2
  1885.06340945     0.99936523        2
  1885.08384117     0.99992304        2
  1885.10427278     1.00002794        2
  1885.12470430     1.00158555        2
  1885.16556762     0.98518048        2
  1885.18599914     1.00329491        2
  1885.20643085     1.00183357        2
  1885.22686247     1.00006916        2
  1885.24729418     1.00109448        2
  1885.26772570     1.00000634        2
  1885.28815731     0.99943360        2
  1885.30858902     0.99981147        2
  1885.32902054     1.00036140        2
  1885.34945215     1.00050549        2
  1885.36988387     1.00063332        2
  1885.41074700     0.99917488        2
  1885.43117871     1.00125450        2
  1885.45161032     0.99967095        2
  1885.47204194     0.99952786        2
  1885.49247355     0.99897699        2
  1885.51290517     1.00047757        2
  1885.53333678     1.00000325        2
  1885.55376840     0.99957667        2
  1885.57419991     1.00054650        2
  1885.59463163     0.99958288        2
  1885.61506324     0.99971485        2
  1885.65592647     1.00097659        2
  1885.67635808     0.99992589        2
  1885.69678980     0.99981159        2
  1885.71722131     1.00055286        2
  1885.73765293     1.00049999        2
  1885.75808464     0.99995882        2
  1885.77851616     0.99938611        2
  1885.79894777     0.99824941        2
  1885.81937949     1.00015582        2
  1885.83981100     0.99974646        2
  1885.86024272     0.99947663        2
  1885.90110585     1.00013837        2
  1885.92153756     1.00085283        2
  1885.94196918     0.99875970        2
  1885.96240079     1.00054989        2
  1885.98283241     1.00017964        2
  1886.00326402     0.99979680        2
  1886.02369564     0.99961181        2
  1886.04412725     1.00006456        2
  1886.06455887     1.00059332        2
  1886.08499058     0.99992881        2
  1886.10542220     0.99968467        2
  1886.16671705     0.99942484        2
  1886.18714856     1.00035976        2
  1886.20758028     1.00021428        2
  1886.22801179     0.99985871        2
  1886.24844351     0.99927300        2
  1886.26887512     0.99996071        2
  1886.28930664     1.00034330        2
  1886.30973835     0.99856736        2
  1886.33016997     0.99959682        2
  1886.35060149     0.99951450        2
  1886.39146482     0.99969118        2
  1886.41189633     1.00012482        2
  1886.43232805     0.99923232        2
  1886.45275967     0.99977598        2
  1886.47319138     0.99861290        2
  1886.49362290     0.99928582        2
  1886.51405451     1.00076733        2
  1886.53448623     0.99900398        2
  1886.63664431     0.99921763        2
  1886.65707593     0.99982902        2
  1886.67750754     0.99997287        2
  1886.69793916     1.00026403        2
  1886.71837077     1.00000000        2
  1886.73880239     0.99927816        2
  1886.88182371     1.00083409        2
  1886.90225532     1.00012249        2
  1886.92268704     1.00006814        2
  1886.94311856     0.99956397        2
  1886.96355017     0.99960104        2
  1886.98398189     1.00017295        2
  1887.00441341     1.00033926        2
  1887.12700321     1.00118559        2
  1887.14743483     1.00005270        2
  1887.16786645     1.00104828        2
  1887.18829806     1.00065972        2
  1887.20872968     1.00126002        2
  1887.22916130     1.00124220        2
  1887.24959302     1.00046767        2
  1887.27002453     1.00030606        2
  1887.29045615     1.00028391        2
  1887.31088787     1.00003229        2
  1887.33131949     1.00096995        2
  1887.37218272     0.99961171        2
  1887.39261434     1.00028177        2
  1887.41304586     1.00080203        2
  1887.43347757     0.99976303        2
  1887.45390919     0.99934044        2
  1887.47434081     1.00056096        2
  1887.49477243     1.00044619        2
  1887.51520405     1.00018789        2
  1887.53563576     0.99947521        2
  1887.55606728     0.99914847        2
  1887.57649890     0.99990594        2
  1887.61736214     1.00112099        2
  1887.63779386     0.99833281        2
  1887.65822537     1.00107465        2
  1887.67865699     0.99947585        2
  1887.69908871     0.99957097        2
  1887.71952023     0.99900188        2
  1887.73995185     1.00017845        2
  1887.76038357     1.00074633        2
  1887.78081509     1.00023839        2
  1887.86254166     0.99941607        2
  1887.88297328     0.99993382        2
  1887.90340490     0.99927546        2
  1887.92383652     1.00027275        2
  1887.94426814     0.99983593        2
  1887.96469976     0.99970799        2
  1887.98513148     0.99970391        2
  1891.04987578     0.99985349        3
  1891.07030741     0.99965071        3
  1891.09073914     1.00030234        3
  1891.11117067     1.00136364        3
  1891.13160230     1.00067753        3
  1891.15203403     0.99899354        3
  1891.17246556     0.99976347        3
  1891.19289729     1.00113265        3
  1891.21332893     0.99906627        3
  1891.23376046     0.99974545        3
  1891.29505535     1.00070516        3
  1891.31548708     1.00002888        3
  1891.33591871     0.99944242        3
  1891.35635044     0.99994412        3
  1891.37678197     1.00032406        3
  1891.39721360     1.00039805        3
  1891.41764533     1.00010031        3
  1891.43807687     1.00020813        3
  1891.45850850     0.99981310        3
  1891.47894023     0.99957545        3
  1891.49937186     0.99920950        3
  1891.54023512     0.99942183        3
  1891.56066666     0.99933194        3
  1891.58109839     0.99985058        3
  1891.60153002     0.99930875        3
  1891.62196155     0.99955287        3
  1891.64239328     0.99854394        3
  1891.66282492     1.00067193        3
  1891.68325645     0.99975409        3
  1891.70368818     1.00112362        3
  1891.72411981     1.00043321        3
  1891.74455155     0.99997911        3
  1891.78541471     0.99995589        3
  1891.80584645     1.00030806        3
  1891.82627798     1.00013148        3
  1891.84670961     0.99936892        3
  1891.86714135     1.00006918        3
  1891.88757288     1.00038405        3
  1891.90800451     0.99964890        3
  1891.92843625     0.99828470        3
  1891.94886778     1.00026847        3
  1891.96929951     0.99946918        3
  1891.98973115     0.99955988        3
  1892.03059442     1.00038439        3
  1892.05102605     1.00008260        3
  1892.07145768     1.00057218        3
  1892.09188932     1.00025451        3
  1892.11232095     0.99957830        3
  1892.13275269     1.00050209        3
  1892.15318432     1.00105278        3
  1892.17361586     1.00054347        3
  1892.19404759     0.99987937        3
  1892.21447913     0.99849575        3
  1892.23491076     1.00071858        3
  1892.27577403     0.99905566        3
  1892.29620577     1.00085862        3
  1892.31663740     0.99926722        3
  1892.33706894     1.00021679        3
  1892.35750067     1.00022114        3
  1892.37793231     0.99994510        3
  1892.39836385     1.00008583        3
  1892.41879558     1.00011791        3
  1892.43922722     0.99939012        3
  1892.45965875     1.00009324        3
  1892.52095386     1.00019372        3
  1892.54138540     0.99990259        3
  1892.56181704     1.00110445        3
  1892.58224877     0.99933736        3
  1892.60268031     0.99950863        3
  1892.62311195     1.00008706        3
  1892.64354368     0.99941627        3
  1892.66397532     1.00028232        3
  1892.82742842     1.00013850        3
  1892.84786006     0.99936957        3
  1892.86829180     0.99982366        3
  1892.88872334     1.00198574        3
  1892.90915508     1.00042176        3
  1892.92958661     0.99972743        3
  1892.95001825     1.00094293        3
  1892.97044999     1.00041491        3
  1893.01131317     0.99806673        3
  1893.03174491     1.00028929        3
  1893.05217645     0.99925025        3
  1893.07260819     1.00168047        3
  1893.09303983     0.99988849        3
  1893.11347137     0.99976885        3
  1893.13390311     0.99938766        3
  1893.15433475     1.00186019        3
  1893.17476629     0.99890408        3
  1893.19519803     1.00023839        3
  1893.21562967     0.99993754        3
  1893.31778787     1.00015214        3
  1893.33821951     1.00035299        3
  1893.35865125     1.00031068        3
  1893.37908289     0.99935525        3
  1893.39951443     0.99960181        3
  1893.41994617     0.99901471        3
  1893.44037781     0.99931596        3
  1893.46080956     1.00041863        3
  1893.50167274     1.00043247        3
  1893.52210448     1.00055423        3
  1893.54253602     0.99963725        3
  1893.56296756     0.99943565        3
  1893.58339931     1.00025319        3
  1893.60383095     0.99945129        3
  1893.62426269     0.99880155        3
  1893.64469423     0.99965066        3
  1893.66512588     1.00015472        3
  1893.68555762     1.00040450        3
  1893.70598916     0.99972038        3
  1893.74685255     0.99987229        3
  1893.76728409     0.99983880        3
  1893.78771573     1.00015760        3
  1893.80814748     0.99967140        3
  1893.82857902     1.00131262        3
  1893.84901076     1.00030468        3
  1893.86944241     1.00054067        3
  1893.88987405     0.99940890        3
  1893.91030570     1.00052597        3
  1893.93073734     1.00065042        3
  1894.01246402     0.99986474        3
  1894.03289566     0.99899393        3
  1894.05332721     0.99890277        3
  1894.07375895     1.00011835        3
  1894.09419060     1.00102570        3
  1894.11462214     0.99946693        3
  1894.13505389     0.99972971        3
  1894.15548553     0.99977378        3
  1894.17591718     0.99930908        3
  1894.19634882     0.99938110        3
  1894.23721211     0.99911522        3
  1894.25764376     1.00076091        3
  1894.27807531     1.00111427        3
  1894.29850705     0.99997645        3
  1894.31893870     1.00165927        3
  1894.33937025     1.00082132        3
  1894.35980199     0.99874704        3
  1894.38023364     0.99986291        3
  1894.40066539     0.99994212        3
  1894.42109693     1.00021003        3
  1894.44152858     1.00025815        3
  1894.48239187     0.99977128        3
  1894.50282352     0.99971197        3
  1894.52325527     1.00090393        3
  1894.54368692     0.99883044        3
  1894.56411857     1.00017211        3
  1894.58455021     1.00022619        3
  1894.60498186     1.00086920        3
  1894.72757175     1.00028224        3
  1894.74800350     0.99976390        3
  1894.76843505     1.00072305        3
  1894.78886680     0.99974048        3
  1894.80929845     0.99936708        3
  1894.82973000     0.99927476        3
  1894.85016175     1.00084347        3
  1894.97275165     0.99776062        3
  1894.99318320     1.00018898        3
  1895.01361495     1.00035268        3
  1895.03404660     0.99978957        3
  1895.05447825     0.99945184        3
  1895.07490990     0.99914192        3
  1895.09534155     0.99956208        3
  1895.11577330     1.00058657        3
  1895.13620486     0.99878418        3
  1895.15663651     1.00051908        3
  1895.17706826     0.99930987        3
  1895.21793146     0.99890463        3
  1895.23836321     0.99987792        3
  1895.25879487     0.99957949        3
  1895.27922642     1.00034458        3
  1895.29965817     1.00081303        3
  1895.32008982     1.00008714        3
  1895.34052158     1.00009306        3
  1895.36095313     1.00059735        3
  1895.38138478     1.00022367        3
  1895.40181654     0.99942667        3
  1895.42224809     0.99904582        3
  1895.46311150     1.00073660        3
  1895.48354305     1.00037772        3
  1895.50397480     1.00057133        3
  1895.52440636     0.99887055        3
  1895.54483801     1.00043880        3
  1895.56526977     0.99946181        3
  1895.58570132     1.00048168        3
  1895.60613297     1.00060368        3
  1895.62656473     1.00034719        3
  1895.64699628     0.99970570        3
  1895.66742804     0.99940057        3
  1895.70829135     0.99963054        3
  1895.72872300     1.00119046        3
  1895.74915466     1.00052481        3
  1895.76958631     0.99996925        3
  1895.79001797     1.00049708        3
  1895.81044963     0.99951250        3
  1895.83088128     1.00020936        3
  1895.85131304     0.99999909        3
  1895.87174459     1.00121995        3
  1895.89217635     1.00072634        3
  1895.91260801     0.99960775        3
  1895.95347132     0.99924090        3
  1895.97390298     1.00027084        3
  1895.99433453     1.00044397        3
  1896.01476629     0.99968878        3
  1896.03519795     0.99982548        3
  1896.05562971     0.99969172        3
  1896.07606126     1.00005478        3
  1896.09649292     0.99962671        3
  1896.11692458     0.99935253        3
  1896.13735624     1.00041715        3
  1896.15778790     0.99998781        3
  1896.19865121     1.00021521        3
  1896.21908297     1.00051288        3
  1896.23951453     1.00081565        3
  1896.25994619     0.99881368        3
  1896.28037795     0.99964528        3
  1896.30080951     0.99911895        3
  1896.32124117     0.99919294        3
  1896.34167293     1.00027294        3
  1896.36210449     1.00002683        3
  1896.48469455     1.00034486        3
  1896.50512621     1.00015097        3
  1896.52555787     0.99914414        3
  1896.54598953     1.00002481        3
  1896.56642129     1.00028195        3
  1896.58685285     1.00043068        3
  1896.60728461     1.00018929        3
  1896.62771627     0.99907485        3
  1896.64814784     0.99881325        3
  1896.68901126     1.00005924        3
  1896.70944282     0.99933178        3
  1896.72987458     1.00006328        3
  1896.75030625     0.99994205        3
  1896.77073791     1.00005861        3
  1896.79116957     0.99946904        3
  1896.81160123     0.99961622        3
  1896.83203290     1.00199459        3
  1896.85246456     0.99996714        3
  1896.87289622     1.00060335        3
  1896.89332789     1.00035238        3
  1896.93419121     1.00024384        3
  1896.95462288     1.00040175        3
  1896.97505454     0.99968642        3
  1896.99548631     1.00069871        3
  1897.01591787     0.99887986        3
  1897.03634953     1.00089525        3
  1897.05678130     1.00006832        3
  1897.07721296     0.99972867        3
  1897.09764453     1.00072273        3
  1897.11807629     0.99953307        3
  1897.17937129     1.00050645        3
  1897.19980296     0.99972949        3
  1897.22023472     1.00015144        3
  1897.24066629     0.99987162        3
  1897.26109795     0.99954603        3
  1897.28152972     0.99974321        3
  1897.30196129     0.99917335        3
  1897.32239305     1.00000809        3
  1897.34282472     0.99964496        3
  1897.36325629     0.99962373        3
  1897.38368805     0.99942647        3
  1897.42455129     1.00051067        3
  1897.44498306     1.00047216        3
  1897.46541472     1.00000000        3
  1897.48584649     1.00039829        3
  1897.50627806     1.00001106        3
  1897.52670963     0.99924517        3
  1897.54714140     1.00066683        3
  1897.56757306     1.00002157        3
  1897.58800473     0.99972108        3
  1897.60843640     0.99976557        3
  1897.62886807     1.00052532        3
  1897.75145809     1.00056127        3
  1897.77188986     1.00063455        3
  1897.79232153     0.99944128        3
  1897.81275310     1.00036000        3
  1897.83318487     0.99992212        3
  1897.85361654     0.99974789        3
  1897.87404831     1.00017482        3
  1897.91491155     0.99886226        3
  1897.93534332     1.00163567        3
  1897.95577489     0.99906225        3
  1897.97620657     1.00069890        3
  1897.99663834     0.99959156        3
  1898.01706991     1.00022814        4
  1898.03750168     0.99994798        4
  1898.05793335     1.00005090        4
  1898.07836493     0.99948840        4
  1898.09879670     0.99975231        4
  1898.11922837     1.00076313        4
  1898.16009172     1.00044478        4
  1898.18052329     1.00008050        4
  1898.20095506     0.99942144        4
  1898.22138674     0.99947562        4
  1898.24181831     0.99864007        4
  1898.26225009     0.99976556        4
  1898.28268176     0.99951336        4
  1898.30311343     0.99941575        4
  1898.32354511     1.00025534        4
  1898.40527181     1.00022307        4
  1898.42570358     1.00056506        4
  1898.44613526     1.00015311        4
  1898.46656683     1.00065399        4
  1898.48699861     1.00026514        4
  1898.50743029     0.99938419        4
  1898.52786186     0.99928374        4
  1898.54829364     0.99982826        4
  1898.56872531     1.00053187        4
  1898.58915709     1.00089699        4
  1898.65045212     1.00043767        4
  1898.67088370     1.00103202        4
  1898.69131538     1.00006054        4
  1898.71174715     1.00006519        4
  1898.73217873     1.00026021        4
  1898.75261051     1.00019130        4
  1898.77304219     1.00085119        4
  1898.79347377     0.99950953        4
  1898.81390554     0.99922073        4
  1898.83433712     1.00035573        4
  1898.85476880     1.00038067        4
  1898.89563216     0.99923785        4
  1898.91606384     0.99832854        4
  1898.93649562     0.99895394        4
  1898.95692730     1.00108505        4
  1898.97735898     0.99967584        4
  1898.99779066     0.99981302        4
  1899.01822234     1.00032808        4
  1899.03865402     1.00496265        4
  1899.05908570     0.99932638        4
  1899.07951738     1.00067056        4
  1899.09994916     0.99998098        4
  1899.14081252     1.00110831        4
  1899.16124420     0.99989796        4
  1899.18167578     0.99966592        4
  1899.20210756     1.00117525        4
  1899.22253925     1.00020218        4
  1899.24297083     0.99985757        4
  1899.26340261     0.99925148        4
  1899.28383429     0.99925988        4
  1899.30426608     0.99957412        4
  1899.32469766     1.00070264        4
  1899.34512934     0.99978614        4
  1899.38599271     0.99983880        4
  1899.40642439     1.00002245        4
  1899.42685617     1.00020092        4
  1899.44728776     1.00006416        4
  1899.46771954     1.00027153        4
  1899.48815113     1.00024330        4
  1899.50858281     0.99945994        4
  1899.52901459     1.00017403        4
  1899.54944618     0.99938650        4
  1899.56987786     0.99962151        4
  1899.59030965     0.99991712        4
  1899.63117292     1.00016389        4
  1899.65160470     0.99961930        4
  1899.67203639     1.00139158        4
  1899.69246808     0.99966543        4
  1899.71289976     0.99908921        4
  1899.73333145     1.00019276        4
  1899.75376323     0.99995601        4
  1899.77419482     0.99966039        4
  1899.79462651     0.99924439        4
  1899.81505830     0.99997313        4
  1899.83548988     1.00010854        4
  1899.89678494     0.99973043        4
  1899.91721673     0.99920416        4
  1899.93764842     1.00093852        4
  1899.95808001     1.00061294        4
  1899.97851180     0.99929041        4
  1899.99894349     0.99916822        4
  1900.01937527     0.99951260        4
  1900.03980686     1.00103654        4
  1900.06023855     1.00019625        4
  1900.08067024     0.99988414        4
  1900.12153362     1.00022968        4
  1900.14196531     1.00059122        4
  1900.16239700     0.99952048        4
  1900.18282879     1.00039292        4
  1900.20326038     0.99966007        4
  1900.22369207     1.00056890        4
  1900.24412386     0.99984137        4
  1900.26455545     1.00003650        4
  1900.28498714     0.99996098        4
  1900.30541894     1.00036084        4
  1900.32585063     1.00006703        4
  1900.36671401     0.99987709        4
  1900.38714570     1.00067719        4
  1900.40757749     1.00070913        4
  1900.42800909     0.99959225        4
  1900.44844078     1.00005846        4
  1900.46887257     1.00019742        4
  1900.48930417     0.99974274        4
  1900.50973586     0.99933661        4
  1900.53016765     1.00072364        4
  1900.55059925     1.00020320        4
  1900.57103104     1.00057072        4
  1900.61189433     0.99882058        4
  1900.63232612     1.00059251        4
  1900.65275782     1.00039769        4
  1900.67318941     1.00018046        4
  1900.69362121     1.00023273        4
  1900.71405290     1.00080413        4
  1900.85707477     1.00000000        4
  1900.87750647     0.99963906        4
  1900.89793826     0.99822151        4
  1900.91836996     0.99924048        4
  1900.93880156     0.99901159        4
  1900.95923336     1.00004642        4
  1900.97966505     1.00029352        4
  1901.00009665     0.99963963        4
  1901.02052845     0.99915096        4
  1901.04096015     0.99976355        4
  1901.06139175     0.99922386        4
  1901.10225524     1.00029086        4
  1901.12268704     1.00001670        4
  1901.14311864     0.99975836        4
  1901.16355034     0.99970928        4
  1901.18398214     1.00000615        4
  1901.20441374     0.99978652        4
  1901.22484544     1.00125362        4
  1901.24527724     1.00039229        4
  1901.26570884     0.99943175        4
  1901.28614064     1.00019315        4
  1901.30657234     0.99986561        4
  1901.34743574     1.00080320        4
  1901.36786744     1.00008335        4
  1901.38829914     0.99967820        4
  1901.40873084     1.00006082        4
  1901.42916255     0.99977853        4
  1901.44959425     0.99962991        4
  1901.47002595     1.00085889        4
  1901.49045765     0.99990175        4
  1901.51088936     1.00071760        4
  1901.53132106     1.00022918        4
  1901.55175276     0.99951091        4
  1901.59261617     0.99941734        4
  1901.61304797     0.99933254        4
  1901.63347968     1.00046873        4
  1901.65391128     0.99973101        4
  1901.67434308     0.99944906        4
  1901.69477479     0.99934839        4
  1901.71520639     1.00022999        4
  1901.73563820     0.99997785        4
  1901.75606990     1.00056571        4
  1901.77650151     1.00026807        4
  1901.79693331     1.00039204        4
  1901.83779682     1.00033171        4
  1901.85822843     0.99997618        4
  1901.87866014     1.00016956        4
  1901.89909194     1.00040364        4
  1901.91952355     0.99940948        4
  1901.93995525     1.00135992        4
  1901.96038706     0.99896966        4
  1901.98081867     0.99969532        4
  1902.00125048     0.99977703        4
  1902.08297731     0.99954225        4
  1902.10340892     1.00082030        4
  1902.12384072     1.00102176        4
  1902.14427243     1.00078672        4
  1902.16470414     1.00063868        4
  1902.18513585     0.99977643        4
  1902.20556756     1.00067379        4
  1902.22599927     1.00001283        4
  1902.24643098     1.00056004        4
  1902.26686269     1.00017895        4
  1902.28729450     1.00005482        4
  1902.32815782     0.99939037        4
  1902.34858963     0.99973309        4
  1902.36902124     1.00145546        4
  1902.38945305     1.00121062        4
  1902.40988477     0.99974881        4
  1902.43031638     0.99895633        4
  1902.57333846     1.00008566        4
  1902.59377018     1.00027310        4
  1902.61420199     0.99934094        4
  1902.63463360     1.00127367        4
  1902.65506532     0.99976459        4
  1902.67549713     0.99982507        4
  1902.69592875     1.00002515        4
  1902.71636056     1.00128519        4
  1902.73679228     0.99975279        4
  1902.75722389     0.99968345        4
  1902.77765571     0.99867409        4
  1902.81851914     0.99414392        4
  1902.83895085     1.00028550        4
  1902.85938257     1.00165217        4
  1902.87981418     0.99936628        4
  1902.90024600     1.00049370        4
  1902.92067772     0.99911815        4
  1902.94110953     0.99928132        4
  1902.96154115     1.00000227        4
  1902.98197287     0.99977268        4
  1903.00240469     0.99942670        4
  1903.02283630     0.99908939        4
  1903.18629015     1.00046597        4
  1903.20672177     0.99961237        4
  1903.22715359     1.00026668        4
  1903.24758531     1.00022016        4
  1903.26801713     0.99984524        4
  1903.30888047     0.99983365        4
  1903.32931229     0.99991976        4
  1903.34974392     0.99932246        4
  1903.37017564     0.99951753        4
  1903.39060746     1.00059215        4
  1903.41103918     0.99824597        4
  1903.43147090     0.99978714        4
  1903.45190252     1.00051909        4
  1903.47233425     1.00085088        4
  1903.49276607     0.99928873        4
  1903.51319779     0.99957169        4
  1903.55406124     1.00026817        4
  1903.57449296     0.99930655        4
  1903.59492459     0.99966314        4
  1903.61535641     0.99996648        4
  1903.63578813     1.00003638        4
  1903.65621996     1.00055995        4
  1903.67665158     0.99998071        4
  1903.69708331     1.00007598        4
  1903.71751513     1.00027034        4
  1903.73794676     1.00056674        4
  1903.75837848     0.99997280        4
  1903.79924193     0.99966346        4
  1903.81967376     1.00168167        4
  1903.84010549     0.99906950        4
  1903.86053711     1.00009015        4
  1903.88096894     1.00062430        4
  1903.90140067     0.99957169        4
  1903.92183229     1.00040366        4
  1903.94226412     1.00022404        4
  1903.96269585     0.99944907        4
  1903.98312768     1.00058481        4
  1904.00355931     0.99988180        4
  1904.04442276     1.00043899        4
  1904.06485459     0.99984428        4
  1904.08528622     1.00026366        4
  1904.10571795     0.99881105        4
  1904.12614968     0.99984449        4
  1904.14658141     1.00094390        4
  1904.16701324     1.00087948        4
  1904.18744487     1.00130689        4
  1904.20787670     1.00108781        4
  1904.22830843     0.99965119        4
  1904.24874006     0.99920639        4
  1904.28960362     0.99932020        4
  1904.31003525     1.00066844        4
  1904.33046708     1.00571733        4
  1904.35089882     0.99987455        4
  1904.37133065     0.99989426        4
  1904.39176228     0.99998928        4
  1904.41219401     1.00020461        4
  1904.43262585     1.00040790        4
  1904.45305748     0.99944970        4
  1904.47348921     1.00123003        4
  1904.49392105     1.00014898        4
  1904.61651145     1.00023361        4
  1904.63694319     0.99861018        4
  1904.65737492     0.99969030        4
  1904.67780666     0.99990970        4
  1904.69823839     0.99967097        4
  1904.71867013     1.00045707        4
  1904.73910187     0.99964408        4
  1904.77996534     1.00011304        4
  1904.80039708     1.00049437        4
  1904.82082891     0.99999649        4
  1904.84126055     0.99895874        4
  1904.86169229     0.99990423        4
  1905.02514620     1.00017852        4
  1905.04557804     0.99912467        4
  1905.06600978     0.99974754        4
  1905.08644162     1.00040909        4
  1905.10687326     1.00088854        4
  1905.12730500     0.99971441        4
  1905.14773684     1.00066520        4
  1905.16816848     0.99962417        4
  1905.18860022     1.00016412        4
