  1835.65925159     1.00826763        0
  1835.67968382     1.00556182        0
  1835.80227720     0.99809452        0
  1835.82270953     1.00452356        0
  1835.84314166     1.00163715        0
  1835.86357389     1.00355936        0
  1835.88400622     1.00156622        0
  1835.90443834     1.00357894        0
  1835.92487057     1.00184398        0
  1835.94530289     1.00029351        0
  1835.96573502     1.00588192        0
  1835.98616724     1.00055133        0
  1836.00659957     1.00252792        0
  1836.02703169     0.99918928        0
  1836.04746391     1.00359048        0
  1836.06789624     1.00190365        0
  1836.08832836     1.00110442        0
  1836.10876058     1.00008090        0
  1836.12919290     0.99997117        0
  1836.14962512     1.00146541        0
  1836.17005724     1.00227699        0
  1836.19048956     1.00149157        0
  1836.21092178     1.00067219        0
  1836.23135410     1.00178556        0
  1836.25178621     1.00072978        0
  1836.27221843     1.00422625        0
  1836.31308286     1.00182955        0
  1836.33351508     0.99987150        0
  1836.35394739     0.99863185        0
  1836.37437951     0.99841388        0
  1836.39481172     0.99655898        0
  1836.41524394     0.99646704        0
  1836.43567615     0.99552936        0
  1836.45610836     0.99607350        0
  1836.47654058     1.00411730        0
  1836.49697279     1.00343876        0
  1836.51740500     1.00478094        0
  1836.53783721     1.00366204        0
  1836.55826942     0.99970720        0
  1836.57870163     1.00040031        0
  1836.59913394     0.99806747        0
  1836.61956605     0.99607407        0
  1836.63999825     1.00082729        0
  1836.66043056     0.99874635        0
  1836.68086267     0.99988754        0
  1836.70129487     0.99952468        0
  1836.72172718     0.99713834        0
  1836.74215929     0.99631543        0
  1836.76259149     0.99679212        0
  1836.78302380     0.99802444        0
  1836.80345590     0.99612547        0
  1836.82388820     1.00102825        0
  1836.84432041     1.00006109        0
  1836.86475251     1.00153028        0
  1836.88518481     1.00240234        0
  1836.90561701     1.00221263        0
  1836.92604911     1.00463724        0
  1836.94648141     1.00000000        0
  1836.96691361     0.99796048        0
  1836.98734581     0.99684695        0
  1837.00777801     0.99278372        0
  1837.02821021     0.99541672        0
  1837.10993900     0.99569569        0
  1837.13037119     0.99582930        0
  1837.15080339     0.99690414        0
  1837.17123558     0.99376501        0
  1837.19166778     1.00372858        0
  1837.21209997     1.00321935        0
  1837.23253217     0.99371287        0
  1837.25296436     0.99865453        0
  1837.27339655     0.99919752        0
  1837.29382864     0.99393849        0
  1837.31426093     0.99723809        0
  1837.33469313     1.00078014        0
  1837.35512532     0.99974421        0
  1837.37555751     1.00157519        0
  1837.39598969     1.00094471        0
  1837.41642188     0.99474642        0
  1837.43685417     0.99609314        0
  1837.45728626     0.99567207        0
  1837.47771855     1.00541633        0
  1837.49815073     1.00301474        0
  1837.51858282     1.00235084        0
  1837.53901511     0.99866097        0
  1837.55944729     0.99788142        0
  1837.57987938     0.99749717        0
  1837.60031166     0.99943854        0
  1837.62074384     1.00050913        0
  1837.64117593     0.99922904        0
  1837.66160821     0.99860600        0
  1837.68204039     0.99814378        0
  1837.70247247     0.99874006        0
  1837.72290476     1.00247823        0
  1837.74333694     1.00066930        0
  1837.76376902     0.99793799        0
  1837.78420130     1.00021508        0
  1837.80463348     0.99958006        0
  1837.82506565     0.99754379        0
  1837.84549783     0.99607993        0
  1837.86593001     1.00407274        0
  1837.88636209     1.00021308        0
  1837.90679436     0.99920920        0
  1837.92722654     0.99759200        0
  1837.94765872     1.00030669        0
  1837.96809089     0.99948983        0
  1837.98852307     1.00173015        0
  1838.00895514     0.99703667        0
  1838.02938742     1.00233987        0
  1838.04981959     0.99934754        0
  1838.07025186     1.00140784        0
  1838.09068393     1.00043467        0
  1838.11111611     1.00023717        0
  1838.13154838     0.99940014        0
  1838.15198045     0.99824795        0
  1838.17241262     1.00046855        0
  1838.19284489     0.99914310        0
  1838.21327696     1.00121268        0
  1838.23370913     0.99982827        0
  1838.29500563     1.00629196        0
  1838.31543790     1.00701116        0
  1838.33587006     1.00598413        0
  1838.35630213     0.99812604        0
  1838.37673439     1.00049279        0
  1838.39716656     0.99974807        0
  1838.41759862     0.99992927        0
  1838.43803089     1.00112416        0
  1838.45846305     1.00150784        0
  1838.47889511     1.00164128        0
  1838.49932738     1.00434371        0
  1838.51975954     0.99292742        0
  1838.54019160     0.99827245        0
  1838.56062386     1.00031115        0
  1838.58105602     1.00220001        0
  1838.60148808     0.99293387        0
  1838.62192034     1.00179727        0
  1838.64235250     1.00544411        0
  1838.66278456     1.00689617        0
  1838.68321682     0.99800595        0
  1838.70364897     1.00038467        0
  1838.72408113     0.99885246        0
  1838.74451329     0.99811874        0
  1838.76494544     0.99809670        0
  1838.78537760     1.00271327        0
  1838.80580975     1.00124854        0
  1838.82624191     1.00231263        0
  1838.84667416     1.00068955        0
  1838.86710622     0.99960592        0
  1838.88753837     0.99657652        0
  1838.90797062     1.00373243        0
  1838.92840267     1.00253916        0
  1838.94883483     1.00062658        0
  1838.96926708     0.99623614        0
  1839.07142773     1.01094495        0
  1839.09185997     0.99846705        0
  1839.11229212     1.00507869        0
  1839.13272417     0.99701062        0
  1839.15315642     0.99481815        0
  1839.17358856     1.00640518        0
  1839.19402061     1.00554609        0
  1839.21445285     1.00405700        0
  1839.23488500     1.00421878        0
  1839.25531704     1.00248446        0
  1839.27574929     1.00296323        0
  1839.29618143     1.00147517        0
  1839.31661367     1.00254669        0
  1839.33704572     1.00229034        0
  1839.35747786     0.99940641        0
  1839.37791000     0.99872360        0
  1839.39834214     0.99807845        0
  1839.41877418     1.00171842        0
  1839.43920642     1.00298109        0
  1839.45963856     0.99937306        0
  1839.48007060     1.00079521        0
  1839.50050284     1.00016634        0
  1839.52093498     1.00112175        0
  1839.54136711     0.99772638        0
  1839.56179925     0.99914771        0
  1839.58223139     1.00053442        0
  1839.60266352     1.00034183        0
  1839.62309566     1.00001611        0
  1839.64352780     0.99801017        0
  1839.66395993     1.00061489        0
  1839.72525633     0.99553431        0
  1839.74568856     0.99850582        0
  1839.76612060     1.00290727        0
  1839.78655273     1.00062584        0
  1839.80698496     0.99727380        0
  1839.82741699     0.99794630        0
  1839.84784912     0.99817099        0
  1839.86828135     0.99991214        0
  1839.88871338     0.99839386        0
  1839.90914551     0.99878767        0
  1839.92957774     1.00012033        0
  1839.95000987     1.00041686        0
  1839.97044199     0.99683899        0
  1839.99087412     1.01549991        0
  1840.01130625     0.99675516        0
  1840.03173837     0.99838008        0
  1840.29735597     0.99616374        0
  1840.31778799     1.00162549        0
  1840.33822021     1.00219806        0
  1840.35865233     1.00297419        0
  1840.37908445     0.99784779        0
  1840.39951656     0.99573445        0
  1840.41994868     1.00022945        0
  1840.44038080     0.99738331        0
  1840.46081291     0.99957457        0
  1840.48124503     0.99952225        0
  1840.50167714     1.00210124        0
  1840.52210936     1.00312145        0
  1840.54254137     1.00052681        0
  1840.56297359     1.00261207        0
  1840.58340570     0.99299009        0
  1840.60383771     0.99815727        0
  1840.62426992     0.99617732        0
  1840.64470204     0.99328087        0
  1840.66513405     1.00003845        0
  1840.68556626     0.99623587        0
  1840.70599837     0.98628862        0
  1840.72643038     1.00014489        0
  1840.74686259     0.99791526        0
  1840.76729470     0.99794438        0
  1840.78772681     0.99325602        0
  1840.80815891     1.00369060        0
  1840.82859092     1.00696235        0
  1840.84902313     0.99689796        0
  1840.86945524     0.99623857        0
  1840.88988734     0.99640420        0
  1840.91031935     0.99505010        0
  1840.93075155     0.99558053        0
  1840.95118366     0.99624855        0
  1840.97161566     0.99449556        0
  1840.99204787     0.99278774        0
  1872.00756204     1.01681954        1
  1872.02799368     1.00047679        1
  1872.04842533     0.99362658        1
  1872.06885698     0.99508279        1
  1872.08928863     1.00137510        1
  1872.10972028     1.01513141        1
  1872.13015202     1.01318117        1
  1872.17101522     0.99304651        1
  1872.19144697     1.00260867        1
  1872.21187861     1.00405368        1
  1872.23231016     0.98549554        1
  1872.25274191     0.99921354        1
  1872.27317355     1.02047254        1
  1872.29360510     1.01587149        1
  1872.31403685     0.99707683        1
  1872.33446849     1.00393432        1
  1872.35490004     0.99243377        1
  1872.37533179     1.01638813        1
  1872.41619518     0.98125475        1
  1872.43662672     0.97608016        1
  1872.45705837     1.00194050        1
  1872.47749012     1.00064629        1
  1872.49792166     1.01076151        1
  1872.51835331     0.97204877        1
  1872.53878505     1.03898336        1
  1872.55921660     1.00483551        1
  1872.57964824     0.98869498        1
  1872.60007999     1.00170122        1
  1872.62051153     1.01655938        1
  1872.66137492     0.99923667        1
  1872.68180647     1.00704871        1
  1872.70223821     0.99630487        1
  1872.72266985     0.99880664        1
  1872.74310140     0.99176869        1
  1872.76353314     1.00786919        1
  1872.78396479     0.98355564        1
  1872.80439633     0.99716130        1
  1872.82482807     1.00745389        1
  1872.84525972     1.00668724        1
  1872.86569126     0.99998934        1
  1872.90655465     0.99820568        1
  1872.92698619     1.01283454        1
  1872.94741793     1.00398444        1
  1872.96784958     0.98791875        1
  1872.98828132     1.00794990        1
  1873.00871286     1.00345900        1
  1873.02914450     1.00087871        1
  1873.04957625     1.00777771        1
  1873.07000779     1.00370308        1
  1873.09043943     1.01114833        1
  1873.15173436     1.01460319        1
  1873.17216610     1.00382622        1
  1873.19259774     1.01594588        1
  1873.21302938     1.02464736        1
  1873.23346102     0.99313864        1
  1873.25389266     1.01791070        1
  1873.27432430     1.00000000        1
  1873.29475595     1.00221369        1
  1873.31518759     0.99337886        1
  1873.33561923     1.00574659        1
  1873.35605087     0.99604641        1
  1873.39691415     0.94964050        1
  1873.41734579     0.98177123        1
  1873.43777733     0.99370889        1
  1873.45820907     1.01718942        1
  1873.47864071     0.99506825        1
  1873.49907245     0.98988077        1
  1873.51950399     0.96773505        1
  1873.53993563     0.99911914        1
  1873.56036737     1.01090517        1
  1873.58079891     1.00781470        1
  1873.60123055     1.02649913        1
  1873.74425212     0.92652805        1
  1873.76468376     0.93175723        1
  1873.78511540     0.91384340        1
  1873.80554704     0.99881494        1
  1873.82597867     0.97679303        1
  1873.84641041     0.98353803        1
  1873.88727359     0.99238853        1
  1873.90770533     1.05351976        1
  1873.92813686     0.97651217        1
  1873.94856850     1.00467206        1
  1873.96900024     0.98793012        1
  1873.98943178     0.98145066        1
  1874.00986351     1.02363983        1
  1874.03029505     1.01428904        1
  1874.05072669     1.00233510        1
  1874.07115843     0.98750736        1
  1874.09158996     1.00251330        1
  1874.23461142     0.90721126        1
  1874.25504316     0.91811213        1
  1874.27547479     0.94876265        1
  1874.29590643     1.01544104        1
  1874.31633806     1.01461714        1
  1874.33676970     1.00020917        1
  1874.37763297     1.01633930        1
  1874.39806461     1.00558157        1
  1874.41849634     0.98089307        1
  1874.43892788     1.01100693        1
  1874.45935951     1.00176018        1
  1874.47979125     0.98689896        1
  1874.50022278     1.00160502        1
  1874.52065452     1.01578355        1
  1874.54108615     1.01019821        1
  1874.56151769     0.99986335        1
  1874.58194942     1.00035418        1
  1874.62281259     0.99210757        1
  1874.64324432     1.00687143        1
  1874.66367596     1.00062857        1
  1874.68410759     1.00355192        1
  1874.70453923     0.99541386        1
  1874.72497086     1.00404749        1
  1874.74540239     1.00254509        1
  1874.76583413     0.99526896        1
  1874.78626576     1.00566994        1
  1874.80669739     1.00876964        1
  1874.86799239     1.00265951        1
  1874.88842393     0.99055635        1
  1874.90885556     0.99137897        1
  1874.92928729     1.00897524        1
  1874.94971883     0.99918499        1
  1874.97015046     1.00255565        1
  1874.99058219     1.00254586        1
  1875.01101373     1.00062526        1
  1875.03144546     0.99840663        1
  1875.05187709     1.00156855        1
  1875.11317199     1.00111379        1
  1875.13360352     1.00812661        1
  1875.15403525     0.99340722        1
  1875.17446688     1.00472715        1
  1875.19489852     1.00405867        1
  1875.21533015     0.99653285        1
  1875.23576178     1.00092105        1
  1875.35835157     1.02713455        1
  1875.37878330     1.01794303        1
  1875.39921483     0.99279651        1
  1875.41964646     0.99189429        1
  1875.44007819     0.99069403        1
  1875.46050972     1.00293260        1
  1875.48094135     1.00293703        1
  1875.50137308     0.98492417        1
  1875.52180461     0.98255448        1
  1875.54223634     0.98994301        1
  1875.56266797     1.00999855        1
  1875.60353123     1.01236766        1
  1875.62396286     1.02656358        1
  1875.64439439     1.00260070        1
  1875.66482612     0.99609444        1
  1875.68525775     0.97618788        1
  1875.70568938     0.98177922        1
  1875.72612101     1.04794906        1
  1875.74655264     0.99590510        1
  1875.76698437     0.99634197        1
  1875.78741590     0.97538831        1
  1875.80784753     1.01363306        1
  1875.84871089     0.99404149        1
  1875.86914242     0.99567276        1
  1875.88957415     0.99680169        1
  1875.91000578     0.99210026        1
  1875.93043731     1.00129173        1
  1875.95086904     0.99397714        1
  1875.97130066     0.98198218        1
  1875.99173239     0.99225692        1
  1876.09389043     0.99096990        1
  1876.11432206     0.99351358        1
  1876.13475369     1.00115069        1
  1876.15518522     0.98944562        1
  1876.17561695     0.98447440        1
  1876.19604857     1.00047791        1
  1876.21648020     1.01609261        1
  1876.23691183     1.00546087        1
  1876.25734346     0.99689084        1
  1876.27777519     0.99699539        1
  1876.33907007     0.95142587        1
  1876.35950169     0.96098754        1
  1876.37993322     0.97511379        1
  1876.40036495     1.01440076        1
  1876.42079658     0.99910314        1
  1876.44122810     1.00584675        1
  1876.46165983     0.99198740        1
  1876.48209146     1.00836359        1
  1876.50252318     0.99425145        1
  1876.52295471     0.98658279        1
  1876.54338634     1.01015211        1
  1876.58424959     0.99397215        1
  1876.60468122     1.00395727        1
  1876.62511294     0.99153901        1
  1876.64554447     0.99315815        1
  1876.66597609     1.00701575        1
  1876.82942910     1.00145621        1
  1876.84986083     1.00094120        1
  1876.87029235     1.00009766        1
  1876.89072398     0.99990778        1
  1876.91115570     0.99673259        1
  1876.93158733     1.00165617        1
  1877.07460880     1.01237848        1
  1877.09504033     0.98566589        1
  1877.11547195     1.00994481        1
  1877.13590368     1.01004607        1
  1877.15633520     0.99639584        1
  1877.17676683     1.00429653        1
  1877.19719855     0.99587633        1
  1877.21763007     1.00215676        1
  1877.23806180     0.99062099        1
  1877.25849342     0.99967895        1
  1877.27892495     0.99727935        1
  1877.31978830     0.99477093        1
  1877.34021992     0.97518903        1
  1877.36065154     0.96941853        1
  1877.38108317     1.01109293        1
  1877.40151479     1.01395620        1
  1877.42194641     1.04448878        1
  1877.44237804     1.01096896        1
  1877.46280966     1.00815106        1
  1877.48324129     0.99994350        1
  1877.50367291     0.98460265        1
  1877.52410453     0.98793000        1
  1877.56496778     0.96256418        1
  1877.58539950     0.96690780        1
  1877.60583103     0.97778117        1
  1877.62626265     0.96783463        1
  1877.64669437     1.02065347        1
  1877.66712589     1.03697411        1
  1877.68755762     0.99791935        1
  1877.70798924     0.99427267        1
  1877.72842076     0.98750467        1
  1877.74885249     1.00220435        1
  1877.76928411     1.00895260        1
  1877.81014735     0.96534211        1
  1877.83057898     0.96160392        1
  1877.85101050     0.99881116        1
  1877.87144222     1.03358049        1
  1877.89187384     1.02889969        1
  1877.91230547     0.99284084        1
  1877.93273709     0.99223552        1
  1877.95316871     1.00355015        1
  1877.97360043     1.00062247        1
  1877.99403205     0.99327458        1
  1878.01446358     0.99229385        1
  1878.05532692     1.01266480        1
  1878.07575844     1.00964064        1
  1878.09619016     1.00558290        1
  1878.11662178     0.98576049        1
  1878.13705331     1.01093298        1
  1878.15748503     1.00414017        1
  1878.17791655     1.00764267        1
  1878.19834827     0.99333206        1
  1878.21877989     0.99546442        1
  1878.23921141     1.00160563        1
  1878.25964314     1.00355072        1
  1878.30050628     1.01440651        1
  1878.32093800     1.00455384        1
  1878.34136962     0.99154011        1
  1878.36180114     0.99323313        1
  1878.38223286     1.00864608        1
  1878.40266448     1.01269047        1
  1878.42309620     1.00189973        1
  1878.44352773     0.99192343        1
  1878.46395935     0.99954102        1
  1878.48439107     0.99622237        1
  1878.54568593     0.99835774        1
  1878.56611755     1.00354666        1
  1878.58654907     0.98998813        1
  1878.60698079     1.01148306        1
  1878.62741241     1.00439983        1
  1878.64784403     0.99032394        1
  1878.66827565     1.00609855        1
  1878.68870727     1.00520659        1
  1878.70913899     0.99676968        1
  1878.72957051     1.00455135        1
  1878.75000213     0.99793610        1
  1878.79086537     0.99082188        1
  1878.81129699     0.98765067        1
  1878.83172861     1.00529329        1
  1878.85216023     1.01411392        1
  1878.87259195     0.99839178        1
  1878.89302347     1.00538229        1
  1878.91345509     0.99368832        1
  1878.93388681     1.00382995        1
  1878.95431833     1.00560116        1
  1878.97474995     0.99652796        1
  1878.99518167     1.00071467        1
  1879.07690815     0.92973351        1
  1879.09733977     0.97893715        1
  1879.11777139     1.00180394        1
  1879.13820301     1.00393024        1
  1879.15863463     1.01830267        1
  1879.17906625     0.99334750        1
  1879.19949786     1.00863966        1
  1879.21992958     0.99678354        1
  1879.24036110     1.00778892        1
  1879.30165596     0.90700839        1
  1879.32208768     0.91779555        1
  1879.34251930     0.94640104        1
  1879.36295082     0.97653487        1
  1879.38338254     0.99384503        1
  1879.40381415     0.99326107        1
  1879.42424567     0.97954767        1
  1879.44467739     0.97560037        1
  1879.46510901     1.00839096        1
  1879.48554053     1.01779308        1
  1879.52640377     1.03969333        1
  1879.54683548     0.98772886        1
  1879.56726710     1.00425940        1
  1879.58769872     0.99070797        1
  1879.60813034     0.98882253        1
  1879.62856196     1.01746066        1
  1879.64899358     1.00021405        1
  1879.66942519     0.99841691        1
  1879.68985681     0.98623760        1
  1879.71028843     0.99656364        1
  1879.73072005     1.01780976        1
  1879.77158338     0.98987207        1
  1879.79201500     1.00351480        1
  1879.81244652     0.98965604        1
  1879.83287824     1.01768677        1
  1879.85330986     0.99537160        1
  1879.87374137     1.00477124        1
  1879.89417309     0.98640412        1
  1879.91460471     0.98504437        1
  1879.93503623     0.99755965        1
  1879.95546795     1.03362548        1
  1879.97589956     1.00462602        1
  1880.01676280     0.92884859        2
  1880.03719442     0.96622052        2
  1880.05762613     1.00183346        2
  1880.07805765     0.96570723        2
  1880.09848927     1.00182082        2
  1880.11892089     1.03934365        2
  1880.13935250     1.01651669        2
  1880.15978412     1.00570620        2
  1880.18021584     0.99514611        2
  1880.20064736     0.98668667        2
  1880.22107907     1.01444369        2
  1880.26194221     1.00369194        2
  1880.28237393     0.99244771        2
  1880.30280554     0.99609585        2
  1880.32323706     0.99885015        2
  1880.34366878     0.99841079        2
  1880.36410040     1.00081522        2
  1880.38453191     1.00482294        2
  1880.40496363     1.00352618        2
  1880.42539525     0.99575098        2
  1880.44582696     1.00232973        2
  1880.50712181     1.00374217        2
  1880.52755333     1.00322784        2
  1880.54798495     0.99874072        2
  1880.56841667     0.99300937        2
  1880.58884818     1.00022965        2
  1880.60927980     0.99651048        2
  1880.62971152     1.00898069        2
  1880.65014303     0.99618670        2
  1880.67057475     1.00781849        2
  1880.75230122     1.00541366        2
  1880.77273283     0.99230421        2
  1880.79316445     0.99146215        2
  1880.81359607     1.01150479        2
  1880.83402768     0.99890645        2
  1880.85445930     0.98995208        2
  1880.87489092     1.00949015        2
  1880.89532253     0.99483031        2
  1880.91575415     0.99925175        2
  1880.93618576     1.00673747        2
  1880.95661748     0.99755503        2
  1880.99748061     0.95032928        2
  1881.01791233     0.97788603        2
  1881.03834385     1.03001091        2
  1881.05877546     1.02155412        2
  1881.07920718     1.00248510        2
  1881.09963870     1.00452812        2
  1881.12007041     0.98450919        2
  1881.14050203     1.00288832        2
  1881.16093354     0.99864799        2
  1881.18136526     1.00042728        2
  1881.20179688     1.00409982        2
  1881.24266011     1.08821813        2
  1881.26309173     1.04498779        2
  1881.28352334     0.98711071        2
  1881.30395496     0.98969016        2
  1881.32438657     0.99452029        2
  1881.34481829     1.00036277        2
  1881.36524981     1.00288610        2
  1881.38568142     0.99385506        2
  1881.40611314     0.99231190        2
  1881.42654475     0.98024132        2
  1881.44697627     1.00012403        2
  1881.48783950     1.03212487        2
  1881.50827122     1.07528876        2
  1881.52870283     1.01275708        2
  1881.54913445     0.99839364        2
  1881.56956607     0.98997187        2
  1881.58999768     0.98252232        2
  1881.61042920     1.00089706        2
  1881.63086091     1.01143291        2
  1881.65129253     0.99767103        2
  1881.67172404     0.99371551        2
  1881.69215576     0.98448383        2
  1881.73301909     1.01727104        2
  1881.75345061     1.00108486        2
  1881.77388222     0.99991903        2
  1881.79431394     0.99609963        2
  1881.81474545     0.99388301        2
  1881.83517707     1.01008290        2
  1881.85560879     0.99456832        2
  1881.87604030     0.99457881        2
  1881.89647192     0.99092661        2
  1881.91690363     0.99387711        2
  1881.93733525     1.01670464        2
  1881.97819848     1.00392726        2
  1881.99863010     0.99822551        2
  1882.01906171     0.98998374        2
  1882.03949333     0.99776779        2
  1882.05992494     0.99494212        2
  1882.08035666     0.99007565        2
  1882.10078817     0.99369590        2
  1882.12121979     1.01599020        2
  1882.14165150     1.00611780        2
  1882.16208302     1.00822357        2
  1882.22337787     1.01106821        2
  1882.24380958     1.00585480        2
  1882.26424110     1.00049635        2
  1882.28467271     0.99378104        2
  1882.30510443     0.99882620        2
  1882.32553594     1.00044661        2
  1882.34596766     1.00007843        2
  1882.36639928     0.99568793        2
  1882.46855735     1.01036334        2
  1882.48898897     1.00822877        2
  1882.50942058     1.00386645        2
  1882.52985220     0.99652127        2
  1882.55028381     1.00227853        2
  1882.57071553     1.00322833        2
  1882.77503168     0.97804985        2
  1882.79546340     1.01419108        2
  1882.81589491     1.00451478        2
  1882.83632653     1.00080116        2
  1882.85675825     0.99973568        2
  1882.87718976     1.00143459        2
  1882.89762128     1.01087706        2
  1882.91805299     0.99645862        2
  1883.02021117     0.96318753        2
  1883.04064268     0.99526248        2
  1883.06107430     1.01183779        2
  1883.08150602     1.00362927        2
  1883.10193763     1.00813487        2
  1883.12236915     1.00124368        2
  1883.14280086     1.00128003        2
  1883.16323248     1.00172147        2
  1883.20409571     0.99290194        2
  1883.22452732     0.99972396        2
  1883.24495904     0.98181161        2
  1883.26539055     0.96180073        2
  1883.28582217     1.00265557        2
  1883.30625388     1.01827755        2
  1883.32668540     1.04672723        2
  1883.34711702     1.02484739        2
  1883.36754873     1.00215082        2
  1883.38798025     0.99222272        2
  1883.40841196     0.99322779        2
  1883.44927509     1.00302534        2
  1883.46970681     1.00143150        2
  1883.49013842     1.00007884        2
  1883.51056994     0.99419252        2
  1883.53100166     0.98046588        2
  1883.55143317     1.00251888        2
  1883.57186489     1.00442853        2
  1883.59229650     1.02405566        2
  1883.61272802     1.00818515        2
  1883.63315973     1.00572481        2
  1883.65359135     0.99082217        2
  1883.69445458     0.88884581        2
  1883.71488620     0.97581551        2
  1883.73531781     1.03643444        2
  1883.75574943     0.99408276        2
  1883.77618104     1.01352184        2
  1883.79661276     0.99702007        2
  1883.81704437     0.99860556        2
  1883.83747589     1.01547880        2
  1883.85790760     1.01468710        2
  1883.87833922     0.99730589        2
  1883.89877074     0.99936812        2
  1883.96006558     0.95933588        2
  1883.98049730     0.95849421        2
  1884.00092891     0.98571102        2
  1884.02136063     0.96848274        2
  1884.04179215     0.99793311        2
  1884.06222376     1.05043851        2
  1884.08265548     1.01708369        2
  1884.10308699     1.00569789        2
  1884.12351861     0.98810069        2
  1884.14395033     1.00175577        2
  1884.18481346     0.90390480        2
  1884.20524507     0.93626582        2
  1884.22567669     0.98834232        2
  1884.24610840     1.04469210        2
  1884.26653992     1.00471955        2
  1884.28697154     1.00604830        2
  1884.30740325     0.99555492        2
  1884.32783487     0.98651551        2
  1884.34826638     1.00899601        2
  1884.36869810     1.01128515        2
  1884.38912972     1.00218899        2
  1884.42999295     0.95906946        2
  1884.45042456     0.99771949        2
  1884.47085628     1.00870502        2
  1884.49128780     0.98765411        2
  1884.51171941     1.01578789        2
  1884.53215113     1.00251469        2
  1884.55258265     0.99489257        2
  1884.57301426     0.99500372        2
  1884.59344598     1.00531398        2
  1884.61387749     1.00851812        2
  1884.63430921     1.00312910        2
  1884.67517234     0.99624622        2
  1884.69560406     1.00256350        2
  1884.71603568     0.98929962        2
  1884.73646729     1.01150325        2
  1884.75689891     0.99749345        2
  1884.77733052     1.00180551        2
  1884.79776214     0.99476552        2
  1884.81819376     0.99850046        2
  1884.83862537     1.00312151        2
  1884.85905699     0.99784725        2
  1884.92035184     0.97877599        2
  1884.94078346     1.01499580        2
  1884.96121507     1.00604800        2
  1884.98164679     1.00300932        2
  1885.00207831     0.99265891        2
  1885.02251002     1.00435657        2
  1885.04294164     1.00395921        2
  1885.06337316     0.99546720        2
  1885.08380487     1.00467081        2
  1885.10423649     0.99507564        2
  1885.12466801     0.99091023        2
  1885.16553134     0.90710415        2
  1885.18596286     0.95963548        2
  1885.20639457     1.04038611        2
  1885.22682619     1.02325498        2
  1885.24725791     1.07135516        2
  1885.26768942     1.04106324        2
  1885.28812104     0.98701155        2
  1885.30855276     1.00243053        2
  1885.32898428     0.98417144        2
  1885.34941589     1.00431050        2
  1885.36984761     1.00457378        2
  1885.41071074     0.92203866        2
  1885.43114246     0.92797798        2
  1885.45157408     0.99155194        2
  1885.47200570     0.99679956        2
  1885.49243731     1.06228783        2
  1885.51286893     1.00978885        2
  1885.53330055     1.01103055        2
  1885.55373216     0.99582667        2
  1885.57416368     1.00012199        2
  1885.59459540     0.98766996        2
  1885.61502702     0.99626465        2
  1885.65589025     1.03587117        2
  1885.67632187     0.99611716        2
  1885.69675359     1.00306393        2
  1885.71718510     0.98621859        2
  1885.73761672     1.00631943        2
  1885.75804844     1.01296241        2
  1885.77847996     0.99975406        2
  1885.79891158     0.98752464        2
  1885.81934329     1.00029349        2
  1885.83977481     0.99346054        2
  1885.86020653     1.00849477        2
  1885.90106966     0.93757574        2
  1885.92150138     0.99089099        2
  1885.94193300     0.96805408        2
  1885.96236462     1.02390276        2
  1885.98279624     1.01858556        2
  1886.00322785     1.01418027        2
  1886.02365947     1.00254135        2
  1886.04409109     0.99319087        2
  1886.06452271     1.00000000        2
  1886.08495443     1.00513776        2
  1886.10538605     0.99420261        2
  1886.16668090     0.99145603        2
  1886.18711242     0.98662047        2
  1886.20754414     1.01146580        2
  1886.22797566     0.99778850        2
  1886.24840737     0.98305541        2
  1886.26883899     0.99736743        2
  1886.28927051     1.01312473        2
  1886.30970223     1.00472596        2
  1886.33013385     0.99415420        2
  1886.35056537     1.00026824        2
  1886.39142871     0.99455632        2
  1886.41186022     1.00859906        2
  1886.43229194     0.99682736        2
  1886.45272356     0.99239316        2
  1886.47315528     1.01105442        2
  1886.49358680     0.98489308        2
  1886.51401842     1.00773632        2
  1886.53445014     1.01200622        2
  1886.63660823     1.00532537        2
  1886.65703985     1.00252226        2
  1886.67747147     0.99740078        2
  1886.69790309     1.00608235        2
  1886.71833471     0.99483882        2
  1886.73876633     0.99253755        2
  1886.88178767     0.98897338        2
  1886.90221929     1.01583735        2
  1886.92265101     1.00155943        2
  1886.94308253     0.99479539        2
  1886.96351415     0.99961811        2
  1886.98394587     0.99785389        2
  1887.12696721     0.96145516        2
  1887.14739883     0.95281307        2
  1887.16783045     0.93938418        2
  1887.18826207     0.98779794        2
  1887.20869369     0.98607713        2
  1887.22912531     1.02820319        2
  1887.24955703     1.05063493        2
  1887.26998855     1.05318054        2
  1887.29042017     1.00388919        2
  1887.31085189     0.99606540        2
  1887.33128352     1.00114394        2
  1887.37214676     0.99846449        2
  1887.39257838     0.98937259        2
  1887.41300990     0.99961300        2
  1887.43344162     0.98652883        2
  1887.45387324     0.97592904        2
  1887.47430486     1.00488602        2
  1887.49473648     1.00800297        2
  1887.51516810     1.00612171        2
  1887.53559983     1.02481561        2
  1887.55603135     1.00645437        2
  1887.57646297     0.99926671        2
  1887.61732621     0.98826042        2
  1887.63775793     0.98636479        2
  1887.65818946     1.02734295        2
  1887.67862108     1.00026737        2
  1887.69905280     1.00170853        2
  1887.71948432     0.99233403        2
  1887.73991594     0.99049830        2
  1887.76034766     1.01363399        2
  1887.78077919     1.00038506        2
  1887.86250577     0.99001623        2
  1887.88293740     0.99821332        2
  1887.90336902     1.00945355        2
  1887.92380064     1.00328176        2
  1887.94423226     0.99138695        2
  1887.96466389     0.99682389        2
  1887.98509561     0.99064250        2
  1891.04984046     1.00691784        3
  1891.07027210     0.99921043        3
  1891.09070383     0.98247733        3
  1891.11113536     0.99951956        3
  1891.13156700     0.97428565        3
  1891.15199873     1.00165392        3
  1891.17243027     1.00731506        3
  1891.19286200     1.01999240        3
  1891.21329363     1.01199037        3
  1891.23372517     1.03579567        3
  1891.29502007     1.00030279        3
  1891.31545181     0.98382082        3
  1891.33588344     0.99668664        3
  1891.35631518     0.99792466        3
  1891.37674671     1.00091185        3
  1891.39717835     1.00164370        3
  1891.41761008     0.99032420        3
  1891.43804162     0.97997621        3
  1891.45847325     0.99653477        3
  1891.47890499     1.00230510        3
  1891.54019990     1.02007194        3
  1891.56063143     1.00512506        3
  1891.58106317     1.01925740        3
  1891.60149480     0.98373397        3
  1891.62192634     1.00010185        3
  1891.64235808     0.98153518        3
  1891.66278971     1.00544837        3
  1891.68322125     1.01380204        3
  1891.70365299     0.99156445        3
  1891.72408462     1.00238541        3
  1891.74451636     0.99005485        3
  1891.78537953     0.98972661        3
  1891.80581127     1.01689449        3
  1891.82624281     1.01341742        3
  1891.84667445     0.99698653        3
  1891.86710618     1.00155453        3
  1891.88753772     0.99787418        3
  1891.90796936     0.99279768        3
  1891.92840110     1.00616438        3
  1891.94883263     0.99798199        3
  1891.96926437     1.00422963        3
  1891.98969601     0.99899843        3
  1892.03055929     0.98327716        3
  1892.05099092     1.01077263        3
  1892.07142256     1.01158083        3
  1892.09185420     1.01443944        3
  1892.11228584     1.00539355        3
  1892.13271758     0.99980745        3
  1892.15314922     0.99562294        3
  1892.17358076     0.99666208        3
  1892.19401249     0.99953177        3
  1892.21444403     0.99075147        3
  1892.23487567     0.99763575        3
  1892.27573895     1.01818861        3
  1892.29617069     1.00449625        3
  1892.31660233     1.00364171        3
  1892.33703387     1.00184653        3
  1892.35746561     0.98362881        3
  1892.37789725     0.99465252        3
  1892.39832879     1.01022424        3
  1892.41876053     0.99873905        3
  1892.43919217     1.00236010        3
  1892.45962371     0.99772859        3
  1892.52091883     1.00575123        3
  1892.54135037     0.99824472        3
  1892.56178202     0.99867816        3
  1892.58221376     0.99873348        3
  1892.60264530     1.00051285        3
  1892.62307694     0.99149524        3
  1892.64350868     0.99313108        3
  1892.80696181     0.98985889        3
  1892.82739346     1.00776931        3
  1892.84782510     1.00821777        3
  1892.86825684     1.00080687        3
  1892.88868838     1.00096097        3
  1892.90912013     0.99181973        3
  1892.92955167     1.00723689        3
  1892.94998331     0.99692050        3
  1892.97041506     1.00248501        3
  1893.01127824     0.98964281        3
  1893.03170999     1.00643876        3
  1893.05214153     1.00144341        3
  1893.07257327     0.98127092        3
  1893.09300492     1.00396145        3
  1893.11343646     0.98370802        3
  1893.13386820     1.01056185        3
  1893.15429985     0.99581742        3
  1893.17473139     1.02555276        3
  1893.19516314     1.03325282        3
  1893.21559478     1.00548023        3
  1893.29732146     0.97032492        3
  1893.31775301     1.00438711        3
  1893.33818465     1.01126672        3
  1893.35861640     0.99261714        3
  1893.37904804     0.98984553        3
  1893.39947959     0.97648279        3
  1893.41991133     0.99802231        3
  1893.44034298     1.00277548        3
  1893.46077472     1.01156014        3
  1893.50163792     1.02146697        3
  1893.52206966     1.01855135        3
  1893.54250121     0.99518079        3
  1893.56293276     0.98926210        3
  1893.58336450     0.99077459        3
  1893.60379615     0.99473931        3
  1893.62422790     1.02606790        3
  1893.64465944     1.00346348        3
  1893.66509109     0.99974003        3
  1893.68552284     0.99845970        3
  1893.70595438     0.97993268        3
  1893.74681778     0.98769104        3
  1893.76724933     1.01239384        3
  1893.78768097     1.00220220        3
  1893.80811272     1.00193751        3
  1893.82854427     0.99785584        3
  1893.84897602     0.99188075        3
  1893.86940767     0.99458646        3
  1893.88983931     1.01174608        3
  1893.91027096     1.01013105        3
  1893.93070261     1.01295986        3
  1893.99199756     0.98356778        3
  1894.01242931     1.01967413        3
  1894.03286096     1.02005327        3
  1894.05329250     1.01339633        3
  1894.07372425     0.99925547        3
  1894.09415590     0.99336533        3
  1894.11458745     0.99686400        3
  1894.13501920     1.00584097        3
  1894.15545085     0.99738276        3
  1894.17588250     0.99254787        3
  1894.19631415     0.99657332        3
  1894.23717745     1.01837525        3
  1894.25760910     1.00917324        3
  1894.27804066     1.00424684        3
  1894.29847241     1.00212444        3
  1894.31890406     0.98810337        3
  1894.33933561     0.99533061        3
  1894.35976736     1.01660762        3
  1894.38019901     1.00053305        3
  1894.40063076     1.00216854        3
  1894.42106231     0.99497914        3
  1894.48235727     1.00503032        3
  1894.50278892     1.00249167        3
  1894.52322067     0.99457076        3
  1894.54365233     1.01080606        3
  1894.56408398     1.00015113        3
  1894.58451563     0.99488849        3
  1894.60494728     0.99758161        3
  1894.72753720     1.00000000        3
  1894.74796896     1.00187650        3
  1894.76840051     0.99455016        3
  1894.78883226     1.00438205        3
  1894.80926392     0.99797096        3
  1894.82969547     1.00291207        3
  1894.85012723     1.00293263        3
  1894.97271715     0.97986969        3
  1894.99314871     0.98530585        3
  1895.01358046     0.98443707        3
  1895.03401212     1.00745769        3
  1895.05444378     0.99857603        3
  1895.07487543     1.01159573        3
  1895.09530709     0.99688547        3
  1895.11573884     0.98603770        3
  1895.13617040     0.98223718        3
  1895.15660206     0.99938038        3
  1895.17703381     1.01267620        3
  1895.21789702     1.04609329        3
  1895.23832878     1.03256144        3
  1895.25876044     1.00810151        3
  1895.27919200     1.00288864        3
  1895.29962375     0.99411297        3
  1895.32005541     1.00297000        3
  1895.34048717     0.99500204        3
  1895.36091873     0.99677673        3
  1895.38135038     1.00248944        3
  1895.40178214     0.99669172        3
  1895.46307712     0.96238412        3
  1895.48350867     1.00629725        3
  1895.50394043     1.00660196        3
  1895.52437199     1.01632271        3
  1895.54480365     1.02267855        3
  1895.56523541     1.01720751        3
  1895.58566697     0.98757934        3
  1895.60609863     1.00064774        3
  1895.62653039     0.98459799        3
  1895.64696195     0.99415454        3
  1895.66739371     0.99945295        3
  1895.70825703     0.99791450        3
  1895.72868869     0.99647478        3
  1895.74912035     0.99731306        3
  1895.76955201     0.99614875        3
  1895.78998367     0.99520058        3
  1895.81041533     1.01176693        3
  1895.83084699     1.00530078        3
  1895.85127875     1.00164856        3
  1895.87171031     1.00227660        3
  1895.89214207     0.99830930        3
  1895.91257373     0.98938749        3
  1895.95343706     1.00546659        3
  1895.97386872     0.98604577        3
  1895.99430028     0.99906128        3
  1896.01473204     0.98568090        3
  1896.03516370     0.99231835        3
  1896.05559547     0.99808073        3
  1896.07602703     1.02238753        3
  1896.09645869     1.01222920        3
  1896.11689035     1.00297372        3
  1896.13732202     0.99440186        3
  1896.15775368     0.99889458        3
  1896.19861701     1.00953540        3
  1896.21904877     0.99212131        3
  1896.23948033     0.99687321        3
  1896.25991200     0.99297955        3
  1896.28034376     1.01126945        3
  1896.30077533     1.01081378        3
  1896.32120699     0.99983126        3
  1896.34163876     1.00241794        3
  1896.36207032     1.00457433        3
  1896.48466041     0.98158857        3
  1896.50509208     0.98751392        3
  1896.52552374     0.99829375        3
  1896.54595541     1.00725793        3
  1896.56638717     0.99928888        3
  1896.58681874     0.99253080        3
  1896.60725051     1.00353472        3
  1896.62768217     1.00717386        3
  1896.64811374     0.99884088        3
  1896.68897717     0.97861280        3
  1896.70940874     1.00582287        3
  1896.72984051     1.00165303        3
  1896.75027218     1.00672642        3
  1896.77070384     0.99686643        3
  1896.79113551     0.99994177        3
  1896.81156718     0.99651543        3
  1896.83199885     1.00725531        3
  1896.85243051     1.00058127        3
  1896.87286218     0.99938891        3
  1896.89329385     1.01347873        3
  1896.93415719     0.99340854        3
  1896.95458886     0.99684704        3
  1896.97502053     0.99309259        3
  1896.99545230     1.01585392        3
  1897.01588387     1.02525817        3
  1897.03631553     1.02696954        3
  1897.05674730     1.02452170        3
  1897.07717897     0.99714282        3
  1897.09761054     1.00699616        3
  1897.17933733     0.97958095        3
  1897.19976900     1.00022866        3
  1897.22020077     1.00125028        3
  1897.24063234     0.99788992        3
  1897.26106401     0.98662692        3
  1897.28149578     0.98457004        3
  1897.30192735     1.00568428        3
  1897.32235912     1.00709835        3
  1897.34279080     1.01106423        3
  1897.36322237     1.02655691        3
  1897.38365414     0.99471717        3
  1897.42451739     0.99166287        3
  1897.44494916     0.99849479        3
  1897.46538083     0.99775193        3
  1897.48581260     0.98479765        3
  1897.50624418     1.02462823        3
  1897.52667575     1.01638238        3
  1897.54710752     1.00041366        3
  1897.56753920     1.00343920        3
  1897.58797087     1.00086333        3
  1897.60840255     0.99703121        3
  1897.62883422     1.00902403        3
  1897.71056102     0.96631649        3
  1897.73099269     0.99004485        3
  1897.75142427     0.98765288        3
  1897.77185604     0.98374913        3
  1897.79228772     1.01308379        3
  1897.81271929     0.99424862        3
  1897.83315107     1.00851699        3
  1897.85358275     0.99474908        3
  1897.87401452     0.98981234        3
  1897.91487777     1.00105080        3
  1897.93530955     1.03064161        3
  1897.95574113     1.00763853        3
  1897.97617280     1.01241992        3
  1897.99660458     1.00234644        3
  1898.01703616     0.99106739        4
  1898.03746794     1.00286186        4
  1898.05789961     1.00142723        4
  1898.07833119     0.99350693        4
  1898.09876297     0.98918400        4
  1898.11919465     0.99926829        4
  1898.16005800     1.03364091        4
  1898.18048958     1.00951037        4
  1898.20092136     1.00138794        4
  1898.22135304     0.99771829        4
  1898.24178462     0.98659312        4
  1898.26221640     0.99686514        4
  1898.28264808     1.01372415        4
  1898.30307976     1.00033976        4
  1898.32351144     1.00145780        4
  1898.40523816     1.01035229        4
  1898.42566994     1.01922282        4
  1898.44610162     1.00196863        4
  1898.46653320     0.99649532        4
  1898.48696498     1.01301239        4
  1898.50739666     0.99642197        4
  1898.52782824     0.99678926        4
  1898.54826003     0.98460416        4
  1898.56869171     0.99034164        4
  1898.58912349     1.01302986        4
  1898.65041854     0.98197492        4
  1898.67085012     1.00000707        4
  1898.69128180     1.00630180        4
  1898.71171358     1.01633652        4
  1898.73214517     0.98766116        4
  1898.75257695     0.99879338        4
  1898.77300863     0.99826875        4
  1898.79344022     1.00409642        4
  1898.81387200     0.99226241        4
  1898.83430358     0.98093711        4
  1898.85473527     1.00390330        4
  1898.89559864     1.02668855        4
  1898.91603032     1.03065348        4
  1898.93646211     1.03980936        4
  1898.95689379     1.00265008        4
  1898.97732548     1.00218324        4
  1898.99775716     1.00400896        4
  1899.01818885     0.99170685        4
  1899.03862053     0.99987957        4
  1899.05905222     1.00035885        4
  1899.07948391     0.99937711        4
  1899.09991569     0.99841306        4
  1899.14077907     0.98908545        4
  1899.16121075     0.99120585        4
  1899.18164234     1.01501171        4
  1899.20207413     1.01452703        4
  1899.22250581     1.00970068        4
  1899.24293740     1.01628486        4
  1899.26336919     1.01739406        4
  1899.28380088     0.99701419        4
  1899.30423266     0.97984722        4
  1899.32466425     0.99406685        4
  1899.34509594     0.99115944        4
  1899.38595932     1.01853311        4
  1899.40639101     1.03311418        4
  1899.42682280     0.99735643        4
  1899.44725439     0.99933501        4
  1899.46768617     0.99385254        4
  1899.48811776     0.98609702        4
  1899.50854945     0.98830227        4
  1899.52898124     1.01560353        4
  1899.54941283     1.01109132        4
  1899.56984452     0.99173762        4
  1899.59027632     0.99998851        4
  1899.63113960     1.00418900        4
  1899.65157139     0.99555196        4
  1899.67200308     0.98721182        4
  1899.69243477     0.99914340        4
  1899.71286646     0.99864653        4
  1899.73329815     1.00601415        4
  1899.75372995     0.98877209        4
  1899.77416154     0.99098366        4
  1899.79459323     0.98369328        4
  1899.81502502     1.00828699        4
  1899.83545662     1.01400171        4
  1899.87632010     0.97586931        4
  1899.89675169     1.00000000        4
  1899.91718349     0.99784420        4
  1899.93761518     1.00228670        4
  1899.95804678     1.01047971        4
  1899.97847857     0.99797122        4
  1899.99891026     0.99374619        4
  1900.01934206     0.98463548        4
  1900.03977365     0.99442615        4
  1900.06020535     1.00062764        4
  1900.08063704     1.01588029        4
  1900.12150043     1.00786476        4
  1900.14193213     1.00700187        4
  1900.16236382     1.01524000        4
  1900.18279562     0.99361239        4
  1900.20322722     0.98390598        4
  1900.22365891     1.01962241        4
  1900.24409071     0.99192958        4
  1900.26452231     1.00764739        4
  1900.28495400     0.99945403        4
  1900.30538580     0.99911419        4
  1900.32581750     0.99536563        4
  1900.36668089     1.01611605        4
  1900.38711259     1.00772049        4
  1900.40754439     0.98349443        4
  1900.42797598     1.00383334        4
  1900.44840768     1.00697555        4
  1900.46883948     1.00324417        4
  1900.48927108     0.99404367        4
  1900.50970278     0.99426857        4
  1900.53013458     1.00041660        4
  1900.55056618     1.01490164        4
  1900.57099798     1.00057934        4
  1900.61186128     1.00274881        4
  1900.63229308     0.99776848        4
  1900.65272478     0.99883985        4
  1900.67315638     0.99886774        4
  1900.69358818     0.99878400        4
  1900.71401988     1.00581312        4
  1900.85704179     1.01680525        4
  1900.87747349     1.01592294        4
  1900.89790529     1.04251242        4
  1900.91833700     1.05796239        4
  1900.93876860     1.02538428        4
  1900.95920040     1.00111668        4
  1900.97963211     0.99067637        4
  1901.00006371     0.99671227        4
  1901.02049551     0.98856577        4
  1901.04092722     1.00886230        4
  1901.06135882     1.00599194        4
  1901.10222233     0.99168939        4
  1901.12265414     0.99637516        4
  1901.14308574     0.98024897        4
  1901.16351745     0.98773456        4
  1901.18394925     1.00031521        4
  1901.20438086     1.00590996        4
  1901.22481256     1.01063221        4
  1901.24524437     1.01413302        4
  1901.26567597     1.01785123        4
  1901.28610778     0.98802786        4
  1901.30653949     0.99900920        4
  1901.34740290     0.97039981        4
  1901.36783461     0.97503979        4
  1901.38826631     0.97461196        4
  1901.40869802     0.99543424        4
  1901.42912973     1.04704119        4
  1901.44956144     0.99927452        4
  1901.46999315     1.01328707        4
  1901.49042485     0.99427689        4
  1901.51085656     0.97760200        4
  1901.53128827     0.99856430        4
  1901.55171998     0.99471987        4
  1901.59258340     0.99636829        4
  1901.61301521     0.99789150        4
  1901.63344692     1.00046420        4
  1901.65387853     0.99862959        4
  1901.67431034     1.00612014        4
  1901.69474205     1.00231788        4
  1901.71517366     1.00623373        4
  1901.73560547     0.99656283        4
  1901.75603718     1.00056236        4
  1901.77646879     0.99126577        4
  1901.79690060     1.00037649        4
  1901.83776412     0.99782541        4
  1901.85819574     1.02534379        4
  1901.87862745     1.00711896        4
  1901.89905926     1.00911375        4
  1901.91949087     1.00081117        4
  1901.93992259     0.99817544        4
  1901.96035440     0.99674707        4
  1901.98078601     0.99654523        4
  1902.00121783     1.00154833        4
  1902.08294468     1.00421409        4
  1902.10337630     1.01369670        4
  1902.12380811     1.01251636        4
  1902.14423982     1.00332499        4
  1902.16467154     1.00412484        4
  1902.18510325     1.00451520        4
  1902.20553497     0.99799252        4
  1902.22596669     0.98992034        4
  1902.24639840     1.01320750        4
  1902.26683012     1.00224017        4
  1902.32812527     0.99975766        4
  1902.34855708     1.00129572        4
  1902.36898870     1.00059892        4
  1902.38942052     1.00129286        4
  1902.40985224     1.00035205        4
  1902.43028385     0.98934673        4
  1902.57330598     1.00437194        4
  1902.59373770     1.01711669        4
  1902.61416952     1.01113547        4
  1902.63460114     0.99812270        4
  1902.65503286     0.99354097        4
  1902.67546468     1.00092700        4
  1902.69589630     1.00061084        4
  1902.71632812     0.99614816        4
  1902.73675984     1.00025664        4
  1902.75719146     1.00053622        4
  1902.77762329     1.01666887        4
  1902.81848673     0.96783668        4
  1902.83891845     1.01102682        4
  1902.85935017     1.00627110        4
  1902.87978180     0.99143150        4
  1902.90021362     0.99267312        4
  1902.92064534     0.98200641        4
  1902.94107716     0.98640204        4
  1902.96150879     0.98732998        4
  1902.98194051     1.00254905        4
  1903.00237233     1.02095243        4
  1903.02280396     1.03157427        4
  1903.18625786     0.96956442        4
  1903.20668948     0.99377977        4
  1903.22712131     0.98901770        4
  1903.24755304     0.99439289        4
  1903.26798486     0.97988386        4
  1903.30884822     0.97693006        4
  1903.32928004     0.99429126        4
  1903.34971167     1.00015010        4
  1903.37014340     0.99661062        4
  1903.39057522     1.02929626        4
  1903.41100695     1.00653133        4
  1903.43143868     1.02541461        4
  1903.45187031     0.99691541        4
  1903.47230204     0.99789578        4
  1903.49273387     0.99988725        4
  1903.51316560     0.99669084        4
  1903.55402905     1.00309554        4
  1903.57446078     1.03516064        4
  1903.59489241     0.99562702        4
  1903.61532424     0.99658393        4
  1903.63575598     0.99629852        4
  1903.65618781     1.00609012        4
  1903.67661944     0.99432911        4
  1903.69705117     1.01806641        4
  1903.71748300     1.01172067        4
  1903.73791463     1.01737248        4
  1903.75834636     0.99887249        4
  1903.79920983     0.97478225        4
  1903.81964166     0.97613228        4
  1903.84007339     0.99908116        4
  1903.86050502     0.99033554        4
  1903.88093686     1.02374237        4
  1903.90136859     0.99681623        4
  1903.92180022     0.99831444        4
  1903.94223206     0.99378178        4
  1903.96266379     0.99424008        4
  1903.98309563     1.00104969        4
  1904.00352726     1.00379233        4
  1904.04439073     1.01706328        4
  1904.06482257     1.02084474        4
  1904.08525420     1.01455654        4
  1904.10568594     0.99753623        4
  1904.12611767     0.99712130        4
  1904.14654941     1.00861426        4
  1904.16698124     1.00841680        4
  1904.18741288     1.00736406        4
  1904.20784472     0.99070106        4
  1904.22827645     0.99607268        4
  1904.24870809     1.00382303        4
  1904.28957167     1.00720097        4
  1904.31000330     1.00042661        4
  1904.33043514     0.99823988        4
  1904.35086688     0.99998537        4
  1904.37129872     0.99066532        4
  1904.39173036     0.99570237        4
  1904.41216210     0.99235921        4
  1904.43259394     1.01063842        4
  1904.45302558     1.01298835        4
  1904.47345732     1.00522056        4
  1904.49388916     1.00315155        4
  1904.61647960     0.98818538        4
  1904.63691134     0.98553296        4
  1904.65734308     0.98513529        4
  1904.67777483     1.01401583        4
  1904.69820657     0.98787470        4
  1904.71863831     1.00493958        4
  1904.73907005     0.99026622        4
  1904.77993354     1.02415506        4
  1904.80036528     1.00380177        4
  1904.82079713     1.01250894        4
  1904.84122877     0.99961909        4
  1904.86166051     1.00779905        4
  1905.02511448     0.97555601        4
  1905.04554632     0.98795119        4
  1905.06597807     0.98768057        4
  1905.08640991     0.98140906        4
  1905.10684156     1.00537279        4
  1905.12727331     1.01412892        4
  1905.14770516     1.00246227        4
  1905.16813680     1.00970000        4
  1905.18856855     1.00752204        4
