  1835.65920897     1.00007643        0
  1835.67964116     1.00010459        0
  1835.70007336     1.00007711        0
  1835.80223433     1.00079518        0
  1835.82266662     0.99997691        0
  1835.84309871     1.00000930        0
  1835.86353090     1.00003793        0
  1835.88396320     0.99998425        0
  1835.90439529     0.99992709        0
  1835.92482748     1.00005955        0
  1835.94525976     0.99997843        0
  1835.96569185     0.99986183        0
  1835.98612404     1.00007833        0
  1836.00655633     0.99996984        0
  1836.02698842     0.99990705        0
  1836.04742060     0.99996189        0
  1836.06785289     0.99999979        0
  1836.08828498     1.00008991        0
  1836.10871716     0.99990157        0
  1836.12914945     1.00007301        0
  1836.14958163     1.00000142        0
  1836.17001371     0.99996198        0
  1836.19044600     0.99997614        0
  1836.21087818     0.99993307        0
  1836.23131046     0.99994098        0
  1836.25174254     0.99984745        0
  1836.27217473     1.00015503        0
  1836.31303909     0.99989176        0
  1836.33347127     1.00012800        0
  1836.35390355     0.99999226        0
  1836.37433562     1.00009871        0
  1836.39476780     1.00003082        0
  1836.41519998     1.00001037        0
  1836.43563216     1.00003971        0
  1836.45606433     1.00003891        0
  1836.47649651     1.00000665        0
  1836.49692869     0.99983888        0
  1836.51736086     0.99974638        0
  1836.53779304     0.99994701        0
  1836.55822521     0.99989294        0
  1836.57865738     1.00016688        0
  1836.59908966     1.00005431        0
  1836.61952173     1.00018523        0
  1836.63995390     1.00004352        0
  1836.66038617     1.00027256        0
  1836.68081824     1.00004835        0
  1836.70125042     0.99984996        0
  1836.72168269     1.00010953        0
  1836.74211476     1.00032886        0
  1836.76254692     0.99998028        0
  1836.78297919     0.99999258        0
  1836.80341126     1.00009417        0
  1836.82384353     0.99982537        0
  1836.84427570     0.99981514        0
  1836.86470776     0.99976138        0
  1836.88514003     0.99994365        0
  1836.90557219     0.99988599        0
  1836.92600426     0.99996900        0
  1836.94643652     1.00003633        0
  1836.96686869     0.99998259        0
  1836.98730085     0.99994959        0
  1837.00773301     1.00007007        0
  1837.02816518     1.00050400        0
  1837.10989382     1.00005320        0
  1837.13032598     1.00014706        0
  1837.15075814     1.00002186        0
  1837.17119030     0.99996327        0
  1837.19162246     0.99993459        0
  1837.21205462     0.99985280        0
  1837.23248678     1.00008065        0
  1837.25291893     1.00005274        0
  1837.27335109     0.99994557        0
  1837.29378314     1.00003035        0
  1837.31421540     0.99989638        0
  1837.33464756     0.99974770        0
  1837.35507971     0.99982090        0
  1837.37551186     1.00001861        0
  1837.39594402     0.99992330        0
  1837.41637617     1.00006560        0
  1837.43680842     1.00003835        0
  1837.45724048     1.00005685        0
  1837.47767273     0.99977491        0
  1837.49810488     0.99991667        0
  1837.51853693     1.00007529        0
  1837.53896918     1.00010012        0
  1837.55940133     1.00005258        0
  1837.57983338     0.99992566        0
  1837.60026563     0.99983733        0
  1837.62069777     0.99999915        0
  1837.64112982     1.00004283        0
  1837.66156207     0.99994616        0
  1837.68199422     0.99986116        0
  1837.70242626     0.99981566        0
  1837.72285851     0.99997242        0
  1837.74329065     0.99993503        0
  1837.76372270     0.99996131        0
  1837.78415494     0.99994184        0
  1837.80458709     0.99996264        0
  1837.82501923     1.00007959        0
  1837.84545137     1.00015605        0
  1837.86588351     0.99980701        0
  1837.88631556     0.99999293        0
  1837.90674780     1.00016292        0
  1837.92717994     1.00021753        0
  1837.94761208     1.00018699        0
  1837.96804422     1.00002779        0
  1837.98847636     1.00003414        0
  1838.00890840     0.99988441        0
  1838.02934063     1.00021420        0
  1838.04977277     1.00008157        0
  1838.07020501     0.99977883        0
  1838.09063705     1.00003842        0
  1838.11106918     0.99994298        0
  1838.13150142     0.99995835        0
  1838.15193345     1.00014670        0
  1838.17236559     0.99996980        0
  1838.19279782     0.99995884        0
  1838.21322986     1.00003790        0
  1838.23366199     1.00007937        0
  1838.29495839     0.99987169        0
  1838.31539062     0.99995408        0
  1838.33582275     1.00003431        0
  1838.35625478     0.99989619        0
  1838.37668701     0.99985846        0
  1838.39711914     1.00002567        0
  1838.41755117     1.00001497        0
  1838.43798340     0.99996234        0
  1838.45841552     0.99997281        0
  1838.47884755     1.00014502        0
  1838.49927978     0.99984978        0
  1838.51971190     1.00026220        0
  1838.54014393     1.00005156        0
  1838.56057616     0.99994693        0
  1838.58100828     0.99992245        0
  1838.60144031     1.00042322        0
  1838.62187253     0.99983777        0
  1838.64230465     0.99988470        0
  1838.66273668     1.00000598        0
  1838.68316890     0.99997156        0
  1838.70360102     0.99994792        0
  1838.72403314     0.99993690        0
  1838.74446526     1.00007447        0
  1838.76489739     1.00000979        0
  1838.78532951     0.99984691        0
  1838.80576163     1.00006912        0
  1838.82619374     0.99996293        0
  1838.84662596     1.00014010        0
  1838.86705798     1.00006459        0
  1838.88749010     1.00017453        0
  1838.90792232     0.99994312        0
  1838.92835433     1.00012451        0
  1838.94878645     0.99999007        0
  1838.96921867     1.00003237        0
  1838.98965068     1.00063336        0
  1839.09181135     1.00014826        0
  1839.11224346     1.00000592        0
  1839.13267548     1.00006080        0
  1839.15310769     1.00030219        0
  1839.17353980     1.00002620        0
  1839.19397181     0.99996185        0
  1839.21440402     1.00005629        0
  1839.23483613     0.99995447        0
  1839.25526814     0.99985885        0
  1839.27570035     0.99999401        0
  1839.29613245     1.00015322        0
  1839.31656466     0.99997831        0
  1839.33699667     1.00000956        0
  1839.35742878     1.00002046        0
  1839.37786088     1.00010012        0
  1839.39829299     1.00027838        0
  1839.41872499     1.00008200        0
  1839.43915720     1.00002658        0
  1839.45958930     0.99986467        0
  1839.48002131     1.00007787        0
  1839.50045351     0.99994497        0
  1839.52088561     0.99995463        0
  1839.54131772     0.99997218        0
  1839.56174982     0.99986516        0
  1839.58218192     0.99990903        0
  1839.60261402     0.99981887        0
  1839.62304612     0.99993158        0
  1839.64347822     1.00001559        0
  1839.66391032     0.99972764        0
  1839.72520662     1.00066462        0
  1839.74563881     1.00000000        0
  1839.76607081     0.99990386        0
  1839.78650291     1.00000109        0
  1839.80693510     1.00014408        0
  1839.82736710     1.00004568        0
  1839.84779919     1.00388844        0
  1839.86823139     0.99969149        0
  1839.88866338     1.00004157        0
  1839.90909548     0.99992079        0
  1839.92952767     1.00008406        0
  1839.94995976     0.99986794        0
  1839.97039186     0.99991007        0
  1839.99082395     0.99993497        0
  1840.01125604     0.99996103        0
  1840.29730527     0.99994014        0
  1840.31773726     0.99989742        0
  1840.33816944     1.00001671        0
  1840.35860152     0.99998499        0
  1840.37903361     1.00013221        0
  1840.39946569     1.00026765        0
  1840.41989777     1.00018614        0
  1840.44032985     1.00025114        0
  1840.46076194     1.00009755        0
  1840.48119402     1.00005045        0
  1840.50162610     0.99982621        0
  1840.52205828     0.99990943        0
  1840.54249026     0.99978884        0
  1840.56292243     1.00008853        0
  1840.58335451     1.00008106        0
  1840.60378649     0.99993369        0
  1840.62421867     1.00004736        0
  1840.64465074     1.00010168        0
  1840.66508272     0.99971304        0
  1840.68551490     1.00000471        0
  1840.70594697     1.00056111        0
  1840.72637895     1.00006114        0
  1840.74681112     0.99992649        0
  1840.76724320     0.99993284        0
  1840.78767527     1.00000109        0
  1840.80810734     0.99986158        0
  1840.82853932     0.99991036        0
  1840.84897149     1.00001271        0
  1840.86940356     0.99999760        0
  1840.88983563     1.00001589        0
  1840.91026760     1.00005650        0
  1840.93069977     1.00003723        0
  1840.95113184     0.99987560        0
  1840.97156381     0.99994070        0
  1840.99199598     0.99989837        0
  1872.00746594     0.99997419        1
  1872.02789756     0.99989206        1
  1872.04832919     0.99992458        1
  1872.06876081     0.99996080        1
  1872.08919244     1.00001168        1
  1872.10962406     1.00002235        1
  1872.13005579     1.00000839        1
  1872.17091894     0.99998139        1
  1872.19135067     1.00009967        1
  1872.21178229     0.99995521        1
  1872.23221382     0.99998893        1
  1872.25264554     0.99993102        1
  1872.27307717     0.99993729        1
  1872.29350869     1.00017451        1
  1872.31394041     1.00007760        1
  1872.33437204     1.00003395        1
  1872.35480356     0.99994043        1
  1872.37523529     1.00003159        1
  1872.41609864     1.00003973        1
  1872.43653016     1.00004358        1
  1872.45696178     0.99999096        1
  1872.47739351     0.99987942        1
  1872.49782503     0.99991059        1
  1872.51825665     0.99983983        1
  1872.53868838     0.99996909        1
  1872.55911990     1.00005167        1
  1872.57955152     0.99998003        1
  1872.59998325     1.00005354        1
  1872.62041477     1.00001027        1
  1872.66127812     1.00013187        1
  1872.68170964     1.00019315        1
  1872.70214136     1.00015062        1
  1872.72257298     1.00004611        1
  1872.74300450     1.00007740        1
  1872.76343623     1.00016428        1
  1872.78386785     0.99993114        1
  1872.80429937     1.00011148        1
  1872.82473109     1.00011973        1
  1872.84516271     1.00011448        1
  1872.86559424     1.00007704        1
  1872.90645758     0.99994481        1
  1872.92688910     1.00010110        1
  1872.94732082     0.99995319        1
  1872.96775244     0.99988390        1
  1872.98818416     1.00010906        1
  1873.00861568     0.99998096        1
  1873.02904731     0.99998044        1
  1873.04947903     1.00018919        1
  1873.06991055     1.00007622        1
  1873.15163703     0.99966868        1
  1873.17206875     0.99968062        1
  1873.19250037     0.99990703        1
  1873.21293199     0.99989522        1
  1873.23336361     0.99991664        1
  1873.25379523     0.99993297        1
  1873.27422685     0.99995522        1
  1873.29465847     1.00001429        1
  1873.31509009     0.99981619        1
  1873.33552171     0.99981971        1
  1873.35595333     0.99995136        1
  1873.39681656     0.99979878        1
  1873.41724818     0.99986488        1
  1873.43767970     1.00032952        1
  1873.45811142     1.00004864        1
  1873.47854304     0.99995916        1
  1873.49897476     0.99994309        1
  1873.51940628     0.99996872        1
  1873.53983789     1.00007153        1
  1873.56026961     0.99994996        1
  1873.58070113     1.00010941        1
  1873.60113275     1.00016716        1
  1873.72372245     1.00022843        1
  1873.74415417     0.99996927        1
  1873.76458579     1.00009964        1
  1873.78501741     1.00018643        1
  1873.80544902     1.00008152        1
  1873.82588064     1.00007704        1
  1873.84631236     0.99994875        1
  1873.88717549     1.00005498        1
  1873.90760721     1.00007949        1
  1873.92803872     1.00004393        1
  1873.94847034     0.99998126        1
  1873.96890206     1.00003914        1
  1873.98933357     1.00000653        1
  1874.00976529     1.00028045        1
  1874.03019681     0.99987366        1
  1874.05062842     1.00011076        1
  1874.07106014     0.99994464        1
  1874.09149165     0.99990487        1
  1874.23451296     1.00002074        1
  1874.25494468     1.00012868        1
  1874.27537629     1.00003225        1
  1874.29580791     1.00015364        1
  1874.31623952     1.00022973        1
  1874.33667114     1.00004370        1
  1874.37753437     0.99997146        1
  1874.39796598     0.99987375        1
  1874.41839769     1.00004205        1
  1874.43882921     1.00010892        1
  1874.45926082     0.99986388        1
  1874.47969254     0.99995378        1
  1874.50012405     1.00010815        1
  1874.52055577     1.00005541        1
  1874.54098738     1.00011777        1
  1874.56141889     1.00011904        1
  1874.58185061     0.99991567        1
  1874.62271373     0.99979708        1
  1874.64314545     1.00004798        1
  1874.66357706     1.00005664        1
  1874.68400867     0.99997040        1
  1874.70444029     0.99987084        1
  1874.72487190     0.99993578        1
  1874.74530341     1.00001579        1
  1874.76573513     1.00001083        1
  1874.78616674     0.99996723        1
  1874.86789329     1.00009660        1
  1874.88832480     0.99994100        1
  1874.90875642     0.99991705        1
  1874.92918813     0.99985932        1
  1874.94961964     0.99971668        1
  1874.97005125     0.99997023        1
  1874.99048296     0.99988893        1
  1875.01091448     0.99993959        1
  1875.03134619     0.99993883        1
  1875.05177780     0.99997863        1
  1875.11307264     0.99999458        1
  1875.13350415     0.99984669        1
  1875.15393586     0.99984773        1
  1875.17436747     0.99977345        1
  1875.19479908     0.99982601        1
  1875.21523069     0.99979082        1
  1875.23566230     0.99978792        1
  1875.35825197     1.00008946        1
  1875.37868368     1.00069921        1
  1875.39911519     0.99987073        1
  1875.41954680     0.99994145        1
  1875.43997851     0.99994046        1
  1875.46041002     1.00006745        1
  1875.48084163     0.99976995        1
  1875.50127334     0.99996671        1
  1875.52170485     1.00012047        1
  1875.54213656     1.00012385        1
  1875.56256817     1.00007567        1
  1875.60343139     0.99995353        1
  1875.62386300     0.99991162        1
  1875.64429451     1.00015598        1
  1875.66472622     1.00027810        1
  1875.68515783     0.99992605        1
  1875.70558944     1.00041525        1
  1875.72602105     1.00006643        1
  1875.74645266     1.00011237        1
  1875.76688437     0.99990141        1
  1875.78731588     0.99996405        1
  1875.80774749     1.00004465        1
  1875.84861080     0.99999675        1
  1875.86904231     0.99996538        1
  1875.88947402     1.00019493        1
  1875.90990563     1.00012687        1
  1875.93033714     1.00005022        1
  1875.95076885     1.00012183        1
  1875.97120046     1.00009106        1
  1875.99163217     1.00005303        1
  1876.09379011     0.99987656        1
  1876.11422171     1.00007244        1
  1876.13465332     1.00001958        1
  1876.15508483     1.00004386        1
  1876.17551654     1.00010347        1
  1876.19594815     1.00006329        1
  1876.21637975     1.00003046        1
  1876.23681136     1.00020509        1
  1876.25724297     1.00011184        1
  1876.27767468     1.00004539        1
  1876.33896950     0.99999512        1
  1876.35940111     1.00000075        1
  1876.37983261     1.00011421        1
  1876.40026432     1.00000015        1
  1876.42069593     1.00000808        1
  1876.44112744     0.99999139        1
  1876.46155914     0.99999642        1
  1876.48199075     1.00008162        1
  1876.50242246     0.99998719        1
  1876.52285396     1.00005572        1
  1876.54328557     0.99995938        1
  1876.58414878     1.00004167        1
  1876.60458039     1.00007066        1
  1876.62501210     0.99985445        1
  1876.64544360     0.99993767        1
  1876.82932806     0.99984671        1
  1876.84975976     0.99995892        1
  1876.87019127     0.99988174        1
  1876.89062288     0.99989218        1
  1876.91105458     0.99994687        1
  1876.93148619     0.99989170        1
  1877.07450753     0.99994881        1
  1877.09493903     0.99990970        1
  1877.11537064     0.99981576        1
  1877.13580234     0.99989813        1
  1877.15623385     0.99984010        1
  1877.17666545     0.99975944        1
  1877.19709716     0.99975991        1
  1877.21752866     0.99995044        1
  1877.23796037     0.99994991        1
  1877.25839197     0.99984363        1
  1877.27882348     0.99986981        1
  1877.31968678     0.99996323        1
  1877.34011839     0.99984608        1
  1877.36054999     0.99998032        1
  1877.38098160     0.99994351        1
  1877.40141320     0.99993155        1
  1877.42184481     0.99998430        1
  1877.44227641     0.99996119        1
  1877.46270802     1.00003495        1
  1877.48313962     0.99994465        1
  1877.50357122     0.99995120        1
  1877.52400283     1.00002246        1
  1877.56486604     1.00002354        1
  1877.58529774     1.00003612        1
  1877.60572924     0.99996157        1
  1877.62616085     1.00010946        1
  1877.64659255     1.00012394        1
  1877.66702405     1.00013005        1
  1877.68745576     1.00008753        1
  1877.70788736     1.00001348        1
  1877.72831887     1.00004415        1
  1877.74875057     0.99997870        1
  1877.76918217     1.00002965        1
  1877.81004538     1.00002723        1
  1877.83047698     1.00006356        1
  1877.85090849     1.00016636        1
  1877.87134019     1.00003012        1
  1877.89177179     0.99993472        1
  1877.91220340     1.00004927        1
  1877.93263500     0.99999789        1
  1877.95306660     0.99995544        1
  1877.97349831     0.99986530        1
  1877.99392991     0.99986598        1
  1878.01436141     1.00009368        1
  1878.05522472     0.99997340        1
  1878.07565622     1.00005053        1
  1878.09608792     1.00010032        1
  1878.11651953     1.00007315        1
  1878.13695103     1.00007932        1
  1878.15738273     1.00012650        1
  1878.17781423     0.99999354        1
  1878.19824594     0.99995960        1
  1878.21867754     0.99992990        1
  1878.23910904     1.00001052        1
  1878.25954074     1.00011523        1
  1878.30040385     1.00005304        1
  1878.32083555     1.00006412        1
  1878.34126715     1.00007671        1
  1878.36169866     1.00011081        1
  1878.38213036     1.00003824        1
  1878.40256196     1.00012802        1
  1878.42299366     1.00005913        1
  1878.44342516     1.00000186        1
  1878.46385677     1.00013092        1
  1878.48428847     1.00003063        1
  1878.54558327     0.99983865        1
  1878.56601488     1.00000175        1
  1878.58644638     1.00012903        1
  1878.60687808     0.99998396        1
  1878.62730968     0.99999505        1
  1878.64774128     0.99997396        1
  1878.66817288     0.99997193        1
  1878.68860449     0.99998364        1
  1878.70903619     0.99993447        1
  1878.72946769     1.00007096        1
  1878.74989929     0.99991692        1
  1878.79076249     1.00001130        1
  1878.81119410     1.00003987        1
  1878.83162570     1.00012003        1
  1878.85205730     1.00009335        1
  1878.87248900     1.00010877        1
  1878.89292050     1.00004242        1
  1878.91335210     0.99992752        1
  1878.93378380     1.00013002        1
  1878.95421530     0.99999132        1
  1878.97464691     1.00016601        1
  1878.99507861     0.99987983        1
  1879.05637341     0.99984721        1
  1879.07680501     0.99985958        1
  1879.09723661     1.00005109        1
  1879.11766821     0.99995792        1
  1879.13809981     0.99991228        1
  1879.15853141     1.00007280        1
  1879.17896302     0.99999695        1
  1879.19939462     0.99999441        1
  1879.21982632     0.99989022        1
  1879.24025782     1.00000000        1
  1879.28112112     1.00002611        1
  1879.30155262     0.99967288        1
  1879.32198432     0.99985553        1
  1879.34241592     0.99982613        1
  1879.36284742     1.00003449        1
  1879.38327912     0.99995054        1
  1879.40371072     0.99988924        1
  1879.42414222     1.00001439        1
  1879.44457392     0.99993267        1
  1879.46500552     0.99993706        1
  1879.48543702     1.00005436        1
  1879.52630022     1.00006517        1
  1879.54673192     1.00012124        1
  1879.56716352     1.00006646        1
  1879.58759513     1.00033176        1
  1879.60802673     1.00014488        1
  1879.62845833     1.00022393        1
  1879.64888993     0.99993040        1
  1879.66932153     0.99995983        1
  1879.68975313     1.00009170        1
  1879.71018473     1.00012985        1
  1879.73061633     0.99996628        1
  1879.77147963     1.00002667        1
  1879.79191123     0.99981541        1
  1879.81234273     0.99990236        1
  1879.83277443     0.99988225        1
  1879.85320603     0.99993129        1
  1879.87363753     0.99997514        1
  1879.89406923     1.00001317        1
  1879.91450083     1.00001264        1
  1879.93493233     1.00011690        1
  1879.95536403     1.00002285        1
  1879.97579563     0.99985004        1
  1880.01665882     1.00015427        2
  1880.03709042     1.00006232        2
  1880.05752212     0.99995629        2
  1880.07795362     0.99996625        2
  1880.09838522     0.99984372        2
  1880.11881682     1.00002031        2
  1880.13924842     0.99987695        2
  1880.15968002     1.00020712        2
  1880.18011172     1.00004278        2
  1880.20054322     0.99996888        2
  1880.22097492     1.00005617        2
  1880.26183802     1.00000667        2
  1880.28226972     1.00008204        2
  1880.30270132     1.00003201        2
  1880.32313282     0.99999977        2
  1880.34356452     0.99994310        2
  1880.36399612     0.99994090        2
  1880.38442762     0.99999248        2
  1880.40485932     1.00020241        2
  1880.42529092     1.00007597        2
  1880.44572262     1.00007576        2
  1880.50701741     1.00012158        2
  1880.52744891     1.00006094        2
  1880.54788051     1.00000776        2
  1880.56831221     0.99996770        2
  1880.58874371     1.00029910        2
  1880.60917531     1.00006906        2
  1880.62960701     1.00000637        2
  1880.65003851     1.00011494        2
  1880.67047021     1.00014567        2
  1880.75219660     1.00014540        2
  1880.77262820     1.00004129        2
  1880.79305980     0.99990175        2
  1880.81349140     0.99993043        2
  1880.83392300     0.99989317        2
  1880.85435460     1.00004990        2
  1880.87478620     0.99983517        2
  1880.89521780     0.99998046        2
  1880.91564940     0.99990904        2
  1880.93608100     0.99997030        2
  1880.95651269     0.99996798        2
  1880.99737579     0.99990744        2
  1881.01780749     0.99993750        2
  1881.03823899     0.99987243        2
  1881.05867059     0.99994940        2
  1881.07910229     0.99987913        2
  1881.09953379     0.99991243        2
  1881.11996549     0.99990985        2
  1881.14039709     0.99994180        2
  1881.16082858     1.00069032        2
  1881.18126028     0.99988147        2
  1881.20169188     0.99989351        2
  1881.24255508     1.00018457        2
  1881.26298668     1.00006798        2
  1881.28341828     1.00002045        2
  1881.30384988     1.00002639        2
  1881.32428148     0.99988042        2
  1881.34471317     0.99997547        2
  1881.36514467     0.99995894        2
  1881.38557627     1.00002458        2
  1881.40600797     0.99990879        2
  1881.42643957     1.00017692        2
  1881.44687107     0.99995492        2
  1881.48773427     0.99992634        2
  1881.50816597     1.00025930        2
  1881.52859756     1.00027305        2
  1881.54902916     1.00001121        2
  1881.56946076     0.99993413        2
  1881.58989236     1.00010061        2
  1881.61032386     1.00010080        2
  1881.63075556     0.99999722        2
  1881.65118716     0.99988500        2
  1881.67161866     0.99990641        2
  1881.69205035     0.99997748        2
  1881.73291365     1.00002681        2
  1881.75334515     0.99992112        2
  1881.77377675     0.99991094        2
  1881.79420845     0.99989302        2
  1881.81463995     1.00007112        2
  1881.83507155     1.00018328        2
  1881.85550324     1.00002742        2
  1881.87593474     0.99979442        2
  1881.89636634     0.99998660        2
  1881.91679804     0.99998495        2
  1881.93722964     1.00014333        2
  1881.97809284     1.00002835        2
  1881.99852444     0.99992235        2
  1882.01895604     1.00002493        2
  1882.03938763     0.99991603        2
  1882.05981923     0.99995439        2
  1882.08025093     1.00004443        2
  1882.10068243     1.00005166        2
  1882.12111403     1.00001254        2
  1882.14154573     0.99994320        2
  1882.16197723     0.99999363        2
  1882.22327202     1.00016245        2
  1882.24370372     0.99988196        2
  1882.26413522     0.99982418        2
  1882.28456682     1.00002287        2
  1882.30499852     1.00010250        2
  1882.32543002     0.99999492        2
  1882.34586172     1.00007575        2
  1882.36629332     1.00007146        2
  1882.46845131     0.99997605        2
  1882.48888291     1.00016554        2
  1882.50931451     0.99997723        2
  1882.52974611     0.99986878        2
  1882.55017771     1.00006167        2
  1882.57060940     1.00009909        2
  1882.77492539     0.99996536        2
  1882.79535709     0.99992855        2
  1882.81578859     1.00008537        2
  1882.83622019     1.00005150        2
  1882.85665189     0.99988018        2
  1882.87708339     0.99997386        2
  1882.89751489     1.00004348        2
  1882.91794659     0.99985832        2
  1883.02010468     1.00011958        2
  1883.04053618     0.99999919        2
  1883.06096778     1.00002828        2
  1883.08139948     1.00010830        2
  1883.10183108     0.99998473        2
  1883.12226258     0.99992869        2
  1883.14269428     0.99994476        2
  1883.16312588     0.99998439        2
  1883.20398908     1.00028918        2
  1883.22442068     0.99984113        2
  1883.24485237     0.99998699        2
  1883.26528387     1.00001088        2
  1883.28571547     1.00003862        2
  1883.30614717     1.00013661        2
  1883.32657867     1.00037627        2
  1883.34701027     1.00023296        2
  1883.36744197     1.00013870        2
  1883.38787347     1.00017273        2
  1883.40830517     1.00009027        2
  1883.44916827     1.00006031        2
  1883.46959997     0.99995412        2
  1883.49003157     1.00002216        2
  1883.51046307     1.00022829        2
  1883.53089477     1.00008110        2
  1883.55132627     0.99995639        2
  1883.57175797     1.00000102        2
  1883.59218957     1.00013980        2
  1883.61262107     1.00016369        2
  1883.63305277     1.00004648        2
  1883.65348436     1.00003042        2
  1883.69434756     0.99993054        2
  1883.71477916     1.00007261        2
  1883.73521076     1.00012653        2
  1883.75564236     1.00008779        2
  1883.77607396     0.99990242        2
  1883.79650566     0.99993549        2
  1883.81693726     1.00021518        2
  1883.83736876     0.99990475        2
  1883.85780046     0.99988751        2
  1883.87823206     1.00002002        2
  1883.89866356     0.99998370        2
  1883.95995836     0.99998489        2
  1883.98039006     0.99982554        2
  1884.00082166     1.00007647        2
  1884.02125336     0.99994599        2
  1884.04168486     0.99992397        2
  1884.06211646     0.99993614        2
  1884.08254816     1.00006095        2
  1884.10297966     0.99989342        2
  1884.12341126     0.99995321        2
  1884.14384296     1.00001097        2
  1884.20513766     1.00013785        2
  1884.22556926     0.99994067        2
  1884.24600097     1.00012440        2
  1884.26643247     0.99982425        2
  1884.28686407     1.00006355        2
  1884.30729577     1.00008335        2
  1884.32772737     0.99997054        2
  1884.34815887     1.00008450        2
  1884.36859057     1.00023531        2
  1884.38902217     1.00010577        2
  1884.42988537     0.99996664        2
  1884.45031697     0.99996383        2
  1884.47074867     1.00000000        2
  1884.49118017     0.99999886        2
  1884.51161177     1.00022760        2
  1884.53204347     1.00000077        2
  1884.55247497     0.99987137        2
  1884.57290657     1.00007302        2
  1884.59333828     1.00011915        2
  1884.61376978     0.99998035        2
  1884.63420148     1.00002264        2
  1884.67506458     0.99996505        2
  1884.69549628     0.99994205        2
  1884.71592788     0.99998489        2
  1884.73635948     0.99988093        2
  1884.75679108     0.99996415        2
  1884.77722268     1.00002228        2
  1884.79765429     0.99992039        2
  1884.81808589     1.00000615        2
  1884.83851749     0.99993087        2
  1884.85894909     0.99988698        2
  1884.92024389     0.99995285        2
  1884.94067549     1.00004222        2
  1884.96110710     0.99988882        2
  1884.98153880     0.99983676        2
  1885.00197030     0.99986613        2
  1885.02240200     0.99988736        2
  1885.04283360     0.99990472        2
  1885.06326510     0.99986350        2
  1885.08369681     0.99983929        2
  1885.10412841     0.99991888        2
  1885.12455991     0.99989852        2
  1885.16542321     0.99942223        2
  1885.18585471     1.00006844        2
  1885.20628642     1.00000698        2
  1885.22671802     1.00010270        2
  1885.24714972     1.00023304        2
  1885.26758122     0.99988987        2
  1885.28801282     0.99999074        2
  1885.30844453     0.99999345        2
  1885.32887603     1.00001324        2
  1885.34930763     0.99988291        2
  1885.36973933     0.99995265        2
  1885.41060244     1.00004345        2
  1885.43103414     1.00013780        2
  1885.45146574     1.00011632        2
  1885.47189734     0.99988929        2
  1885.49232895     1.00023004        2
  1885.51276055     1.00025689        2
  1885.53319215     0.99997953        2
  1885.55362375     1.00006236        2
  1885.57405526     1.00007033        2
  1885.59448696     0.99998516        2
  1885.61491856     1.00020138        2
  1885.65578177     1.00032119        2
  1885.67621337     0.99997400        2
  1885.69664507     1.00001356        2
  1885.71707658     1.00005525        2
  1885.73750818     1.00013481        2
  1885.75793988     1.00004786        2
  1885.77837139     1.00015506        2
  1885.79880299     1.00006799        2
  1885.81923469     1.00002514        2
  1885.83966619     1.00001410        2
  1885.86009790     1.00007005        2
  1885.90096100     1.00001599        2
  1885.92139271     0.99995289        2
  1885.94182431     1.00019768        2
  1885.96225591     1.00015674        2
  1885.98268752     1.00011776        2
  1886.00311912     1.00010235        2
  1886.02355072     1.00004781        2
  1886.04398233     1.00004820        2
  1886.06441393     1.00000776        2
  1886.08484564     1.00008644        2
  1886.10527724     0.99997469        2
  1886.16657205     1.00023975        2
  1886.18700356     1.00010903        2
  1886.20743526     1.00012846        2
  1886.22786676     1.00004477        2
  1886.24829847     0.99995210        2
  1886.26873007     1.00016435        2
  1886.28916158     1.00006333        2
  1886.30959328     1.00008983        2
  1886.33002488     0.99998580        2
  1886.35045639     0.99997893        2
  1886.39131970     0.99990442        2
  1886.41175120     0.99993115        2
  1886.43218291     1.00002112        2
  1886.45261451     0.99993056        2
  1886.47304622     1.00009636        2
  1886.49347772     1.00000704        2
  1886.51390933     0.99997103        2
  1886.53434103     1.00015391        2
  1886.63649905     0.99992500        2
  1886.65693066     0.99992835        2
  1886.67736227     1.00001562        2
  1886.69779387     0.99980141        2
  1886.71822548     0.99992900        2
  1886.73865708     0.99994004        2
  1886.88167832     0.99984374        2
  1886.90210993     0.99991062        2
  1886.92254163     1.00005182        2
  1886.94297314     0.99974678        2
  1886.96340474     0.99994768        2
  1886.98383645     0.99987003        2
  1887.00426796     0.99978074        2
  1887.12685769     0.99987687        2
  1887.14728930     0.99977660        2
  1887.16772091     0.99985710        2
  1887.18815251     0.99998853        2
  1887.20858412     0.99987013        2
  1887.22901573     0.99981089        2
  1887.24944743     1.00021986        2
  1887.26987894     1.00021096        2
  1887.29031055     0.99997280        2
  1887.31074225     0.99996212        2
  1887.33117386     0.99997005        2
  1887.37203708     0.99978967        2
  1887.39246868     1.00013456        2
  1887.41290019     0.99991180        2
  1887.43333190     0.99993449        2
  1887.45376350     1.00021518        2
  1887.47419511     0.99999973        2
  1887.49462672     1.00010377        2
  1887.51505833     1.00014217        2
  1887.53549003     1.00000283        2
  1887.55592154     0.99997052        2
  1887.57635315     0.99998601        2
  1887.61721637     1.00013110        2
  1887.63764807     0.99999364        2
  1887.65807958     1.00019048        2
  1887.67851119     0.99999649        2
  1887.69894290     1.00000867        2
  1887.71937441     1.00004924        2
  1887.73980602     0.99990845        2
  1887.76023772     1.00005032        2
  1887.78066923     0.99995746        2
  1887.86239577     1.00001146        2
  1887.88282738     1.00007599        2
  1887.90325898     1.00002440        2
  1887.92369059     0.99967855        2
  1887.94412220     0.99995939        2
  1887.96455381     0.99990669        2
  1887.98498552     1.00000653        2
  1891.04972850     0.99997902        3
  1891.07016012     0.99984055        3
  1891.09059184     0.99993768        3
  1891.11102336     0.99985160        3
  1891.13145499     1.00002899        3
  1891.15188671     1.00007096        3
  1891.17231823     1.00004707        3
  1891.19274995     1.00014608        3
  1891.21318158     1.00014070        3
  1891.23361310     1.00023791        3
  1891.29490797     0.99997205        3
  1891.31533969     0.99982153        3
  1891.33577131     1.00000235        3
  1891.35620304     1.00014153        3
  1891.37663456     0.99996636        3
  1891.39706619     0.99999337        3
  1891.41749791     0.99989527        3
  1891.43792943     1.00017444        3
  1891.45836106     1.00004399        3
  1891.47879278     1.00001798        3
  1891.49922441     1.00003206        3
  1891.54008766     1.00001626        3
  1891.56051918     0.99996276        3
  1891.58095090     1.00015889        3
  1891.60138253     0.99997069        3
  1891.62181405     0.99990197        3
  1891.64224578     0.99996086        3
  1891.66267740     1.00021922        3
  1891.68310893     0.99999707        3
  1891.70354065     1.00000771        3
  1891.72397228     0.99994534        3
  1891.74440401     0.99999110        3
  1891.78526716     1.00007962        3
  1891.80569888     0.99999055        3
  1891.82613041     1.00006707        3
  1891.84656204     0.99999283        3
  1891.86699376     0.99999237        3
  1891.88742529     1.00000953        3
  1891.90785691     0.99997795        3
  1891.92828864     1.00001812        3
  1891.94872017     0.99997410        3
  1891.96915189     1.00008857        3
  1891.98958352     1.00004333        3
  1892.03044678     0.99979182        3
  1892.05087840     0.99990120        3
  1892.07131003     1.00009868        3
  1892.09174166     1.00011634        3
  1892.11217329     0.99991748        3
  1892.13260501     1.00011270        3
  1892.15303664     0.99995638        3
  1892.17346817     0.99991220        3
  1892.19389990     0.99994222        3
  1892.21433143     0.99995621        3
  1892.23476305     1.00008705        3
  1892.27562631     1.00003619        3
  1892.29605804     0.99990786        3
  1892.31648967     1.00006730        3
  1892.33692120     0.99973342        3
  1892.35735293     0.99995202        3
  1892.37778456     1.00000281        3
  1892.39821608     1.00000005        3
  1892.41864781     0.99995643        3
  1892.43907944     1.00015371        3
  1892.45951097     1.00003692        3
  1892.52080606     0.99982963        3
  1892.54123759     0.99999122        3
  1892.56166922     1.00007347        3
  1892.58210095     1.00006848        3
  1892.60253248     1.00001212        3
  1892.62296411     1.00001175        3
  1892.64339584     0.99987537        3
  1892.66382748     0.99993904        3
  1892.84771216     1.00009978        3
  1892.86814389     0.99996352        3
  1892.88857542     0.99985579        3
  1892.90900715     0.99999511        3
  1892.92943869     0.99989626        3
  1892.94987032     0.99993896        3
  1892.97030205     1.00001266        3
  1893.01116522     1.00020822        3
  1893.03159695     0.99988488        3
  1893.05202848     0.99994245        3
  1893.07246022     1.00009402        3
  1893.09289185     1.00044203        3
  1893.11332338     1.00016416        3
  1893.13375512     0.99999189        3
  1893.15418675     1.00021096        3
  1893.17461828     1.00030248        3
  1893.19505002     1.00028561        3
  1893.21548165     0.99990685        3
  1893.33807146     1.00006937        3
  1893.35850319     0.99992287        3
  1893.37893483     1.00001035        3
  1893.39936636     1.00008093        3
  1893.41979810     1.00000000        3
  1893.44022974     0.99996022        3
  1893.46066147     1.00005888        3
  1893.50152464     1.00007262        3
  1893.52195638     1.00031816        3
  1893.54238792     1.00025704        3
  1893.56281945     0.99995372        3
  1893.58325119     1.00003662        3
  1893.60368282     1.00016518        3
  1893.62411456     1.00033924        3
  1893.64454610     1.00005140        3
  1893.66497773     1.00003065        3
  1893.68540947     1.00016464        3
  1893.70584101     1.00004572        3
  1893.74670438     0.99995792        3
  1893.76713592     0.99982000        3
  1893.78756756     0.99997946        3
  1893.80799930     0.99986519        3
  1893.82843083     0.99993892        3
  1893.84886257     0.99990946        3
  1893.86929421     0.99994316        3
  1893.88972585     1.00021408        3
  1893.91015749     1.00025541        3
  1893.93058913     1.00001706        3
  1894.01231578     0.99990453        3
  1894.03274742     0.99997437        3
  1894.05317896     1.00005381        3
  1894.07361070     0.99995618        3
  1894.09404234     0.99987707        3
  1894.11447388     0.99998773        3
  1894.13490562     1.00005433        3
  1894.15533726     0.99995990        3
  1894.17576890     0.99994827        3
  1894.19620054     1.00000739        3
  1894.23706382     1.00012745        3
  1894.25749546     0.99992660        3
  1894.27792700     1.00006340        3
  1894.29835875     1.00021994        3
  1894.31879039     1.00002331        3
  1894.33922193     0.99995440        3
  1894.35965367     1.00029419        3
  1894.38008531     0.99997841        3
  1894.40051705     1.00006792        3
  1894.42094859     0.99987259        3
  1894.44138024     1.00002469        3
  1894.48224352     0.99992295        3
  1894.50267516     0.99982158        3
  1894.52310691     1.00001948        3
  1894.54353855     1.00012368        3
  1894.56397019     1.00007565        3
  1894.58440184     0.99989666        3
  1894.60483348     0.99998463        3
  1894.72742334     0.99988426        3
  1894.74785508     0.99988842        3
  1894.76828663     0.99994185        3
  1894.78871837     0.99991707        3
  1894.80915002     0.99993118        3
  1894.82958156     0.99990925        3
  1894.85001331     0.99998433        3
  1894.87044485     0.99999978        3
  1894.97260318     0.99990202        3
  1894.99303473     1.00001087        3
  1895.01346647     1.00010197        3
  1895.03389812     0.99984787        3
  1895.05432976     0.99997747        3
  1895.07476141     0.99990792        3
  1895.09519306     1.00002506        3
  1895.11562480     0.99995548        3
  1895.13605635     1.00021045        3
  1895.15648800     1.00012661        3
  1895.17691975     0.99997635        3
  1895.21778294     1.00065871        3
  1895.23821469     1.00030358        3
  1895.25864634     1.00020138        3
  1895.27907788     0.99989309        3
  1895.29950963     0.99999159        3
  1895.31994128     0.99998169        3
  1895.34037303     0.99995480        3
  1895.36080458     0.99994919        3
  1895.38123623     0.99998515        3
  1895.40166797     0.99998735        3
  1895.42209952     0.99995796        3
  1895.46296292     1.00026635        3
  1895.48339447     1.00010944        3
  1895.50382622     1.00017061        3
  1895.52425777     1.00012774        3
  1895.54468942     1.00016836        3
  1895.56512117     1.00021242        3
  1895.58555272     1.00007385        3
  1895.60598437     0.99989792        3
  1895.62641612     0.99997065        3
  1895.64684767     0.99996142        3
  1895.66727942     0.99993250        3
  1895.70814272     1.00001464        3
  1895.72857438     1.00006271        3
  1895.74900603     0.99999586        3
  1895.76943768     1.00008635        3
  1895.78986933     1.00002499        3
  1895.81030098     1.00012720        3
  1895.83073263     1.00003045        3
  1895.85116439     0.99992683        3
  1895.87159594     0.99996206        3
  1895.89202769     0.99998415        3
  1895.91245934     1.00002216        3
  1895.95332265     1.00010477        3
  1895.97375430     0.99987006        3
  1895.99418586     0.99996312        3
  1896.01461761     0.99979136        3
  1896.03504926     1.00008301        3
  1896.05548102     1.00006705        3
  1896.07591257     1.00013067        3
  1896.09634422     1.00013023        3
  1896.11677588     1.00008134        3
  1896.13720753     1.00004739        3
  1896.15763919     1.00000494        3
  1896.19850250     0.99999761        3
  1896.21893425     1.00010675        3
  1896.23936581     1.00003271        3
  1896.25979746     1.00001767        3
  1896.28022922     1.00003326        3
  1896.30066077     1.00008013        3
  1896.32109243     0.99992869        3
  1896.34152419     1.00004071        3
  1896.36195574     0.99996004        3
  1896.38238740     1.00044276        3
  1896.50497744     0.99997170        3
  1896.52540910     0.99995675        3
  1896.54584075     0.99995615        3
  1896.56627251     1.00002945        3
  1896.58670407     0.99997044        3
  1896.60713583     0.99995109        3
  1896.62756749     0.99999563        3
  1896.64799904     0.99999005        3
  1896.68886246     1.00002926        3
  1896.70929402     1.00002414        3
  1896.72972578     0.99983518        3
  1896.75015744     1.00001271        3
  1896.77058910     0.99998255        3
  1896.79102076     0.99991852        3
  1896.81145242     0.99991048        3
  1896.83188408     0.99995327        3
  1896.85231574     0.99987370        3
  1896.87274740     0.99990820        3
  1896.89317906     0.99986995        3
  1896.93404238     1.00009006        3
  1896.95447404     1.00007605        3
  1896.97490570     1.00014000        3
  1896.99533746     1.00009541        3
  1897.01576902     1.00032695        3
  1897.03620068     1.00046466        3
  1897.05663245     1.00019645        3
  1897.07706411     0.99995846        3
  1897.09749567     0.99987955        3
  1897.11792743     0.99997637        3
  1897.13835909     0.99987388        3
  1897.17922242     0.99984357        3
  1897.19965408     1.00000312        3
  1897.22008584     0.99994108        3
  1897.24051741     0.99997868        3
  1897.26094907     1.00004889        3
  1897.28138083     1.00023344        3
  1897.30181240     1.00003043        3
  1897.32224416     0.99996923        3
  1897.34267583     0.99999354        3
  1897.36310739     1.00028255        3
  1897.38353915     0.99996610        3
  1897.42440238     1.00031505        3
  1897.44483415     0.99989168        3
  1897.46526581     0.99995481        3
  1897.48569758     1.00014938        3
  1897.50612914     1.00022335        3
  1897.52656071     1.00026455        3
  1897.54699248     0.99998136        3
  1897.56742414     1.00002103        3
  1897.58785581     0.99989372        3
  1897.60828747     0.99995309        3
  1897.62871914     0.99999545        3
  1897.75130914     0.99995948        3
  1897.77174091     1.00011286        3
  1897.79217258     1.00003785        3
  1897.81260415     1.00002334        3
  1897.83303591     1.00012851        3
  1897.85346758     0.99992295        3
  1897.87389935     1.00003131        3
  1897.91476259     1.00004614        3
  1897.93519436     1.00017012        3
  1897.95562593     1.00007230        3
  1897.97605760     0.99979593        3
  1897.99648936     0.99987304        3
  1898.01692093     0.99995558        4
  1898.03735270     1.00004549        4
  1898.05778437     1.00006731        4
  1898.07821594     1.00003568        4
  1898.09864772     1.00014658        4
  1898.11907939     0.99994614        4
  1898.15994273     0.99992530        4
  1898.18037430     0.99985380        4
  1898.20080607     0.99995919        4
  1898.22123774     1.00002177        4
  1898.24166931     1.00006019        4
  1898.26210109     1.00019085        4
  1898.28253276     1.00016187        4
  1898.30296443     1.00019175        4
  1898.32339610     0.99998662        4
  1898.34382777     1.00000000        4
  1898.40512279     0.99985665        4
  1898.42555457     0.99981861        4
  1898.44598624     0.99987626        4
  1898.46641781     0.99992493        4
  1898.48684959     0.99981016        4
  1898.50728126     0.99993590        4
  1898.52771284     1.00009706        4
  1898.54814461     0.99999699        4
  1898.56857628     1.00006716        4
  1898.58900806     1.00010293        4
  1898.65030308     0.99988779        4
  1898.67073466     0.99990203        4
  1898.69116634     0.99993141        4
  1898.71159811     0.99986863        4
  1898.73202969     0.99985381        4
  1898.75246146     1.00006315        4
  1898.77289314     1.00005178        4
  1898.79332472     0.99992414        4
  1898.81375649     0.99996746        4
  1898.83418807     1.00004169        4
  1898.85461975     0.99995916        4
  1898.89548310     1.00026916        4
  1898.91591478     1.00003266        4
  1898.93634656     1.00026095        4
  1898.95677824     1.00006335        4
  1898.97720991     0.99997615        4
  1898.99764159     0.99997447        4
  1899.01807327     1.00005388        4
  1899.03850495     1.00010404        4
  1899.05893663     1.00007354        4
  1899.07936831     0.99998598        4
  1899.09980009     1.00000092        4
  1899.14066345     1.00015314        4
  1899.16109513     1.00038422        4
  1899.18152671     0.99989041        4
  1899.20195849     0.99995892        4
  1899.22239017     1.00016634        4
  1899.24282175     1.00003063        4
  1899.26325353     1.00007039        4
  1899.28368521     1.00003680        4
  1899.30411699     0.99994813        4
  1899.32454857     0.99986685        4
  1899.34498026     1.00012566        4
  1899.38584362     0.99993879        4
  1899.40627530     1.00024535        4
  1899.42670708     1.00006058        4
  1899.44713867     0.99995353        4
  1899.46757045     0.99999199        4
  1899.48800203     1.00000696        4
  1899.50843372     0.99989293        4
  1899.52886550     1.00001356        4
  1899.54929708     1.00009330        4
  1899.56972877     1.00016380        4
  1899.59016055     0.99989139        4
  1899.63102382     0.99996144        4
  1899.65145560     0.99995213        4
  1899.67188729     0.99995965        4
  1899.69231897     0.99993431        4
  1899.71275066     0.99997461        4
  1899.73318234     1.00001928        4
  1899.75361413     0.99994683        4
  1899.77404572     1.00005870        4
  1899.79447740     1.00006816        4
  1899.81490919     1.00003613        4
  1899.83534077     1.00004671        4
  1899.89663583     1.00000685        4
  1899.91706762     1.00014024        4
  1899.93749931     0.99998888        4
  1899.95793090     0.99997858        4
  1899.97836268     1.00099095        4
  1899.99879437     0.99990443        4
  1900.01922616     0.99983411        4
  1900.03965775     1.00001176        4
  1900.06008944     1.00005592        4
  1900.08052112     0.99999505        4
  1900.12138450     0.99987532        4
  1900.14181619     0.99992057        4
  1900.16224788     0.99999125        4
  1900.18267967     1.00010987        4
  1900.20311126     0.99996298        4
  1900.22354295     1.00002215        4
  1900.24397474     0.99992196        4
  1900.26440633     1.00004177        4
  1900.28483802     1.00004137        4
  1900.30526981     0.99997958        4
  1900.32570150     1.00000387        4
  1900.36656489     0.99993091        4
  1900.38699658     1.00003616        4
  1900.40742837     0.99998478        4
  1900.42785996     0.99990835        4
  1900.44829165     0.99999689        4
  1900.46872345     1.00002005        4
  1900.48915504     0.99998759        4
  1900.50958673     1.00000113        4
  1900.53001853     0.99996716        4
  1900.55045012     0.99995389        4
  1900.57088191     0.99986621        4
  1900.61174520     0.99995892        4
  1900.63217699     0.99993544        4
  1900.65260869     0.99999323        4
  1900.67304028     1.00003612        4
  1900.69347208     0.99989793        4
  1900.71390377     1.00002195        4
  1900.85692564     0.99993126        4
  1900.87735734     1.00001091        4
  1900.89778914     1.00026069        4
  1900.91822083     1.00004150        4
  1900.93865243     1.00028335        4
  1900.95908423     0.99994218        4
  1900.97951593     1.00020398        4
  1900.99994752     1.00003456        4
  1901.02037932     0.99986735        4
  1901.04081102     0.99994304        4
  1901.06124262     1.00009874        4
  1901.10210612     1.00012479        4
  1901.12253791     1.00011337        4
  1901.14296951     1.00024503        4
  1901.16340121     1.00006016        4
  1901.18383301     0.99998721        4
  1901.20426461     0.99992547        4
  1901.22469631     0.99996295        4
  1901.24512811     1.00013114        4
  1901.26555971     1.00007291        4
  1901.28599151     1.00010073        4
  1901.30642322     0.99993121        4
  1901.36771832     0.99995528        4
  1901.38815002     1.00042238        4
  1901.40858172     1.00002035        4
  1901.42901343     1.00004557        4
  1901.44944513     0.99994559        4
  1901.46987683     1.00014646        4
  1901.49030853     0.99997269        4
  1901.51074024     0.99997805        4
  1901.53117194     1.00016343        4
  1901.55160364     0.99989788        4
  1901.59246705     1.00030475        4
  1901.61289886     0.99996239        4
  1901.63333056     0.99990246        4
  1901.65376216     1.00007784        4
  1901.67419397     1.00016991        4
  1901.69462567     1.00008167        4
  1901.71505728     1.00015332        4
  1901.73548908     1.00003107        4
  1901.75592079     0.99989263        4
  1901.77635240     0.99990308        4
  1901.79678420     1.00005537        4
  1901.83764771     1.00005370        4
  1901.85807932     1.00011216        4
  1901.87851103     1.00003146        4
  1901.89894284     0.99987241        4
  1901.91937444     1.00006313        4
  1901.93980615     0.99998191        4
  1901.96023796     0.99996765        4
  1901.98066957     1.00000110        4
  1902.00110137     0.99998508        4
  1902.02153308     0.99999316        4
  1902.08282821     0.99980905        4
  1902.10325982     0.99982120        4
  1902.12369163     0.99984509        4
  1902.14412334     0.99996632        4
  1902.16455505     1.00007257        4
  1902.18498676     1.00002144        4
  1902.20541847     1.00009297        4
  1902.22585018     0.99999474        4
  1902.24628189     1.00002373        4
  1902.26671360     0.99996034        4
  1902.28714541     1.00011251        4
  1902.32800874     0.99975579        4
  1902.34844055     0.99987458        4
  1902.36887216     0.99991117        4
  1902.38930397     0.99993495        4
  1902.40973569     0.99986866        4
  1902.43016730     0.99988357        4
  1902.57318939     1.00000640        4
  1902.59362111     0.99980225        4
  1902.61405292     0.99983208        4
  1902.63448454     0.99994611        4
  1902.65491625     0.99988318        4
  1902.67534807     0.99991386        4
  1902.69577969     0.99998481        4
  1902.71621150     0.99996777        4
  1902.73664322     0.99986428        4
  1902.75707483     0.99994061        4
  1902.77750665     1.00003742        4
  1902.81837008     0.99988264        4
  1902.83880180     1.00028186        4
  1902.85923352     0.99977538        4
  1902.87966514     1.00004990        4
  1902.90009696     1.00017872        4
  1902.92052867     1.00007534        4
  1902.94096049     1.00017679        4
  1902.96139211     1.00016101        4
  1902.98182383     1.00012562        4
  1903.00225565     0.99998146        4
  1903.02268727     1.00014383        4
  1903.20657275     0.99994474        4
  1903.22700457     0.99989144        4
  1903.24743630     1.00000916        4
  1903.26786812     1.00005848        4
  1903.30873146     1.00029660        4
  1903.32916329     0.99990037        4
  1903.34959491     0.99998952        4
  1903.37002663     1.00004571        4
  1903.39045846     1.00007924        4
  1903.41089018     1.00014251        4
  1903.43132190     1.00024038        4
  1903.45175353     1.00002549        4
  1903.47218525     0.99993408        4
  1903.49261708     1.00006057        4
  1903.51304880     0.99993272        4
  1903.55391225     1.00001677        4
  1903.57434398     1.00022923        4
  1903.59477560     1.00000214        4
  1903.61520743     1.00006702        4
  1903.63563916     0.99992736        4
  1903.65607098     0.99999916        4
  1903.67650261     0.99982324        4
  1903.69693434     1.00005577        4
  1903.71736616     1.00012348        4
  1903.73779779     1.00012546        4
  1903.75822952     0.99987922        4
  1903.79909298     1.00008079        4
  1903.81952480     1.00005706        4
  1903.83995653     1.00004307        4
  1903.86038816     0.99996209        4
  1903.88081999     1.00009720        4
  1903.90125172     1.00000340        4
  1903.92168335     1.00000730        4
  1903.94211518     1.00017392        4
  1903.96254691     0.99999728        4
  1903.98297874     0.99994307        4
  1904.00341037     1.00009804        4
  1904.04427383     0.99995858        4
  1904.06470566     1.00011076        4
  1904.08513729     1.00001928        4
  1904.10556903     0.99994230        4
  1904.12600076     0.99986848        4
  1904.14643249     0.99994098        4
  1904.16686432     1.00009477        4
  1904.18729596     0.99993793        4
  1904.20772779     0.99992662        4
  1904.22815952     1.00014563        4
  1904.24859116     0.99999247        4
  1904.28945472     1.00003186        4
  1904.30988636     1.00002951        4
  1904.33031819     0.99995477        4
  1904.35074993     0.99995824        4
  1904.37118176     1.00004289        4
  1904.39161340     1.00015654        4
  1904.41204513     0.99996825        4
  1904.43247697     1.00102577        4
  1904.45290860     1.00001836        4
  1904.47334034     0.99996416        4
  1904.49377218     0.99986530        4
  1904.61636260     0.99986031        4
  1904.63679434     1.00004094        4
  1904.65722607     0.99998191        4
  1904.67765781     0.99983546        4
  1904.69808955     0.99986847        4
  1904.71852129     0.99997000        4
  1904.73895303     0.99996332        4
  1904.77981651     0.99998035        4
  1904.80024825     0.99990352        4
  1904.82068009     1.00012877        4
  1904.84111173     0.99992418        4
  1904.86154347     0.99995233        4
  1904.88197531     1.00004598        4
  1905.04542925     1.00004415        4
  1905.06586099     1.00016300        4
  1905.08629283     1.00001022        4
  1905.10672448     0.99999546        4
  1905.12715622     0.99997657        4
  1905.14758807     1.00008346        4
  1905.16801971     1.00000393        4
  1905.18845146     1.00008328        4
