  1835.65933045     1.00045091        0
  1835.67976269     0.99861289        0
  1835.70019493     0.99843902        0
  1835.80235612     0.99087345        0
  1835.82278846     0.99853386        0
  1835.84322060     1.00199024        0
  1835.86365283     0.99904132        0
  1835.88408517     1.00094520        0
  1835.90451730     1.00324235        0
  1835.92494954     1.00346560        0
  1835.94538187     0.99949364        0
  1835.96581401     1.00089242        0
  1835.98624624     0.99914998        0
  1836.00667857     0.99931346        0
  1836.02711070     0.99774020        0
  1836.04754293     1.00039970        0
  1836.06797527     1.01341700        0
  1836.08840740     0.99928411        0
  1836.10883962     0.99914648        0
  1836.12927195     1.00133763        0
  1836.14970418     1.00738547        0
  1836.17013631     1.00236766        0
  1836.19056864     1.00636196        0
  1836.21100087     1.00012739        0
  1836.23143319     0.99974880        0
  1836.25186532     1.00230887        0
  1836.27229754     0.99813964        0
  1836.31316199     0.99976589        0
  1836.33359422     0.99819835        0
  1836.35402654     1.00213573        0
  1836.37445866     1.00095032        0
  1836.39489089     0.99617789        0
  1836.41532311     1.00031378        0
  1836.43575533     0.99826125        0
  1836.45618755     1.00335731        0
  1836.47661977     1.00093395        0
  1836.49705199     1.00002872        0
  1836.51748421     0.99899664        0
  1836.53791643     1.00079006        0
  1836.55834865     1.00283046        0
  1836.57878086     1.00174526        0
  1836.59921318     0.99641975        0
  1836.61964530     1.00014134        0
  1836.64007751     0.99684769        0
  1836.66050983     0.99928238        0
  1836.68094194     1.00162787        0
  1836.70137416     1.00048910        0
  1836.72180647     1.00070311        0
  1836.74223859     1.00396993        0
  1836.76267080     0.99979895        0
  1836.78310311     1.00302131        0
  1836.80353522     0.99834974        0
  1836.82396754     0.99982290        0
  1836.84439975     0.99862825        0
  1836.86483186     0.99573494        0
  1836.88526417     0.99910507        0
  1836.90569638     0.99768708        0
  1836.92612849     0.99873089        0
  1836.94656079     1.01099370        0
  1836.96699300     0.99736460        0
  1836.98742521     0.99730407        0
  1837.00785742     1.00173862        0
  1837.02828962     0.99289563        0
  1837.11001844     0.99997895        0
  1837.13045065     0.99799974        0
  1837.15088285     1.00222824        0
  1837.17131505     1.00051184        0
  1837.19174726     1.00095925        0
  1837.21217946     0.99963286        0
  1837.23261166     0.99792162        0
  1837.25304386     1.00174817        0
  1837.27347606     1.00612487        0
  1837.29390816     0.99981918        0
  1837.31434046     0.99879442        0
  1837.33477266     1.00186531        0
  1837.35520485     0.99982301        0
  1837.37563705     1.00128993        0
  1837.39606925     0.99956299        0
  1837.41650145     1.00010755        0
  1837.43693374     1.00100126        0
  1837.45736584     0.99846329        0
  1837.47779813     1.00034708        0
  1837.49823033     0.99941330        0
  1837.51866242     1.00291590        0
  1837.53909471     0.99863270        0
  1837.55952691     0.99901118        0
  1837.57995900     1.00046837        0
  1837.60039129     1.00000394        0
  1837.62082348     1.00528846        0
  1837.64125557     1.00278540        0
  1837.66168787     0.99984963        0
  1837.68212006     0.99915807        0
  1837.70255214     1.00068397        0
  1837.72298443     1.00035119        0
  1837.74341662     1.00259547        0
  1837.76384871     0.99919791        0
  1837.78428100     0.99908372        0
  1837.80471318     0.99902598        0
  1837.82514537     0.99868683        0
  1837.84557756     1.00151355        0
  1837.86600974     0.99969297        0
  1837.88644183     0.99862360        0
  1837.90687411     0.99889080        0
  1837.92730630     1.00023070        0
  1837.94773848     1.00030945        0
  1837.96817066     1.00093159        0
  1837.98860284     1.00007187        0
  1838.00903493     1.00007416        0
  1838.02946721     1.00189201        0
  1838.04989939     0.99885031        0
  1838.07033167     1.00099409        0
  1838.09076375     0.99996156        0
  1838.11119593     0.99959128        0
  1838.13162821     1.00209267        0
  1838.15206028     1.00064310        0
  1838.17249246     0.99944967        0
  1838.19292474     1.00038800        0
  1838.21335682     1.00386922        0
  1838.23378899     0.99964745        0
  1838.29508552     0.99923542        0
  1838.31551779     1.00177846        0
  1838.33594997     1.00370074        0
  1838.35638204     0.99686819        0
  1838.37681431     1.00021839        0
  1838.39724648     1.00103843        0
  1838.41767856     0.99755666        0
  1838.43811083     1.00301437        0
  1838.45854300     1.00099287        0
  1838.47897507     0.99697088        0
  1838.49940734     0.99927079        0
  1838.51983951     1.00474924        0
  1838.54027158     1.00045085        0
  1838.56070384     1.00291578        0
  1838.58113601     1.00033968        0
  1838.60156808     0.99915227        0
  1838.62200035     0.99809303        0
  1838.64243251     0.99914728        0
  1838.66286458     0.99907897        0
  1838.68329684     0.99680738        0
  1838.70372901     0.99909185        0
  1838.72416117     1.00221762        0
  1838.74459334     1.00030118        0
  1838.76502550     0.99987083        0
  1838.78545766     1.00123574        0
  1838.80588982     0.99846502        0
  1838.82632199     1.00174861        0
  1838.84675425     1.00174821        0
  1838.86718631     1.00050976        0
  1838.88761847     0.99841317        0
  1838.90805073     1.00407659        0
  1838.92848279     0.99967428        0
  1838.94891495     0.99899172        0
  1838.96934720     1.00891416        0
  1838.98977926     0.99664176        0
  1839.09194014     0.99883131        0
  1839.11237230     1.00143103        0
  1839.13280435     1.00263017        0
  1839.15323661     1.00343571        0
  1839.17366876     0.99686319        0
  1839.19410081     0.99901727        0
  1839.21453307     0.99614722        0
  1839.23496522     0.99904230        0
  1839.25539727     0.99906066        0
  1839.27582952     0.99855465        0
  1839.29626167     0.99775078        0
  1839.31669392     0.99879531        0
  1839.33712597     0.99886888        0
  1839.35755812     1.00019680        0
  1839.37799027     0.99989320        0
  1839.39842241     0.99924365        0
  1839.41885446     1.00058016        0
  1839.43928671     1.00425491        0
  1839.45971886     0.99952460        0
  1839.48015090     1.00130136        0
  1839.50058315     0.99920601        0
  1839.52101529     0.99762799        0
  1839.54144744     1.00359788        0
  1839.56187958     1.00027043        0
  1839.58231172     0.99831087        0
  1839.60274387     1.00253013        0
  1839.62317601     0.99642613        0
  1839.64360815     0.99317804        0
  1839.66404029     1.00001725        0
  1839.72533671     0.99141648        0
  1839.74576895     0.99976134        0
  1839.76620099     1.00114700        0
  1839.78663313     1.00330846        0
  1839.80706537     1.00048003        0
  1839.82749741     0.99997473        0
  1839.84792954     1.00368414        0
  1839.86836178     1.00140136        0
  1839.88879382     0.99908714        0
  1839.90922595     1.00111773        0
  1839.92965819     1.00017427        0
  1839.95009032     0.99896908        0
  1839.97052246     1.00308201        0
  1839.99095459     1.00779701        0
  1840.01138672     1.00235145        0
  1840.29743654     0.99999059        0
  1840.31786856     1.00172589        0
  1840.33830079     0.99973320        0
  1840.35873291     0.99717485        0
  1840.37916504     1.00247140        0
  1840.39959716     0.99892434        0
  1840.42002929     0.99881832        0
  1840.44046141     1.00011494        0
  1840.46089353     1.00299133        0
  1840.48132565     0.99798614        0
  1840.50175778     0.99882648        0
  1840.52219000     0.99548676        0
  1840.54262202     1.00063622        0
  1840.56305424     1.00284518        0
  1840.58348636     1.00227470        0
  1840.60391838     1.00053101        0
  1840.62435059     1.00005499        0
  1840.64478271     0.99882230        0
  1840.66521473     1.00263342        0
  1840.68564695     0.99701516        0
  1840.70607906     0.98936195        0
  1840.72651108     0.99757757        0
  1840.74694330     0.99956866        0
  1840.76737541     0.99530441        0
  1840.78780753     1.00260599        0
  1840.80823964     0.99872354        0
  1840.82867166     0.99772402        0
  1840.84910387     0.99914098        0
  1840.86953598     1.00186805        0
  1840.88996809     1.00079146        0
  1840.91040011     1.00230590        0
  1840.93083232     1.00000000        0
  1840.95126443     1.00145044        0
  1840.97169644     1.00117012        0
  1840.99212865     0.99892434        0
  1872.00764153     1.00068789        1
  1872.02807318     1.00038684        1
  1872.04850482     0.99898380        1
  1872.06893646     0.99922540        1
  1872.08936810     1.00294980        1
  1872.10979974     1.00128401        1
  1872.13023148     0.99966428        1
  1872.17109466     0.99910631        1
  1872.19152640     0.99969903        1
  1872.21195803     0.99904913        1
  1872.23238957     1.00006218        1
  1872.25282131     0.99955146        1
  1872.27325295     0.99934247        1
  1872.29368449     0.99954752        1
  1872.31411623     1.00090523        1
  1872.33454787     0.99923379        1
  1872.35497941     0.99780441        1
  1872.37541115     1.00118365        1
  1872.41627452     1.00214725        1
  1872.43670606     0.99958333        1
  1872.45713770     0.99883855        1
  1872.47756944     0.99968393        1
  1872.49800097     1.00032266        1
  1872.51843261     1.00093110        1
  1872.53886435     1.00178686        1
  1872.55929589     1.00167814        1
  1872.57972752     1.00070765        1
  1872.60015926     0.99971385        1
  1872.62059080     1.00183894        1
  1872.66145417     1.00085962        1
  1872.68188571     0.99999653        1
  1872.70231744     0.99948470        1
  1872.72274908     0.99695560        1
  1872.74318061     0.99935328        1
  1872.76361235     0.99908280        1
  1872.78404399     0.99896523        1
  1872.80447552     0.99930901        1
  1872.82490726     0.99840132        1
  1872.84533889     0.99954048        1
  1872.86577043     1.00216647        1
  1872.90663380     1.00016484        1
  1872.92706533     1.00011153        1
  1872.94749707     0.99903392        1
  1872.96792870     1.00079390        1
  1872.98836044     1.00074234        1
  1873.00879197     1.00009374        1
  1873.02922361     0.99839370        1
  1873.04965534     1.00216010        1
  1873.07008688     1.00128633        1
  1873.09051851     0.99881676        1
  1873.15181341     0.99789278        1
  1873.17224514     0.99980195        1
  1873.19267678     1.00154495        1
  1873.21310841     0.99988509        1
  1873.23354004     1.00331471        1
  1873.25397168     1.00134147        1
  1873.27440331     1.00235482        1
  1873.29483494     0.99970484        1
  1873.31526658     0.99966328        1
  1873.33569821     1.00171225        1
  1873.35612984     1.00071648        1
  1873.39699311     0.99634178        1
  1873.41742474     1.00300931        1
  1873.43785627     0.99657561        1
  1873.45828800     1.00456539        1
  1873.47871963     1.00182920        1
  1873.49915136     0.99896394        1
  1873.51958290     0.99850591        1
  1873.54001453     1.00024459        1
  1873.56044626     0.99963362        1
  1873.58087779     0.99926673        1
  1873.60130942     0.99853349        1
  1873.76476257     0.99849269        1
  1873.78519420     0.99999369        1
  1873.80562583     1.00148505        1
  1873.82605746     0.99980865        1
  1873.84648919     0.99994001        1
  1873.88735234     0.99876081        1
  1873.90778407     1.00045816        1
  1873.92821560     0.99930104        1
  1873.94864723     0.99940156        1
  1873.96907896     1.00134759        1
  1873.98951049     1.00182145        1
  1874.00994222     0.99944322        1
  1874.03037375     1.00063978        1
  1874.05080538     1.00107525        1
  1874.07123711     1.01134752        1
  1874.09166863     1.00187242        1
  1874.25512176     0.99997846        1
  1874.27555338     1.00024533        1
  1874.29598501     0.99885966        1
  1874.31641664     0.99821850        1
  1874.33684827     1.00140185        1
  1874.37771152     1.00017319        1
  1874.39814315     1.00113763        1
  1874.41857487     0.99864732        1
  1874.43900640     1.00122559        1
  1874.45943803     1.00135260        1
  1874.47986975     0.99952791        1
  1874.50030128     0.99905291        1
  1874.52073301     0.99845674        1
  1874.54116463     0.99982624        1
  1874.56159616     0.99965269        1
  1874.58202788     1.00050234        1
  1874.62289103     1.00024423        1
  1874.64332276     1.00195374        1
  1874.66375439     1.00101775        1
  1874.68418601     0.99967473        1
  1874.70461764     1.00134732        1
  1874.72504926     1.00019782        1
  1874.74548079     0.99902439        1
  1874.76591251     0.99926904        1
  1874.78634414     0.99993713        1
  1874.80677576     1.00151394        1
  1874.86807073     1.00070443        1
  1874.88850226     1.00022995        1
  1874.90893388     0.99739250        1
  1874.92936561     1.00010494        1
  1874.94979713     0.99974224        1
  1874.97022875     1.00199822        1
  1874.99066048     0.99799272        1
  1875.01109200     1.00002572        1
  1875.03152373     0.99952228        1
  1875.05195535     0.99824315        1
  1875.11325022     0.99915198        1
  1875.13368174     0.99927461        1
  1875.15411347     0.99885408        1
  1875.17454509     1.00193536        1
  1875.19497671     0.99982237        1
  1875.21540833     1.00159289        1
  1875.23583996     1.00053970        1
  1875.25627168     0.99901650        1
  1875.35842969     0.99459735        1
  1875.37886141     0.99824706        1
  1875.39929294     0.99988483        1
  1875.41972456     1.00158335        1
  1875.44015628     0.99929490        1
  1875.46058780     0.99877769        1
  1875.48101942     0.99923067        1
  1875.50145114     1.00183942        1
  1875.52188266     1.00038506        1
  1875.54231439     1.00200221        1
  1875.56274601     0.99979661        1
  1875.60360925     0.99941131        1
  1875.62404087     0.99751186        1
  1875.64447239     0.99961670        1
  1875.66490411     0.99999036        1
  1875.68533573     1.00138013        1
  1875.70576735     0.99753347        1
  1875.72619897     1.00083043        1
  1875.74663059     1.00033063        1
  1875.76706231     0.99870026        1
  1875.78749383     0.99994840        1
  1875.80792545     0.99980305        1
  1875.84878879     1.00270299        1
  1875.86922031     1.00001646        1
  1875.88965203     1.00295763        1
  1875.91008365     1.00198557        1
  1875.93051517     0.99846545        1
  1875.95094689     1.00050653        1
  1875.97137851     0.99936436        1
  1875.99181023     1.00058924        1
  1876.01224175     1.00007507        1
  1876.09396823     1.00209610        1
  1876.11439984     1.00073023        1
  1876.13483146     1.00356623        1
  1876.15526298     0.99940125        1
  1876.17569470     1.00030493        1
  1876.19612632     0.99878989        1
  1876.21655794     1.00213995        1
  1876.23698956     1.00045670        1
  1876.25742117     0.99957881        1
  1876.27785289     1.00074232        1
  1876.33914775     0.99897977        1
  1876.35957936     1.00296157        1
  1876.38001088     0.99971612        1
  1876.40044260     1.00134009        1
  1876.42087422     1.00016941        1
  1876.44130573     0.99964972        1
  1876.46173745     1.00183124        1
  1876.48216907     1.00262413        1
  1876.50260079     0.99725091        1
  1876.52303230     1.00050793        1
  1876.54346392     1.00165996        1
  1876.58432715     1.00083144        1
  1876.60475877     0.99958112        1
  1876.62519049     0.99941447        1
  1876.64562200     1.00117292        1
  1876.66605362     0.99919136        1
  1876.82950655     1.00395072        1
  1876.84993827     1.00162838        1
  1876.87036978     0.99971196        1
  1876.89080140     0.99962801        1
  1876.91123311     0.99910136        1
  1876.93166473     1.00000000        1
  1877.07468613     1.00250194        1
  1877.09511765     1.00072017        1
  1877.11554926     1.01198952        1
  1877.13598098     1.00225160        1
  1877.15641249     1.00092532        1
  1877.17684411     0.99949357        1
  1877.19727582     1.00305382        1
  1877.21770734     1.00008609        1
  1877.23813905     1.00031303        1
  1877.25857067     1.00027074        1
  1877.27900218     1.00039028        1
  1877.31986551     1.00247231        1
  1877.34029712     1.00098325        1
  1877.36072874     0.99958617        1
  1877.38116035     1.00204066        1
  1877.40159197     1.00158891        1
  1877.42202358     0.99924752        1
  1877.44245519     0.99966666        1
  1877.46288681     1.00084095        1
  1877.48331842     0.99812936        1
  1877.50375003     0.99943445        1
  1877.52418165     0.99926878        1
  1877.56504487     0.99955596        1
  1877.58547659     0.99936303        1
  1877.60590810     1.00017691        1
  1877.62633971     0.99847693        1
  1877.64677143     0.99754670        1
  1877.66720294     0.99691349        1
  1877.68763465     0.99715938        1
  1877.70806626     1.00204568        1
  1877.72849778     0.99943701        1
  1877.74892949     0.99757519        1
  1877.76936110     0.99752522        1
  1877.81022433     1.00657007        1
  1877.83065594     1.00159421        1
  1877.85108745     0.99765416        1
  1877.87151916     1.00023292        1
  1877.89195078     1.00008052        1
  1877.91238239     1.00105288        1
  1877.93281400     0.99954986        1
  1877.95324561     1.00091078        1
  1877.97367733     1.00005306        1
  1877.99410894     0.99944617        1
  1878.01454045     0.99750890        1
  1878.05540377     0.99954349        1
  1878.07583528     1.00163144        1
  1878.09626700     0.99789205        1
  1878.11669861     0.99872376        1
  1878.13713012     0.99789364        1
  1878.15756183     0.99694111        1
  1878.17799334     0.99965708        1
  1878.19842505     1.00193923        1
  1878.21885666     0.99916478        1
  1878.23928818     1.00043596        1
  1878.25971989     0.99956379        1
  1878.30058301     0.99995419        1
  1878.32101472     1.00180941        1
  1878.34144633     0.99961050        1
  1878.36187784     1.00047567        1
  1878.38230955     1.00065059        1
  1878.40274116     0.99999787        1
  1878.42317287     1.00010467        1
  1878.44360438     0.99821115        1
  1878.46403599     1.00271907        1
  1878.48446770     0.99820993        1
  1878.50489921     1.00301378        1
  1878.54576254     1.00228009        1
  1878.56619415     0.99851359        1
  1878.58662566     0.99953697        1
  1878.60705737     1.00048067        1
  1878.62748898     1.00027048        1
  1878.64792059     1.00011686        1
  1878.66835220     0.99812908        1
  1878.68878381     1.00085979        1
  1878.70921552     1.00016757        1
  1878.72964703     1.00065991        1
  1878.75007864     0.99974591        1
  1878.79094185     1.00000881        1
  1878.81137346     1.00008065        1
  1878.83180507     1.00030901        1
  1878.85223668     1.00254752        1
  1878.87266839     1.00105802        1
  1878.89309990     0.99920939        1
  1878.91353151     0.99996649        1
  1878.93396322     1.00108838        1
  1878.95439473     1.00011861        1
  1878.97482634     1.00013539        1
  1878.99525805     0.99951735        1
  1879.07698448     1.00259378        1
  1879.09741609     0.99869510        1
  1879.11784770     1.00053547        1
  1879.13827931     0.99943196        1
  1879.15871092     1.00022424        1
  1879.17914253     0.99967808        1
  1879.19957414     1.00084501        1
  1879.22000584     1.00201517        1
  1879.24043735     1.00246619        1
  1879.32216389     1.00154142        1
  1879.34259549     1.00074072        1
  1879.36302700     0.99918053        1
  1879.38345871     0.99810964        1
  1879.40389032     0.99997161        1
  1879.42432183     0.99897164        1
  1879.44475353     0.99956245        1
  1879.46518514     0.99987641        1
  1879.48561665     1.00219751        1
  1879.52647986     0.99944405        1
  1879.54691157     1.00284668        1
  1879.56734318     0.99837880        1
  1879.58777479     0.99761082        1
  1879.60820640     1.00116309        1
  1879.62863800     1.00209763        1
  1879.64906961     0.99858319        1
  1879.66950122     1.00140601        1
  1879.68993283     0.99845541        1
  1879.71036443     1.00007949        1
  1879.73079604     1.00309042        1
  1879.77165935     0.99817010        1
  1879.79209096     0.99911826        1
  1879.81252247     1.00139241        1
  1879.83295418     1.00034993        1
  1879.85338578     0.99964747        1
  1879.87381729     0.99924743        1
  1879.89424900     0.99993217        1
  1879.91468060     1.00001040        1
  1879.93511211     1.00119869        1
  1879.95554382     0.99982616        1
  1879.97597542     0.99919511        1
  1880.03727024     1.00146472        2
  1880.05770195     0.99979347        2
  1880.07813346     1.00069155        2
  1880.09856506     1.00216755        2
  1880.11899667     0.99999137        2
  1880.13942828     1.00380946        2
  1880.15985988     1.00013590        2
  1880.18029159     0.99889075        2
  1880.20072310     0.99931373        2
  1880.22115480     0.99860460        2
  1880.26201792     0.99937182        2
  1880.28244962     0.99873106        2
  1880.30288123     0.99962381        2
  1880.32331273     0.99903998        2
  1880.34374444     1.00059502        2
  1880.36417605     1.00107485        2
  1880.38460755     0.99989897        2
  1880.40503926     0.99884763        2
  1880.42547086     1.00129729        2
  1880.44590257     0.99809267        2
  1880.50719739     0.99855151        2
  1880.52762889     0.99964554        2
  1880.54806050     0.99942876        2
  1880.56849221     0.99861134        2
  1880.58892371     1.00055299        2
  1880.60935532     1.00102152        2
  1880.62978702     1.00102906        2
  1880.65021853     1.00206941        2
  1880.67065023     0.99802296        2
  1880.75237666     1.00064301        2
  1880.77280826     1.00097675        2
  1880.79323987     0.99905699        2
  1880.81367147     1.00189244        2
  1880.83410308     0.99884865        2
  1880.85453468     1.00096564        2
  1880.87496629     1.00137660        2
  1880.89539789     1.00289026        2
  1880.91582950     1.00047265        2
  1880.93626110     0.99981277        2
  1880.95669281     0.99814540        2
  1881.01798762     1.00055684        2
  1881.03841913     0.99995985        2
  1881.05885073     0.99970740        2
  1881.07928244     1.00271611        2
  1881.09971394     1.00099897        2
  1881.12014565     1.00025515        2
  1881.14057725     1.00198699        2
  1881.16100876     1.00150594        2
  1881.18144046     0.99988703        2
  1881.20187207     0.99597351        2
  1881.24273528     0.99980526        2
  1881.26316688     0.99941639        2
  1881.28359849     1.00026217        2
  1881.30403009     1.00037757        2
  1881.32446170     0.99930873        2
  1881.34489340     0.99875660        2
  1881.36532490     1.00199974        2
  1881.38575651     0.99861632        2
  1881.40618821     0.99991310        2
  1881.42661982     0.99855757        2
  1881.44705132     0.99990030        2
  1881.48791453     1.00119173        2
  1881.50834624     0.99601964        2
  1881.52877784     0.99954845        2
  1881.54920944     0.99930008        2
  1881.56964105     1.00062145        2
  1881.59007265     1.00011764        2
  1881.61050416     1.00143047        2
  1881.63093586     0.99929423        2
  1881.65136747     1.00293711        2
  1881.67179897     1.00073275        2
  1881.69223067     0.99744416        2
  1881.73309398     1.00209626        2
  1881.75352549     1.00285798        2
  1881.77395709     1.00080317        2
  1881.79438880     1.00435067        2
  1881.81482030     1.00135729        2
  1881.83525190     0.99812588        2
  1881.85568361     1.00310923        2
  1881.87611511     0.99860209        2
  1881.89654672     0.99999090        2
  1881.91697842     1.00026265        2
  1881.93741002     0.99922533        2
  1881.97827323     1.00017816        2
  1881.99870484     0.99855494        2
  1882.01913644     0.99849460        2
  1882.03956804     1.00284322        2
  1882.05999965     1.00102579        2
  1882.08043135     0.99974180        2
  1882.10086285     1.00049707        2
  1882.12129446     0.99945972        2
  1882.14172616     0.99968238        2
  1882.16215767     0.99905176        2
  1882.22345248     1.00058578        2
  1882.24388418     0.99840386        2
  1882.26431568     1.00374722        2
  1882.28474729     0.99845403        2
  1882.30517899     0.99903326        2
  1882.32561050     0.99977242        2
  1882.34604220     1.00103535        2
  1882.36647380     1.00053475        2
  1882.38690531     0.99733427        2
  1882.46863182     0.99913222        2
  1882.48906342     0.99890949        2
  1882.50949503     0.99762674        2
  1882.52992663     1.00124726        2
  1882.55035823     0.99935060        2
  1882.57078994     1.00043343        2
  1882.59122154     1.00015127        2
  1882.77510597     1.00178226        2
  1882.79553768     0.99992512        2
  1882.81596918     1.00221695        2
  1882.83640078     1.00017915        2
  1882.85683249     0.99943939        2
  1882.87726399     1.00105178        2
  1882.89769549     0.99992357        2
  1882.91812720     1.00037241        2
  1883.02028531     1.00050052        2
  1883.04071682     1.00039196        2
  1883.06114842     1.00072974        2
  1883.08158012     0.99951264        2
  1883.10201173     1.00011906        2
  1883.12244323     1.00346248        2
  1883.14287493     1.00019755        2
  1883.16330654     0.99781736        2
  1883.20416974     1.00042312        2
  1883.22460134     0.99990132        2
  1883.24503305     1.00185289        2
  1883.26546455     0.99836299        2
  1883.28589615     0.99758483        2
  1883.30632786     1.00330083        2
  1883.32675936     0.99947128        2
  1883.34719096     0.99808728        2
  1883.36762267     0.99940988        2
  1883.38805417     0.99959909        2
  1883.40848587     0.99892997        2
  1883.44934898     1.00114443        2
  1883.46978068     1.00177415        2
  1883.49021229     1.00206257        2
  1883.51064379     1.00026325        2
  1883.53107549     0.99980561        2
  1883.55150700     1.00072585        2
  1883.57193870     0.99954200        2
  1883.59237030     0.99935506        2
  1883.61280181     1.00050497        2
  1883.63323351     1.00154414        2
  1883.65366511     0.99989598        2
  1883.71495992     0.99843118        2
  1883.73539153     1.00402363        2
  1883.75582313     0.99968998        2
  1883.77625473     0.99942778        2
  1883.79668644     1.00016132        2
  1883.81711804     1.00024970        2
  1883.83754954     1.00075214        2
  1883.85798124     0.99832106        2
  1883.87841285     0.99980111        2
  1883.89884435     0.99772046        2
  1883.98057086     1.00082522        2
  1884.00100247     0.99939733        2
  1884.02143417     0.99923568        2
  1884.04186567     0.99928328        2
  1884.06229728     1.00373363        2
  1884.08272898     1.00142291        2
  1884.10316048     0.99681351        2
  1884.12359209     1.00028166        2
  1884.14402379     0.99977724        2
  1884.20531850     0.99792765        2
  1884.22575010     1.00084610        2
  1884.24618181     1.00042616        2
  1884.26661331     0.99718841        2
  1884.28704491     1.00235505        2
  1884.30747662     1.00072688        2
  1884.32790822     1.00031736        2
  1884.34833972     0.99787053        2
  1884.36877143     1.00202732        2
  1884.38920303     1.00153168        2
  1884.43006624     0.99887848        2
  1884.45049784     1.00016998        2
  1884.47092954     1.00094185        2
  1884.49136105     0.99871092        2
  1884.51179265     1.00013519        2
  1884.53222435     0.99901947        2
  1884.55265586     1.00028486        2
  1884.57308746     0.99892855        2
  1884.59351917     1.00053699        2
  1884.61395067     1.00109636        2
  1884.63438237     1.00045486        2
  1884.67524548     0.99942311        2
  1884.69567718     1.00181346        2
  1884.71610879     1.00124193        2
  1884.73654039     1.00129391        2
  1884.75697199     0.99842217        2
  1884.77740360     0.99917634        2
  1884.79783520     0.99977888        2
  1884.81826680     1.00182226        2
  1884.83869841     0.99816859        2
  1884.85913001     1.00149788        2
  1884.92042482     1.00094342        2
  1884.94085643     1.00249604        2
  1884.96128803     0.99947667        2
  1884.98171973     1.00017530        2
  1885.00215124     0.99849317        2
  1885.02258294     1.00127657        2
  1885.04301455     1.00090703        2
  1885.06344605     0.99990677        2
  1885.08387775     1.00163916        2
  1885.10430936     0.99932093        2
  1885.12474086     1.00271572        2
  1885.16560417     0.98204409        2
  1885.18603567     0.99729957        2
  1885.20646738     1.00207328        2
  1885.22689898     1.00142089        2
  1885.24733068     1.00078378        2
  1885.26776219     0.99993954        2
  1885.28819379     0.99901820        2
  1885.30862550     1.00342980        2
  1885.32905700     0.99946124        2
  1885.34948860     1.00139901        2
  1885.36992031     1.00039556        2
  1885.41078342     0.99934230        2
  1885.43121512     0.99949768        2
  1885.45164673     0.99951693        2
  1885.47207833     0.99951255        2
  1885.49250993     0.99934953        2
  1885.51294154     0.99905393        2
  1885.53337314     0.99998202        2
  1885.55380475     0.99965555        2
  1885.57423625     1.00107940        2
  1885.59466796     1.00083390        2
  1885.61509956     0.99962788        2
  1885.65596277     1.00108460        2
  1885.67639437     1.00152204        2
  1885.69682608     1.00014754        2
  1885.71725758     1.00076073        2
  1885.73768919     1.00445317        2
  1885.75812089     1.00047296        2
  1885.77855240     1.00502437        2
  1885.79898400     0.99876877        2
  1885.81941570     0.99886900        2
  1885.83984721     1.00378679        2
  1885.86027891     1.00194312        2
  1885.90114202     1.00045593        2
  1885.92157373     1.00016214        2
  1885.94200533     0.99797805        2
  1885.96243694     0.99855980        2
  1885.98286854     0.99878788        2
  1886.00330015     1.00000000        2
  1886.02373175     1.00032006        2
  1886.04416336     1.00019002        2
  1886.06459496     0.99908442        2
  1886.08502667     1.00067517        2
  1886.10545827     0.99674341        2
  1886.16675309     0.99869622        2
  1886.18718459     0.99990741        2
  1886.20761630     0.99868149        2
  1886.22804780     0.99867459        2
  1886.24847951     0.99885766        2
  1886.26891111     0.99964883        2
  1886.28934262     0.99918394        2
  1886.30977432     0.99932296        2
  1886.33020593     1.00352979        2
  1886.35063743     0.99915358        2
  1886.39150075     0.99995896        2
  1886.41193225     1.00001533        2
  1886.43236396     0.99978737        2
  1886.45279556     0.99856789        2
  1886.47322727     1.00063286        2
  1886.49365877     0.99829272        2
  1886.51409038     0.99927235        2
  1886.53452208     0.99953700        2
  1886.63668011     1.00021841        2
  1886.65711172     1.00063474        2
  1886.67754332     1.00013261        2
  1886.69797493     1.00171530        2
  1886.71840654     0.99985210        2
  1886.73883814     0.99989748        2
  1886.75926985     1.00181498        2
  1886.88185938     1.00302641        2
  1886.90229099     1.00076010        2
  1886.92272270     0.99935489        2
  1886.94315420     1.00097016        2
  1886.96358581     1.00100533        2
  1886.98401752     1.00183242        2
  1887.00444902     1.00090549        2
  1887.12703876     0.99994065        2
  1887.14747037     0.99870039        2
  1887.16790198     1.00070248        2
  1887.18833358     0.99898225        2
  1887.20876519     0.99952912        2
  1887.22919680     0.99953512        2
  1887.24962850     1.00117601        2
  1887.27006001     0.99853353        2
  1887.29049162     1.00116635        2
  1887.31092332     1.00067932        2
  1887.33135493     0.99943340        2
  1887.37221815     0.99935843        2
  1887.39264975     0.99726981        2
  1887.41308126     0.99980893        2
  1887.43351297     0.99938515        2
  1887.45394458     0.99934984        2
  1887.47437618     1.00088530        2
  1887.49480779     1.00093497        2
  1887.51523940     0.99881300        2
  1887.53567111     1.00274879        2
  1887.55610261     1.00043501        2
  1887.57653422     1.00067498        2
  1887.61739744     1.00511552        2
  1887.63782914     1.00164433        2
  1887.65826065     1.00195471        2
  1887.67869226     1.00106295        2
  1887.69912397     1.00055961        2
  1887.71955548     0.99958824        2
  1887.73998708     1.00083341        2
  1887.76041879     0.99998589        2
  1887.78085030     1.00040495        2
  1887.80128191     1.00129976        2
  1887.86257683     0.99834603        2
  1887.88300844     0.99963848        2
  1887.90344005     1.00092588        2
  1887.92387166     0.99913316        2
  1887.94430327     0.99942630        2
  1887.96473487     0.99917840        2
  1887.98516658     0.99854791        2
  1891.04990926     1.00008141        3
  1891.07034088     1.00096042        3
  1891.09077260     1.00203750        3
  1891.11120412     1.00081782        3
  1891.13163574     0.99941783        3
  1891.15206745     1.00033207        3
  1891.17249897     0.99971799        3
  1891.19293069     0.99410503        3
  1891.21336231     0.99975535        3
  1891.23379383     1.00076822        3
  1891.29508869     0.99837703        3
  1891.31552041     1.00037958        3
  1891.33595203     0.99881006        3
  1891.35638375     0.99993977        3
  1891.37681527     0.99973181        3
  1891.39724689     1.00062207        3
  1891.41767861     1.00132275        3
  1891.43811013     1.00030761        3
  1891.45854175     1.00111572        3
  1891.47897347     1.00138711        3
  1891.49940509     0.99943168        3
  1891.54026833     0.99983770        3
  1891.56069985     0.99979510        3
  1891.58113157     0.99941111        3
  1891.60156319     0.99763857        3
  1891.62199471     0.99834996        3
  1891.64242644     1.00125101        3
  1891.66285806     0.99808877        3
  1891.68328958     0.99994113        3
  1891.70372130     0.99871101        3
  1891.72415292     1.00089775        3
  1891.74458464     0.99849524        3
  1891.78544779     0.99927113        3
  1891.80587951     0.99924382        3
  1891.82631103     1.00114095        3
  1891.84674265     0.99957653        3
  1891.86717437     1.00034228        3
  1891.88760590     1.00083661        3
  1891.90803752     1.00052910        3
  1891.92846924     1.00008285        3
  1891.94890076     1.00321932        3
  1891.96933249     0.99890217        3
  1891.98976411     1.00253237        3
  1892.03062735     0.99886984        3
  1892.05105898     1.00152391        3
  1892.07149060     0.99974886        3
  1892.09192222     0.99988899        3
  1892.11235385     0.99835018        3
  1892.13278557     1.00089690        3
  1892.15321719     0.99984489        3
  1892.17364872     1.00118125        3
  1892.19408044     1.00058691        3
  1892.21451196     0.99849323        3
  1892.23494359     1.00062418        3
  1892.27580684     1.00184013        3
  1892.29623856     1.00111636        3
  1892.31667018     1.00128316        3
  1892.33710171     1.00064745        3
  1892.35753343     0.99806018        3
  1892.37796506     0.99870143        3
  1892.39839658     1.00362056        3
  1892.41882831     0.99855614        3
  1892.43925993     0.99840452        3
  1892.45969146     1.00149001        3
  1892.52098653     0.99821516        3
  1892.54141806     0.99815923        3
  1892.56184968     0.99820443        3
  1892.58228141     1.00198753        3
  1892.60271293     0.99985839        3
  1892.62314456     1.00131543        3
  1892.64357628     1.00145905        3
  1892.66400791     1.00120505        3
  1892.82746092     1.00106901        3
  1892.84789255     1.00008633        3
  1892.86832427     1.00018899        3
  1892.88875580     0.99985832        3
  1892.90918753     1.00198589        3
  1892.92961905     1.00093164        3
  1892.95005068     1.00353952        3
  1892.97048241     0.99974648        3
  1893.01134556     0.99570565        3
  1893.03177729     1.00177577        3
  1893.05220882     0.99925850        3
  1893.07264055     0.99935218        3
  1893.09307218     0.99808297        3
  1893.11350370     0.99899594        3
  1893.13393543     0.99792858        3
  1893.15436706     0.99639660        3
  1893.17479859     1.00135943        3
  1893.19523032     1.00129406        3
  1893.21566195     0.99920080        3
  1893.33825172     0.99996595        3
  1893.35868345     1.00017657        3
  1893.37911508     0.99896778        3
  1893.39954661     0.99966691        3
  1893.41997834     1.00044564        3
  1893.44040997     0.99978751        3
  1893.46084170     1.00001849        3
  1893.50170486     1.00272162        3
  1893.52213659     0.99878027        3
  1893.54256812     1.00146038        3
  1893.56299965     1.00005417        3
  1893.58343138     1.00014271        3
  1893.60386301     0.99819179        3
  1893.62429474     1.00019831        3
  1893.64472627     1.00048538        3
  1893.66515790     1.00220502        3
  1893.68558964     1.00046936        3
  1893.70602117     1.00082732        3
  1893.74688453     1.00120186        3
  1893.76731606     0.99957589        3
  1893.78774769     1.00269597        3
  1893.80817943     1.00014183        3
  1893.82861096     0.99955930        3
  1893.84904269     1.00104557        3
  1893.86947432     1.00072629        3
  1893.88990595     0.99770114        3
  1893.91033759     1.00124341        3
  1893.93076922     0.99976622        3
  1894.03292748     0.99981717        3
  1894.05335902     1.00003290        3
  1894.07379075     1.00381873        3
  1894.09422238     1.00045308        3
  1894.11465392     1.00087573        3
  1894.13508565     1.00054713        3
  1894.15551728     0.99932227        3
  1894.17594892     1.00043414        3
  1894.19638055     0.99966022        3
  1894.23724382     0.99982834        3
  1894.25767546     1.00313180        3
  1894.27810699     1.00149942        3
  1894.29853872     0.99835126        3
  1894.31897036     0.99799579        3
  1894.33940189     0.99998354        3
  1894.35983363     0.99997879        3
  1894.38026526     0.99855780        3
  1894.40069700     0.99867396        3
  1894.42112854     0.99745934        3
  1894.44156017     0.99886992        3
  1894.48242344     0.99964284        3
  1894.50285508     1.00051582        3
  1894.52328681     0.99845701        3
  1894.54371845     1.00076188        3
  1894.56415009     0.99901331        3
  1894.58458172     1.00247267        3
  1894.60501336     1.00594972        3
  1894.62544500     1.00730934        3
  1894.72760318     0.99920485        3
  1894.74803492     0.99881014        3
  1894.76846645     0.99841233        3
  1894.78889819     0.99969126        3
  1894.80932983     1.00114430        3
  1894.82976137     0.99900251        3
  1894.85019311     1.00057761        3
  1894.87062464     1.00100305        3
  1894.97278294     0.99611530        3
  1894.99321447     1.00409101        3
  1895.01364621     1.00074744        3
  1895.03407785     1.00260272        3
  1895.05450949     0.99973197        3
  1895.07494113     1.00221971        3
  1895.09537277     1.00117692        3
  1895.11580451     0.99908446        3
  1895.13623605     0.99616328        3
  1895.15666769     0.99782546        3
  1895.17709943     0.99786256        3
  1895.21796261     0.99757126        3
  1895.23839435     1.00131518        3
  1895.25882599     0.99997766        3
  1895.27925753     0.99990552        3
  1895.29968927     0.99979962        3
  1895.32012091     1.00181017        3
  1895.34055265     0.99812314        3
  1895.36098420     0.99988091        3
  1895.38141584     0.99968172        3
  1895.40184758     0.99960348        3
  1895.42227912     0.99933875        3
  1895.46314250     1.00070146        3
  1895.48357404     0.99871378        3
  1895.50400579     1.00020521        3
  1895.52443733     0.99980989        3
  1895.54486897     1.00073717        3
  1895.56530071     0.99799204        3
  1895.58573226     1.00090356        3
  1895.60616390     1.00023164        3
  1895.62659564     1.00290162        3
  1895.64702718     1.00212240        3
  1895.66745893     1.00274370        3
  1895.70832221     1.00256570        3
  1895.72875386     0.99830756        3
  1895.74918550     0.99813213        3
  1895.76961715     0.99944123        3
  1895.79004879     0.99863114        3
  1895.81048043     0.99987560        3
  1895.83091208     1.00041289        3
  1895.85134382     1.00163685        3
  1895.87177537     0.99984512        3
  1895.89220711     1.00084776        3
  1895.91263876     0.99996701        3
  1895.97393369     1.00112633        3
  1895.99436524     1.00109003        3
  1896.01479698     1.00016826        3
  1896.03522863     0.99882326        3
  1896.05566037     1.00135817        3
  1896.07609192     1.00049454        3
  1896.09652356     1.00283984        3
  1896.11695521     1.00165129        3
  1896.13738686     0.99938585        3
  1896.15781850     0.99802621        3
  1896.19868180     1.00125022        3
  1896.21911354     0.99858274        3
  1896.23954509     1.00221615        3
  1896.25997674     0.99795891        3
  1896.28040848     1.00161149        3
  1896.30084003     0.99936412        3
  1896.32127168     1.00064848        3
  1896.34170343     1.00035313        3
  1896.36213497     0.99963487        3
  1896.38256662     0.99734352        3
  1896.50515661     1.00099765        3
  1896.52558826     0.99918200        3
  1896.54601991     1.00116699        3
  1896.56645166     0.99959156        3
  1896.58688321     1.00056067        3
  1896.60731496     0.99999693        3
  1896.62774661     1.00244333        3
  1896.64817816     1.00011624        3
  1896.68904156     0.99907248        3
  1896.70947311     0.99996487        3
  1896.72990486     1.00206132        3
  1896.75033651     0.99985413        3
  1896.77076816     0.99878423        3
  1896.79119981     1.00111248        3
  1896.81163146     1.00031573        3
  1896.83206311     0.99738731        3
  1896.85249476     1.00005211        3
  1896.87292641     1.00295898        3
  1896.89335807     0.99994481        3
  1896.93422137     0.99973209        3
  1896.95465302     1.00043173        3
  1896.97508467     1.00063779        3
  1896.99551643     0.99997566        3
  1897.01594798     1.00206862        3
  1897.03637963     1.00044780        3
  1897.05681138     0.99831950        3
  1897.07724304     1.00165322        3
  1897.09767459     0.99939433        3
  1897.11810634     0.99991444        3
  1897.13853800     1.00079571        3
  1897.17940130     0.99869449        3
  1897.19983296     0.99844031        3
  1897.22026471     1.00557256        3
  1897.24069626     1.00026737        3
  1897.26112792     0.99984707        3
  1897.28155967     0.99786246        3
  1897.30199123     0.99886367        3
  1897.32242298     0.99957123        3
  1897.34285464     1.00112948        3
  1897.36328619     0.99954922        3
  1897.38371795     0.99762187        3
  1897.42458116     1.00048814        3
  1897.44501291     1.00046107        3
  1897.46544457     0.99952180        3
  1897.48587632     1.00023388        3
  1897.50630788     1.00220057        3
  1897.52673944     1.00000000        3
  1897.54717119     1.00161495        3
  1897.56760285     0.99973881        3
  1897.58803451     1.00093013        3
  1897.60846616     0.99790999        3
  1897.62889782     0.99787803        3
  1897.75148776     0.99889448        3
  1897.77191952     1.00015840        3
  1897.79235118     0.99965770        3
  1897.81278274     0.99890498        3
  1897.83321450     0.99979206        3
  1897.85364616     1.00048735        3
  1897.87407791     0.99953080        3
  1897.91494113     0.99992208        3
  1897.93537289     1.00341198        3
  1897.95580445     1.00033183        3
  1897.97623611     1.00229246        3
  1897.99666787     1.00042439        3
  1898.01709943     1.00099956        4
  1898.03753119     0.99885387        4
  1898.05796285     1.00017004        4
  1898.07839441     1.00169367        4
  1898.09882617     0.99834323        4
  1898.11925783     1.00029417        4
  1898.16012115     1.00100631        4
  1898.18055271     1.00142409        4
  1898.20098448     0.99956186        4
  1898.22141614     0.99963180        4
  1898.24184770     0.99912013        4
  1898.26227946     0.99790966        4
  1898.28271112     0.99954445        4
  1898.30314279     1.00068123        4
  1898.32357445     0.99958033        4
  1898.34400611     1.00057786        4
  1898.40530110     0.99926370        4
  1898.42573286     1.00283389        4
  1898.44616452     1.00009679        4
  1898.46659609     1.00078299        4
  1898.48702785     1.00207876        4
  1898.50745952     1.00033118        4
  1898.52789108     0.99739286        4
  1898.54832284     1.00082487        4
  1898.56875451     1.00001447        4
  1898.58918627     1.00057829        4
  1898.60961784     1.00017721        4
  1898.65048127     0.99845571        4
  1898.67091283     1.00056638        4
  1898.69134450     0.99914389        4
  1898.71177626     1.00234982        4
  1898.73220783     0.99802718        4
  1898.75263959     1.00072822        4
  1898.77307126     1.00083732        4
  1898.79350282     0.99992418        4
  1898.81393459     1.00048261        4
  1898.83436616     0.99785955        4
  1898.85479782     0.99971121        4
  1898.89566116     0.99606427        4
  1898.91609282     0.99886534        4
  1898.93652459     0.99945381        4
  1898.95695626     0.99944395        4
  1898.97738793     0.99877627        4
  1898.99781959     1.00152242        4
  1899.01825126     0.99977372        4
  1899.03868293     1.00044972        4
  1899.05911460     1.00125538        4
  1899.07954627     0.99917410        4
  1899.09997804     0.99890246        4
  1899.14084137     0.99770278        4
  1899.16127304     0.99963591        4
  1899.18170461     1.00194149        4
  1899.20213638     0.99807806        4
  1899.22256805     1.00421604        4
  1899.24299962     1.00254222        4
  1899.26343139     1.00116105        4
  1899.28386306     0.99955528        4
  1899.30429483     1.00023564        4
  1899.32472640     1.00067238        4
  1899.34515807     0.99747034        4
  1899.38602141     1.00013821        4
  1899.40645308     0.99961566        4
  1899.42688486     0.99941673        4
  1899.44731643     1.00018339        4
  1899.46774820     0.99961930        4
  1899.48817977     1.00044653        4
  1899.50861144     1.00101942        4
  1899.52904321     1.00015709        4
  1899.54947479     1.00024906        4
  1899.56990646     0.99997677        4
  1899.59033823     0.99921483        4
  1899.63120148     1.01100157        4
  1899.65163325     1.00130432        4
  1899.67206493     1.00088579        4
  1899.69249660     0.99914466        4
  1899.71292827     0.99778554        4
  1899.73335995     0.99957854        4
  1899.75379172     0.99970039        4
  1899.77422329     1.00126432        4
  1899.79465497     0.99940188        4
  1899.81508674     1.00264918        4
  1899.83551832     0.99774914        4
  1899.89681334     0.99995889        4
  1899.91724512     0.99854041        4
  1899.93767680     1.00040584        4
  1899.95810837     1.00133928        4
  1899.97854015     0.99927089        4
  1899.99897182     0.99928576        4
  1900.01940360     1.00093428        4
  1900.03983518     1.00258630        4
  1900.06026685     1.00261131        4
  1900.08069853     1.00179408        4
  1900.12156188     1.00119240        4
  1900.14199356     1.00249699        4
  1900.16242524     0.99999723        4
  1900.18285702     0.99897713        4
  1900.20328860     1.00023220        4
  1900.22372027     1.00037269        4
  1900.24415205     0.99820799        4
  1900.26458363     1.00135484        4
  1900.28501531     1.00182922        4
  1900.30544709     1.00116428        4
  1900.32587877     1.00220016        4
  1900.36674213     0.99932684        4
  1900.38717381     1.00001938        4
  1900.40760559     1.00064910        4
  1900.42803717     0.99902932        4
  1900.44846885     0.99949713        4
  1900.46890063     1.00002931        4
  1900.48933221     1.00029453        4
  1900.50976389     1.00049076        4
  1900.53019567     1.00045545        4
  1900.55062725     0.99958883        4
  1900.57105903     0.99825991        4
  1900.61192230     0.99963166        4
  1900.63235408     0.99958181        4
  1900.65278576     0.99965571        4
  1900.67321734     0.99922727        4
  1900.69364912     1.00106260        4
  1900.71408081     1.00065905        4
  1900.85710259     0.99941082        4
  1900.87753427     0.99925122        4
  1900.89796606     0.99965456        4
  1900.91839774     0.99853316        4
  1900.93882933     1.01091878        4
  1900.95926111     1.00020111        4
  1900.97969280     1.00099417        4
  1901.00012438     1.00045734        4
  1901.02055617     0.99802190        4
  1901.04098785     1.00034919        4
  1901.06141944     0.99897797        4
  1901.10228291     1.00261539        4
  1901.12271470     0.99897500        4
  1901.14314629     0.99826635        4
  1901.16357797     0.99837899        4
  1901.18400976     1.00150167        4
  1901.20444135     0.99694596        4
  1901.22487303     0.99671160        4
  1901.24530482     0.99900294        4
  1901.26573641     1.00283440        4
  1901.28616820     0.99738577        4
  1901.30659988     0.99915994        4
  1901.38832664     0.99916922        4
  1901.40875833     0.99861972        4
  1901.42919002     1.00116306        4
  1901.44962171     0.99870677        4
  1901.47005340     0.99983954        4
  1901.49048509     0.99950511        4
  1901.51091678     1.00225318        4
  1901.53134847     0.99989198        4
  1901.55178016     0.99834416        4
  1901.59264354     0.99625569        4
  1901.61307533     1.00074238        4
  1901.63350702     1.00481623        4
  1901.65393861     1.00016709        4
  1901.67437040     1.00128695        4
  1901.69480210     0.99999681        4
  1901.71523369     1.00000000        4
  1901.73566548     1.00231567        4
  1901.75609717     0.99753619        4
  1901.77652877     1.00035146        4
  1901.79696056     0.99897077        4
  1901.83782404     1.00060247        4
  1901.85825564     0.99934775        4
  1901.87868733     1.00048645        4
  1901.89911913     1.00229730        4
  1901.91955072     1.00086668        4
  1901.93998241     1.00184289        4
  1901.96041421     1.00062423        4
  1901.98084580     0.99987618        4
  1902.00127760     1.00057987        4
  1902.02170929     0.99960811        4
  1902.08300438     1.00203348        4
  1902.10343597     0.99920633        4
  1902.12386777     0.99889221        4
  1902.14429947     1.00174419        4
  1902.16473116     1.00185103        4
  1902.18516286     0.99917689        4
  1902.20559456     1.00041983        4
  1902.22602625     0.99897934        4
  1902.24645795     0.99942280        4
  1902.26688965     1.00055042        4
  1902.28732145     0.99957573        4
  1902.32818474     1.00065881        4
  1902.34861654     0.99931153        4
  1902.36904814     1.00260077        4
  1902.38947994     1.00442212        4
  1902.40991164     0.99882844        4
  1902.43034323     1.00013245        4
  1902.45077503     0.99918474        4
  1902.57336523     1.00080215        4
  1902.59379693     1.00120717        4
  1902.61422873     0.99962402        4
  1902.63466034     0.99995945        4
  1902.65509204     1.00105492        4
  1902.67552384     0.99959642        4
  1902.69595544     1.00026177        4
  1902.71638724     0.99970231        4
  1902.73681894     0.99938565        4
  1902.75725055     0.99861025        4
  1902.77768235     1.00494311        4
  1902.81854575     0.98823781        4
  1902.83897746     1.00063358        4
  1902.85940916     1.00260208        4
  1902.87984076     1.00108977        4
  1902.90027257     0.99971804        4
  1902.92070427     1.00050139        4
  1902.94113608     0.99892614        4
  1902.96156768     0.99748965        4
  1902.98199939     1.00068803        4
  1903.00243119     0.99975982        4
  1903.02286280     0.99538627        4
  1903.20674815     1.00016916        4
  1903.22717996     1.00033004        4
  1903.24761166     1.00161026        4
  1903.26804347     0.99966504        4
  1903.30890679     0.99784731        4
  1903.32933860     0.99954409        4
  1903.34977020     0.99900605        4
  1903.37020191     1.00007976        4
  1903.39063372     0.99815866        4
  1903.41106543     1.00063029        4
  1903.43149714     1.00051184        4
  1903.45192875     1.00009058        4
  1903.47236046     1.00019442        4
  1903.49279227     0.99746886        4
  1903.51322398     1.00063473        4
  1903.55408740     0.99999112        4
  1903.57451911     1.00085190        4
  1903.59495072     0.99919966        4
  1903.61538253     0.99994556        4
  1903.63581424     0.99940705        4
  1903.65624606     0.99955813        4
  1903.67667767     1.00185135        4
  1903.69710938     1.00136163        4
  1903.71754119     0.99915192        4
  1903.73797281     1.00057925        4
  1903.75840452     1.00449731        4
  1903.81969976     0.99863761        4
  1903.84013147     1.00199429        4
  1903.86056308     0.99957946        4
  1903.88099490     0.99986592        4
  1903.90142661     0.99828392        4
  1903.92185823     1.00048006        4
  1903.94229004     1.00139655        4
  1903.96272176     1.00068891        4
  1903.98315357     1.00029662        4
  1904.00358519     0.99854140        4
  1904.04444862     0.99918255        4
  1904.06488043     0.99909101        4
  1904.08531205     0.99939333        4
  1904.10574377     0.99849346        4
  1904.12617548     1.00043301        4
  1904.14660720     1.00167114        4
  1904.16703902     0.99920652        4
  1904.18747064     1.00044432        4
  1904.20790245     1.00103808        4
  1904.22833417     1.00101749        4
  1904.24876579     1.00051316        4
  1904.28962933     1.00123767        4
  1904.31006094     1.00298614        4
  1904.33049276     1.00026453        4
  1904.35092448     0.99940054        4
  1904.37135630     0.99966621        4
  1904.39178792     0.99803674        4
  1904.41221964     0.99958241        4
  1904.43265146     0.99865551        4
  1904.45308308     0.99918010        4
  1904.47351480     1.00195733        4
  1904.49394662     1.00052899        4
  1904.61653695     1.00173536        4
  1904.63696867     0.99721004        4
  1904.65740040     0.99904048        4
  1904.67783212     1.00040988        4
  1904.69826384     1.00023955        4
  1904.71869556     1.00078202        4
  1904.73912729     0.99919284        4
  1904.77999074     0.99772463        4
  1904.80042246     0.99979572        4
  1904.82085428     0.99954549        4
  1904.84128591     1.00134358        4
  1904.86171763     0.99836274        4
  1904.88214946     1.00270787        4
  1905.04560327     1.00096443        4
  1905.06603499     0.99974159        4
  1905.08646682     0.99969543        4
  1905.10689845     1.00190763        4
  1905.12733018     0.99894762        4
  1905.14776200     0.99988200        4
  1905.16819363     1.00027266        4
  1905.18862536     0.99977798        4
