  1835.65891234     0.99960622        0
  1835.80193706     1.00090345        0
  1835.82236926     0.99977862        0
  1835.84280126     0.99968916        0
  1835.86323336     0.99960288        0
  1835.88366556     0.99977225        0
  1835.90409756     1.00002233        0
  1835.92452966     1.00034261        0
  1835.94496186     1.00035593        0
  1835.96539386     1.00033207        0
  1835.98582596     1.00010859        0
  1836.00625815     0.99988052        0
  1836.02669015     0.99971777        0
  1836.04712224     0.99977910        0
  1836.06755444     0.99986587        0
  1836.08798644     1.00012088        0
  1836.10841853     1.00026113        0
  1836.12885072     1.00031177        0
  1836.14928282     1.00014934        0
  1836.16971481     1.00010814        0
  1836.19014700     1.00002574        0
  1836.21057910     1.00004104        0
  1836.23101129     0.99998889        0
  1836.25144328     1.00015553        0
  1836.27187537     1.00043630        0
  1836.31273955     1.00021239        0
  1836.33317164     0.99994402        0
  1836.35360383     0.99968945        0
  1836.37403582     0.99956066        0
  1836.39446790     0.99975757        0
  1836.41489999     0.99985638        0
  1836.43533208     1.00006842        0
  1836.45576417     1.00016072        0
  1836.47619625     1.00002411        0
  1836.49662834     0.99964813        0
  1836.51706042     0.99940588        0
  1836.53749251     0.99916729        0
  1836.55792459     0.99929585        0
  1836.57835668     0.99949522        0
  1836.59878886     0.99981618        0
  1836.61922084     1.00003333        0
  1836.63965292     1.00013826        0
  1836.66008511     1.00006431        0
  1836.68051709     1.00002373        0
  1836.70094917     0.99985785        0
  1836.72138135     0.99970351        0
  1836.74181333     0.99976589        0
  1836.76224541     0.99990328        0
  1836.78267759     1.00005948        0
  1836.80310957     1.00008774        0
  1836.82354174     1.00011592        0
  1836.84397382     0.99999137        0
  1836.86440580     0.99990515        0
  1836.88483798     0.99980875        0
  1836.90527005     0.99969857        0
  1836.92570203     0.99992077        0
  1836.94613420     1.00013982        0
  1836.96656628     1.00039146        0
  1836.98699835     1.00040979        0
  1837.00743043     1.00034516        0
  1837.02786250     1.00071779        0
  1837.06872675     0.99986782        0
  1837.08915872     1.00000821        0
  1837.10959079     1.00003653        0
  1837.13002286     1.00027580        0
  1837.15045493     1.00022913        0
  1837.17088700     1.00019767        0
  1837.19131907     0.99999817        0
  1837.21175114     0.99969869        0
  1837.23218321     0.99950277        0
  1837.25261528     0.99952890        0
  1837.27304735     0.99981153        0
  1837.29347932     1.00011152        0
  1837.31391148     1.00031877        0
  1837.33434355     1.00034117        0
  1837.35477562     1.00013408        0
  1837.37520768     0.99983829        0
  1837.39563975     0.99946946        0
  1837.41607181     0.99963582        0
  1837.43650398     0.99987646        0
  1837.45693594     1.00025722        0
  1837.47736810     1.00053131        0
  1837.49780017     1.00053915        0
  1837.51823213     1.00037244        0
  1837.53866429     1.00004937        0
  1837.55909635     0.99990180        0
  1837.57952832     0.99986591        0
  1837.59996048     1.00001361        0
  1837.62039254     1.00035282        0
  1837.64082450     1.00069558        0
  1837.66125666     1.00086037        0
  1837.68168872     1.00060622        0
  1837.70212067     1.00024980        0
  1837.72255283     0.99984955        0
  1837.74298489     0.99966745        0
  1837.76341685     0.99959108        0
  1837.78384900     0.99979498        0
  1837.80428106     0.99997872        0
  1837.82471312     1.00043251        0
  1837.84514517     1.00022080        0
  1837.86557723     0.99976963        0
  1837.88600918     0.99935711        0
  1837.90644133     0.99912955        0
  1837.92687339     0.99915054        0
  1837.94730544     0.99964276        0
  1837.96773749     0.99997408        0
  1837.98816955     1.00029996        0
  1838.00860150     1.00014531        0
  1838.02903365     0.99968570        0
  1838.04946570     0.99942049        0
  1838.06989785     0.99920928        0
  1838.09032980     0.99931023        0
  1838.11076185     0.99981417        0
  1838.13119400     1.00026950        0
  1838.15162595     1.00062911        0
  1838.17205799     1.00053525        0
  1838.19249014     1.00004030        0
  1838.21292209     0.99943401        0
  1838.27421833     0.99954058        0
  1838.29465027     0.99999285        0
  1838.31508242     1.00039595        0
  1838.33551446     1.00046353        0
  1838.35594641     1.00012231        0
  1838.37637855     0.99964033        0
  1838.39681060     0.99916830        0
  1838.41724254     0.99908959        0
  1838.43767468     0.99954212        0
  1838.45810672     0.99998737        0
  1838.47853866     1.00049928        0
  1838.49897080     1.00070724        0
  1838.51940285     1.00075622        0
  1838.53983479     1.00007046        0
  1838.56026693     0.99954772        0
  1838.58069896     0.99931264        0
  1838.60113090     0.99964583        0
  1838.62156304     1.00009687        0
  1838.64199508     1.00068392        0
  1838.66242702     1.00078282        0
  1838.68285915     1.00067270        0
  1838.70329119     1.00022706        0
  1838.72372323     0.99974913        0
  1838.74415526     0.99931056        0
  1838.76458730     0.99938654        0
  1838.78501933     0.99982322        0
  1838.80545137     1.00037296        0
  1838.82588340     1.00069994        0
  1838.84631553     1.00077103        0
  1838.86674747     1.00038622        0
  1838.88717950     0.99989592        0
  1838.90761163     0.99959154        0
  1838.92804356     0.99959258        0
  1838.94847559     1.00000000        0
  1838.96890773     1.00078451        0
  1838.98933966     1.00193992        0
  1839.05063574     0.99983229        0
  1839.07106777     0.99941449        0
  1839.09149990     0.99926927        0
  1839.11193193     0.99949129        0
  1839.13236386     1.00038222        0
  1839.15279598     1.00072183        0
  1839.17322801     1.00067913        0
  1839.19365994     1.00037206        0
  1839.21409206     0.99983395        0
  1839.23452409     0.99920035        0
  1839.25495601     0.99900299        0
  1839.27538814     0.99933106        0
  1839.29582016     0.99991233        0
  1839.31625228     1.00052957        0
  1839.33668421     1.00075247        0
  1839.35711623     1.00052087        0
  1839.37754825     1.00008988        0
  1839.39798027     0.99947297        0
  1839.41841219     0.99912476        0
  1839.43884431     0.99947695        0
  1839.45927633     1.00001477        0
  1839.47970825     1.00055228        0
  1839.50014037     1.00074258        0
  1839.52057239     1.00062835        0
  1839.54100441     1.00020363        0
  1839.56143643     0.99958803        0
  1839.58186845     0.99935719        0
  1839.60230046     0.99952745        0
  1839.62273248     0.99988691        0
  1839.64316450     1.00012214        0
  1839.72489256     1.00013026        0
  1839.74532467     0.99901992        0
  1839.76575659     0.99906607        0
  1839.78618860     0.99952884        0
  1839.80662071     1.00008481        0
  1839.82705263     1.00040092        0
  1839.84748464     1.00050615        0
  1839.86791675     1.00030791        0
  1839.88834866     1.00006012        0
  1839.90878067     0.99959784        0
  1839.92921278     0.99964713        0
  1839.94964479     0.99989773        0
  1839.97007680     1.00022869        0
  1839.99050881     1.00076115        0
  1840.29698889     1.00019135        0
  1840.31742080     1.00060920        0
  1840.33785290     1.00084226        0
  1840.35828490     1.00077246        0
  1840.37871690     1.00044632        0
  1840.39914890     0.99995268        0
  1840.41958090     0.99972080        0
  1840.44001290     0.99979316        0
  1840.46044490     1.00014233        0
  1840.48087690     1.00025160        0
  1840.50130890     1.00027471        0
  1840.52174100     1.00027716        0
  1840.54217289     0.99997608        0
  1840.56260499     0.99954518        0
  1840.58303699     0.99915932        0
  1840.60346888     0.99910743        0
  1840.62390098     0.99912823        0
  1840.64433298     0.99941229        0
  1840.66476487     0.99982272        0
  1840.68519696     1.00012769        0
  1840.70562896     1.00094443        0
  1840.72606085     0.99966562        0
  1840.74649295     0.99945512        0
  1840.76692494     0.99938952        0
  1840.78735693     0.99947766        0
  1840.80778892     0.99973708        0
  1840.82822081     1.00010963        0
  1840.84865291     1.00049925        0
  1840.86908490     1.00044318        0
  1840.88951689     1.00015682        0
  1840.90994878     0.99998914        0
  1840.93038087     0.99991544        0
  1840.95081286     0.99994574        0
  1840.97124474     1.00010208        0
  1840.99167683     1.00031692        0
  1872.00707699     0.99966986        1
  1872.02750861     0.99965307        1
  1872.04794022     0.99978590        1
  1872.06837184     0.99950449        1
  1872.08880346     0.99960785        1
  1872.10923507     0.99936689        1
  1872.12966679     0.99957862        1
  1872.17052992     0.99988050        1
  1872.19096164     1.00022954        1
  1872.21139325     1.00030919        1
  1872.23182477     1.00039782        1
  1872.25225648     1.00027792        1
  1872.27268810     1.00005200        1
  1872.29311961     1.00011876        1
  1872.31355133     1.00005125        1
  1872.33398295     1.00020933        1
  1872.35441446     1.00032497        1
  1872.37484618     1.00034935        1
  1872.41570951     1.00011432        1
  1872.43614102     1.00001620        1
  1872.45657264     1.00001338        1
  1872.47700435     0.99997410        1
  1872.49743587     1.00015226        1
  1872.51786748     1.00042713        1
  1872.53829920     1.00057063        1
  1872.55873071     1.00067733        1
  1872.57916233     1.00069374        1
  1872.59959404     1.00049008        1
  1872.62002556     1.00013604        1
  1872.66088889     0.99992529        1
  1872.68132040     1.00007009        1
  1872.70175212     1.00030795        1
  1872.72218373     1.00053698        1
  1872.74261524     1.00047813        1
  1872.76304696     1.00035071        1
  1872.78347857     1.00000571        1
  1872.80391009     0.99983994        1
  1872.82434180     0.99966876        1
  1872.84477342     0.99980583        1
  1872.86520493     1.00015407        1
  1872.90606826     1.00035458        1
  1872.92649977     1.00032746        1
  1872.94693149     0.99971033        1
  1872.96736310     0.99928691        1
  1872.98779481     0.99922913        1
  1873.00822633     0.99931407        1
  1873.02865794     0.99965238        1
  1873.04908965     0.99991590        1
  1873.06952117     1.00007978        1
  1873.08995278     1.00001114        1
  1873.11038449     0.99974133        1
  1873.15124762     0.99883593        1
  1873.17167933     0.99901707        1
  1873.19211095     0.99912365        1
  1873.21254256     0.99936864        1
  1873.23297417     0.99973379        1
  1873.25340579     0.99963762        1
  1873.27383740     0.99928331        1
  1873.29426901     0.99908813        1
  1873.31470062     0.99887730        1
  1873.33513224     0.99899092        1
  1873.35556385     0.99938343        1
  1873.39642708     1.00067653        1
  1873.41685869     0.99983990        1
  1873.43729020     1.00022635        1
  1873.45772191     0.99939428        1
  1873.47815353     0.99921112        1
  1873.49858524     0.99931496        1
  1873.51901675     0.99972833        1
  1873.53944836     1.00026970        1
  1873.55988008     1.00069787        1
  1873.58031159     1.00080100        1
  1873.60074320     1.00067545        1
  1873.74376458     1.00022860        1
  1873.76419620     1.00036225        1
  1873.78462781     1.00019287        1
  1873.80505942     0.99967197        1
  1873.82549103     0.99986457        1
  1873.84592274     1.00017073        1
  1873.88678587     1.00101080        1
  1873.90721758     1.00098761        1
  1873.92764909     1.00068011        1
  1873.94808070     1.00018580        1
  1873.96851241     0.99973195        1
  1873.98894392     0.99955152        1
  1874.00937563     0.99984922        1
  1874.02980715     1.00000228        1
  1874.05023876     1.00066353        1
  1874.07067047     1.00080993        1
  1874.09110198     1.00072322        1
  1874.25455497     1.00044048        1
  1874.27498658     1.00024147        1
  1874.29541819     0.99993761        1
  1874.31584980     0.99957880        1
  1874.33628141     0.99952655        1
  1874.37714463     1.00024406        1
  1874.39757624     1.00055602        1
  1874.41800795     1.00058388        1
  1874.43843946     1.00025192        1
  1874.45887107     0.99976789        1
  1874.47930278     0.99947019        1
  1874.49973429     0.99937705        1
  1874.52016600     0.99974320        1
  1874.54059761     1.00025286        1
  1874.56102912     1.00055888        1
  1874.58146084     1.00059027        1
  1874.62232396     0.99960107        1
  1874.64275567     0.99919559        1
  1874.66318728     0.99928588        1
  1874.68361889     0.99967853        1
  1874.70405050     1.00031653        1
  1874.72448211     1.00097798        1
  1874.74491362     1.00106373        1
  1874.76534533     1.00056562        1
  1874.78577694     1.00003580        1
  1874.80620855     0.99954128        1
  1874.86750347     1.00027555        1
  1874.88793498     1.00066052        1
  1874.90836659     1.00097703        1
  1874.92879830     1.00087254        1
  1874.94922981     1.00041466        1
  1874.96966142     0.99958458        1
  1874.99009313     0.99938507        1
  1875.01052464     0.99903635        1
  1875.03095635     0.99938341        1
  1875.05138796     0.99999475        1
  1875.11268279     0.99944520        1
  1875.13311430     0.99910817        1
  1875.15354601     0.99882932        1
  1875.17397762     0.99883124        1
  1875.19440923     0.99929269        1
  1875.21484084     0.99960195        1
  1875.23527244     1.00013557        1
  1875.35786210     0.99994653        1
  1875.37829381     1.00031812        1
  1875.39872532     1.00011918        1
  1875.41915693     1.00022680        1
  1875.43958864     1.00019644        1
  1875.46002014     0.99984539        1
  1875.48045175     0.99943143        1
  1875.50088346     0.99920841        1
  1875.52131497     0.99942033        1
  1875.54174668     0.99979772        1
  1875.56217829     0.99995777        1
  1875.60304151     0.99995885        1
  1875.62347311     0.99976672        1
  1875.64390462     0.99928697        1
  1875.66433633     0.99927492        1
  1875.68476794     0.99933592        1
  1875.70519955     1.00011866        1
  1875.72563116     1.00017636        1
  1875.74606277     1.00050282        1
  1875.76649448     1.00063635        1
  1875.78692598     1.00027297        1
  1875.80735759     0.99993613        1
  1875.84822091     1.00001485        1
  1875.86865242     1.00045339        1
  1875.88908413     1.00101095        1
  1875.90951573     1.00105994        1
  1875.92994724     1.00091521        1
  1875.95037895     1.00055499        1
  1875.97081056     1.00005362        1
  1875.99124227     0.99972664        1
  1876.01167378     0.99994348        1
  1876.09340021     1.00028612        1
  1876.11383182     1.00022055        1
  1876.13426343     1.00015397        1
  1876.15469493     0.99980530        1
  1876.17512664     0.99977971        1
  1876.19555825     0.99988633        1
  1876.21598986     1.00024754        1
  1876.23642147     1.00035260        1
  1876.25685308     1.00045981        1
  1876.27728478     1.00050562        1
  1876.33857961     0.99937326        1
  1876.35901122     0.99960371        1
  1876.37944272     0.99974960        1
  1876.39987443     0.99993053        1
  1876.42030604     1.00007461        1
  1876.44073755     0.99996322        1
  1876.46116926     0.99980943        1
  1876.48160086     0.99958900        1
  1876.50203257     0.99942613        1
  1876.52246408     0.99951383        1
  1876.54289569     0.99988204        1
  1876.58375890     1.00027776        1
  1876.60419051     1.00046340        1
  1876.62462222     1.00014219        1
  1876.64505373     0.99988053        1
  1876.66548533     0.99968126        1
  1876.82893820     0.99999151        1
  1876.84936990     0.99977467        1
  1876.86980141     0.99975855        1
  1876.89023302     0.99985627        1
  1876.91066473     1.00000000        1
  1876.93109634     1.00055439        1
  1877.07411769     0.99977748        1
  1877.09454920     1.00001777        1
  1877.11498080     1.00018195        1
  1877.13541251     1.00043860        1
  1877.15584402     1.00031648        1
  1877.17627563     1.00003374        1
  1877.19670733     0.99968944        1
  1877.21713884     0.99950372        1
  1877.23757055     0.99958775        1
  1877.25800216     0.99976544        1
  1877.27843367     1.00012927        1
  1877.31929698     1.00026249        1
  1877.33972859     1.00008164        1
  1877.36016020     0.99964610        1
  1877.38059180     0.99929050        1
  1877.40102341     0.99946656        1
  1877.42145502     0.99986989        1
  1877.44188663     1.00042713        1
  1877.46231823     1.00075838        1
  1877.48274984     1.00076791        1
  1877.50318145     1.00035191        1
  1877.52361306     0.99995903        1
  1877.56447627     0.99940418        1
  1877.58490798     0.99974878        1
  1877.60533949     1.00028495        1
  1877.62577109     1.00050636        1
  1877.64620280     1.00031572        1
  1877.66663431     0.99998051        1
  1877.68706602     0.99950530        1
  1877.70749762     0.99911126        1
  1877.72792913     0.99917528        1
  1877.74836084     0.99957887        1
  1877.76879245     1.00019419        1
  1877.80965566     1.00076666        1
  1877.83008727     1.00020494        1
  1877.85051878     0.99983568        1
  1877.87095048     0.99934779        1
  1877.89138209     0.99917874        1
  1877.91181370     0.99952305        1
  1877.93224531     1.00020602        1
  1877.95267691     1.00065721        1
  1877.97310862     1.00082743        1
  1877.99354023     1.00062529        1
  1878.01397174     1.00017620        1
  1878.05483505     0.99923416        1
  1878.07526656     0.99946529        1
  1878.09569827     0.99994605        1
  1878.11612988     1.00054810        1
  1878.13656138     1.00094821        1
  1878.15699309     1.00083634        1
  1878.17742460     1.00039401        1
  1878.19785631     0.99985444        1
  1878.21828791     0.99932093        1
  1878.23871942     0.99941883        1
  1878.25915113     0.99972172        1
  1878.30001424     1.00078879        1
  1878.32044595     1.00072490        1
  1878.34087756     1.00037939        1
  1878.36130907     0.99976727        1
  1878.38174078     0.99944744        1
  1878.40217238     0.99928578        1
  1878.42260409     0.99955233        1
  1878.44303560     1.00004789        1
  1878.46346721     1.00059728        1
  1878.48389891     1.00084783        1
  1878.54519374     0.99938286        1
  1878.56562534     0.99900395        1
  1878.58605685     0.99928231        1
  1878.60648856     0.99993134        1
  1878.62692017     1.00061423        1
  1878.64735178     1.00096606        1
  1878.66778338     1.00068640        1
  1878.68821499     1.00009200        1
  1878.70864670     0.99947625        1
  1878.72907821     0.99921865        1
  1878.74950982     0.99933318        1
  1878.79037303     1.00069046        1
  1878.81080464     1.00100693        1
  1878.83123625     1.00069480        1
  1878.85166786     1.00007369        1
  1878.87209956     0.99938469        1
  1878.89253107     0.99900271        1
  1878.91296268     0.99913827        1
  1878.93339439     0.99971772        1
  1878.95382590     1.00020041        1
  1878.97425750     1.00023519        1
  1878.99468921     1.00001468        1
  1879.07641564     0.99867711        1
  1879.09684725     0.99960334        1
  1879.11727886     1.00008685        1
  1879.13771047     1.00040972        1
  1879.15814208     1.00048734        1
  1879.17857368     1.00041193        1
  1879.19900529     0.99987467        1
  1879.21943700     0.99945511        1
  1879.23986851     0.99916169        1
  1879.32159504     1.00034967        1
  1879.34202665     1.00038370        1
  1879.36245816     1.00014019        1
  1879.38288987     0.99972643        1
  1879.40332148     0.99925792        1
  1879.42375298     0.99962723        1
  1879.44418469     1.00015855        1
  1879.46461630     1.00055583        1
  1879.48504781     1.00078472        1
  1879.52591103     1.00011150        1
  1879.54634273     0.99983315        1
  1879.56677434     0.99932017        1
  1879.58720595     0.99971956        1
  1879.60763756     1.00004911        1
  1879.62806917     1.00072294        1
  1879.64850078     1.00079305        1
  1879.66893239     1.00056854        1
  1879.68936399     1.00047621        1
  1879.70979560     0.99966931        1
  1879.73022721     0.99919359        1
  1879.77109053     0.99962077        1
  1879.79152214     0.99989558        1
  1879.81195365     1.00038839        1
  1879.83238536     1.00040014        1
  1879.85281697     1.00015106        1
  1879.87324847     0.99977998        1
  1879.89368018     0.99956340        1
  1879.91411179     0.99953867        1
  1879.93454330     0.99980168        1
  1879.95497501     0.99997499        1
  1879.97540662     1.00024470        1
  1880.03670145     0.99964991        2
  1880.05713316     0.99929566        2
  1880.07756466     0.99925527        2
  1880.09799627     0.99950816        2
  1880.11842788     0.99995426        2
  1880.13885949     1.00031521        2
  1880.15929110     1.00060602        2
  1880.17972281     1.00057928        2
  1880.20015432     1.00025692        2
  1880.22058603     0.99972412        2
  1880.26144915     0.99968076        2
  1880.28188086     0.99989795        2
  1880.30231247     1.00038263        2
  1880.32274398     1.00058530        2
  1880.34317569     1.00054022        2
  1880.36360730     1.00035511        2
  1880.38403881     1.00004486        2
  1880.40447052     0.99981796        2
  1880.42490213     0.99975283        2
  1880.44533383     0.99995931        2
  1880.46576534     1.00005028        2
  1880.50662866     1.00073226        2
  1880.52706017     1.00052467        2
  1880.54749178     1.00027983        2
  1880.56792349     1.00008515        2
  1880.58835500     0.99986687        2
  1880.60878661     1.00008554        2
  1880.62921832     1.00035259        2
  1880.64964983     1.00073003        2
  1880.67008154     1.00083581        2
  1880.75180798     0.99937904        2
  1880.77223959     0.99934219        2
  1880.79267121     0.99972854        2
  1880.81310282     0.99991382        2
  1880.83353443     1.00014474        2
  1880.85396604     1.00018825        2
  1880.87439765     0.99988282        2
  1880.89482926     1.00002031        2
  1880.91526087     0.99983842        2
  1880.93569248     0.99972671        2
  1880.95612419     0.99989396        2
  1881.01741902     0.99999069        2
  1881.03785053     0.99987348        2
  1881.05828214     0.99961653        2
  1881.07871385     0.99946013        2
  1881.09914536     0.99918930        2
  1881.11957707     0.99930148        2
  1881.14000869     0.99954122        2
  1881.16044020     1.00000348        2
  1881.18087191     1.00034796        2
  1881.20130352     1.00036116        2
  1881.24216674     0.99983230        2
  1881.26259835     0.99941090        2
  1881.28302996     0.99951478        2
  1881.30346157     0.99963937        2
  1881.32389319     0.99976335        2
  1881.34432490     1.00007241        2
  1881.36475641     1.00014597        2
  1881.38518802     1.00010293        2
  1881.40561973     0.99988687        2
  1881.42605134     0.99965904        2
  1881.44648285     0.99921621        2
  1881.48734608     0.99957902        2
  1881.50777779     1.00017206        2
  1881.52820940     1.00060197        2
  1881.54864101     1.00049829        2
  1881.56907262     1.00017369        2
  1881.58950424     0.99998812        2
  1881.60993575     0.99972288        2
  1881.63036746     0.99978188        2
  1881.65079907     1.00015784        2
  1881.67123058     1.00050428        2
  1881.69166230     1.00103450        2
  1881.73252562     1.00065131        2
  1881.75295713     1.00028415        2
  1881.77338874     0.99985112        2
  1881.79382046     0.99982252        2
  1881.81425197     1.00009717        2
  1881.83468358     1.00065690        2
  1881.85511529     1.00093537        2
  1881.87554681     1.00101480        2
  1881.89597842     1.00100186        2
  1881.91641013     1.00048271        2
  1881.93684174     1.00008857        2
  1881.97770497     0.99939630        2
  1881.99813658     0.99983093        2
  1882.01856820     1.00016343        2
  1882.03899981     1.00030065        2
  1882.05943142     1.00008880        2
  1882.07986313     1.00001968        2
  1882.10029465     0.99966800        2
  1882.12072626     0.99913312        2
  1882.14115797     0.99909083        2
  1882.16158949     0.99957933        2
  1882.22288433     1.00005228        2
  1882.24331604     0.99967201        2
  1882.26374755     0.99918573        2
  1882.28417917     0.99892253        2
  1882.30461088     0.99905529        2
  1882.32504239     0.99949573        2
  1882.34547411     1.00036374        2
  1882.36590572     1.00081088        2
  1882.38633724     1.00087551        2
  1882.46806379     0.99910955        2
  1882.48849540     0.99940102        2
  1882.50892702     0.99992198        2
  1882.52935863     1.00049858        2
  1882.54979025     1.00073529        2
  1882.57022196     1.00057133        2
  1882.59065358     0.99989810        2
  1882.77453811     0.99977363        2
  1882.79496982     0.99958230        2
  1882.81540134     0.99967507        2
  1882.83583295     1.00035050        2
  1882.85626467     1.00085612        2
  1882.87669618     1.00127523        2
  1882.89712770     1.00136076        2
  1882.91755941     1.00113386        2
  1883.04014910     1.00120143        2
  1883.06058072     1.00142227        2
  1883.08101244     1.00122318        2
  1883.10144405     1.00049108        2
  1883.12187557     0.99990630        2
  1883.14230728     0.99946422        2
  1883.16273890     0.99961984        2
  1883.20360213     1.00109123        2
  1883.22403375     1.00073581        2
  1883.24446546     1.00059046        2
  1883.26489698     0.99986442        2
  1883.28532860     0.99907128        2
  1883.30576031     0.99866874        2
  1883.32619183     0.99879795        2
  1883.34662345     0.99943268        2
  1883.36705516     0.99986333        2
  1883.38748668     0.99995738        2
  1883.40791840     0.99994928        2
  1883.44878153     0.99889291        2
  1883.46921325     0.99859484        2
  1883.48964486     0.99866021        2
  1883.51007638     0.99917005        2
  1883.53050810     0.99968691        2
  1883.55093961     1.00006549        2
  1883.57137133     1.00023337        2
  1883.59180295     1.00019948        2
  1883.61223447     0.99996947        2
  1883.63266618     0.99941327        2
  1883.65309780     0.99944082        2
  1883.71439265     1.00038155        2
  1883.73482427     1.00046300        2
  1883.75525589     1.00030202        2
  1883.77568751     0.99972838        2
  1883.79611923     0.99935140        2
  1883.81655084     0.99918424        2
  1883.83698236     0.99935751        2
  1883.85741408     1.00000028        2
  1883.87784570     1.00058599        2
  1883.89827722     1.00078613        2
  1883.98000379     0.99918055        2
  1884.00043541     0.99955748        2
  1884.02086713     1.00036749        2
  1884.04129865     1.00096994        2
  1884.06173027     1.00109689        2
  1884.08216199     1.00108719        2
  1884.10259350     1.00066548        2
  1884.12302512     1.00026955        2
  1884.14345684     0.99987705        2
  1884.20475160     1.00046342        2
  1884.22518322     1.00083055        2
  1884.24561494     1.00073919        2
  1884.26604646     1.00037835        2
  1884.28647808     0.99981269        2
  1884.30690980     0.99936922        2
  1884.32734142     0.99936601        2
  1884.34777294     0.99969507        2
  1884.36820466     1.00009100        2
  1884.38863628     1.00017816        2
  1884.42949952     0.99979751        2
  1884.44993114     0.99945250        2
  1884.47036286     0.99926926        2
  1884.49079438     0.99931469        2
  1884.51122600     0.99970646        2
  1884.53165772     0.99988732        2
  1884.55208924     1.00023422        2
  1884.57252086     1.00063373        2
  1884.59295258     1.00040899        2
  1884.61338411     0.99979199        2
  1884.63381583     0.99945872        2
  1884.67467897     0.99927488        2
  1884.69511069     0.99966196        2
  1884.71554231     1.00005024        2
  1884.73597393     1.00026165        2
  1884.75640555     1.00008601        2
  1884.77683718     0.99973473        2
  1884.79726880     0.99951726        2
  1884.81770042     0.99952065        2
  1884.83813204     0.99980082        2
  1884.85856366     0.99994546        2
  1884.91985853     1.00042381        2
  1884.94029015     1.00029452        2
  1884.96072177     0.99996271        2
  1884.98115350     0.99963135        2
  1885.00158502     0.99970748        2
  1885.02201674     1.00000608        2
  1885.04244836     1.00038415        2
  1885.06287989     1.00073527        2
  1885.08331161     1.00077028        2
  1885.10374323     1.00072893        2
  1885.12417475     1.00051235        2
  1885.16503810     1.00251729        2
  1885.18546962     1.00016023        2
  1885.20590135     1.00008058        2
  1885.22633297     1.00048656        2
  1885.24676469     1.00050638        2
  1885.26719622     1.00024740        2
  1885.28762784     1.00011426        2
  1885.30805957     0.99982368        2
  1885.32849109     0.99956240        2
  1885.34892271     0.99939885        2
  1885.36935444     0.99962278        2
  1885.41021759     0.99982440        2
  1885.43064931     1.00016687        2
  1885.45108093     1.00022769        2
  1885.47151256     0.99980089        2
  1885.49194418     0.99966714        2
  1885.51237581     0.99940976        2
  1885.53280743     0.99945490        2
  1885.55323906     0.99972754        2
  1885.57367058     0.99990180        2
  1885.59410231     1.00005794        2
  1885.61453393     1.00041417        2
  1885.65539718     0.99977801        2
  1885.67582881     0.99951018        2
  1885.69626053     0.99946381        2
  1885.71669206     0.99954556        2
  1885.73712368     0.99987114        2
  1885.75755541     0.99998180        2
  1885.77798694     1.00009202        2
  1885.79841856     1.00000000        2
  1885.81885029     0.99988696        2
  1885.83928181     0.99979087        2
  1885.85971354     0.99997005        2
  1885.90057669     0.99997332        2
  1885.92100842     1.00033340        2
  1885.94144004     1.00064944        2
  1885.96187167     1.00057508        2
  1885.98230330     1.00046709        2
  1886.00273492     1.00009013        2
  1886.02316655     0.99990265        2
  1886.04359818     0.99988003        2
  1886.06402981     1.00016392        2
  1886.08446153     1.00040782        2
  1886.10489316     1.00100108        2
  1886.16618804     1.00008654        2
  1886.18661957     1.00005512        2
  1886.20705130     1.00002052        2
  1886.22748283     1.00028444        2
  1886.24791455     1.00068041        2
  1886.26834618     1.00103117        2
  1886.28877771     1.00112526        2
  1886.30920944     1.00093236        2
  1886.32964107     1.00057707        2
  1886.35007259     1.00006098        2
  1886.39093595     0.99982086        2
  1886.41136748     0.99997187        2
  1886.43179921     1.00028602        2
  1886.45223084     1.00047509        2
  1886.47266257     1.00023655        2
  1886.49309410     1.00001531        2
  1886.51352573     0.99962331        2
  1886.53395745     0.99927779        2
  1886.63611560     0.99966912        2
  1886.65654723     0.99927764        2
  1886.67697886     0.99886286        2
  1886.69741049     0.99870856        2
  1886.71784212     0.99887094        2
  1886.73827375     0.99919685        2
  1886.75870548     0.99917668        2
  1886.88129517     0.99902224        2
  1886.90172680     0.99919489        2
  1886.92215853     0.99963900        2
  1886.94259006     1.00014654        2
  1886.96302169     1.00022143        2
  1886.98345342     1.00017108        2
  1887.00388496     0.99965670        2
  1887.12647485     1.00045362        2
  1887.14690648     1.00039480        2
  1887.16733811     0.99997184        2
  1887.18776975     0.99964033        2
  1887.20820138     0.99942896        2
  1887.22863301     0.99931110        2
  1887.24906474     1.00005825        2
  1887.26949628     1.00048022        2
  1887.28992791     1.00085667        2
  1887.31035964     1.00067955        2
  1887.33079128     1.00044808        2
  1887.37165454     0.99959571        2
  1887.39208618     0.99975546        2
  1887.41251771     1.00002254        2
  1887.43294945     1.00058479        2
  1887.45338108     1.00110309        2
  1887.47381271     1.00087536        2
  1887.49424435     1.00058246        2
  1887.51467598     1.00001438        2
  1887.53510772     0.99959475        2
  1887.55553925     0.99976334        2
  1887.57597089     1.00003659        2
  1887.61683416     1.00070227        2
  1887.63726589     1.00069654        2
  1887.65769743     1.00041446        2
  1887.67812906     0.99958475        2
  1887.69856080     0.99938599        2
  1887.71899233     0.99935609        2
  1887.73942397     0.99979613        2
  1887.75985570     1.00003541        2
  1887.78028724     1.00043772        2
  1887.80071887     1.00034451        2
  1887.86201388     0.99918352        2
  1887.88244552     0.99898757        2
  1887.90287716     0.99929534        2
  1887.92330879     0.99987744        2
  1887.94374043     1.00037862        2
  1887.96417207     1.00054776        2
  1887.98460380     1.00016122        2
  1891.04935147     1.00019532        3
  1891.06978313     0.99997601        3
  1891.09021489     0.99957303        3
  1891.11064644     0.99940349        3
  1891.13107810     0.99994265        3
  1891.15150986     1.00051497        3
  1891.17194142     1.00063880        3
  1891.19237317     1.00066138        3
  1891.21280483     1.00034565        3
  1891.23323639     1.00026234        3
  1891.29453136     0.99965018        3
  1891.31496312     1.00017874        3
  1891.33539478     1.00082243        3
  1891.35582654     1.00098205        3
  1891.37625810     1.00060886        3
  1891.39668976     1.00001006        3
  1891.41712152     0.99953084        3
  1891.43755308     0.99954574        3
  1891.45798474     0.99903827        3
  1891.47841650     0.99944735        3
  1891.49884816     0.99994302        3
  1891.53971148     1.00021875        3
  1891.56014304     0.99976430        3
  1891.58057480     0.99928209        3
  1891.60100646     0.99888087        3
  1891.62143802     0.99905129        3
  1891.64186978     0.99955462        3
  1891.66230144     1.00035722        3
  1891.68273301     1.00043868        3
  1891.70316477     1.00072691        3
  1891.72359643     1.00015272        3
  1891.74402819     0.99972186        3
  1891.78489141     0.99936712        3
  1891.80532318     0.99960361        3
  1891.82575474     0.99994415        3
  1891.84618640     1.00048202        3
  1891.86661816     1.00058877        3
  1891.88704973     1.00042796        3
  1891.90748139     1.00023956        3
  1891.92791315     0.99985108        3
  1891.94834472     0.99981346        3
  1891.96877648     0.99974676        3
  1891.98920814     1.00005995        3
  1892.03007147     1.00067328        3
  1892.05050314     1.00029931        3
  1892.07093480     0.99976454        3
  1892.09136647     0.99923996        3
  1892.11179813     0.99906375        3
  1892.13222990     0.99937283        3
  1892.15266156     0.99971580        3
  1892.17309313     1.00042736        3
  1892.19352489     1.00055443        3
  1892.21395646     1.00059504        3
  1892.23438812     0.99993997        3
  1892.27525145     0.99917624        3
  1892.29568322     0.99928749        3
  1892.31611489     0.99981639        3
  1892.33654645     1.00033364        3
  1892.35697822     1.00090150        3
  1892.37740989     1.00092274        3
  1892.39784145     1.00024626        3
  1892.41827322     0.99972318        3
  1892.43870489     0.99946131        3
  1892.45913646     0.99944413        3
  1892.47956822     0.99983221        3
  1892.52043166     1.00068216        3
  1892.54086323     1.00075967        3
  1892.56129489     1.00032692        3
  1892.58172666     0.99982453        3
  1892.60215823     0.99944255        3
  1892.62258990     0.99914405        3
  1892.64302167     0.99946515        3
  1892.66345334     0.99989837        3
  1892.68388501     1.00058499        3
  1892.84733837     1.00041066        3
  1892.86777014     1.00059930        3
  1892.88820171     1.00031872        3
  1892.90863348     0.99972983        3
  1892.92906505     0.99928745        3
  1892.94949672     0.99909817        3
  1892.96992850     0.99949703        3
  1893.01079174     1.00094259        3
  1893.03122351     1.00062238        3
  1893.05165508     1.00043719        3
  1893.07208686     1.00015084        3
  1893.09251853     1.00014699        3
  1893.11295010     0.99987367        3
  1893.13338187     0.99968719        3
  1893.15381355     1.00072368        3
  1893.17424512     1.00115751        3
  1893.19467689     1.00112202        3
  1893.21510857     1.00083730        3
  1893.33769861     1.00039687        3
  1893.35813039     1.00085871        3
  1893.37856206     1.00093450        3
  1893.39899364     1.00040089        3
  1893.41942541     0.99973264        3
  1893.43985709     0.99919192        3
  1893.46028886     0.99912004        3
  1893.50115212     0.99983796        3
  1893.52158389     1.00033134        3
  1893.54201547     1.00010843        3
  1893.56244705     0.99992046        3
  1893.58287882     0.99972369        3
  1893.60331050     0.99974528        3
  1893.62374228     0.99966352        3
  1893.64417385     0.99961343        3
  1893.66460553     0.99987978        3
  1893.68503731     1.00032561        3
  1893.70546889     1.00045950        3
  1893.74633234     0.99973128        3
  1893.76676392     0.99922646        3
  1893.78719560     0.99901520        3
  1893.80762738     0.99908311        3
  1893.82805896     0.99932839        3
  1893.84849074     0.99963989        3
  1893.86892242     0.99980379        3
  1893.88935409     1.00001750        3
  1893.90978577     0.99985588        3
  1893.93021745     0.99956312        3
  1894.03237596     0.99998617        3
  1894.05280754     1.00033310        3
  1894.07323932     1.00019000        3
  1894.09367100     0.99985327        3
  1894.11410258     0.99961055        3
  1894.13453436     0.99960835        3
  1894.15496604     0.99977039        3
  1894.17539773     1.00020422        3
  1894.19582941     1.00071950        3
  1894.23669277     1.00043668        3
  1894.25712445     1.00010312        3
  1894.27755604     0.99988609        3
  1894.29798782     0.99984085        3
  1894.31841950     0.99965105        3
  1894.33885109     0.99987628        3
  1894.35928287     1.00028541        3
  1894.37971455     1.00054325        3
  1894.40014634     1.00048181        3
  1894.42057792     1.00005809        3
  1894.44100961     0.99980562        3
  1894.48187298     0.99941211        3
  1894.50230466     0.99968384        3
  1894.52273645     1.00007838        3
  1894.54316813     1.00034273        3
  1894.56359982     1.00032591        3
  1894.58403150     1.00035344        3
  1894.60446319     0.99993671        3
  1894.62489487     0.99963717        3
  1894.72705331     1.00045320        3
  1894.74748509     1.00051324        3
  1894.76791668     1.00053286        3
  1894.78834847     1.00021283        3
  1894.80878016     0.99997739        3
  1894.82921174     0.99960130        3
  1894.84964353     0.99960508        3
  1894.87007512     0.99980203        3
  1894.97223366     0.99978989        3
  1894.99266525     0.99915808        3
  1895.01309704     0.99928359        3
  1895.03352873     0.99955947        3
  1895.05396042     1.00005316        3
  1895.07439211     1.00018067        3
  1895.09482380     1.00009169        3
  1895.11525559     0.99991862        3
  1895.13568718     0.99978122        3
  1895.15611887     0.99921424        3
  1895.17655067     0.99926863        3
  1895.21741395     1.00045193        3
  1895.23784574     1.00055576        3
  1895.25827743     1.00054769        3
  1895.27870902     1.00017414        3
  1895.29914082     0.99994883        3
  1895.31957251     0.99978950        3
  1895.34000430     0.99966929        3
  1895.36043589     0.99980801        3
  1895.38086759     1.00014585        3
  1895.40129938     1.00050902        3
  1895.42173097     1.00075365        3
  1895.46259446     1.00036072        3
  1895.48302605     0.99964409        3
  1895.50345785     0.99953812        3
  1895.52388944     0.99972744        3
  1895.54432114     1.00001866        3
  1895.56475293     1.00070493        3
  1895.58518453     1.00106441        3
  1895.60561622     1.00105710        3
  1895.62604802     1.00079413        3
  1895.64647961     1.00039407        3
  1895.66691141     0.99985374        3
  1895.70777480     1.00000205        3
  1895.72820650     1.00042433        3
  1895.74863819     1.00104525        3
  1895.76906989     1.00086787        3
  1895.78950159     1.00046879        3
  1895.80993328     0.99990957        3
  1895.83036498     0.99949928        3
  1895.85079678     0.99951006        3
  1895.87122838     0.99972733        3
  1895.89166017     1.00033142        3
  1895.91209187     1.00080640        3
  1895.97338697     1.00008411        3
  1895.99381857     0.99963247        3
  1896.01425037     0.99929398        3
  1896.03468206     0.99959760        3
  1896.05511386     1.00000000        3
  1896.07554546     1.00054032        3
  1896.09597716     1.00083140        3
  1896.11640886     1.00062707        3
  1896.13684056     1.00024210        3
  1896.15727226     0.99970717        3
  1896.19813567     0.99927364        3
  1896.21856747     0.99977581        3
  1896.23899907     1.00026865        3
  1896.25943077     1.00040166        3
  1896.27986257     1.00045975        3
  1896.30029417     1.00013452        3
  1896.32072588     0.99947458        3
  1896.34115768     0.99891970        3
  1896.36158928     0.99893591        3
  1896.38202098     0.99979602        3
  1896.50461130     0.99904176        3
  1896.52504301     0.99911060        3
  1896.54547471     0.99956364        3
  1896.56590652     1.00016988        3
  1896.58633812     1.00083440        3
  1896.60676993     1.00102329        3
  1896.62720163     1.00049893        3
  1896.64763324     0.99996940        3
  1896.68849675     0.99925137        3
  1896.70892835     0.99962077        3
  1896.72936016     1.00026672        3
  1896.74979187     1.00067208        3
  1896.77022357     1.00082192        3
  1896.79065528     1.00051746        3
  1896.81108699     1.00011844        3
  1896.83151869     0.99974535        3
  1896.85195040     0.99930691        3
  1896.87238211     0.99933378        3
  1896.89281382     0.99990080        3
  1896.93367723     1.00076366        3
  1896.95410894     1.00065004        3
  1896.97454065     1.00030470        3
  1896.99497246     0.99979831        3
  1897.01540407     0.99990236        3
  1897.03583578     1.00004527        3
  1897.05626759     1.00019272        3
  1897.07669930     1.00060100        3
  1897.09713091     1.00099879        3
  1897.11756272     1.00091318        3
  1897.13799443     1.00031238        3
  1897.17885785     0.99911523        3
  1897.19928956     0.99906963        3
  1897.21972137     0.99934473        3
  1897.24015298     1.00008981        3
  1897.26058470     1.00046940        3
  1897.28101651     1.00085349        3
  1897.30144812     1.00015045        3
  1897.32187993     0.99938205        3
  1897.34231164     0.99899135        3
  1897.36274326     0.99914574        3
  1897.38317507     0.99968381        3
  1897.42403840     1.00040597        3
  1897.44447021     1.00061545        3
  1897.46490192     1.00037646        3
  1897.48533374     0.99983691        3
  1897.50576535     0.99924440        3
  1897.52619697     0.99919318        3
  1897.54662878     0.99921744        3
  1897.56706050     0.99971135        3
  1897.58749221     1.00026894        3
  1897.60792393     1.00062261        3
  1897.62835564     1.00055613        3
  1897.75094594     1.00011363        3
  1897.77137776     1.00054587        3
  1897.79180947     1.00065598        3
  1897.81224109     1.00023879        3
  1897.83267291     0.99976234        3
  1897.85310463     0.99943858        3
  1897.87353645     0.99951182        3
  1897.93483160     1.00025895        3
  1897.95526322     1.00024926        3
  1897.97569494     1.00003129        3
  1897.99612676     0.99943713        3
  1898.01655838     0.99981687        4
  1898.03699020     0.99961266        4
  1898.05742192     0.99964193        4
  1898.07785354     1.00010951        4
  1898.09828536     1.00052747        4
  1898.11871708     1.00061655        4
  1898.15958052     1.00016928        4
  1898.18001214     0.99968858        4
  1898.20044397     0.99964156        4
  1898.22087569     0.99979260        4
  1898.24130731     1.00025746        4
  1898.26173913     1.00071389        4
  1898.28217085     1.00077861        4
  1898.30260258     1.00068307        4
  1898.32303430     1.00025750        4
  1898.34346602     1.00009446        4
  1898.40476119     0.99986216        4
  1898.42519302     0.99996692        4
  1898.44562474     1.00024616        4
  1898.46605637     1.00034039        4
  1898.48648819     1.00003346        4
  1898.50691992     0.99979041        4
  1898.52735154     0.99942871        4
  1898.54778337     0.99945891        4
  1898.56821509     0.99953707        4
  1898.58864692     0.99997323        4
  1898.64994210     1.00043594        4
  1898.67037373     1.00005613        4
  1898.69080545     0.99962794        4
  1898.71123728     0.99937555        4
  1898.73166891     0.99941344        4
  1898.75210074     0.99966778        4
  1898.77253246     0.99994965        4
  1898.79296409     1.00026506        4
  1898.81339592     1.00047935        4
  1898.83382755     1.00002632        4
  1898.85425928     0.99981971        4
  1898.89512274     0.99994809        4
  1898.91555447     1.00014293        4
  1898.93598630     1.00069077        4
  1898.95641803     1.00054084        4
  1898.97684976     1.00055754        4
  1898.99728149     1.00029908        4
  1899.01771322     1.00004251        4
  1899.03814495     0.99971189        4
  1899.05857668     0.99949776        4
  1899.07900841     0.99935287        4
  1899.09944024     0.99959365        4
  1899.14030371     1.00054228        4
  1899.16073544     1.00081471        4
  1899.18116707     1.00024983        4
  1899.20159890     0.99997078        4
  1899.22203064     0.99975134        4
  1899.24246227     0.99970187        4
  1899.26289410     1.00007162        4
  1899.28332584     1.00044722        4
  1899.30375767     1.00060266        4
  1899.32418931     1.00055621        4
  1899.34462104     1.00060056        4
  1899.38548451     0.99981274        4
  1899.40591625     0.99973762        4
  1899.42634808     0.99964041        4
  1899.44677972     0.99979285        4
  1899.46721155     1.00023187        4
  1899.48764319     1.00047653        4
  1899.50807493     1.00050769        4
  1899.52850676     1.00017452        4
  1899.54893840     0.99975991        4
  1899.56937014     0.99936463        4
  1899.58980197     0.99911761        4
  1899.63066535     0.99986225        4
  1899.65109719     1.00016488        4
  1899.67152892     1.00023728        4
  1899.69196066     1.00012610        4
  1899.71239240     0.99998109        4
  1899.73282414     0.99954413        4
  1899.75325598     0.99925624        4
  1899.77368762     0.99956032        4
  1899.79411936     0.99997975        4
  1899.81455120     1.00025698        4
  1899.83498284     1.00041401        4
  1899.89627806     0.99987614        4
  1899.91670990     0.99989931        4
  1899.93714164     0.99998027        4
  1899.95757328     1.00043604        4
  1899.97800513     1.00088405        4
  1899.99843687     1.00110545        4
  1900.01886871     1.00121186        4
  1900.03930035     1.00057747        4
  1900.05973210     0.99996577        4
  1900.08016384     0.99944888        4
  1900.12102733     0.99985765        4
  1900.14145907     1.00034546        4
  1900.16189081     1.00062264        4
  1900.18232266     1.00074986        4
  1900.20275430     1.00030926        4
  1900.22318605     0.99977164        4
  1900.24361789     0.99931221        4
  1900.26404954     0.99912791        4
  1900.28448128     0.99954398        4
  1900.30491313     1.00009929        4
  1900.32534487     1.00043709        4
  1900.36620837     1.00047091        4
  1900.38664011     0.99989521        4
  1900.40707196     0.99946489        4
  1900.42750361     0.99936094        4
  1900.44793535     0.99961258        4
  1900.46836720     0.99997655        4
  1900.48879885     1.00071814        4
  1900.50923060     1.00078275        4
  1900.52966245     1.00045543        4
  1900.55009410     0.99999428        4
  1900.57052594     0.99931952        4
  1900.61138934     0.99931499        4
  1900.63182119     0.99971328        4
  1900.65225294     1.00029441        4
  1900.67268459     1.00065323        4
  1900.69311644     1.00043176        4
  1900.71354819     0.99986502        4
  1900.85657045     1.00047240        4
  1900.87700221     1.00021408        4
  1900.89743406     1.00009384        4
  1900.91786581     0.99953359        4
  1900.93829747     0.99974841        4
  1900.95872932     0.99993872        4
  1900.97916107     1.00063663        4
  1900.99959273     1.00108433        4
  1901.02002458     1.00127025        4
  1901.04045634     1.00085915        4
  1901.06088799     1.00021029        4
  1901.10175160     0.99932182        4
  1901.12218346     0.99980817        4
  1901.14261511     1.00053156        4
  1901.16304687     1.00105735        4
  1901.18347872     1.00103958        4
  1901.20391038     1.00063466        4
  1901.22434214     1.00021340        4
  1901.24477400     0.99978224        4
  1901.26520565     0.99927113        4
  1901.28563751     0.99978412        4
  1901.30606927     0.99989226        4
  1901.36736454     1.00047912        4
  1901.38779630     1.00033685        4
  1901.40822806     0.99952232        4
  1901.42865982     0.99925205        4
  1901.44909158     0.99926734        4
  1901.46952334     0.99973814        4
  1901.48995510     1.00020051        4
  1901.51038686     1.00044402        4
  1901.53081862     1.00040730        4
  1901.55125038     1.00026576        4
  1901.59211390     0.99917505        4
  1901.61254577     0.99909965        4
  1901.63297753     0.99922465        4
  1901.65340919     0.99965328        4
  1901.67384105     1.00001969        4
  1901.69427282     1.00007027        4
  1901.71470448     0.99978395        4
  1901.73513634     0.99931270        4
  1901.75556810     0.99875968        4
  1901.77599977     0.99882985        4
  1901.79643163     0.99928551        4
  1901.83729526     1.00038379        4
  1901.85772693     1.00073915        4
  1901.87815869     1.00033430        4
  1901.89859056     0.99966924        4
  1901.91902222     0.99928710        4
  1901.93945399     0.99923988        4
  1901.95988585     0.99944369        4
  1901.98031752     0.99986291        4
  1902.00074939     1.00028727        4
  1902.02118115     1.00063386        4
  1902.08247646     0.99965500        4
  1902.10290812     0.99947138        4
  1902.12333999     0.99960142        4
  1902.14377176     1.00000000        4
  1902.16420353     1.00080784        4
  1902.18463530     1.00095492        4
  1902.20506707     1.00100900        4
  1902.22549884     1.00037058        4
  1902.24593061     0.99978458        4
  1902.26636238     0.99953401        4
  1902.28679425     0.99983172        4
  1902.32765769     1.00026157        4
  1902.34808956     1.00061464        4
  1902.36852123     1.00076616        4
  1902.38895310     1.00054791        4
  1902.40938487     1.00000170        4
  1902.42981654     0.99979916        4
  1902.45024842     0.99989979        4
  1902.57283906     1.00024878        4
  1902.59327083     0.99992718        4
  1902.61370270     0.99986435        4
  1902.63413438     0.99995424        4
  1902.65456615     1.00006624        4
  1902.67499803     1.00029575        4
  1902.69542971     1.00045201        4
  1902.71586158     1.00039646        4
  1902.73629336     0.99986625        4
  1902.75672503     0.99932229        4
  1902.77715691     0.99958313        4
  1902.81802046     1.00106230        4
  1902.83845224     1.00030987        4
  1902.85888402     1.00023416        4
  1902.87931570     1.00018020        4
  1902.89974758     1.00007159        4
  1902.92017935     0.99990300        4
  1902.94061123     0.99996731        4
  1902.96104291     0.99982021        4
  1902.98147469     0.99983538        4
  1903.00190657     0.99997677        4
  1903.02233825     1.00024487        4
  1903.20622428     1.00025450        4
  1903.22665616     1.00024311        4
  1903.24708795     1.00018162        4
  1903.26751983     0.99998264        4
  1903.30838330     0.99993583        4
  1903.32881518     0.99994725        4
  1903.34924686     1.00027546        4
  1903.36967865     1.00060540        4
  1903.39011053     1.00081790        4
  1903.41054232     1.00079162        4
  1903.43097410     1.00074703        4
  1903.45140579     0.99995092        4
  1903.47183757     0.99976015        4
  1903.49226946     0.99976231        4
  1903.51270125     1.00000978        4
  1903.55356482     1.00041841        4
  1903.57399661     1.00037739        4
  1903.59442829     1.00004311        4
  1903.61486018     0.99985403        4
  1903.63529197     0.99967214        4
  1903.65572386     0.99959279        4
  1903.67615555     0.99998790        4
  1903.69658734     1.00040595        4
  1903.71701922     1.00059708        4
  1903.73745091     1.00078617        4
  1903.75788270     1.00043003        4
  1903.79874628     0.99996978        4
  1903.81917817     0.99978769        4
  1903.83960997     0.99992302        4
  1903.86004166     0.99997300        4
  1903.88047355     1.00012732        4
  1903.90090534     1.00024262        4
  1903.92133703     1.00018569        4
  1903.94176892     1.00008788        4
  1903.96220072     0.99965196        4
  1903.98263261     0.99945001        4
  1904.00306430     0.99944034        4
  1904.04392789     1.00001007        4
  1904.06435978     1.00013199        4
  1904.08479148     1.00014276        4
  1904.10522327     0.99991719        4
  1904.12565506     0.99959897        4
  1904.14608686     0.99929558        4
  1904.16651875     0.99939442        4
  1904.18695045     0.99956142        4
  1904.20738235     0.99998159        4
  1904.22781414     1.00021377        4
  1904.24824584     1.00038039        4
  1904.30954123     0.99946493        4
  1904.32997313     0.99932123        4
  1904.35040492     0.99946700        4
  1904.37083682     0.99999663        4
  1904.39126852     1.00048585        4
  1904.41170032     1.00067681        4
  1904.43213222     1.00058273        4
  1904.45256392     1.00026747        4
  1904.47299572     0.99983630        4
  1904.49342762     0.99944572        4
  1904.61601842     1.00034908        4
  1904.63645022     0.99997332        4
  1904.65688202     0.99972450        4
  1904.67731383     0.99979004        4
  1904.69774563     1.00015589        4
  1904.71817743     1.00079824        4
  1904.73860924     1.00118095        4
  1904.77947284     1.00071683        4
  1904.79990465     1.00026825        4
  1904.82033655     0.99988883        4
  1904.84076826     0.99966758        4
  1904.86120006     0.99994983        4
  1904.88163197     1.00076648        4
  1905.04508642     1.00002243        4
  1905.06551822     1.00049405        4
  1905.08595013     1.00066269        4
  1905.10638184     1.00039854        4
  1905.12681365     0.99979679        4
  1905.14724556     0.99952741        4
  1905.16767727     0.99948737        4
  1905.18810908     0.99970690        4
