  1835.65876527     0.99958764        0
  1835.67919731     0.99913103        0
  1835.80178956     0.99896067        0
  1835.82222170     1.00018636        0
  1835.84265364     0.99980762        0
  1835.86308568     0.99964395        0
  1835.88351782     0.99968050        0
  1835.90394976     0.99991140        0
  1835.92438179     0.99909949        0
  1835.94481393     0.99983955        0
  1835.96524587     1.00027631        0
  1835.98567790     0.99963825        0
  1836.00611004     1.00006775        0
  1836.02654198     0.99920855        0
  1836.04697401     1.00084551        0
  1836.06740614     0.99994963        0
  1836.08783808     1.00049852        0
  1836.10827011     1.00018845        0
  1836.12870225     0.99944191        0
  1836.14913428     1.00047665        0
  1836.16956621     1.00037941        0
  1836.18999834     1.00007490        0
  1836.21043037     1.00070078        0
  1836.23086250     1.00027425        0
  1836.25129443     1.00048334        0
  1836.27172646     1.00054623        0
  1836.31259052     1.00045081        0
  1836.33302255     1.00066206        0
  1836.35345468     1.00055114        0
  1836.37388661     1.00081711        0
  1836.39431863     1.00099974        0
  1836.41475066     1.00085228        0
  1836.43518269     1.00134559        0
  1836.45561471     1.00089874        0
  1836.47604674     1.00127508        0
  1836.49647876     1.00068404        0
  1836.51691079     1.00053157        0
  1836.53734281     1.00117033        0
  1836.55777484     1.00063707        0
  1836.57820686     1.00115703        0
  1836.59863898     1.00046690        0
  1836.61907090     1.00054483        0
  1836.63950293     1.00112988        0
  1836.65993505     0.99992424        0
  1836.68036697     0.99977448        0
  1836.70079899     0.99969277        0
  1836.72123111     0.99958300        0
  1836.74166303     0.99902696        0
  1836.76209505     1.00057208        0
  1836.78252717     0.99963965        0
  1836.80295908     0.99977571        0
  1836.82339120     0.99983677        0
  1836.84382322     0.99966424        0
  1836.86425514     1.00013568        0
  1836.88468725     0.99963965        0
  1836.90511927     0.99945228        0
  1836.92555118     0.99879021        0
  1836.94598330     0.99976118        0
  1836.96641531     0.99923661        0
  1836.98684733     0.99920960        0
  1837.00727934     0.99933704        0
  1837.02771136     0.99875194        0
  1837.08900739     0.99983028        0
  1837.10943941     1.00015504        0
  1837.12987142     0.99949592        0
  1837.15030343     0.99928608        0
  1837.17073544     0.99935722        0
  1837.19116745     0.99935872        0
  1837.21159946     0.99947115        0
  1837.23203147     0.99860155        0
  1837.25246347     0.99900682        0
  1837.27289548     0.99949709        0
  1837.29332739     0.99895544        0
  1837.31375950     0.99906326        0
  1837.33419150     0.99884194        0
  1837.35462351     0.99837336        0
  1837.37505552     0.99995613        0
  1837.39548752     0.99923681        0
  1837.41591953     0.99922329        0
  1837.43635163     0.99912280        0
  1837.45678354     0.99950428        0
  1837.47721564     0.99958048        0
  1837.49764764     1.00021262        0
  1837.51807955     0.99993059        0
  1837.53851165     0.99938768        0
  1837.55894365     0.99968608        0
  1837.57937555     0.99945243        0
  1837.59980765     0.99959407        0
  1837.62023965     0.99954359        0
  1837.64067155     0.99937192        0
  1837.66110365     0.99964086        0
  1837.68153565     0.99995276        0
  1837.70196755     0.99989064        0
  1837.72239965     1.00041064        0
  1837.74283165     1.00029162        0
  1837.76326355     1.00022561        0
  1837.78369564     1.00049919        0
  1837.80412764     0.99984001        0
  1837.82455964     1.00033367        0
  1837.84499163     1.00036741        0
  1837.86542363     1.00009742        0
  1837.88585552     1.00047072        0
  1837.90628762     1.00059632        0
  1837.92671961     1.00028719        0
  1837.94715161     1.00133867        0
  1837.96758360     1.00003614        0
  1837.98801559     1.00053822        0
  1838.00844748     1.00042585        0
  1838.02887958     1.00020122        0
  1838.04931157     0.99997111        0
  1838.06974366     1.00035500        0
  1838.09017555     0.99994007        0
  1838.11060754     1.00036048        0
  1838.13103963     0.99981297        0
  1838.15147152     0.99997243        0
  1838.17190351     1.00079584        0
  1838.19233560     1.00041686        0
  1838.21276748     1.00044657        0
  1838.23319947     1.00055833        0
  1838.27406355     1.00067950        0
  1838.29449543     1.00059795        0
  1838.31492752     1.00038509        0
  1838.33535950     1.00041401        0
  1838.35579139     1.00069361        0
  1838.37622347     1.00063991        0
  1838.39665546     1.00193122        0
  1838.41708734     1.00072614        0
  1838.43751942     1.00013665        0
  1838.45795141     1.00030351        0
  1838.47838329     1.00062005        0
  1838.49881537     1.00084870        0
  1838.51924735     1.00067827        0
  1838.53967924     1.00017173        0
  1838.56011132     1.00075738        0
  1838.58054330     1.00108335        0
  1838.60097518     1.00070686        0
  1838.62140726     1.00089327        0
  1838.64183924     1.00040166        0
  1838.66227111     1.00082590        0
  1838.68270319     1.00043921        0
  1838.70313517     1.00106771        0
  1838.72356715     1.00034491        0
  1838.74399912     1.00016142        0
  1838.76443110     0.99981017        0
  1838.78486308     0.99989927        0
  1838.80529505     0.99986501        0
  1838.82572703     1.00000000        0
  1838.84615910     1.00049043        0
  1838.86659098     1.00008485        0
  1838.88702295     1.00033415        0
  1838.90745503     1.00051696        0
  1838.92788690     0.99986802        0
  1838.94831887     1.00096911        0
  1838.96875094     0.99964907        0
  1838.98918282     0.99945561        0
  1839.07091070     1.00054079        0
  1839.09134277     1.00055025        0
  1839.11177474     0.99984463        0
  1839.13220661     0.99995241        0
  1839.15263868     0.99902857        0
  1839.17307064     0.99960553        0
  1839.19350251     0.99972874        0
  1839.21393458     0.99955189        0
  1839.23436655     0.99984196        0
  1839.25479841     0.99949521        0
  1839.27523048     0.99877217        0
  1839.29566245     0.99932825        0
  1839.31609451     0.99929481        0
  1839.33652638     0.99944754        0
  1839.35695834     0.99919288        0
  1839.37739030     0.99896390        0
  1839.39782227     0.99926018        0
  1839.41825413     0.99895446        0
  1839.43868619     0.99876084        0
  1839.45911816     0.99906180        0
  1839.47955002     0.99930354        0
  1839.49998208     0.99905000        0
  1839.52041404     0.99881228        0
  1839.54084600     0.99921390        0
  1839.56127796     0.99867248        0
  1839.58170992     0.99965181        0
  1839.60214188     0.99965831        0
  1839.62257384     0.99899127        0
  1839.64300580     0.99843021        0
  1839.72473363     0.99881556        0
  1839.74516568     0.99970186        0
  1839.76559754     0.99990401        0
  1839.78602950     0.99938799        0
  1839.80646155     0.99989338        0
  1839.82689341     0.99957676        0
  1839.84732536     1.00008226        0
  1839.86775741     0.99977567        0
  1839.88818927     1.00002221        0
  1839.90862122     1.00036229        0
  1839.92905327     1.00015267        0
  1839.94948523     1.00044972        0
  1839.96991718     1.00053827        0
  1839.99034913     1.00052382        0
  1840.01078108     1.00059489        0
  1840.31726020     1.00077579        0
  1840.33769224     1.00013668        0
  1840.35812419     0.99976369        0
  1840.37855613     0.99973127        0
  1840.39898808     1.00109951        0
  1840.41942002     1.00003872        0
  1840.43985196     1.00026166        0
  1840.46028390     1.00133971        0
  1840.48071584     1.00039823        0
  1840.50114779     1.00060003        0
  1840.52157983     1.00019720        0
  1840.54201167     1.00119866        0
  1840.56244371     1.00082240        0
  1840.58287565     1.00059807        0
  1840.60330749     1.00106208        0
  1840.62373953     1.00086949        0
  1840.64417146     1.00103582        0
  1840.66460330     1.00072408        0
  1840.68503534     1.00087107        0
  1840.70546728     1.00036225        0
  1840.72589911     1.00090613        0
  1840.74633115     1.00012915        0
  1840.76676309     0.99980996        0
  1840.78719502     1.00030062        0
  1840.80762696     0.99953249        0
  1840.82805879     1.00044964        0
  1840.84849083     0.99900588        0
  1840.86892276     0.99974197        0
  1840.88935470     0.99992931        0
  1840.90978653     0.99918987        0
  1840.93021856     0.99956592        0
  1840.95065049     0.99876913        0
  1840.97108233     0.99871140        0
  1840.99151436     0.99865950        0
  1872.00685413     1.00069676        1
  1872.02728572     1.00081251        1
  1872.04771732     1.00028202        1
  1872.06814891     0.99999193        1
  1872.08858051     1.00009616        1
  1872.10901210     1.00047655        1
  1872.12944380     1.00019860        1
  1872.17030689     0.99985815        1
  1872.19073858     1.00036148        1
  1872.21117018     1.00019270        1
  1872.23160167     0.99996648        1
  1872.25203337     1.00010779        1
  1872.27246496     0.99989627        1
  1872.29289646     1.00027596        1
  1872.31332815     0.99986601        1
  1872.33375975     1.00006034        1
  1872.35419124     0.99997266        1
  1872.37462293     0.99944473        1
  1872.41548622     0.99942920        1
  1872.43591772     1.00029764        1
  1872.45634931     1.00027595        1
  1872.47678101     0.99979690        1
  1872.49721250     1.00055018        1
  1872.51764409     0.99909439        1
  1872.53807579     1.00022023        1
  1872.55850728     0.99945879        1
  1872.57893888     0.99995706        1
  1872.59937057     0.99989185        1
  1872.61980207     1.00034888        1
  1872.66066535     0.99984224        1
  1872.68109685     0.99914219        1
  1872.70152854     0.99993151        1
  1872.72196013     0.99981854        1
  1872.74239163     0.99969650        1
  1872.76282332     0.99941704        1
  1872.78325492     0.99942279        1
  1872.80368641     0.99944012        1
  1872.82411810     0.99999255        1
  1872.84454970     0.99947722        1
  1872.86498119     0.99984823        1
  1872.90584448     0.99945461        1
  1872.92627597     0.99961313        1
  1872.94670767     1.00022072        1
  1872.96713926     0.99971350        1
  1872.98757095     0.99985743        1
  1873.00800245     1.00016701        1
  1873.02843404     0.99927137        1
  1873.04886573     0.99974097        1
  1873.06929723     0.99977775        1
  1873.08972882     0.99985929        1
  1873.15102360     0.99995635        1
  1873.17145529     1.00009081        1
  1873.19188689     1.00029438        1
  1873.21231848     0.99997104        1
  1873.23275007     1.00056071        1
  1873.25318166     1.00026880        1
  1873.27361326     1.00035408        1
  1873.29404485     1.00026022        1
  1873.31447644     1.00036452        1
  1873.33490804     1.00017195        1
  1873.35533963     1.00047646        1
  1873.39620282     0.99936745        1
  1873.41663441     1.00013011        1
  1873.43706590     0.99969306        1
  1873.45749759     1.00035821        1
  1873.47792919     1.00060882        1
  1873.49836088     1.00011684        1
  1873.51879237     0.99979959        1
  1873.53922397     0.99979279        1
  1873.55965566     0.99959622        1
  1873.58008715     1.00048044        1
  1873.60051874     0.99913800        1
  1873.74353999     1.00035989        1
  1873.76397159     0.99957167        1
  1873.78440318     0.99943139        1
  1873.80483477     0.99982997        1
  1873.82526636     0.99964797        1
  1873.84569806     1.00050932        1
  1873.88656114     1.00042282        1
  1873.90699283     1.00095532        1
  1873.92742433     1.00102051        1
  1873.94785592     1.00053677        1
  1873.96828761     1.00085912        1
  1873.98871910     1.00086385        1
  1874.00915079     1.00046601        1
  1874.02958229     1.00154798        1
  1874.05001388     1.00067521        1
  1874.07044557     1.00000458        1
  1874.09087706     0.99963668        1
  1874.23389821     1.00070956        1
  1874.25432990     1.00125645        1
  1874.27476149     1.00138695        1
  1874.29519309     1.00074712        1
  1874.31562468     1.00209436        1
  1874.33605627     1.00129501        1
  1874.37691945     1.00141590        1
  1874.39735105     1.00173527        1
  1874.41778274     1.00152749        1
  1874.43821423     1.00126983        1
  1874.45864582     1.00103217        1
  1874.47907752     1.00050001        1
  1874.49950901     1.00047469        1
  1874.51994070     1.00022312        1
  1874.54037229     0.99997253        1
  1874.56080378     1.00052083        1
  1874.58123548     0.99979774        1
  1874.62209856     1.00046620        1
  1874.64253025     1.00055075        1
  1874.66296184     1.00025421        1
  1874.68339343     1.00023275        1
  1874.70382503     1.00044997        1
  1874.72425662     1.00013390        1
  1874.74468811     0.99967290        1
  1874.76511980     0.99926512        1
  1874.78555139     0.99894382        1
  1874.80598299     0.99914827        1
  1874.86727786     1.00023142        1
  1874.88770935     0.99931401        1
  1874.90814095     0.99970405        1
  1874.92857264     0.99961261        1
  1874.94900413     0.99919568        1
  1874.96943572     0.99963379        1
  1874.98986741     0.99888210        1
  1875.01029891     0.99886788        1
  1875.03073060     0.99791908        1
  1875.05116219     0.99889287        1
  1875.11245696     0.99928095        1
  1875.13288846     0.99864144        1
  1875.15332015     0.99870166        1
  1875.17375174     0.99853272        1
  1875.19418333     0.99898545        1
  1875.21461492     0.99847363        1
  1875.23504652     0.99846241        1
  1875.35763607     0.99780056        1
  1875.37806776     0.99767683        1
  1875.39849925     0.99889481        1
  1875.41893084     0.99928145        1
  1875.43936253     0.99920722        1
  1875.45979402     0.99915367        1
  1875.48022562     0.99929719        1
  1875.50065731     0.99904587        1
  1875.52108880     0.99963152        1
  1875.54152049     0.99918703        1
  1875.56195208     0.99848703        1
  1875.60281527     0.99919467        1
  1875.62324686     0.99880674        1
  1875.64367835     0.99955973        1
  1875.66411004     0.99940529        1
  1875.68454163     0.99849337        1
  1875.70497323     0.99896471        1
  1875.72540482     0.99962678        1
  1875.74583641     0.99955469        1
  1875.76626810     0.99979257        1
  1875.78669959     0.99938150        1
  1875.80713119     0.99941308        1
  1875.84799447     0.99991779        1
  1875.86842596     1.00013112        1
  1875.88885765     1.00025701        1
  1875.90928924     0.99964741        1
  1875.92972074     1.00050364        1
  1875.95015243     0.99962389        1
  1875.97058402     1.00047839        1
  1875.99101571     1.00016992        1
  1876.01144720     1.00062954        1
  1876.09317357     1.00068731        1
  1876.11360516     1.00066693        1
  1876.13403676     1.00145473        1
  1876.15446825     1.00119463        1
  1876.17489994     1.00117155        1
  1876.19533153     1.00109262        1
  1876.21576312     1.00098606        1
  1876.23619472     1.00089549        1
  1876.25662631     1.00096888        1
  1876.33835278     1.00127818        1
  1876.35878437     1.00169570        1
  1876.37921586     1.00188733        1
  1876.39964755     1.00190758        1
  1876.42007914     1.00223536        1
  1876.44051064     1.00186144        1
  1876.46094233     1.00183087        1
  1876.48137392     1.00150585        1
  1876.50180561     1.00197741        1
  1876.52223710     1.00187120        1
  1876.54266870     1.00122446        1
  1876.58353188     1.00157669        1
  1876.60396347     1.00130776        1
  1876.62439517     1.00170096        1
  1876.64482666     1.00161532        1
  1876.66525825     1.00143813        1
  1876.82871099     1.00205739        1
  1876.84914268     1.00187764        1
  1876.86957417     1.00168324        1
  1876.89000577     1.00123396        1
  1876.91043746     1.00103013        1
  1876.93086905     1.00061549        1
  1877.07389030     1.00073078        1
  1877.09432179     1.00070999        1
  1877.11475338     1.00050119        1
  1877.13518508     1.00049797        1
  1877.15561657     1.00019413        1
  1877.17604816     0.99997423        1
  1877.19647985     1.00016703        1
  1877.21691135     1.00022494        1
  1877.23734304     0.99957204        1
  1877.25777463     0.99836204        1
  1877.27820612     0.99942899        1
  1877.31906941     0.99943050        1
  1877.33950100     0.99935077        1
  1877.35993260     0.99919513        1
  1877.38036419     0.99956481        1
  1877.40079578     0.99932891        1
  1877.42122737     0.99925516        1
  1877.44165897     0.99869994        1
  1877.46209056     0.99900398        1
  1877.48252215     0.99809561        1
  1877.50295375     0.99900038        1
  1877.52338534     0.99892065        1
  1877.56424853     0.99850733        1
  1877.58468022     0.99835973        1
  1877.60511171     0.99894788        1
  1877.62554330     0.99897242        1
  1877.64597500     0.99908305        1
  1877.66640649     0.99874649        1
  1877.68683818     0.99855671        1
  1877.70726978     0.99822695        1
  1877.72770127     0.99833927        1
  1877.74813296     0.99860203        1
  1877.76856456     0.99875133        1
  1877.80942774     0.99799180        1
  1877.82985934     0.99849658        1
  1877.85029083     0.99946673        1
  1877.87072252     0.99821000        1
  1877.89115412     0.99906016        1
  1877.91158571     0.99866340        1
  1877.93201731     0.99904214        1
  1877.95244890     0.99851323        1
  1877.97288059     0.99907365        1
  1877.99331219     0.99890285        1
  1878.01374368     0.99947372        1
  1878.05460697     0.99963605        1
  1878.07503846     0.99993611        1
  1878.09547016     0.99956132        1
  1878.11590175     1.00013240        1
  1878.13633324     0.99976099        1
  1878.15676494     0.99961123        1
  1878.17719643     1.00051306        1
  1878.19762812     1.00034147        1
  1878.21805972     1.00000253        1
  1878.23849121     0.99988514        1
  1878.25892291     1.00037064        1
  1878.29978600     1.00092027        1
  1878.32021769     1.00136856        1
  1878.34064928     1.00161902        1
  1878.36108078     1.00078998        1
  1878.38151247     1.00071374        1
  1878.40194407     1.00123042        1
  1878.42237576     1.00109257        1
  1878.44280725     1.00069498        1
  1878.46323885     1.00085257        1
  1878.48367054     1.00076571        1
  1878.54496533     1.00125671        1
  1878.56539692     1.00178823        1
  1878.58582842     1.00164903        1
  1878.60626011     1.00200745        1
  1878.62669171     1.00147185        1
  1878.64712330     1.00099740        1
  1878.66755490     1.00079538        1
  1878.68798649     1.00093552        1
  1878.70841819     1.00115132        1
  1878.72884968     1.00058022        1
  1878.74928127     1.00033761        1
  1878.79014446     1.00101310        1
  1878.81057606     1.00163308        1
  1878.83100765     1.00112809        1
  1878.85143925     1.00091990        1
  1878.87187095     1.00140060        1
  1878.89230244     1.00065214        1
  1878.91273404     1.00025587        1
  1878.93316573     1.00024713        1
  1878.95359723     1.00063684        1
  1878.97402882     1.00005334        1
  1878.99446052     0.99970775        1
  1879.07618690     1.00029799        1
  1879.09661849     0.99990522        1
  1879.11705009     1.00000000        1
  1879.13748169     1.00062212        1
  1879.15791328     1.00160926        1
  1879.17834488     1.00000730        1
  1879.19877647     0.99992256        1
  1879.21920817     0.99947207        1
  1879.23963966     0.99993285        1
  1879.30093445     0.99918297        1
  1879.32136615     0.99884177        1
  1879.34179775     0.99924211        1
  1879.36222924     0.99924668        1
  1879.38266094     0.99900497        1
  1879.40309253     0.99919857        1
  1879.42352403     0.99956196        1
  1879.44395573     0.99883866        1
  1879.46438732     0.99935242        1
  1879.48481882     0.99884309        1
  1879.52568201     0.99912931        1
  1879.54611371     0.99847077        1
  1879.56654530     0.99983606        1
  1879.58697690     0.99924299        1
  1879.60740850     0.99891065        1
  1879.62784010     0.99910810        1
  1879.64827169     0.99921208        1
  1879.66870329     0.99844549        1
  1879.68913489     0.99883454        1
  1879.70956648     0.99845962        1
  1879.72999808     0.99853380        1
  1879.77086137     1.00014784        1
  1879.79129297     1.00061859        1
  1879.81172447     1.00141055        1
  1879.83215617     1.00088944        1
  1879.85258776     1.00070113        1
  1879.87301926     1.00059669        1
  1879.89345096     1.00062368        1
  1879.91388256     1.00067035        1
  1879.93431405     1.00109723        1
  1879.95474575     1.00112709        1
  1879.97517735     1.00163448        1
  1880.01604054     0.99979670        2
  1880.03647214     0.99895363        2
  1880.05690384     0.99920408        2
  1880.07733534     0.99912920        2
  1880.09776693     0.99964845        2
  1880.11819853     0.99956219        2
  1880.13863013     0.99933913        2
  1880.15906173     0.99947004        2
  1880.17949343     1.00070286        2
  1880.19992493     0.99979380        2
  1880.22035662     1.00007187        2
  1880.26121972     0.99981876        2
  1880.28165142     0.99993012        2
  1880.30208302     0.99963638        2
  1880.32251452     1.00038407        2
  1880.34294621     1.00022340        2
  1880.36337781     1.00041513        2
  1880.38380931     1.00020628        2
  1880.40424101     1.00012123        2
  1880.42467261     0.99975669        2
  1880.44510431     1.00097700        2
  1880.50639911     0.99981346        2
  1880.52683060     1.00080875        2
  1880.54726220     1.00030738        2
  1880.56769390     1.00014755        2
  1880.58812540     1.00064416        2
  1880.60855700     1.00010991        2
  1880.62898870     1.00079739        2
  1880.64942020     1.00078335        2
  1880.66985190     1.00002221        2
  1880.75157830     1.00079684        2
  1880.77200990     1.00036445        2
  1880.79244150     1.00022882        2
  1880.81287310     0.99982715        2
  1880.83330470     1.00032646        2
  1880.85373630     1.00030962        2
  1880.87416790     1.00075223        2
  1880.89459950     1.00070342        2
  1880.91503110     1.00039458        2
  1880.93546270     1.00014186        2
  1880.95589440     0.99978337        2
  1880.99675750     0.99958343        2
  1881.01718920     1.00046720        2
  1881.03762070     1.00035524        2
  1881.05805230     1.00012653        2
  1881.07848400     1.00052046        2
  1881.09891550     1.00002334        2
  1881.11934721     1.00009455        2
  1881.13977881     1.00023734        2
  1881.16021031     1.00107479        2
  1881.18064201     1.00009691        2
  1881.20107361     1.00055431        2
  1881.24193681     1.00005075        2
  1881.26236841     1.00040748        2
  1881.28280002     1.00019998        2
  1881.30323162     1.00033452        2
  1881.32366322     1.00014015        2
  1881.34409492     0.99987477        2
  1881.36452642     1.00053990        2
  1881.38495802     0.99974972        2
  1881.40538973     1.00014789        2
  1881.42582133     0.99947737        2
  1881.44625283     1.00035695        2
  1881.48711603     0.99965145        2
  1881.50754774     0.99891026        2
  1881.52797934     0.99898357        2
  1881.54841094     0.99900212        2
  1881.56884254     0.99915271        2
  1881.58927415     0.99858448        2
  1881.60970565     0.99967287        2
  1881.63013735     0.99845028        2
  1881.65056895     1.00001783        2
  1881.67100046     1.00078529        2
  1881.69143216     1.00009617        2
  1881.73229546     0.99921281        2
  1881.75272697     0.99954609        2
  1881.77315857     0.99970158        2
  1881.79359027     0.99985556        2
  1881.81402178     0.99918686        2
  1881.83445338     0.99961379        2
  1881.85488508     0.99952402        2
  1881.87531659     0.99969833        2
  1881.89574819     1.00008841        2
  1881.91617990     1.00001451        2
  1881.93661150     0.99955023        2
  1881.97747471     0.99920853        2
  1881.99790631     0.99948321        2
  1882.01833791     0.99958551        2
  1882.03876952     0.99886307        2
  1882.05920112     0.99990078        2
  1882.07963283     0.99948066        2
  1882.10006433     0.99925540        2
  1882.12049594     0.99901942        2
  1882.14092764     0.99980439        2
  1882.16135914     0.99940913        2
  1882.22265396     0.99932712        2
  1882.24308566     0.99929171        2
  1882.26351717     0.99955966        2
  1882.28394877     0.99993600        2
  1882.30438048     0.99931840        2
  1882.32481198     0.99969172        2
  1882.34524369     0.99949595        2
  1882.36567529     0.99947955        2
  1882.38610680     1.00002065        2
  1882.46783332     0.99949387        2
  1882.48826493     0.99949312        2
  1882.50869653     1.00034303        2
  1882.52912814     0.99998623        2
  1882.54955975     0.99960939        2
  1882.56999145     0.99988172        2
  1882.77430752     1.00031082        2
  1882.79473922     1.00078332        2
  1882.81517073     1.00070310        2
  1882.83560234     1.00083927        2
  1882.85603405     1.00089027        2
  1882.87646555     1.00098870        2
  1882.89689706     1.00089722        2
  1882.91732877     1.00153630        2
  1883.01948691     1.00215140        2
  1883.03991842     1.00174762        2
  1883.06035002     1.00105962        2
  1883.08078173     1.00169374        2
  1883.10121334     1.00077102        2
  1883.12164485     1.00133305        2
  1883.14207656     1.00151649        2
  1883.16250817     1.00100727        2
  1883.20337138     1.00006446        2
  1883.22380299     1.00144331        2
  1883.24423470     1.00046457        2
  1883.26466621     1.00073997        2
  1883.28509782     1.00080172        2
  1883.30552953     0.99999359        2
  1883.32596104     1.00059090        2
  1883.34639265     0.99984555        2
  1883.36682436     1.00054774        2
  1883.38725587     1.00031362        2
  1883.40768758     0.99990400        2
  1883.44855070     0.99990764        2
  1883.46898241     0.99989707        2
  1883.48941402     0.99997510        2
  1883.50984553     0.99976262        2
  1883.53027724     0.99972311        2
  1883.55070875     0.99988427        2
  1883.57114046     0.99995244        2
  1883.59157207     0.99997974        2
  1883.61200358     0.99939223        2
  1883.63243529     1.00036888        2
  1883.65286690     1.00044758        2
  1883.69373012     0.99968785        2
  1883.71416173     1.00000433        2
  1883.73459334     0.99964420        2
  1883.75502495     1.00068381        2
  1883.77545657     0.99990458        2
  1883.79588828     1.00000563        2
  1883.81631989     0.99994705        2
  1883.83675140     0.99981054        2
  1883.85718311     1.00040801        2
  1883.87761472     0.99979751        2
  1883.89804624     0.99996981        2
  1883.97977278     1.00057664        2
  1884.00020440     1.00072748        2
  1884.02063611     0.99863238        2
  1884.04106762     0.99955047        2
  1884.06149924     1.00009621        2
  1884.08193095     1.00086161        2
  1884.10236246     1.00027658        2
  1884.12279407     1.00058545        2
  1884.14322579     1.00025541        2
  1884.20452053     1.00023923        2
  1884.22495214     1.00018447        2
  1884.24538385     1.00017269        2
  1884.26581537     0.99960169        2
  1884.28624698     0.99972608        2
  1884.30667870     0.99936436        2
  1884.32711031     0.99977237        2
  1884.34754182     0.99992968        2
  1884.36797354     0.99974734        2
  1884.38840515     1.00017960        2
  1884.42926838     1.00038865        2
  1884.44970000     0.99968774        2
  1884.47013171     0.99999324        2
  1884.49056322     0.99981960        2
  1884.51099484     0.99916347        2
  1884.53142655     0.99976645        2
  1884.55185807     0.99901207        2
  1884.57228968     0.99905510        2
  1884.59272140     0.99881482        2
  1884.61315292     0.99951354        2
  1884.63358463     0.99917591        2
  1884.67444776     0.99875829        2
  1884.69487948     0.99964486        2
  1884.71531109     0.99949222        2
  1884.73574271     1.02651452        2
  1884.75617433     0.99896597        2
  1884.77660594     0.99938970        2
  1884.79703756     0.99864983        2
  1884.81746918     0.99935332        2
  1884.83790079     0.99968980        2
  1884.85833241     1.00022324        2
  1884.91962726     1.00034620        2
  1884.94005888     1.00011232        2
  1884.96049049     0.99958113        2
  1884.98092221     1.00053626        2
  1885.00135373     1.00013628        2
  1885.02178545     1.00011563        2
  1885.04221706     1.00070011        2
  1885.06264858     1.00035599        2
  1885.08308030     1.00014126        2
  1885.10351192     1.00028538        2
  1885.12394344     1.00003223        2
  1885.16480677     0.99725826        2
  1885.18523829     1.00012653        2
  1885.20567001     0.99969786        2
  1885.22610163     0.99931454        2
  1885.24653335     0.99959823        2
  1885.26696487     1.00013482        2
  1885.28739648     0.99930729        2
  1885.30782820     1.00032051        2
  1885.32825972     0.99912519        2
  1885.34869134     0.99975720        2
  1885.36912306     1.00047064        2
  1885.40998620     1.00045317        2
  1885.43041792     1.00011763        2
  1885.45084954     1.00026134        2
  1885.47128116     1.00027084        2
  1885.49171278     1.00000000        2
  1885.51214440     1.00049187        2
  1885.53257602     1.00048848        2
  1885.55300764     1.00016371        2
  1885.57343916     1.00007089        2
  1885.59387088     1.00098505        2
  1885.61430250     1.00042629        2
  1885.65516575     1.00040046        2
  1885.67559737     0.99985207        2
  1885.69602909     1.00039224        2
  1885.71646061     1.00025878        2
  1885.73689223     1.00056515        2
  1885.75732395     1.00072095        2
  1885.77775547     1.00050913        2
  1885.79818710     1.00084176        2
  1885.81861882     1.00046788        2
  1885.83905034     1.00014614        2
  1885.85948206     1.00014432        2
  1885.90034521     0.99969909        2
  1885.92077693     1.00072845        2
  1885.94120855     1.00133962        2
  1885.96164018     0.99982409        2
  1885.98207180     1.00005713        2
  1886.00250342     0.99982034        2
  1886.02293504     0.99969197        2
  1886.04336667     0.99979644        2
  1886.06379829     0.99945246        2
  1886.08423001     0.99947640        2
  1886.10466164     0.99990034        2
  1886.16595651     0.99985871        2
  1886.18638803     0.99936348        2
  1886.20681976     0.99944785        2
  1886.22725128     0.99937743        2
  1886.24768301     0.99953929        2
  1886.26811463     0.99976084        2
  1886.28854616     0.99961396        2
  1886.30897788     0.99933494        2
  1886.32940951     0.99999211        2
  1886.34984103     0.99997967        2
  1886.39070438     0.99985105        2
  1886.41113591     0.99946992        2
  1886.43156763     1.00017437        2
  1886.45199926     0.99971082        2
  1886.47243098     0.99859200        2
  1886.49286251     0.99971702        2
  1886.51329414     0.99975072        2
  1886.53372586     0.99997519        2
  1886.63588400     0.99997143        2
  1886.65631562     0.99952422        2
  1886.67674725     0.99973342        2
  1886.69717888     0.99975878        2
  1886.71761050     0.99966019        2
  1886.73804213     1.00003561        2
  1886.88106353     1.00013350        2
  1886.90149516     1.00001654        2
  1886.92192689     1.00008696        2
  1886.94235841     1.00012797        2
  1886.96279004     0.99990153        2
  1886.98322177     1.00071067        2
  1887.00365330     0.99969855        2
  1887.12624318     0.99970033        2
  1887.14667481     1.00001734        2
  1887.16710644     0.99989753        2
  1887.18753807     1.00090897        2
  1887.20796970     0.99950722        2
  1887.22840133     0.99956378        2
  1887.24883306     0.99979644        2
  1887.26926459     0.99981552        2
  1887.28969622     0.99956142        2
  1887.31012795     1.00012477        2
  1887.33055959     1.00019010        2
  1887.37142285     1.00009778        2
  1887.39185448     1.00032089        2
  1887.41228601     1.00011835        2
  1887.43271774     1.00098421        2
  1887.45314938     1.00072550        2
  1887.47358101     1.00028065        2
  1887.49401264     1.00009536        2
  1887.51444427     1.00065476        2
  1887.53487601     1.00031002        2
  1887.55530754     1.00076785        2
  1887.57573917     1.00108949        2
  1887.61660244     1.00084037        2
  1887.63703417     1.00039626        2
  1887.65746570     0.99995027        2
  1887.67789734     1.00049707        2
  1887.69832907     1.00047804        2
  1887.71876061     1.00094269        2
  1887.73919224     1.00043288        2
  1887.75962397     1.00068062        2
  1887.78005551     1.00008417        2
  1887.86178215     0.99930835        2
  1887.88221378     0.99887979        2
  1887.90264542     0.99893233        2
  1887.92307705     0.99941379        2
  1887.94350869     0.99873346        2
  1887.96394032     0.99922867        2
  1887.98437206     0.99895975        2
  1891.04911984     0.99850925        3
  1891.06955149     0.99874095        3
  1891.08998325     0.99903824        3
  1891.11041481     0.99906399        3
  1891.13084647     0.99919791        3
  1891.15127823     0.99983810        3
  1891.17170979     0.99972456        3
  1891.19214156     0.99944653        3
  1891.21257322     0.99974042        3
  1891.23300478     0.99962836        3
  1891.29429976     1.00070476        3
  1891.31473152     1.00111989        3
  1891.33516318     1.00040667        3
  1891.35559495     0.99991424        3
  1891.37602651     1.00101500        3
  1891.39645817     1.00053130        3
  1891.41688993     1.00073862        3
  1891.43732150     1.00008243        3
  1891.45775316     1.00072960        3
  1891.47818492     1.00065256        3
  1891.49861658     1.00072255        3
  1891.53947991     1.00062082        3
  1891.55991148     1.00081852        3
  1891.58034324     1.00028101        3
  1891.60077490     1.00044563        3
  1891.62120647     1.00026196        3
  1891.64163823     1.00093646        3
  1891.66206990     1.00019401        3
  1891.68250146     1.00071186        3
  1891.70293323     1.00078899        3
  1891.72336489     1.00088439        3
  1891.74379666     1.00081243        3
  1891.78465989     1.00067977        3
  1891.80509165     0.99990899        3
  1891.82552322     1.00021647        3
  1891.84595489     0.99998199        3
  1891.86638665     1.00049729        3
  1891.88681822     1.00032491        3
  1891.90724989     1.00009834        3
  1891.92768165     1.00018563        3
  1891.94811322     1.00004536        3
  1891.96854499     0.99969454        3
  1891.98897666     1.00022328        3
  1892.02983999     0.99904726        3
  1892.05027166     1.00001728        3
  1892.07070333     0.99964721        3
  1892.09113500     0.99939548        3
  1892.11156667     0.99995803        3
  1892.13199843     0.99964913        3
  1892.15243010     0.99953019        3
  1892.17286167     0.99948686        3
  1892.19329344     0.99965882        3
  1892.21372501     0.99959280        3
  1892.23415668     0.99939089        3
  1892.27502002     0.99902819        3
  1892.29545179     0.99895805        3
  1892.31588346     0.99927456        3
  1892.33631503     0.99930930        3
  1892.35674680     0.99880093        3
  1892.37717848     0.99894619        3
  1892.39761005     0.99929892        3
  1892.41804182     0.99958968        3
  1892.43847349     0.99892111        3
  1892.45890506     0.99897183        3
  1892.52020028     1.00001293        3
  1892.54063185     0.99925800        3
  1892.56106352     0.99927102        3
  1892.58149530     0.99955677        3
  1892.60192687     0.99952846        3
  1892.62235854     1.00010209        3
  1892.64279032     0.99932460        3
  1892.66322199     0.99956970        3
  1892.82667539     1.00007446        3
  1892.84710706     0.99960886        3
  1892.86753884     0.99992309        3
  1892.88797041     1.00008097        3
  1892.90840219     1.00129284        3
  1892.92883377     0.99998348        3
  1892.94926544     1.00006527        3
  1892.96969722     1.00055195        3
  1893.01056047     0.99899020        3
  1893.03099225     1.00021561        3
  1893.05142383     1.00013512        3
  1893.07185561     1.00011494        3
  1893.09228728     0.99998436        3
  1893.11271886     1.00062081        3
  1893.13315064     1.00039237        3
  1893.15358232     0.99982750        3
  1893.17401390     1.00011459        3
  1893.19444568     1.00021667        3
  1893.21487735     1.00026985        3
  1893.31703575     1.00044596        3
  1893.33746743     1.00054202        3
  1893.35789921     1.00057674        3
  1893.37833089     0.99999617        3
  1893.39876247     1.00064510        3
  1893.41919426     1.00052451        3
  1893.43962594     1.00061117        3
  1893.46005772     1.00073407        3
  1893.50092098     1.00050127        3
  1893.52135276     1.00100696        3
  1893.54178435     1.00078367        3
  1893.56221593     1.00042198        3
  1893.58264771     1.00060301        3
  1893.60307939     0.99998862        3
  1893.62351118     1.00005599        3
  1893.64394276     1.00037345        3
  1893.66437444     1.00032339        3
  1893.68480623     0.99993149        3
  1893.70523781     0.99975511        3
  1893.74610128     1.00048178        3
  1893.76653286     1.00032444        3
  1893.78696455     1.00047964        3
  1893.80739633     1.00003851        3
  1893.82782792     1.00005225        3
  1893.84825970     1.00045187        3
  1893.86869139     1.00043374        3
  1893.88912307     1.00029530        3
  1893.90955476     0.99988152        3
  1893.92998644     1.00054399        3
  1894.03214498     0.99961126        3
  1894.05257656     0.99982690        3
  1894.07300835     1.00007980        3
  1894.09344004     0.99946600        3
  1894.11387163     0.99985812        3
  1894.13430342     0.99971576        3
  1894.15473510     0.99947420        3
  1894.17516679     0.99996978        3
  1894.19559848     1.00040916        3
  1894.23646186     0.99970724        3
  1894.25689355     1.00010283        3
  1894.27732514     0.99942671        3
  1894.29775693     0.99930253        3
  1894.31818862     0.99999320        3
  1894.33862021     0.99970337        3
  1894.35905200     1.00010720        3
  1894.37948369     1.00012641        3
  1894.39991548     1.00014985        3
  1894.42034707     1.00020056        3
  1894.44077876     0.99976218        3
  1894.48164214     0.99981468        3
  1894.50207384     0.99977707        3
  1894.52250563     0.99896263        3
  1894.54293732     0.99928475        3
  1894.56336901     0.99972301        3
  1894.58380071     0.99904113        3
  1894.60423240     0.99918907        3
  1894.62466409     0.99977541        3
  1894.72682256     0.99951166        3
  1894.74725435     0.99956656        3
  1894.76768595     0.99952682        3
  1894.78811774     0.99972765        3
  1894.80854944     0.99983008        3
  1894.82898103     0.99938939        3
  1894.84941283     0.99975945        3
  1894.97200301     0.99947103        3
  1894.99243460     1.00016938        3
  1895.01286640     1.00097959        3
  1895.03329810     0.99969759        3
  1895.05372979     1.00063167        3
  1895.07416149     1.00045496        3
  1895.09459319     0.99961770        3
  1895.11502499     1.00022273        3
  1895.13545659     0.99998918        3
  1895.15588829     1.00017804        3
  1895.17632008     1.00033455        3
  1895.21718338     1.00005186        3
  1895.23761518     1.00059439        3
  1895.25804688     1.00079619        3
  1895.27847848     1.00032666        3
  1895.29891028     1.00059455        3
  1895.31934198     1.00041578        3
  1895.33977378     1.00015336        3
  1895.36020538     1.00033777        3
  1895.38063709     1.00060408        3
  1895.40106889     1.00017382        3
  1895.42150049     1.00073090        3
  1895.46236399     1.00046841        3
  1895.48279559     1.00023262        3
  1895.50322740     1.00067305        3
  1895.52365900     0.99950364        3
  1895.54409070     0.99980089        3
  1895.56452250     0.99935231        3
  1895.58495411     0.99977497        3
  1895.60538581     1.00015479        3
  1895.62581761     0.99998445        3
  1895.64624922     0.99976960        3
  1895.66668102     1.00037244        3
  1895.70754443     1.00114831        3
  1895.72797614     0.99979420        3
  1895.74840784     0.99941928        3
  1895.76883955     0.99992619        3
  1895.78927125     0.99993407        3
  1895.80970296     0.99973977        3
  1895.83013466     1.00172443        3
  1895.85056647     1.00019553        3
  1895.87099808     0.99951120        3
  1895.89142988     0.99931697        3
  1895.91186159     0.99968442        3
  1895.95272500     1.00031805        3
  1895.97315671     0.99979978        3
  1895.99358832     1.00006380        3
  1896.01402013     0.99996175        3
  1896.03445183     0.99940619        3
  1896.05488364     0.99998346        3
  1896.07531525     0.99990597        3
  1896.09574696     0.99994536        3
  1896.11617867     1.00027992        3
  1896.13661038     0.99997071        3
  1896.15704209     0.99980900        3
  1896.19790551     1.00045463        3
  1896.21833732     1.00047155        3
  1896.23876893     1.00041165        3
  1896.25920064     1.00011546        3
  1896.27963245     1.00017757        3
  1896.30006406     0.99973863        3
  1896.32049577     0.99959361        3
  1896.34092758     1.00002456        3
  1896.36135920     1.00039232        3
  1896.48394957     0.99971021        3
  1896.50438128     0.99982833        3
  1896.52481300     0.99962441        3
  1896.54524471     0.99932148        3
  1896.56567653     0.99985000        3
  1896.58610814     1.00051430        3
  1896.60653996     0.99967451        3
  1896.62697167     0.99925602        3
  1896.64740328     0.99974068        3
  1896.68826682     1.00000000        3
  1896.70869843     0.99986530        3
  1896.72913025     1.00004620        3
  1896.74956196     0.99971727        3
  1896.76999368     0.99964936        3
  1896.79042540     0.99986056        3
  1896.81085711     1.00021769        3
  1896.83128883     1.00070697        3
  1896.85172055     0.99972961        3
  1896.87215227     1.00048517        3
  1896.89258398     0.99963727        3
  1896.93344742     1.00059560        3
  1896.95387914     1.00008361        3
  1896.97431086     0.99982090        3
  1896.99474268     1.00020459        3
  1897.01517429     0.99974231        3
  1897.03560601     0.99937891        3
  1897.05603783     0.99963413        3
  1897.07646955     1.00059172        3
  1897.09690117     1.00010124        3
  1897.11733299     1.00070718        3
  1897.17862816     1.00007951        3
  1897.19905988     1.00035500        3
  1897.21949170     0.99954023        3
  1897.23992332     0.99975018        3
  1897.26035504     1.00032193        3
  1897.28078687     0.99982824        3
  1897.30121849     0.99994477        3
  1897.32165031     1.00045160        3
  1897.34208203     1.00021920        3
  1897.36251366     1.00013700        3
  1897.38294548     1.00012703        3
  1897.42380883     0.99998090        3
  1897.44424065     0.99993034        3
  1897.46467238     0.99964943        3
  1897.48510420     0.99980111        3
  1897.50553583     1.00020341        3
  1897.52596745     0.99948978        3
  1897.54639928     1.00056759        3
  1897.56683100     1.00049515        3
  1897.58726273     1.00063532        3
  1897.60769446     1.00049637        3
  1897.62812618     1.00026798        3
  1897.75071655     0.99961545        3
  1897.77114837     1.00027970        3
  1897.79158010     1.00012664        3
  1897.81201173     1.00050395        3
  1897.83244356     0.99996290        3
  1897.85287529     0.99998768        3
  1897.87330712     1.00001122        3
  1897.91417048     0.99980025        3
  1897.93460231     0.99982296        3
  1897.95503394     0.99923337        3
  1897.97546567     1.00008864        3
  1897.99589750     0.99952130        3
  1898.01632913     1.00111870        4
  1898.03676096     1.00100175        4
  1898.05719269     1.00161228        4
  1898.07762432     1.00133416        4
  1898.09805616     1.00031554        4
  1898.11848789     1.00076105        4
  1898.15935135     1.00000000        4
  1898.17978299     1.00008849        4
  1898.20021482     1.00005451        4
  1898.22064655     1.00006303        4
  1898.24107819     0.99989530        4
  1898.26151002     0.99954810        4
  1898.28194175     0.99931181        4
  1898.30237349     0.99946055        4
  1898.32280522     1.00008533        4
  1898.40453217     0.99916667        4
  1898.42496400     0.99952550        4
  1898.44539574     0.99906310        4
  1898.46582737     0.99893737        4
  1898.48625921     0.99937768        4
  1898.50669095     0.99917095        4
  1898.52712258     0.99922495        4
  1898.54755442     0.99950010        4
  1898.56798616     0.99936266        4
  1898.58841800     0.99978553        4
  1898.64971321     1.00000094        4
  1898.67014485     0.99989681        4
  1898.69057659     0.99926981        4
  1898.71100843     1.00006582        4
  1898.73144007     0.99955414        4
  1898.75187191     1.00000662        4
  1898.77230365     0.99960944        4
  1898.79273529     1.00001127        4
  1898.81316713     1.00010078        4
  1898.83359877     0.99964638        4
  1898.85403051     1.00026143        4
  1898.89489400     0.99961182        4
  1898.91532574     0.99991807        4
  1898.93575758     0.99985169        4
  1898.95618932     1.00047176        4
  1898.97662107     1.00012579        4
  1898.99705281     1.00051863        4
  1899.01748455     0.99999323        4
  1899.03791630     0.99986343        4
  1899.05834804     1.00003643        4
  1899.07877978     0.99980997        4
  1899.09921163     1.00078933        4
  1899.14007512     1.00056316        4
  1899.16050686     1.00035843        4
  1899.18093851     1.00012650        4
  1899.20137035     1.00092218        4
  1899.22180210     0.99997438        4
  1899.24223375     1.00047809        4
  1899.26266559     1.00042954        4
  1899.28309734     0.99994449        4
  1899.30352919     1.00129393        4
  1899.32396083     1.00116195        4
  1899.34439258     1.00015631        4
  1899.38525608     1.00083979        4
  1899.40568782     1.00025118        4
  1899.42611967     1.00075136        4
  1899.44655132     1.00022887        4
  1899.46698317     1.00128099        4
  1899.48741482     1.00049901        4
  1899.50784657     1.00088422        4
  1899.52827842     0.99969613        4
  1899.54871007     1.00070315        4
  1899.56914182     1.00038819        4
  1899.58957367     1.00076883        4
  1899.63043707     1.00015174        4
  1899.65086892     1.00025786        4
  1899.67130067     1.00061718        4
  1899.69173243     1.00008796        4
  1899.71216418     1.01297126        4
  1899.73259593     1.00016714        4
  1899.75302778     1.00034534        4
  1899.77345944     1.00061513        4
  1899.79389119     1.00000277        4
  1899.81432304     1.00088357        4
  1899.83475470     1.00046084        4
  1899.89604996     0.99990977        4
  1899.91648181     0.99983847        4
  1899.93691357     1.00038552        4
  1899.95734522     0.99993241        4
  1899.97777708     1.00022221        4
  1899.99820884     0.99987154        4
  1900.01864069     1.00006291        4
  1900.03907235     0.99982641        4
  1900.05950410     1.00014779        4
  1900.07993586     0.99934733        4
  1900.12079938     0.99963774        4
  1900.14123113     0.99910200        4
  1900.16166289     0.99959030        4
  1900.18209475     0.99932515        4
  1900.20252641     0.99928059        4
  1900.22295817     0.99985201        4
  1900.24339003     0.99911335        4
  1900.26382168     0.99913564        4
  1900.28425344     0.99919649        4
  1900.30468530     0.99932721        4
  1900.32511706     0.99865850        4
  1900.36598059     0.99927477        4
  1900.38641235     0.99933493        4
  1900.40684421     0.99945832        4
  1900.42727587     0.99989680        4
  1900.44770763     0.99892454        4
  1900.46813949     0.99937413        4
  1900.48857115     0.99934721        4
  1900.50900292     0.99962789        4
  1900.52943478     0.99969216        4
  1900.54986644     0.99980786        4
  1900.57029831     0.99967591        4
  1900.61116173     0.99958319        4
  1900.63159360     1.00002653        4
  1900.65202536     1.00026271        4
  1900.67245703     1.00025467        4
  1900.69288889     0.99999448        4
  1900.71332066     1.00053672        4
  1900.85634302     1.00041835        4
  1900.87677479     0.99971859        4
  1900.89720666     0.99975365        4
  1900.91763842     0.99973269        4
  1900.93807009     0.99957275        4
  1900.95850196     0.99980221        4
  1900.97893373     0.99982615        4
  1900.99936540     0.99998332        4
  1901.01979727     1.00023226        4
  1901.04022904     0.99992191        4
  1901.06066071     1.00047028        4
  1901.10152435     0.99989202        4
  1901.12195622     1.00163751        4
  1901.14238789     1.00015031        4
  1901.16281966     1.00003087        4
  1901.18325153     1.00014956        4
  1901.20368320     1.00012591        4
  1901.22411498     1.00003575        4
  1901.24454685     0.99966251        4
  1901.26497852     1.00002886        4
  1901.28541039     0.99920255        4
  1901.30584217     0.99999102        4
  1901.34670571     0.99984418        4
  1901.36713749     1.00026969        4
  1901.38756926     0.99971740        4
  1901.40800104     1.00023787        4
  1901.42843281     1.00024684        4
  1901.44886459     0.99999171        4
  1901.46929636     0.99992731        4
  1901.48972814     0.99999940        4
  1901.51015991     0.99984056        4
  1901.53059169     0.99926291        4
  1901.55102347     1.00001878        4
  1901.59188702     0.99965464        4
  1901.61231890     0.99973752        4
  1901.63275068     1.00010570        4
  1901.65318235     1.00050830        4
  1901.67361423     0.99998654        4
  1901.69404601     1.00013127        4
  1901.71447769     0.99968890        4
  1901.73490957     1.00067542        4
  1901.75534135     1.00022323        4
  1901.77577303     1.00057195        4
  1901.79620491     1.00024725        4
  1901.83706857     1.00016544        4
  1901.85750025     0.99992590        4
  1901.87793203     1.00033307        4
  1901.89836391     1.00058597        4
  1901.91879559     1.00100748        4
  1901.93922737     1.00085287        4
  1901.95965926     1.00102113        4
  1901.98009094     1.00056306        4
  1902.00052282     1.00066664        4
  1902.08224996     1.00082715        4
  1902.10268164     1.00038931        4
  1902.12311352     1.00031303        4
  1902.14354531     1.00039919        4
  1902.16397709     1.00062966        4
  1902.18440888     1.00059488        4
  1902.20484066     1.00033593        4
  1902.22527245     1.00068051        4
  1902.24570424     1.00029148        4
  1902.26613602     1.00027309        4
  1902.28656791     0.99993944        4
  1902.32743138     0.99988029        4
  1902.34786327     0.99977249        4
  1902.36829496     1.00017948        4
  1902.38872685     1.00036771        4
  1902.40915864     1.00051902        4
  1902.42959032     0.99972831        4
  1902.45002221     1.00005439        4
  1902.57261295     1.00022553        4
  1902.59304475     0.99991227        4
  1902.61347664     0.99983082        4
  1902.63390833     0.99965974        4
  1902.65434012     0.99986404        4
  1902.67477201     0.99965079        4
  1902.69520371     0.99925267        4
  1902.71563560     0.99978207        4
  1902.73606739     0.99920755        4
  1902.75649908     0.99944728        4
  1902.77693098     0.99962045        4
  1902.81779457     0.99764740        4
  1902.83822636     0.99929060        4
  1902.85865816     0.99990438        4
  1902.87908985     0.99960805        4
  1902.89952175     0.99985242        4
  1902.91995354     0.99971821        4
  1902.94038544     0.99906429        4
  1902.96081713     0.99977773        4
  1902.98124893     0.99939082        4
  1903.00168083     0.99984560        4
  1903.02211253     0.99927941        4
  1903.18556701     1.00048881        4
  1903.20599871     1.00019347        4
  1903.22643061     0.99972451        4
  1903.24686241     0.99996903        4
  1903.26729431     0.99990644        4
  1903.30815782     0.99973745        4
  1903.32858972     1.00013922        4
  1903.34902142     1.00000073        4
  1903.36945322     0.99974168        4
  1903.38988513     0.99956348        4
  1903.41031693     0.99966301        4
  1903.43074873     0.99928621        4
  1903.45118043     1.00001147        4
  1903.47161224     1.00025375        4
  1903.49204414     0.99984488        4
  1903.51247595     0.99970314        4
  1903.55333956     1.00071927        4
  1903.57377136     1.00003255        4
  1903.59420307     1.00049469        4
  1903.61463497     1.00073614        4
  1903.63506678     1.00094424        4
  1903.65549869     1.00045591        4
  1903.67593039     1.00046140        4
  1903.69636220     1.00025581        4
  1903.71679411     0.99975939        4
  1903.73722581     0.99988054        4
  1903.75765762     1.00010086        4
  1903.79852124     0.99956278        4
  1903.81895315     1.00034248        4
  1903.83938496     0.99945165        4
  1903.85981667     0.99988722        4
  1903.88024858     1.00061393        4
  1903.90068039     0.99932935        4
  1903.92111210     0.99985217        4
  1903.94154401     0.99964984        4
  1903.96197582     1.00000792        4
  1903.98240773     0.99988606        4
  1904.00283944     1.00058311        4
  1904.04370307     1.00031313        4
  1904.06413498     1.00018175        4
  1904.08456669     0.99979223        4
  1904.10499850     1.00219538        4
  1904.12543032     1.00009316        4
  1904.14586213     0.99978954        4
  1904.16629404     1.00004888        4
  1904.18672576     1.00010916        4
  1904.20715767     0.99954196        4
  1904.22758949     0.99977893        4
  1904.24802120     1.00015072        4
  1904.30931665     1.00041507        4
  1904.32974857     0.99989403        4
  1904.35018038     1.00039061        4
  1904.37061230     1.00042977        4
  1904.39104402     1.00001650        4
  1904.41147584     1.00021668        4
  1904.43190775     0.99935561        4
  1904.45233947     1.00027249        4
  1904.47277129     0.99999780        4
  1904.49320321     1.00002438        4
  1904.61579413     1.00092558        4
  1904.63622595     1.00014543        4
  1904.65665777     1.00009922        4
  1904.67708959     1.00069130        4
  1904.69752142     0.99936616        4
  1904.71795324     0.99973818        4
  1904.73838506     1.00129357        4
  1904.77924871     0.99957411        4
  1904.79968053     0.99971211        4
  1904.82011245     0.99987565        4
  1904.84054418     0.99970306        4
  1904.86097600     0.99939783        4
  1905.02443061     0.99981135        4
  1905.04486254     1.00057705        4
  1905.06529437     1.00021507        4
  1905.08572629     0.99985050        4
  1905.10615802     1.00051110        4
  1905.12658985     0.99975517        4
  1905.14702178     1.00051781        4
  1905.16745351     0.99943910        4
  1905.18788534     0.99975118        4
