  1835.80150459     1.00101992        0
  1835.82193665     0.98971565        0
  1835.84236851     0.99529970        0
  1835.86280047     0.99477921        0
  1835.88323254     0.99589882        0
  1835.90366440     0.99500531        0
  1835.92409636     0.99754172        0
  1835.94452842     0.99671269        0
  1835.96496028     0.99829556        0
  1835.98539224     1.00008902        0
  1836.00582430     1.00215025        0
  1836.02625616     0.99964777        0
  1836.04668811     1.00055527        0
  1836.06712017     1.00398816        0
  1836.08755203     1.00183303        0
  1836.10798399     1.00266697        0
  1836.12841604     1.00240873        0
  1836.14884800     1.00289395        0
  1836.16927985     1.00339229        0
  1836.18971191     1.00225238        0
  1836.21014386     1.00212172        0
  1836.23057592     1.00266176        0
  1836.25100777     1.00424183        0
  1836.27143973     1.00462688        0
  1836.31230363     1.00003013        0
  1836.33273559     0.99993556        0
  1836.35316764     1.00255430        0
  1836.37359949     0.99913820        0
  1836.39403144     0.99926240        0
  1836.41446339     1.00119466        0
  1836.43489534     1.00190684        0
  1836.45532729     1.00223215        0
  1836.47575924     0.99716490        0
  1836.49619119     0.99992127        0
  1836.51662314     0.99967762        0
  1836.53705509     0.99931686        0
  1836.55748703     0.99857158        0
  1836.57791898     0.99870531        0
  1836.59835103     1.00092434        0
  1836.61878288     1.00099162        0
  1836.63921482     0.99982347        0
  1836.65964687     1.00191568        0
  1836.68007871     1.00023320        0
  1836.70051066     0.99756014        0
  1836.72094270     0.99779148        0
  1836.74137455     0.99969395        0
  1836.76180649     0.99837622        0
  1836.78223853     1.00520748        0
  1836.80267038     0.99908192        0
  1836.82310242     0.99909120        0
  1836.84353436     0.99787387        0
  1836.86396620     0.99842376        0
  1836.88439824     0.99807212        0
  1836.90483019     0.99709833        0
  1836.92526203     0.99451469        0
  1836.94569407     0.99823067        0
  1836.96612601     0.99824062        0
  1836.98655794     1.00029400        0
  1837.00698988     0.99996621        0
  1837.02742182     1.00420706        0
  1837.04785376     1.00079954        0
  1837.06828580     0.99759234        0
  1837.08871763     0.99320675        0
  1837.10914957     0.99586171        0
  1837.12958151     0.99473727        0
  1837.15001344     0.99791592        0
  1837.17044538     0.99492616        0
  1837.19087731     0.99207220        0
  1837.21130925     0.99383550        0
  1837.23174118     0.99651074        0
  1837.25217312     0.99638149        0
  1837.27260505     0.99367958        0
  1837.29303688     0.99651297        0
  1837.31346892     0.99572136        0
  1837.33390085     0.99585722        0
  1837.35433278     0.99745360        0
  1837.37476471     0.99672994        0
  1837.39519664     0.99695352        0
  1837.41562858     0.99907380        0
  1837.43606061     0.99866504        0
  1837.45649244     1.00018455        0
  1837.47692447     0.99644978        0
  1837.49735639     1.00242192        0
  1837.51778822     0.99837963        0
  1837.53822025     0.99756857        0
  1837.55865218     0.99916328        0
  1837.57908401     0.99917270        0
  1837.59951603     1.00104020        0
  1837.61994796     1.00028733        0
  1837.64037979     1.00139173        0
  1837.66081181     1.00061667        0
  1837.68124374     1.00077224        0
  1837.70167556     1.00147623        0
  1837.72210759     1.00036459        0
  1837.74253951     0.99974128        0
  1837.76297134     1.00024700        0
  1837.78340336     1.00030953        0
  1837.80383528     1.00137438        0
  1837.82426721     1.00021648        0
  1837.84469913     1.00198622        0
  1837.86513105     1.00017940        0
  1837.88556287     1.00113826        0
  1837.90599489     1.00183515        0
  1837.92642681     1.00067253        0
  1837.94685873     1.00010002        0
  1837.96729065     1.00304891        0
  1837.98772257     1.00016685        0
  1838.00815439     1.00211210        0
  1838.02858641     1.00140850        0
  1838.04901833     1.00057358        0
  1838.06945035     1.00120671        0
  1838.08988216     1.00245991        0
  1838.11031408     1.00144243        0
  1838.13074610     1.00139104        0
  1838.15117792     0.99981012        0
  1838.27376951     1.00726925        0
  1838.29420132     1.00682860        0
  1838.31463333     1.00584196        0
  1838.33506524     1.00599918        0
  1838.35549706     1.00569268        0
  1838.37592907     1.00667902        0
  1838.39636098     1.00969957        0
  1838.41679279     1.00799133        0
  1838.43722480     1.00425691        0
  1838.45765671     1.00464650        0
  1838.47808852     1.00534019        0
  1838.49852053     1.00318717        0
  1838.51895244     1.00868726        0
  1838.53938425     1.00287109        0
  1838.55981626     1.00419454        0
  1838.58024817     1.00299221        0
  1838.60067998     1.00666754        0
  1838.62111198     1.00104963        0
  1838.64154389     0.99920662        0
  1838.66197570     0.99905266        0
  1838.68240770     1.00187600        0
  1838.70283961     1.02082900        0
  1838.72327151     1.00076152        0
  1838.74370342     1.00039220        0
  1838.76413532     1.00041239        0
  1838.78456723     0.99758937        0
  1838.80499913     1.00023839        0
  1838.82543104     0.99948230        0
  1838.84586304     0.99864717        0
  1838.86629484     0.99903446        0
  1838.88672674     0.99922367        0
  1838.90715875     0.99839192        0
  1838.92759055     0.99995063        0
  1838.94802245     0.99852160        0
  1838.96845445     0.99908227        0
  1838.98888625     1.01631106        0
  1839.00931815     1.00804126        0
  1839.02975015     1.00751186        0
  1839.05018195     1.00691373        0
  1839.07061385     1.00026281        0
  1839.09104585     1.00436271        0
  1839.11147774     1.00029101        0
  1839.13190954     1.00208537        0
  1839.15234154     1.00163831        0
  1839.17277343     1.00053295        0
  1839.19320523     0.99812873        0
  1839.21363723     0.99783374        0
  1839.23406912     0.99729963        0
  1839.25450092     0.99777858        0
  1839.27493291     0.99829967        0
  1839.29536481     1.00100804        0
  1839.31579680     0.99947374        0
  1839.33622860     0.99784843        0
  1839.35666049     0.99879518        0
  1839.37709238     0.99874121        0
  1839.39752428     1.00001270        0
  1839.41795607     0.99809663        0
  1839.43838806     0.99736005        0
  1839.45881995     0.99973107        0
  1839.47925174     0.99845936        0
  1839.49968373     0.99794994        0
  1839.52011562     0.99837909        0
  1839.54054751     0.99707975        0
  1839.56097940     0.99883164        0
  1839.58141129     1.00048219        0
  1839.60184318     1.00029191        0
  1839.72443451     1.00504366        0
  1839.74486649     0.99662113        0
  1839.76529828     0.99348921        0
  1839.78573016     0.99854701        0
  1839.80616215     0.99683895        0
  1839.82659393     0.99868735        0
  1839.84702582     0.99947102        0
  1839.86745780     0.99880670        0
  1839.88788959     0.99912433        0
  1839.90832147     1.00008520        0
  1839.92875345     1.00132214        0
  1839.94918533     0.99987491        0
  1839.96961722     1.00003948        0
  1839.99004910     0.99990962        0
  1840.23523165     1.00701530        0
  1840.25566343     1.00791548        0
  1840.27609540     1.00203740        0
  1840.29652728     1.00316646        0
  1840.31695906     0.99879971        0
  1840.33739103     0.99706726        0
  1840.35782291     0.99997538        0
  1840.37825478     0.99859917        0
  1840.39868665     1.00000000        0
  1840.41911853     0.99883540        0
  1840.43955040     1.00177297        0
  1840.45998228     1.00200111        0
  1840.48041415     0.99904961        0
  1840.50084602     0.99990650        0
  1840.52127799     1.00073071        0
  1840.54170976     0.99998349        0
  1840.56214174     1.00112159        0
  1840.58257361     1.00306931        0
  1840.60300538     1.00204913        0
  1840.62343735     1.00167232        0
  1840.64386922     1.00103192        0
  1840.66430099     0.99838583        0
  1840.68473296     1.00100951        0
  1840.70516482     1.01010559        0
  1840.72559659     1.00551918        0
  1840.74602856     1.00203868        0
  1840.76646043     1.00274163        0
  1840.78689230     1.00096452        0
  1840.80732416     0.99977827        0
  1840.82775593     0.99924367        0
  1840.84818790     0.99975367        0
  1840.86861976     0.99816785        0
  1840.88905163     0.99900923        0
  1840.90948339     0.99847702        0
  1840.92991536     0.99594755        0
  1840.95034722     0.99339827        0
  1840.97077899     0.99426051        0
  1840.99121095     0.99192603        0
  1872.00649223     0.99315908        1
  1872.02692382     0.99720917        1
  1872.04735540     0.99720398        1
  1872.06778699     0.99700749        1
  1872.08821858     0.99696689        1
  1872.10865017     0.99562012        1
  1872.12908185     0.99564126        1
  1872.16994493     0.99879135        1
  1872.19037662     0.99917326        1
  1872.21080820     0.99886328        1
  1872.23123969     0.99828138        1
  1872.25167138     0.99901566        1
  1872.27210297     0.99807091        1
  1872.29253445     0.99940386        1
  1872.31296614     1.00076613        1
  1872.33339773     0.99947076        1
  1872.35382922     1.00153401        1
  1872.37426090     1.00020369        1
  1872.41512418     0.99683259        1
  1872.43555566     0.99898438        1
  1872.45598725     1.00030065        1
  1872.47641894     1.00005155        1
  1872.49685043     0.99967931        1
  1872.51728201     1.00573520        1
  1872.53771370     0.99809228        1
  1872.55814519     1.00104299        1
  1872.57857678     1.00373857        1
  1872.59900846     1.00373875        1
  1872.61943995     1.00143793        1
  1872.66030323     1.00367586        1
  1872.68073471     1.00270562        1
  1872.70116640     1.00407087        1
  1872.72159799     1.00487213        1
  1872.74202948     1.00622133        1
  1872.76246116     1.00345452        1
  1872.78289275     1.00630342        1
  1872.80332424     1.00566945        1
  1872.82375593     1.00424893        1
  1872.84418752     1.00379411        1
  1872.86461900     1.00378173        1
  1872.90548228     1.00421139        1
  1872.92591377     1.00362379        1
  1872.94634545     1.00427152        1
  1872.96677704     1.00398912        1
  1872.98720873     1.00323904        1
  1873.00764022     1.00385457        1
  1873.02807180     1.00478597        1
  1873.15066133     0.99731002        1
  1873.17109302     1.00278619        1
  1873.19152461     1.00348030        1
  1873.21195619     1.00325437        1
  1873.23238778     1.00574893        1
  1873.25281937     1.00286489        1
  1873.27325096     1.00300904        1
  1873.29368255     1.00302609        1
  1873.31411413     1.00398416        1
  1873.33454572     1.00341862        1
  1873.35497731     1.00189770        1
  1873.39584049     0.99098905        1
  1873.41627207     1.00736588        1
  1873.43670356     0.99806155        1
  1873.45713525     1.00071898        1
  1873.47756684     1.00191001        1
  1873.49799853     1.00269444        1
  1873.51843001     1.00409255        1
  1873.53886160     0.99967072        1
  1873.55929329     0.99830843        1
  1873.57972478     0.99747716        1
  1873.60015637     0.99464874        1
  1873.64101964     0.98005982        1
  1873.66145113     0.98311941        1
  1873.68188282     1.00297623        1
  1873.70231441     0.98567249        1
  1873.72274590     0.99007286        1
  1873.74317758     0.99999051        1
  1873.76360917     1.00459108        1
  1873.78404076     1.00641296        1
  1873.80447235     0.99453746        1
  1873.82490394     1.00299257        1
  1873.84533563     1.00292041        1
  1873.88619870     1.00314481        1
  1873.90663039     0.99776976        1
  1873.92706188     1.00716670        1
  1873.94749347     1.00004647        1
  1873.96792516     1.00184280        1
  1873.98835665     0.99924919        1
  1874.00878833     0.99406284        1
  1874.02921982     0.99577909        1
  1874.04965141     0.99571827        1
  1874.07008310     0.99569728        1
  1874.09051459     0.99404951        1
  1874.13137787     0.94903470        1
  1874.15180935     0.96937823        1
  1874.17224094     0.97541041        1
  1874.19267263     0.97140304        1
  1874.21310422     0.98603637        1
  1874.23353571     1.00017747        1
  1874.25396740     1.00860274        1
  1874.27439899     1.00747668        1
  1874.29483058     1.00329784        1
  1874.31526217     1.00275740        1
  1874.33569376     1.00490709        1
  1874.37655693     0.99882701        1
  1874.39698852     0.99758415        1
  1874.41742021     0.99978770        1
  1874.43785170     0.99462282        1
  1874.45828329     0.99387003        1
  1874.47871498     0.99582012        1
  1874.49914647     0.99322389        1
  1874.51957816     0.99198282        1
  1874.54000975     0.99126207        1
  1874.56044124     0.99149027        1
  1874.58087293     0.99054293        1
  1874.62173601     0.99795074        1
  1874.64216769     0.99647361        1
  1874.66259928     0.99638215        1
  1874.68303087     0.99430288        1
  1874.70346246     0.99360009        1
  1874.72389405     0.99242455        1
  1874.74432554     0.99191319        1
  1874.76475723     0.99292320        1
  1874.78518882     0.99243375        1
  1874.86691528     1.00277088        1
  1874.88734677     1.00130167        1
  1874.90777836     1.00039218        1
  1874.92821005     0.99749107        1
  1874.94864154     0.99760435        1
  1874.96907313     0.99512497        1
  1874.98950482     0.99438680        1
  1875.00993631     0.99624031        1
  1875.03036800     0.99473977        1
  1875.11209436     1.00089992        1
  1875.13252585     1.00055158        1
  1875.15295754     1.00097764        1
  1875.17338913     0.99925654        1
  1875.19382072     0.99848211        1
  1875.21425231     0.99801233        1
  1875.23468391     0.99849144        1
  1875.35727345     0.98984020        1
  1875.37770514     0.99920546        1
  1875.39813663     1.00488854        1
  1875.41856822     1.00585401        1
  1875.43899991     1.00388217        1
  1875.45943140     1.00324141        1
  1875.47986299     1.00495252        1
  1875.50029469     1.00536030        1
  1875.52072618     1.00424181        1
  1875.54115787     1.00426543        1
  1875.56158946     1.00372310        1
  1875.60245264     0.99525103        1
  1875.62288423     0.99788686        1
  1875.64331572     1.00434883        1
  1875.66374742     1.00553021        1
  1875.68417901     1.00785792        1
  1875.70461060     1.00754439        1
  1875.72504219     1.00123824        1
  1875.74547378     1.00605338        1
  1875.76590547     1.00766144        1
  1875.78633696     1.00976919        1
  1875.80676856     1.00580607        1
  1875.84763184     1.00843220        1
  1875.86806333     1.00710583        1
  1875.88849502     1.00647322        1
  1875.90892662     1.00740588        1
  1875.92935811     1.00933622        1
  1875.94978980     1.00744917        1
  1876.09281095     1.00837085        1
  1876.11324254     1.00847115        1
  1876.13367413     1.00763226        1
  1876.15410562     1.00830812        1
  1876.17453732     1.00675240        1
  1876.19496891     1.00635528        1
  1876.21540050     1.00571100        1
  1876.33799016     0.98912959        1
  1876.35842175     0.99826568        1
  1876.37885324     1.00395665        1
  1876.39928494     1.00293830        1
  1876.41971653     1.00424193        1
  1876.44014802     1.00306942        1
  1876.46057972     1.00486208        1
  1876.48101131     1.00544573        1
  1876.50144300     1.00537002        1
  1876.52187450     1.00604010        1
  1876.54230609     1.00257753        1
  1876.58316928     1.00314073        1
  1876.60360087     1.00189106        1
  1876.62403256     1.00330251        1
  1876.82834841     0.99982766        1
  1876.84878010     0.99894703        1
  1876.86921159     0.99830950        1
  1876.88964319     0.99796445        1
  1876.91007488     0.99806572        1
  1877.07352774     1.00085226        1
  1877.09395924     1.00274405        1
  1877.11439083     0.99928457        1
  1877.13482253     0.99838848        1
  1877.15525402     0.99954549        1
  1877.17568562     0.99826673        1
  1877.19611731     0.99612475        1
  1877.21654881     0.99411900        1
  1877.23698050     0.99347417        1
  1877.25741210     0.99248849        1
  1877.27784359     0.99432434        1
  1877.31870689     1.00361030        1
  1877.33913848     1.00525971        1
  1877.35957008     1.00662439        1
  1877.38000167     0.99967297        1
  1877.40043327     0.99895527        1
  1877.42086487     0.99384683        1
  1877.44129646     0.99646267        1
  1877.46172806     0.99438277        1
  1877.48215965     0.99710455        1
  1877.50259125     0.99674367        1
  1877.52302285     0.99476272        1
  1877.56388604     0.99698274        1
  1877.58431774     0.99712850        1
  1877.60474923     1.00168384        1
  1877.62518083     1.00510969        1
  1877.64561253     0.99651803        1
  1877.66604402     0.99375882        1
  1877.68647572     0.99628812        1
  1877.70690732     0.99650719        1
  1877.72733881     0.99637040        1
  1877.74777051     0.99504301        1
  1877.76820211     0.99156346        1
  1877.80906530     0.99973374        1
  1877.82949690     1.00784240        1
  1877.84992840     0.99924074        1
  1877.87036009     0.99409645        1
  1877.89079169     0.99383385        1
  1877.91122329     0.99710965        1
  1877.93165489     0.99551652        1
  1877.95208649     0.99462644        1
  1877.97251818     0.99450232        1
  1877.99294978     0.99451832        1
  1878.01338128     0.99273439        1
  1878.05424458     0.99862175        1
  1878.07467607     0.99617880        1
  1878.09510777     0.99828309        1
  1878.11553937     0.99835730        1
  1878.13597087     0.99484895        1
  1878.15640257     0.99616930        1
  1878.17683407     0.99495169        1
  1878.19726576     0.99595746        1
  1878.21769736     0.99594822        1
  1878.23812886     0.99596780        1
  1878.25856056     0.99599300        1
  1878.29942366     0.99884266        1
  1878.31985536     0.99959161        1
  1878.34028696     1.00090795        1
  1878.36071846     1.00159951        1
  1878.38115016     0.99999653        1
  1878.40158175     0.99935356        1
  1878.42201345     0.99882223        1
  1878.44244495     0.99968427        1
  1878.46287655     1.00082459        1
  1878.48330825     1.00057124        1
  1878.54460305     1.00000000        1
  1878.56503465     1.00455864        1
  1878.58546615     1.00581541        1
  1878.60589785     1.00081379        1
  1878.62632945     1.00397099        1
  1878.64676105     1.00643902        1
  1878.66719265     1.00442833        1
  1878.68762425     1.00369515        1
  1878.70805595     1.00570371        1
  1878.72848746     1.00560924        1
  1878.74891906     1.00696672        1
  1878.78978226     0.99326633        1
  1878.81021386     1.00298063        1
  1878.83064546     1.00371344        1
  1878.85107706     1.00530930        1
  1878.87150876     1.00711990        1
  1878.89194026     1.00835863        1
  1878.91237186     1.00922074        1
  1878.93280357     1.00699365        1
  1878.95323507     1.00742899        1
  1878.97366667     1.00826237        1
  1878.99409837     1.00996490        1
  1879.03496147     0.97155011        1
  1879.05539318     0.98279143        1
  1879.07582478     0.99291413        1
  1879.09625638     0.99669808        1
  1879.11668798     1.00210551        1
  1879.13711958     1.00544152        1
  1879.15755119     1.00512458        1
  1879.17798279     1.00819625        1
  1879.19841439     1.00840950        1
  1879.21884609     1.00895221        1
  1879.23927760     1.00814509        1
  1879.28014090     0.97200592        1
  1879.30057241     0.98641335        1
  1879.32100411     0.98942108        1
  1879.34143571     0.99331988        1
  1879.36186721     0.99417485        1
  1879.38229892     0.99261007        1
  1879.40273052     1.00050859        1
  1879.42316202     1.00275013        1
  1879.44359373     1.00339755        1
  1879.46402533     1.00154340        1
  1879.48445684     1.00173150        1
  1879.52532004     0.99987859        1
  1879.54575175     1.00387321        1
  1879.56618335     1.00252629        1
  1879.58661495     1.00584590        1
  1879.60704656     1.00406601        1
  1879.62747816     1.00157817        1
  1879.64790977     1.00407301        1
  1879.66834137     1.00249308        1
  1879.68877298     1.00262132        1
  1879.70920458     1.00246281        1
  1879.72963619     1.00130721        1
  1879.77049950     0.99511754        1
  1879.79093110     0.99597748        1
  1879.81136261     0.99750540        1
  1879.83179431     0.99550691        1
  1879.85222592     0.99743296        1
  1879.87265742     0.99594433        1
  1879.89308913     0.99715495        1
  1879.91352073     0.99612605        1
  1879.93395224     0.99274049        1
  1879.95438394     0.99015465        1
  1879.97481555     0.99211006        1
  1880.01567876     0.99913501        2
  1880.03611037     0.99879950        2
  1880.05654207     1.00215778        2
  1880.07697358     1.00948439        2
  1880.09740519     1.00515796        2
  1880.11783679     1.00081776        2
  1880.13826840     1.00483485        2
  1880.15870001     1.00355875        2
  1880.17913171     1.00227044        2
  1880.19956322     1.00399221        2
  1880.21999493     0.99990948        2
  1880.26085804     1.00496156        2
  1880.28128975     1.00319903        2
  1880.30172136     1.00186653        2
  1880.32215286     1.00093387        2
  1880.34258457     0.99892336        2
  1880.36301618     0.99881428        2
  1880.38344769     0.99758147        2
  1880.40387939     0.99679587        2
  1880.42431100     0.99919649        2
  1880.50603753     1.00145490        2
  1880.52646904     0.99928978        2
  1880.54690065     1.00103839        2
  1880.56733236     0.99777226        2
  1880.58776387     0.99651258        2
  1880.60819548     0.99589594        2
  1880.62862719     0.99432445        2
  1880.64905870     0.99611610        2
  1880.66949040     0.99876239        2
  1880.75121684     1.00717109        2
  1880.77164845     1.00574474        2
  1880.79208006     1.00167999        2
  1880.81251167     0.99757776        2
  1880.83294328     0.99727650        2
  1880.85337489     0.99662202        2
  1880.87380650     0.99405183        2
  1880.89423811     0.99273206        2
  1880.91466972     0.99012803        2
  1880.93510133     0.99122811        2
  1880.95553304     0.99570201        2
  1880.99639617     1.00784476        2
  1881.01682788     1.01366348        2
  1881.03725939     1.00863118        2
  1881.05769100     1.00804638        2
  1881.07812271     1.00716920        2
  1881.09855422     1.00414631        2
  1881.11898593     1.00345764        2
  1881.13941754     0.99693798        2
  1881.15984905     0.99676955        2
  1881.18028077     0.99512881        2
  1881.20071238     0.99362484        2
  1881.24157560     0.99144628        2
  1881.26200721     1.00006970        2
  1881.28243883     1.00124335        2
  1881.30287044     1.00209835        2
  1881.32330205     1.00086873        2
  1881.34373376     0.99821822        2
  1881.36416528     0.99767540        2
  1881.38459689     0.99678960        2
  1881.40502860     0.99443592        2
  1881.42546022     0.99514913        2
  1881.44589173     0.99389165        2
  1881.48675496     1.00109470        2
  1881.50718667     0.99353462        2
  1881.52761828     1.00117387        2
  1881.54804990     1.00434245        2
  1881.56848151     1.00346395        2
  1881.58891312     1.00143371        2
  1881.60934464     0.99877485        2
  1881.62977635     0.99757264        2
  1881.65020797     0.99961370        2
  1881.67063948     0.99809137        2
  1881.69107119     0.99823726        2
  1881.73193452     0.99852859        2
  1881.75236604     0.99990137        2
  1881.77279765     0.99830599        2
  1881.79322937     0.99862510        2
  1881.81366088     0.99946853        2
  1881.83409250     0.99744783        2
  1881.85452421     0.99914347        2
  1881.87495573     0.99843235        2
  1881.89538735     0.99825617        2
  1881.91581906     0.99957790        2
  1881.93625068     1.00056891        2
  1881.97711391     1.00309437        2
  1881.99754553     1.00309551        2
  1882.01797714     1.00290788        2
  1882.03840876     1.00266898        2
  1882.05884037     1.00242108        2
  1882.07927209     1.00240134        2
  1882.09970361     1.00174588        2
  1882.12013522     1.00219128        2
  1882.14056694     1.00570677        2
  1882.22229331     1.00271381        2
  1882.24272503     1.00363210        2
  1882.26315655     1.00306204        2
  1882.28358816     1.00392739        2
  1882.30401988     1.00469559        2
  1882.32445140     1.00444093        2
  1882.46747283     1.00560953        2
  1882.48790445     1.00551090        2
  1882.50833607     1.00510100        2
  1882.52876769     1.00637181        2
  1882.71265237     0.95623282        2
  1882.73308389     0.97755999        2
  1882.75351561     0.98835894        2
  1882.77394723     0.99753071        2
  1882.79437895     0.99823293        2
  1882.81481047     1.00255400        2
  1882.83524209     1.00550283        2
  1882.85567381     1.00472006        2
  1882.87610533     1.00537324        2
  1882.89653685     1.00580903        2
  1882.91696858     1.00609277        2
  1882.95783182     0.94519169        2
  1882.97826344     0.96898947        2
  1882.99869506     0.98861100        2
  1883.01912679     0.99066881        2
  1883.03955831     1.00145967        2
  1883.05998993     1.00382325        2
  1883.08042165     1.00292216        2
  1883.10085328     1.00357319        2
  1883.12128480     1.00396984        2
  1883.14171652     1.00444731        2
  1883.16214814     1.00457083        2
  1883.20301139     1.00174595        2
  1883.22344301     1.00438986        2
  1883.24387474     1.00475331        2
  1883.26430626     1.00581916        2
  1883.28473789     1.00267423        2
  1883.30516961     1.00204768        2
  1883.32560113     0.99893035        2
  1883.34603276     0.99959000        2
  1883.36646448     1.00121713        2
  1883.38689601     1.00200039        2
  1883.40732773     1.00088973        2
  1883.44819088     1.00203385        2
  1883.46862261     1.00207730        2
  1883.48905423     1.00146509        2
  1883.50948576     1.00030454        2
  1883.52991748     1.00152902        2
  1883.55034901     1.00072644        2
  1883.57078073     0.99774250        2
  1883.59121236     0.99803705        2
  1883.61164389     0.99597180        2
  1883.63207561     0.99943145        2
  1883.65250724     1.00135818        2
  1883.69337049     0.99929266        2
  1883.71380212     0.99238104        2
  1883.73423374     0.99545371        2
  1883.75466537     1.00186175        2
  1883.77509700     1.00017603        2
  1883.79552873     1.00114729        2
  1883.81596035     1.00037599        2
  1883.83639188     0.99741914        2
  1883.85682361     0.99656269        2
  1883.87725524     0.99781461        2
  1883.89768676     0.99624264        2
  1883.93855012     0.99046846        2
  1883.95898165     0.98991967        2
  1883.97941338     0.99979305        2
  1883.99984500     1.00449604        2
  1884.02027673     1.00434538        2
  1884.04070826     1.00237297        2
  1884.06113989     0.99497357        2
  1884.08157162     0.99696837        2
  1884.10200315     0.99817064        2
  1884.12243478     0.99738718        2
  1884.14286651     0.99338064        2
  1884.18372967     0.99043018        2
  1884.20416130     1.00396662        2
  1884.22459293     1.00108966        2
  1884.24502466     0.99725615        2
  1884.26545619     1.00307938        2
  1884.28588782     0.99964381        2
  1884.30631955     0.99961190        2
  1884.32675118     0.99774510        2
  1884.34718271     0.99298745        2
  1884.36761444     0.99116016        2
  1884.38804607     0.99293626        2
  1884.42890934     0.99931328        2
  1884.44934097     1.00192053        2
  1884.46977270     1.00385238        2
  1884.49020423     1.00373170        2
  1884.51063586     0.99736561        2
  1884.53106760     0.99749731        2
  1884.55149913     0.99642480        2
  1884.57193076     0.99521082        2
  1884.59236249     0.99321330        2
  1884.61279403     0.99326958        2
  1884.63322576     0.99168358        2
  1884.67408893     1.00285998        2
  1884.69452066     1.00147827        2
  1884.71495229     0.99966319        2
  1884.73538393     0.99590767        2
  1884.75581556     0.99543882        2
  1884.77624719     0.99430140        2
  1884.79667883     0.99526803        2
  1884.81711046     0.99327635        2
  1884.83754210     0.99288584        2
  1884.85797373     0.99841953        2
  1884.91926864     1.00340177        2
  1884.93970027     1.00376141        2
  1884.96013191     1.00134809        2
  1884.98056364     1.00309115        2
  1885.00099518     1.00027074        2
  1885.02142691     0.99871876        2
  1885.04185855     0.99902261        2
  1885.06229008     0.99990129        2
  1885.08272182     0.99767690        2
  1885.10315346     0.99878047        2
  1885.12358499     1.00211192        2
  1885.16444837     0.96322481        2
  1885.18487990     1.00220045        2
  1885.20531164     0.99629163        2
  1885.22574328     0.99705844        2
  1885.24617502     0.99527358        2
  1885.26660655     0.99948702        2
  1885.28703819     1.00396920        2
  1885.30746993     1.00408462        2
  1885.32790147     1.00502817        2
  1885.34833310     1.00277857        2
  1885.36876484     1.00308747        2
  1885.40962802     0.99697538        2
  1885.43005976     1.00553119        2
  1885.45049140     0.99993000        2
  1885.47092304     1.00227123        2
  1885.49135468     0.99483517        2
  1885.51178632     1.00075054        2
  1885.53221795     1.00374797        2
  1885.55264959     1.00602917        2
  1885.57308113     1.00494946        2
  1885.59351287     1.00690679        2
  1885.61394451     1.00540684        2
  1885.65480779     0.99762507        2
  1885.67523944     1.00362537        2
  1885.69567118     1.00409368        2
  1885.71610272     1.00666832        2
  1885.73653436     1.00565611        2
  1885.75696610     1.00391319        2
  1885.77739764     1.00637804        2
  1885.79782928     1.01056063        2
  1885.81826102     1.00679084        2
  1885.83869257     1.00720563        2
  1885.85912431     1.00928420        2
  1885.89998749     0.99428950        2
  1885.92041923     0.99880298        2
  1885.94085088     1.00433922        2
  1885.96128252     0.99927770        2
  1885.98171416     1.00193738        2
  1886.00214581     1.00224871        2
  1886.02257745     1.00586271        2
  1886.04300909     1.00680691        2
  1886.06344074     1.00636261        2
  1886.08387248     1.00534377        2
  1886.10430412     1.00664337        2
  1886.14516741     0.98158579        2
  1886.16559906     0.98157616        2
  1886.18603060     0.99534060        2
  1886.20646235     0.99740169        2
  1886.22689389     1.00112650        2
  1886.24732564     1.00413019        2
  1886.26775728     1.00306290        2
  1886.28818883     1.00226340        2
  1886.30862057     1.00403551        2
  1886.32905222     1.00471576        2
  1886.34948376     1.00450668        2
  1886.39034716     1.00098483        2
  1886.41077870     1.00181648        2
  1886.43121045     1.00220342        2
  1886.45164210     1.00416099        2
  1886.47207384     1.00001274        2
  1886.49250539     1.00357923        2
  1886.51293704     1.00524341        2
  1886.63552702     0.99898907        2
  1886.65595867     1.00051742        2
  1886.67639032     0.99956253        2
  1886.69682197     0.99994811        2
  1886.71725362     1.00195755        2
  1886.88070681     0.99819485        2
  1886.90113846     0.99658698        2
  1886.92157021     0.99686887        2
  1886.94200176     0.99666951        2
  1886.96243342     0.99569388        2
  1886.98286517     0.99848153        2
  1887.12588673     0.98953984        2
  1887.14631838     0.99758807        2
  1887.16675003     1.00221485        2
  1887.18718169     0.99661503        2
  1887.20761334     0.99750182        2
  1887.22804499     0.99359962        2
  1887.24847675     0.99059336        2
  1887.26890830     0.98899209        2
  1887.28933995     0.99467983        2
  1887.30977171     0.99657685        2
  1887.33020336     0.99443480        2
  1887.37106667     0.99921714        2
  1887.39149832     0.99921075        2
  1887.41192988     0.99687001        2
  1887.43236163     0.99838153        2
  1887.45279329     0.99702024        2
  1887.47322494     0.99693531        2
  1887.49365660     0.99465417        2
  1887.51408825     0.99582616        2
  1887.53452001     0.99259802        2
  1887.55495156     0.99407059        2
  1887.57538322     0.99574918        2
  1887.61624653     1.00000000        2
  1887.63667829     1.00132610        2
  1887.65710985     0.99575817        2
  1887.67754150     0.99919830        2
  1887.69797326     0.99831674        2
  1887.71840482     0.99936293        2
  1887.73883647     0.99819054        2
  1887.75926823     0.99918997        2
  1887.77969979     1.00216600        2
  1887.86142652     1.00993319        2
  1887.88185818     1.00802313        2
  1887.90228984     1.00683538        2
  1887.92272150     1.00865919        2
  1887.94315316     1.01044077        2
  1887.96358482     1.00917616        2
  1887.98401658     1.01056499        2
  1891.04876838     1.01121758        3
  1891.06920007     1.00832330        3
  1891.08963186     1.00633231        3
  1891.11006345     1.00387682        3
  1891.13049514     1.00306492        3
  1891.15092693     1.00087374        3
  1891.17135852     1.00141107        3
  1891.19179031     0.99865908        3
  1891.21222200     1.00011718        3
  1891.23265359     0.99764932        3
  1891.29394867     1.00418466        3
  1891.31438046     1.00435893        3
  1891.33481215     1.00307840        3
  1891.35524394     0.99917033        3
  1891.37567554     0.99985678        3
  1891.39610723     0.99946337        3
  1891.41653902     0.99942691        3
  1891.43697062     0.99671303        3
  1891.45740231     0.99807507        3
  1891.47783410     0.99726864        3
  1891.49826580     0.99736782        3
  1891.53912918     1.00039522        3
  1891.55956078     1.00074292        3
  1891.57999257     0.99633119        3
  1891.60042427     1.00082057        3
  1891.62085586     0.99817519        3
  1891.64128766     0.99900053        3
  1891.66171935     0.99821141        3
  1891.68215095     0.99626139        3
  1891.70258275     0.99763595        3
  1891.72301444     0.99798954        3
  1891.74344624     0.99847024        3
  1891.78430953     1.00082256        3
  1891.80474133     0.99620358        3
  1891.82517293     0.99826775        3
  1891.84560462     0.99868024        3
  1891.86603642     0.99774753        3
  1891.88646802     0.99709237        3
  1891.90689972     0.99782500        3
  1891.92733152     0.99770690        3
  1891.94776312     0.99740949        3
  1891.96819491     0.99763866        3
  1892.02949001     1.00131748        3
  1892.04992171     0.99911325        3
  1892.07035341     0.99798945        3
  1892.09078511     0.99711498        3
  1892.11121681     0.99862855        3
  1892.13164861     0.99947869        3
  1892.15208031     1.00000000        3
  1892.17251192     0.99935268        3
  1892.19294372     1.00060284        3
  1892.21337532     1.00120222        3
  1892.27467042     0.99759200        3
  1892.29510223     0.99915288        3
  1892.31553393     1.00008455        3
  1892.33596553     1.00067846        3
  1892.35639734     1.00162582        3
  1892.37682904     1.00001140        3
  1892.39726064     1.00128895        3
  1892.41769245     1.00311635        3
  1892.43812415     1.00345392        3
  1892.51985107     1.00148689        3
  1892.54028267     1.00250915        3
  1892.56071438     1.00214609        3
  1892.58114618     1.00336072        3
  1892.60157779     1.00393760        3
  1892.62200950     1.00545884        3
  1892.76503155     0.98403414        3
  1892.78546325     0.99655182        3
  1892.80589496     0.99867440        3
  1892.82632667     0.99814347        3
  1892.84675838     1.00015621        3
  1892.86719019     1.00196651        3
  1892.88762180     1.00225354        3
  1892.90805361     1.00459191        3
  1892.92848522     1.00353596        3
  1892.94891693     1.00578390        3
  1892.96934874     1.00633591        3
  1893.01021206     0.99607345        3
  1893.03064387     1.00340205        3
  1893.05107548     1.00454579        3
  1893.07150729     1.00782411        3
  1893.09193900     1.00578275        3
  1893.11237061     1.00662275        3
  1893.13280242     1.00668807        3
  1893.15323414     1.00589557        3
  1893.17366575     1.00649267        3
  1893.19409756     1.00598906        3
  1893.25539270     0.99864481        3
  1893.27582441     0.99666824        3
  1893.29625623     1.00350460        3
  1893.31668784     1.00038157        3
  1893.33711956     0.99908229        3
  1893.35755137     1.00277763        3
  1893.37798308     1.00270682        3
  1893.39841470     1.00463313        3
  1893.41884651     1.00318799        3
  1893.43927823     1.00365658        3
  1893.45971005     1.00382055        3
  1893.50057338     0.99869966        3
  1893.52100519     0.99799047        3
  1893.54143681     1.00370630        3
  1893.56186843     1.00542367        3
  1893.58230024     1.00437200        3
  1893.60273196     1.00402740        3
  1893.62316378     0.99952387        3
  1893.64359540     1.00241645        3
  1893.66402711     1.00389879        3
  1893.68445893     1.00328267        3
  1893.70489055     1.00490072        3
  1893.74575409     1.00161405        3
  1893.76618571     1.00061860        3
  1893.78661743     1.00190443        3
  1893.80704925     1.00148203        3
  1893.82748087     1.00118264        3
  1893.84791269     1.00174322        3
  1893.86834441     1.00208197        3
  1893.88877613     1.00068663        3
  1893.99093474     1.00371719        3
  1894.01136656     0.99716871        3
  1894.03179828     0.99801688        3
  1894.05222990     0.99831449        3
  1894.07266173     1.00018465        3
  1894.09309345     1.00046926        3
  1894.11352507     0.99917846        3
  1894.13395690     0.99880234        3
  1894.15438862     0.99907766        3
  1894.17482034     0.99930823        3
  1894.19525207     0.99924658        3
  1894.23611552     0.99548709        3
  1894.25654724     0.99881146        3
  1894.27697887     0.99850743        3
  1894.29741069     0.99842680        3
  1894.31784242     0.99854668        3
  1894.33827405     0.99764596        3
  1894.35870587     0.99589249        3
  1894.37913760     0.99661561        3
  1894.39956942     0.99698188        3
  1894.42000105     0.99589155        3
  1894.48129623     0.99645988        3
  1894.50172796     0.99738795        3
  1894.52215979     0.99634063        3
  1894.54259152     0.99466315        3
  1894.56302325     0.99519023        3
  1894.58345498     0.99549854        3
  1894.60388671     0.99555125        3
  1894.72647709     0.99710849        3
  1894.74690892     0.99631495        3
  1894.76734055     0.99733764        3
  1894.78777238     0.99621128        3
  1894.80820411     0.99654005        3
  1894.82863574     0.99534656        3
  1894.84906758     0.99578409        3
  1894.97165798     0.99367928        3
  1894.99208961     1.00162016        3
  1895.01252144     0.99946773        3
  1895.03295318     0.99684832        3
  1895.05338491     0.99838369        3
  1895.07381665     0.99654186        3
  1895.09424838     0.99899190        3
  1895.11468022     0.99909981        3
  1895.13511185     0.99720492        3
  1895.15554359     0.99659912        3
  1895.17597543     0.99610831        3
  1895.21683880     0.99148807        3
  1895.23727064     0.99510558        3
  1895.25770237     0.99714587        3
  1895.27813401     0.99884734        3
  1895.29856585     0.99990452        3
  1895.31899759     0.99904978        3
  1895.33942943     0.99905532        3
  1895.35986107     0.99873478        3
  1895.38029280     1.00043482        3
  1895.40072464     0.99956975        3
  1895.46201986     1.00662937        3
  1895.48245150     1.00102222        3
  1895.50288334     0.99949872        3
  1895.52331498     0.99819425        3
  1895.54374672     0.99793082        3
  1895.56417857     0.99889493        3
  1895.58461021     1.00291849        3
  1895.60504195     1.00348164        3
  1895.62547379     1.00271573        3
  1895.64590543     1.00133537        3
  1895.66633728     1.00343267        3
  1895.70720076     1.00232462        3
  1895.72763250     1.00371972        3
  1895.74806425     1.00067417        3
  1895.76849599     1.00374846        3
  1895.78892774     1.00418094        3
  1895.80935948     1.00264959        3
  1895.82979122     1.00370735        3
  1895.85022307     1.00567855        3
  1895.87065471     1.00482018        3
  1895.89108656     1.00517838        3
  1895.91151830     1.00673811        3
  1895.95238180     0.99848390        3
  1895.97281354     1.00249607        3
  1895.99324519     1.00133341        3
  1896.01367704     1.00425630        3
  1896.03410878     1.00452078        3
  1896.05454063     1.00520471        3
  1896.07497228     1.00283773        3
  1896.09540403     1.00479824        3
  1896.11583578     1.00676689        3
  1896.13626752     1.00645091        3
  1896.15669927     1.00817099        3
  1896.19756277     1.00355103        3
  1896.21799462     1.00598161        3
  1896.23842627     1.00603204        3
  1896.25885802     1.00708989        3
  1896.27928987     1.00482987        3
  1896.29972152     1.00658149        3
  1896.32015327     1.00821062        3
  1896.34058512     1.00758420        3
  1896.44274388     0.98527277        3
  1896.46317564     0.99206921        3
  1896.48360739     0.99732814        3
  1896.50403914     0.99998781        3
  1896.52447090     1.00113913        3
  1896.54490265     0.99951991        3
  1896.56533450     1.00241051        3
  1896.58576616     1.00366864        3
  1896.60619801     1.00359191        3
  1896.62662977     1.00338022        3
  1896.64706142     1.00393418        3
  1896.68792503     1.00062011        3
  1896.70835669     0.99842562        3
  1896.72878855     0.99937995        3
  1896.74922030     1.00060613        3
  1896.76965206     1.00220086        3
  1896.79008382     1.00126320        3
  1896.81051557     1.00260194        3
  1896.83094733     1.00166789        3
  1896.85137909     1.00221393        3
  1896.87181085     1.00312476        3
  1896.93310612     0.99961480        3
  1896.95353788     0.99807927        3
  1896.97396964     1.00034315        3
  1896.99440150     0.99784703        3
  1897.01483316     0.99656167        3
  1897.03526492     0.99504475        3
  1897.05569678     0.99669758        3
  1897.07612854     1.00050481        3
  1897.09656020     0.99976691        3
  1897.17828735     0.99551398        3
  1897.19871911     0.99527717        3
  1897.21915098     0.99505434        3
  1897.23958264     0.99578284        3
  1897.26001440     0.99801589        3
  1897.28044627     0.99701333        3
  1897.30087793     0.99593688        3
  1897.32130979     0.99614002        3
  1897.34174156     0.99606609        3
  1897.36217322     0.99438033        3
  1897.38260509     0.99504749        3
  1897.42346852     0.99682905        3
  1897.44390039     0.99680959        3
  1897.46433215     0.99694059        3
  1897.48476402     0.99823583        3
  1897.50519568     0.99498062        3
  1897.52562735     0.99626373        3
  1897.54605922     0.99778204        3
  1897.56649099     0.99692900        3
  1897.58692275     0.99889536        3
  1897.60735452     0.99795421        3
  1897.62778629     0.99877970        3
  1897.66864983     0.99686152        3
  1897.68908160     0.99965358        3
  1897.70951347     1.00600449        3
  1897.72994524     1.00249025        3
  1897.75037691     1.00622527        3
  1897.77080878     1.00527448        3
  1897.79124055     0.99950419        3
  1897.81167222     1.00616932        3
  1897.83210409     1.00274593        3
  1897.85253586     1.00450167        3
  1897.87296773     1.00489164        3
  1897.91383118     1.00607184        3
  1897.93426305     1.00130887        3
  1897.95469472     1.00695462        3
  1897.97512649     1.00716913        3
  1897.99555837     1.00835230        3
  1898.01599004     1.00879230        4
  1898.03642192     1.00603558        4
  1898.05685369     1.00409113        4
  1898.07728536     1.00276058        4
  1898.09771724     1.00141167        4
  1898.11814901     1.00054373        4
  1898.15901256     1.00547310        4
  1898.17944424     1.00508547        4
  1898.19987612     1.00227826        4
  1898.22030789     1.00026150        4
  1898.24073957     0.99893990        4
  1898.26117145     0.99772473        4
  1898.28160322     0.99577837        4
  1898.30203500     0.99632962        4
  1898.32246678     0.99571885        4
  1898.40419389     1.00656593        4
  1898.42462577     1.00347803        4
  1898.44505755     1.00402236        4
  1898.46548923     0.99841922        4
  1898.48592111     0.99657443        4
  1898.50635289     0.99583128        4
  1898.52678457     0.99569775        4
  1898.54721646     0.99696921        4
  1898.56764824     0.99476278        4
  1898.58808012     0.99314852        4
  1898.64937547     1.01437855        4
  1898.66980715     1.00889075        4
  1898.69023893     1.00203949        4
  1898.71067081     0.99878203        4
  1898.73110250     0.99811447        4
  1898.75153438     0.99561945        4
  1898.77196617     0.99527303        4
  1898.79239785     0.99515905        4
  1898.81282974     0.99378592        4
  1898.83326142     0.99410578        4
  1898.89455678     0.98932934        4
  1898.91498856     0.99424213        4
  1898.93542045     0.98651089        4
  1898.95585224     1.00083594        4
  1898.97628402     0.99933138        4
  1898.99671581     0.99930787        4
  1899.01714760     0.99993674        4
  1899.03757939     0.99566917        4
  1899.05801118     0.99708195        4
  1899.07844296     0.99726754        4
  1899.09887485     0.99767037        4
  1899.13973843     1.00239421        4
  1899.16017022     1.00078302        4
  1899.18060191     0.99936010        4
  1899.20103380     0.99838416        4
  1899.22146559     0.99766803        4
  1899.24189728     0.99637646        4
  1899.26232917     0.99686552        4
  1899.28276097     0.99786921        4
  1899.30319286     1.00043276        4
  1899.32362455     1.00037840        4
  1899.34405634     1.00064188        4
  1899.38491993     0.99782669        4
  1899.40535172     0.99677156        4
  1899.42578362     1.00114403        4
  1899.44621531     1.00034581        4
  1899.46664720     1.00218863        4
  1899.48707890     1.00264262        4
  1899.50751069     1.00190136        4
  1899.52794259     1.00032846        4
  1899.54837428     1.00199258        4
  1899.56880608     1.00389090        4
  1899.63010147     1.00247605        4
  1899.65053336     1.00296153        4
  1899.67096516     1.00445163        4
  1899.69139696     1.00182188        4
  1899.71182876     1.00336895        4
  1899.73226056     1.00289903        4
  1899.75269245     1.00442586        4
  1899.77312415     1.00437378        4
  1899.79355595     1.00586016        4
  1899.87528325     0.99573713        4
  1899.89571495     0.99750249        4
  1899.91614685     1.00043625        4
  1899.93657865     1.00137260        4
  1899.95701035     1.00145415        4
  1899.97744226     1.00387862        4
  1899.99787406     1.00448238        4
  1900.01830596     1.00505152        4
  1900.03873766     1.00582666        4
  1900.05916946     1.00375592        4
  1900.07960127     1.00365762        4
  1900.12046488     1.00095081        4
  1900.14089668     1.00288709        4
  1900.16132848     1.00180169        4
  1900.18176039     1.00454876        4
  1900.20219209     1.00539933        4
  1900.22262390     1.00112946        4
  1900.24305580     1.00460733        4
  1900.26348751     1.00330830        4
  1900.28391932     1.00491270        4
  1900.30435122     1.00395856        4
  1900.32478303     1.00505874        4
  1900.36564664     1.00000000        4
  1900.38607845     1.00198494        4
  1900.40651036     1.00479789        4
  1900.42694207     1.00223425        4
  1900.44737388     1.00340436        4
  1900.46780579     1.00168999        4
  1900.48823750     1.00275081        4
  1900.50866930     1.00371472        4
  1900.52910121     1.00221695        4
  1900.54953293     1.00130481        4
  1900.61082836     1.00076231        4
  1900.63126027     1.00156132        4
  1900.65169208     1.00173170        4
  1900.67212379     1.00141816        4
  1900.85601021     0.99832950        4
  1900.87644203     0.99874635        4
  1900.89687395     0.99131723        4
  1900.91730576     0.99317734        4
  1900.93773748     0.99573795        4
  1900.95816939     1.00060447        4
  1900.97860121     0.99949822        4
  1900.99903293     0.99784103        4
  1901.01946484     0.99839413        4
  1901.03989666     0.99788121        4
  1901.06032838     0.99724132        4
  1901.10119212     1.00124914        4
  1901.12162404     0.99842051        4
  1901.14205575     0.99932527        4
  1901.16248757     0.99729944        4
  1901.18291949     0.99817145        4
  1901.20335121     0.99618484        4
  1901.22378303     0.99501185        4
  1901.24421495     0.99283395        4
  1901.26464668     0.99394476        4
  1901.28507860     0.99478560        4
  1901.30551042     0.99568534        4
  1901.34637406     1.00732426        4
  1901.36680589     1.00718838        4
  1901.38723771     1.00472305        4
  1901.40766953     1.00436860        4
  1901.42810136     0.99114741        4
  1901.44853318     0.99957042        4
  1901.46896500     0.99679303        4
  1901.48939683     0.99944405        4
  1901.50982865     0.99967395        4
  1901.53026048     0.99681320        4
  1901.55069230     0.99395266        4
  1901.59155595     0.99838513        4
  1901.61198788     1.00209956        4
  1901.63241971     1.00267670        4
  1901.65285143     0.99995473        4
  1901.67328336     0.99918514        4
  1901.69371519     0.99883653        4
  1901.71414692     0.99569500        4
  1901.73457885     0.99495474        4
  1901.75501067     0.99641623        4
  1901.77544240     0.99550587        4
  1901.79587433     0.99432807        4
  1901.83673809     0.99665009        4
  1901.85716982     0.99395857        4
  1901.87760165     0.99584717        4
  1901.89803358     0.99533688        4
  1901.91846532     0.99505082        4
  1901.93889715     0.99724035        4
  1901.95932908     0.99537237        4
  1901.97976081     0.99573501        4
  1902.00019274     0.99460546        4
  1902.08192008     0.99910798        4
  1902.10235181     0.99782063        4
  1902.12278374     0.99748685        4
  1902.14321558     0.99820057        4
  1902.16364741     0.99896318        4
  1902.18407925     0.99682826        4
  1902.20451108     0.99791492        4
  1902.22494292     0.99858850        4
  1902.24537476     0.99759286        4
  1902.26580659     0.99864034        4
  1902.32710211     0.99997714        4
  1902.34753404     1.00042558        4
  1902.36796578     1.00052192        4
  1902.38839772     1.00031244        4
  1902.40882956     1.00204995        4
  1902.57228428     1.00173781        4
  1902.59271612     1.00169413        4
  1902.61314807     1.00221354        4
  1902.63357981     1.00256915        4
  1902.65401165     1.00507458        4
  1902.67444359     1.00489158        4
  1902.69487534     1.00585393        4
  1902.71530728     1.00522764        4
  1902.73573912     1.00739477        4
  1902.75617087     1.00625616        4
  1902.81746650     0.98167307        4
  1902.83789835     0.99624488        4
  1902.85833020     1.00114193        4
  1902.87876194     1.00521025        4
  1902.89919389     1.00477283        4
  1902.91962574     1.00609336        4
  1902.94005768     1.00323956        4
  1902.96048943     1.00643212        4
  1902.98092128     1.00515912        4
  1903.00135323     1.00440719        4
  1903.02178498     1.00250277        4
  1903.06264877     0.96511193        4
  1903.08308052     0.95495684        4
  1903.10351247     0.98278211        4
  1903.12394433     0.99675542        4
  1903.14437608     0.99509013        4
  1903.16480803     0.99625981        4
  1903.18523988     0.99798823        4
  1903.20567163     0.99626132        4
  1903.22610358     0.99998135        4
  1903.24653543     1.00082844        4
  1903.26696739     1.00463912        4
  1903.30783099     1.00643164        4
  1903.32826295     1.00487005        4
  1903.34869470     1.00531865        4
  1903.36912655     1.00658151        4
  1903.38955851     1.00113013        4
  1903.40999036     1.00517256        4
  1903.43042222     1.00139948        4
  1903.45085398     1.00793695        4
  1903.47128583     1.00675073        4
  1903.49171779     1.00818645        4
  1903.51214964     1.00785917        4
  1903.55301336     0.99941294        4
  1903.57344522     0.99576028        4
  1903.59387697     1.00257854        4
  1903.61430893     1.00335747        4
  1903.63474079     1.00411306        4
  1903.65517275     1.00325549        4
  1903.67560451     1.00468867        4
  1903.69603637     1.00271076        4
  1903.71646833     1.00372919        4
  1903.73690009     1.00348970        4
  1903.75733195     1.00523991        4
  1903.79819567     0.99611085        4
  1903.81862763     0.99762560        4
  1903.83905950     0.99647712        4
  1903.85949126     0.99954926        4
  1903.87992322     0.99740691        4
  1903.90035508     1.00129964        4
  1903.92078685     1.00115855        4
  1903.94121881     1.00185593        4
  1903.96165068     1.00232985        4
  1903.98208264     1.00028530        4
  1904.00251440     1.00095627        4
  1904.04337813     0.99481613        4
  1904.06381010     0.99708200        4
  1904.08424187     0.99643705        4
  1904.10467373     0.99937973        4
  1904.12510560     1.00048087        4
  1904.14553747     0.99957295        4
  1904.16596943     0.99904326        4
  1904.18640120     0.99947789        4
  1904.20683317     0.99987671        4
  1904.22726504     0.99889398        4
  1904.28856065     0.98885818        4
  1904.30899242     0.99423186        4
  1904.32942439     0.99859953        4
  1904.34985626     0.99624173        4
  1904.37028823     1.00031320        4
  1904.39072000     0.99775601        4
  1904.41115187     0.99874050        4
  1904.43158384     0.99557915        4
  1904.45201561     0.99608816        4
  1904.47244749     0.99764683        4
  1904.49287946     0.99580348        4
  1904.53374321     0.99545868        4
  1904.55417508     0.99807510        4
  1904.57460695     0.99969715        4
  1904.59503883     0.99827376        4
  1904.61547070     0.99808845        4
  1904.63590258     1.00139064        4
  1904.65633445     1.00088448        4
  1904.67676633     0.99651758        4
  1904.69719821     1.00064330        4
  1904.71763008     0.99822282        4
  1904.73806196     0.99882275        4
  1904.77892572     0.99580278        4
  1904.79935759     0.99690437        4
  1904.81978957     0.99511168        4
  1904.84022135     0.99699770        4
  1904.86065323     0.99660729        4
  1905.02410828     1.00611239        4
  1905.04454026     1.00577421        4
  1905.06497214     1.00736125        4
  1905.08540412     1.00731056        4
  1905.10583591     1.00345911        4
  1905.12626779     1.00297826        4
  1905.14669977     1.01802725        4
  1905.16713156     1.00380731        4
  1905.18756344     1.00425099        4
