  1835.65871882     1.00020149        0
  1835.67915085     0.99996670        0
  1835.69958289     1.00018052        0
  1835.72001492     0.99990602        0
  1835.74044695     1.00001102        0
  1835.76087909     0.99986350        0
  1835.78131102     0.99997985        0
  1835.80174305     1.00066683        0
  1835.82217519     1.00019144        0
  1835.84260712     1.00029465        0
  1835.86303915     1.00002385        0
  1835.88347128     1.00023313        0
  1835.90390321     1.00007560        0
  1835.92433524     1.00004684        0
  1835.94476737     1.00003433        0
  1835.96519930     0.99989462        0
  1835.98563133     1.00017060        0
  1836.00606345     0.99988936        0
  1836.02649538     1.00010913        0
  1836.04692741     0.99982722        0
  1836.06735953     1.00009446        0
  1836.08779146     0.99998041        0
  1836.10822349     1.00000051        0
  1836.12865561     1.00000237        0
  1836.14908764     0.99987852        0
  1836.16951956     0.99999811        0
  1836.18995168     0.99982877        0
  1836.21038371     0.99999331        0
  1836.23081583     0.99990136        0
  1836.25124775     0.99984991        0
  1836.27167978     1.00003828        0
  1836.31254382     0.99995635        0
  1836.33297584     0.99984487        0
  1836.35340796     1.00004242        0
  1836.37383988     1.00011820        0
  1836.39427190     1.00002017        0
  1836.41470392     1.00011235        0
  1836.43513594     0.99999630        0
  1836.45556796     1.00013779        0
  1836.47599997     1.00003182        0
  1836.49643199     1.00003145        0
  1836.51686401     0.99999033        0
  1836.53729602     0.99993078        0
  1836.55772804     0.99996494        0
  1836.57816005     0.99988379        0
  1836.59859217     1.00002754        0
  1836.61902408     0.99991971        0
  1836.63945610     0.99996529        0
  1836.65988821     0.99992421        0
  1836.68032012     0.99995478        0
  1836.70075214     0.99976659        0
  1836.72118425     0.99994169        0
  1836.74161616     1.00013125        0
  1836.76204817     0.99988557        0
  1836.78248028     1.00000048        0
  1836.80291220     0.99987169        0
  1836.82334430     0.99991600        0
  1836.84377631     0.99991088        0
  1836.86420822     0.99985572        0
  1836.88464033     0.99995477        0
  1836.90507234     0.99987559        0
  1836.92550425     1.00000005        0
  1836.94593636     0.99986382        0
  1836.96636836     0.99999423        0
  1836.98680037     0.99997246        0
  1837.00723238     0.99988435        0
  1837.19112041     0.99992371        0
  1837.21155241     1.00008964        0
  1837.23198442     0.99996915        0
  1837.25241642     1.00011428        0
  1837.27284842     0.99997660        0
  1837.29328032     0.99991358        0
  1837.31371242     0.99984185        0
  1837.33414442     0.99985654        0
  1837.35457641     1.00012940        0
  1837.37500841     0.99995323        0
  1837.39544041     1.00001230        0
  1837.41587241     1.00001341        0
  1837.43630451     1.00009245        0
  1837.45673640     1.00014077        0
  1837.47716850     0.99997729        0
  1837.49760049     1.00010693        0
  1837.51803239     1.00002339        0
  1837.53846448     0.99997561        0
  1837.55889648     1.00000897        0
  1837.57932837     1.00000693        0
  1837.59976047     1.00008769        0
  1837.62019246     0.99990039        0
  1837.64062435     1.00002718        0
  1837.66105644     0.99991090        0
  1837.68148844     1.00002163        0
  1837.70192033     1.00000402        0
  1837.72235242     0.99988071        0
  1837.74278441     0.99997837        0
  1837.76321630     0.99985477        0
  1837.78364839     1.00013817        0
  1837.80408038     0.99994159        0
  1837.82451237     1.00038599        0
  1837.84494435     1.00013294        0
  1837.86537634     0.99995530        0
  1837.88580823     1.00018209        0
  1837.90624032     0.99997173        0
  1837.92667230     1.00028485        0
  1837.94710429     0.99992317        0
  1837.96753628     1.00009031        0
  1837.98796826     0.99990841        0
  1838.00840015     1.00002431        0
  1838.02883223     1.00007522        0
  1838.04926421     0.99997676        0
  1838.06969630     0.99996226        0
  1838.09012818     0.99994940        0
  1838.11056016     1.00016833        0
  1838.13099225     1.00000248        0
  1838.15142413     1.00010669        0
  1838.17185611     0.99996088        0
  1838.19228819     1.00000000        0
  1838.21272007     1.00008037        0
  1838.23315205     0.99998096        0
  1838.33531205     1.00000022        0
  1838.35574392     1.00015401        0
  1838.37617600     0.99987764        0
  1838.39660798     1.00011572        0
  1838.41703985     0.99998025        0
  1838.43747193     0.99994555        0
  1838.45790391     1.00002674        0
  1838.47833578     0.99991062        0
  1838.49876786     1.00019772        0
  1838.51919983     0.99995032        0
  1838.53963170     1.00022597        0
  1838.56006378     0.99999816        0
  1838.58049575     1.00004885        0
  1838.60092762     1.00012280        0
  1838.62135970     1.00001431        0
  1838.64179167     1.00001149        0
  1838.66222354     0.99981760        0
  1838.68265561     1.00006921        0
  1838.70308758     0.99987273        0
  1838.72351955     1.00008845        0
  1838.74395152     1.00008472        0
  1838.76438349     0.99996130        0
  1838.78481546     0.99999767        0
  1838.80524743     0.99998640        0
  1838.82567939     1.00010886        0
  1838.84611146     1.00009343        0
  1838.86654333     1.00002707        0
  1838.88697530     1.00016357        0
  1838.90740736     0.99985495        0
  1838.92783923     0.99998363        0
  1838.94827119     0.99997270        0
  1838.96870326     1.00018094        0
  1839.13215886     0.99998003        0
  1839.15259092     1.00010514        0
  1839.17302289     0.99987218        0
  1839.19345475     0.99997880        0
  1839.21388681     0.99994613        0
  1839.23431877     0.99997566        0
  1839.25475062     1.00009653        0
  1839.27518268     0.99992540        0
  1839.29561464     1.00014246        0
  1839.31604670     1.00010147        0
  1839.33647856     1.00002817        0
  1839.35691051     1.00000956        0
  1839.37734247     0.99989096        0
  1839.39777443     1.00016061        0
  1839.41820628     0.99993055        0
  1839.43863834     1.00005792        0
  1839.45907029     0.99998611        0
  1839.47950215     1.00000061        0
  1839.49993420     1.00011162        0
  1839.52036616     0.99996258        0
  1839.54079811     1.00032623        0
  1839.56123006     1.00008910        0
  1839.58166202     1.00012987        0
  1839.60209397     1.00000357        0
  1839.62252592     0.99997838        0
  1839.64295787     1.00013433        0
  1839.66338982     0.99984030        0
  1839.68382187     1.00009819        0
  1839.70425372     0.99979963        0
  1839.72468567     1.00043007        0
  1839.74511772     0.99994201        0
  1839.76554957     0.99997692        0
  1839.78598152     1.00007279        0
  1839.80641357     1.00002243        0
  1839.82684541     1.00014441        0
  1839.84727736     0.99998628        0
  1839.86770941     1.00010820        0
  1839.88814125     1.00006580        0
  1839.90857320     0.99995088        0
  1839.92900525     1.00005902        0
  1839.94943719     0.99997031        0
  1839.96986914     1.00015478        0
  1839.99030108     0.99997967        0
  1840.01073302     1.00006709        0
  1840.03116497     0.99998226        0
  1840.05159691     1.00002718        0
  1840.07202885     0.99991682        0
  1840.09246080     0.99985146        0
  1840.11289274     0.99996918        0
  1840.13332458     0.99989684        0
  1840.15375662     1.00006706        0
  1840.17418856     1.00002235        0
  1840.19462040     1.00026921        0
  1840.35807601     1.00012634        0
  1840.37850795     0.99993231        0
  1840.39893988     1.00014420        0
  1840.41937182     1.00004782        0
  1840.43980375     1.00027233        0
  1840.46023569     1.00003345        0
  1840.48066762     1.00019326        0
  1840.50109956     1.00014565        0
  1840.52153159     1.00001359        0
  1840.54196343     1.00003446        0
  1840.56239546     0.99992902        0
  1840.58282739     1.00013543        0
  1840.60325922     0.99994410        0
  1840.62369126     1.00014837        0
  1840.64412319     1.00010516        0
  1840.66455502     0.99988920        0
  1840.68498705     1.00008956        0
  1840.70541898     0.99973552        0
  1840.76671477     0.99999654        0
  1840.78714670     0.99989597        0
  1840.80757862     0.99999172        0
  1840.82801045     0.99993242        0
  1840.84844248     0.99989956        0
  1840.86887441     1.00009739        0
  1840.88930633     0.99990560        0
  1840.90973816     0.99995502        0
  1840.93017019     0.99990083        0
  1840.95060211     0.99986143        0
  1840.97103394     0.99995074        0
  1840.99146596     0.99979909        0
  1872.00679928     0.99991858        1
  1872.02723087     0.99984817        1
  1872.04766246     1.00004325        1
  1872.06809406     0.99989886        1
  1872.08852565     0.99997141        1
  1872.10895724     0.99994475        1
  1872.12938894     1.00005122        1
  1872.17025203     0.99996975        1
  1872.19068372     1.00004789        1
  1872.21111531     0.99994442        1
  1872.23154681     1.00011404        1
  1872.25197850     0.99999647        1
  1872.27241009     1.00003995        1
  1872.29284159     0.99995433        1
  1872.31327328     0.99993881        1
  1872.33370487     1.00029865        1
  1872.35413637     1.00003862        1
  1872.37456806     1.00016990        1
  1872.41543134     1.00015201        1
  1872.43586284     1.00021423        1
  1872.45629443     0.99998347        1
  1872.47672612     1.00021926        1
  1872.49715762     0.99985262        1
  1872.51758921     1.00013695        1
  1872.53802090     0.99984196        1
  1872.55845240     1.00013511        1
  1872.57888399     1.00006876        1
  1872.59931568     1.00015129        1
  1872.61974717     0.99996668        1
  1872.66061046     1.00002844        1
  1872.68104195     0.99999144        1
  1872.70147364     1.00004404        1
  1872.72190524     0.99986123        1
  1872.74233673     0.99996984        1
  1872.76276842     1.00002158        1
  1872.78320002     0.99985298        1
  1872.80363151     0.99994831        1
  1872.82406320     0.99982455        1
  1872.84449479     1.00004427        1
  1872.86492629     1.00000337        1
  1872.90578957     1.00010624        1
  1872.92622106     0.99982896        1
  1872.94665275     1.00014630        1
  1872.96708435     1.00007692        1
  1872.98751604     1.00013118        1
  1873.00794753     1.00002609        1
  1873.02837912     0.99998267        1
  1873.04881082     0.99994193        1
  1873.15096868     0.99985979        1
  1873.17140037     0.99998507        1
  1873.19183196     0.99986996        1
  1873.21226355     0.99989526        1
  1873.23269515     0.99983507        1
  1873.25312674     0.99971438        1
  1873.27355833     0.99988398        1
  1873.29398992     0.99983283        1
  1873.31442151     0.99997509        1
  1873.33485311     1.00003191        1
  1873.35528470     0.99994404        1
  1873.39614788     0.99996094        1
  1873.41657947     0.99998893        1
  1873.43701096     1.00002903        1
  1873.45744266     0.99996620        1
  1873.47787425     0.99994777        1
  1873.49830594     0.99988401        1
  1873.51873743     1.00000806        1
  1873.53916902     0.99977904        1
  1873.55960072     1.00006298        1
  1873.58003221     0.99992806        1
  1873.60046380     1.00014293        1
  1873.66175857     1.00009616        1
  1873.68219027     1.00004371        1
  1873.70262186     1.00014289        1
  1873.72305335     0.99991115        1
  1873.74348504     1.00008754        1
  1873.76391663     1.00005272        1
  1873.78434822     1.00018602        1
  1873.80477981     1.00015452        1
  1873.82521141     1.00010198        1
  1873.84564310     1.00018517        1
  1873.88650618     1.00015430        1
  1873.90693787     1.00007660        1
  1873.92736936     1.00004235        1
  1873.94780096     1.00004668        1
  1873.96823265     0.99993473        1
  1873.98866414     1.00005828        1
  1874.00909583     1.00001766        1
  1874.02952732     1.00003380        1
  1874.04995891     0.99999473        1
  1874.07039060     0.99990183        1
  1874.09082210     0.99998763        1
  1874.21341174     0.99982625        1
  1874.23384323     0.99996228        1
  1874.25427493     1.00009126        1
  1874.27470652     1.00023024        1
  1874.29513811     0.99996935        1
  1874.31556970     1.00008917        1
  1874.33600129     0.99991945        1
  1874.37686447     0.99994493        1
  1874.39729606     0.99985069        1
  1874.41772776     1.00018974        1
  1874.43815925     0.99995432        1
  1874.45859084     1.00007691        1
  1874.47902253     0.99996469        1
  1874.49945402     1.00007029        1
  1874.51988571     1.00001658        1
  1874.54031730     0.99993893        1
  1874.56074879     1.00018368        1
  1874.58118048     1.00003626        1
  1874.62204357     0.99988705        1
  1874.64247526     1.00001741        1
  1874.66290685     1.00006863        1
  1874.68333844     0.99990137        1
  1874.70377003     1.00000892        1
  1874.72420162     0.99978776        1
  1874.74463311     1.00021176        1
  1874.76506480     0.99994597        1
  1874.78549640     0.99999703        1
  1874.86722286     0.99978481        1
  1874.88765435     0.99984219        1
  1874.90808594     0.99984662        1
  1874.92851763     0.99998973        1
  1874.94894912     0.99999362        1
  1874.96938072     0.99988854        1
  1874.98981241     1.00004030        1
  1875.01024390     0.99991340        1
  1875.03067559     1.00010540        1
  1875.11240195     0.99990069        1
  1875.13283344     1.00009960        1
  1875.15326514     1.00002128        1
  1875.17369673     1.00008158        1
  1875.19412832     0.99991322        1
  1875.21455991     1.00018045        1
  1875.23499150     1.00004272        1
  1875.35758105     1.00032547        1
  1875.37801274     1.00016536        1
  1875.39844423     1.00001256        1
  1875.41887582     1.00000336        1
  1875.43930751     0.99999980        1
  1875.45973900     1.00012778        1
  1875.48017059     0.99993491        1
  1875.50060228     0.99995948        1
  1875.52103377     1.00009265        1
  1875.54146547     0.99989957        1
  1875.56189706     0.99998513        1
  1875.60276024     0.99996858        1
  1875.62319183     0.99990715        1
  1875.64362332     1.00007464        1
  1875.66405501     1.00006447        1
  1875.68448660     1.00004979        1
  1875.70491820     1.00016583        1
  1875.72534979     0.99989579        1
  1875.74578138     1.00006622        1
  1875.76621307     0.99984261        1
  1875.78664456     1.00006263        1
  1875.80707615     0.99995098        1
  1875.84793943     0.99996794        1
  1875.86837093     0.99984824        1
  1875.88880262     1.00005393        1
  1875.90923421     0.99997771        1
  1875.92966570     1.00006950        1
  1875.95009739     0.99996531        1
  1875.97052898     1.00024107        1
  1876.09311853     0.99999566        1
  1876.11355012     0.99991433        1
  1876.13398171     1.00004888        1
  1876.15441320     0.99988945        1
  1876.17484490     1.00011454        1
  1876.19527649     0.99980406        1
  1876.21570808     1.00005955        1
  1876.23613967     0.99996051        1
  1876.25657126     0.99992316        1
  1876.33829773     0.99984395        1
  1876.35872932     1.00007902        1
  1876.37916081     0.99989420        1
  1876.39959250     1.00000807        1
  1876.42002409     0.99996240        1
  1876.44045558     0.99987186        1
  1876.46088728     1.00009526        1
  1876.48131887     0.99985189        1
  1876.50175056     1.00011666        1
  1876.52218205     1.00003989        1
  1876.54261364     1.00012909        1
  1876.58347683     1.00004348        1
  1876.60390842     1.00003753        1
  1876.62434011     1.00024804        1
  1876.64477160     1.00011167        1
  1876.82865593     1.00004804        1
  1876.84908762     1.00001512        1
  1876.86951911     0.99986174        1
  1876.88995070     1.00002021        1
  1876.91038240     0.99986442        1
  1877.07383523     0.99990522        1
  1877.09426673     0.99979947        1
  1877.11469832     1.00001022        1
  1877.13513001     1.00002164        1
  1877.15556150     0.99990731        1
  1877.17599309     1.00000167        1
  1877.19642479     0.99991825        1
  1877.21685628     0.99999121        1
  1877.23728797     0.99992309        1
  1877.25771956     0.99993510        1
  1877.27815106     0.99998209        1
  1877.31901434     0.99997680        1
  1877.33944593     0.99995069        1
  1877.35987753     1.00018395        1
  1877.38030912     0.99996027        1
  1877.40074071     0.99999007        1
  1877.42117230     1.00022687        1
  1877.44160390     0.99998759        1
  1877.46203549     1.00023797        1
  1877.48246708     0.99992774        1
  1877.50289868     1.00021705        1
  1877.52333027     0.99998605        1
  1877.56419345     0.99979531        1
  1877.58462515     1.00001613        1
  1877.60505664     0.99999788        1
  1877.62548823     0.99991150        1
  1877.64591993     1.00009858        1
  1877.66635142     0.99987243        1
  1877.68678311     1.00008527        1
  1877.70721470     1.00000000        1
  1877.72764620     1.00016682        1
  1877.74807789     1.00016970        1
  1877.76850948     0.99995968        1
  1877.80937267     0.99987117        1
  1877.82980426     1.00010296        1
  1877.85023576     1.00012058        1
  1877.87066745     1.00009662        1
  1877.89109904     1.00011865        1
  1877.91153064     0.99992012        1
  1877.93196223     1.00002697        1
  1877.95239382     0.99994749        1
  1877.97282552     0.99999744        1
  1877.99325711     1.00004670        1
  1878.01368860     0.99995203        1
  1878.05455189     0.99991353        1
  1878.07498338     1.00012702        1
  1878.09541508     0.99997675        1
  1878.11584667     1.00034354        1
  1878.13627817     1.00005708        1
  1878.15670986     1.00010209        1
  1878.17714135     0.99984700        1
  1878.19757305     1.00006938        1
  1878.21800464     1.00008864        1
  1878.23843613     0.99980918        1
  1878.25886783     1.00001947        1
  1878.29973092     1.00001082        1
  1878.32016261     0.99993908        1
  1878.34059420     1.00005376        1
  1878.36102570     1.00013868        1
  1878.38145739     0.99989859        1
  1878.40188899     1.00006607        1
  1878.42232068     0.99982700        1
  1878.44275218     1.00009444        1
  1878.46318377     0.99989226        1
  1878.48361546     0.99996570        1
  1878.54491025     1.00027426        1
  1878.56534184     0.99986494        1
  1878.58577334     0.99999041        1
  1878.60620503     1.00005507        1
  1878.62663663     0.99998803        1
  1878.64706822     1.00013472        1
  1878.66749981     0.99992795        1
  1878.68793141     1.00004629        1
  1878.70836310     0.99989861        1
  1878.72879460     0.99993981        1
  1878.74922619     1.00001697        1
  1878.79008938     1.00001769        1
  1878.81052098     0.99983461        1
  1878.83095257     1.00007582        1
  1878.85138417     0.99995328        1
  1878.87181586     1.00007557        1
  1878.89224736     1.00015656        1
  1878.91267895     1.00022620        1
  1878.93311065     1.00016894        1
  1878.95354215     0.99990420        1
  1878.97397374     1.00001906        1
  1878.99440544     0.99976340        1
  1879.03526853     0.99972640        1
  1879.05570022     0.99990151        1
  1879.07613182     0.99986157        1
  1879.09656341     0.99983083        1
  1879.11699501     0.99987811        1
  1879.13742660     0.99965112        1
  1879.15785820     1.00002405        1
  1879.17828980     0.99992820        1
  1879.19872139     1.00012937        1
  1879.21915309     1.00001717        1
  1879.23958458     0.99986595        1
  1879.28044788     0.99995162        1
  1879.30087937     1.00001681        1
  1879.32131107     0.99985970        1
  1879.34174266     1.00000439        1
  1879.36217416     1.00022193        1
  1879.38260586     0.99993371        1
  1879.40303745     1.00006745        1
  1879.42346895     0.99997085        1
  1879.44390065     1.00027699        1
  1879.46433224     1.00001798        1
  1879.48476374     1.00023675        1
  1879.52562693     1.00005474        1
  1879.54605863     1.00023866        1
  1879.56649023     0.99997882        1
  1879.58692182     1.00032738        1
  1879.60735342     1.00001842        1
  1879.62778502     1.00014217        1
  1879.64821661     0.99989362        1
  1879.66864821     0.99982720        1
  1879.68907981     1.00016193        1
  1879.70951140     0.99996024        1
  1879.72994300     0.99980893        1
  1879.77080630     1.00014040        1
  1879.79123789     0.99997123        1
  1879.81166939     1.00010391        1
  1879.83210109     0.99993075        1
  1879.85253269     1.00005848        1
  1879.87296418     1.00003120        1
  1879.89339588     0.99998552        1
  1879.91382748     1.00001826        1
  1879.93425898     1.00007760        1
  1879.95469067     0.99988063        1
  1879.97512227     0.99979427        1
  1880.01598547     1.00032949        2
  1880.03641707     0.99994376        2
  1880.05684876     1.00008792        2
  1880.07728026     0.99990831        2
  1880.09771186     0.99987293        2
  1880.11814346     1.00001932        2
  1880.13857506     0.99963028        2
  1880.15900665     1.00008438        2
  1880.17943835     0.99992044        2
  1880.19986985     1.00017849        2
  1880.22030155     0.99993710        2
  1880.26116465     1.00005988        2
  1880.28159635     0.99993804        2
  1880.30202794     1.00012986        2
  1880.32245944     0.99995242        2
  1880.34289114     1.00018267        2
  1880.36332274     1.00000076        2
  1880.38375424     1.00021536        2
  1880.40418594     1.00014285        2
  1880.42461754     1.00021496        2
  1880.50634404     0.99988144        2
  1880.52677553     0.99985042        2
  1880.54720713     0.99992495        2
  1880.56763883     0.99996534        2
  1880.58807033     1.00010023        2
  1880.60850193     0.99997886        2
  1880.62893363     1.00007777        2
  1880.64936513     1.00017777        2
  1880.75152323     0.99974712        2
  1880.77195483     1.00000441        2
  1880.79238643     0.99995137        2
  1880.81281803     1.00000033        2
  1880.83324963     0.99999901        2
  1880.85368123     0.99997454        2
  1880.87411283     1.00006455        2
  1880.89454444     0.99992005        2
  1880.91497604     1.00030368        2
  1880.93540764     0.99984560        2
  1880.99670244     0.99991951        2
  1881.01713414     0.99994205        2
  1881.03756564     0.99978628        2
  1881.05799724     0.99980418        2
  1881.07842894     0.99980906        2
  1881.09886045     0.99983945        2
  1881.11929215     0.99990594        2
  1881.13972375     0.99993800        2
  1881.16015525     1.00008373        2
  1881.18058695     0.99988187        2
  1881.20101855     0.99999127        2
  1881.24188176     1.00006054        2
  1881.26231336     1.00013318        2
  1881.28274496     0.99994208        2
  1881.30317656     1.00003596        2
  1881.32360816     0.99979378        2
  1881.34403987     1.00009022        2
  1881.36447137     0.99988285        2
  1881.38490297     1.00005539        2
  1881.40533467     1.00001200        2
  1881.42576627     1.00021226        2
  1881.44619778     1.00001121        2
  1881.48706098     1.00019943        2
  1881.50749269     1.00007461        2
  1881.52792429     1.00027388        2
  1881.54835589     1.00006927        2
  1881.56878749     0.99985835        2
  1881.58921910     1.00019187        2
  1881.60965060     0.99997695        2
  1881.63008230     1.00018389        2
  1881.65051391     0.99998100        2
  1881.67094541     1.00005476        2
  1881.69137711     0.99992613        2
  1881.73224042     1.00016767        2
  1881.75267192     0.99997469        2
  1881.77310353     1.00012029        2
  1881.79353523     0.99993192        2
  1881.81396673     1.00015552        2
  1881.83439834     1.00015189        2
  1881.85483004     1.00004281        2
  1881.87526155     1.00010616        2
  1881.89569315     1.00004266        2
  1881.91612485     1.00016315        2
  1881.93655646     1.00005143        2
  1881.97741967     0.99993064        2
  1881.99785127     0.99991582        2
  1882.01828288     1.00001978        2
  1882.03871448     0.99997413        2
  1882.05914609     0.99996961        2
  1882.07957779     0.99996738        2
  1882.10000930     1.00022575        2
  1882.12044090     0.99988405        2
  1882.14087261     1.00007436        2
  1882.16130411     1.00000506        2
  1882.22259893     0.99993582        2
  1882.24303063     1.00015032        2
  1882.26346214     0.99989349        2
  1882.28389374     1.00007294        2
  1882.30432545     0.99995037        2
  1882.32475696     1.00001418        2
  1882.34518866     1.00015895        2
  1882.46777830     0.99986547        2
  1882.48820990     1.00008939        2
  1882.50864151     0.99996402        2
  1882.52907312     1.00016952        2
  1882.54950472     1.00008000        2
  1882.73338919     0.99987010        2
  1882.75382090     0.99989659        2
  1882.77425250     1.00004416        2
  1882.79468421     0.99975775        2
  1882.81511572     1.00003797        2
  1882.83554733     0.99986466        2
  1882.85597904     1.00006705        2
  1882.87641054     1.00002068        2
  1882.89684205     1.00008298        2
  1882.91727376     1.00005741        2
  1882.99900019     1.00014149        2
  1883.01943190     0.99992840        2
  1883.03986341     0.99988130        2
  1883.06029502     0.99983186        2
  1883.08072673     0.99985105        2
  1883.10115834     1.00003501        2
  1883.12158985     0.99989891        2
  1883.14202156     1.00003514        2
  1883.16245317     0.99983744        2
  1883.20331639     1.00008133        2
  1883.22374800     0.99998016        2
  1883.24417971     1.00026935        2
  1883.26461122     1.00024467        2
  1883.28504283     1.00012244        2
  1883.30547454     1.00017582        2
  1883.32590605     1.00009733        2
  1883.34633766     1.00018852        2
  1883.36676937     1.00005770        2
  1883.38720088     1.00011330        2
  1883.40763259     0.99990844        2
  1883.44849571     0.99985210        2
  1883.46892742     0.99994159        2
  1883.48935903     0.99994745        2
  1883.50979054     0.99996957        2
  1883.53022225     1.00014441        2
  1883.55065376     0.99982649        2
  1883.57108548     1.00014180        2
  1883.59151709     0.99986347        2
  1883.61194860     1.00029426        2
  1883.63238031     0.99997053        2
  1883.65281192     1.00004304        2
  1883.69367514     0.99998972        2
  1883.71410676     1.00015499        2
  1883.73453837     0.99997288        2
  1883.75496998     0.99998377        2
  1883.77540159     0.99992816        2
  1883.79583331     0.99987680        2
  1883.81626492     1.00003876        2
  1883.83669643     0.99990480        2
  1883.85712814     1.00015114        2
  1883.87755976     0.99992994        2
  1883.89799127     0.99990651        2
  1883.93885459     0.99997034        2
  1883.95928611     1.00015458        2
  1883.97971782     0.99985998        2
  1884.00014943     1.00012685        2
  1884.02058115     0.99990006        2
  1884.04101266     1.00006862        2
  1884.06144428     1.00001399        2
  1884.08187599     0.99993844        2
  1884.10230750     0.99998690        2
  1884.12273912     0.99980987        2
  1884.14317083     1.00003947        2
  1884.18403396     1.00010204        2
  1884.20446557     1.00003461        2
  1884.22489719     0.99990996        2
  1884.24532890     1.00005246        2
  1884.26576042     0.99987099        2
  1884.28619203     1.00003472        2
  1884.30662375     0.99996105        2
  1884.32705536     1.00000935        2
  1884.34748688     1.00019695        2
  1884.36791859     0.99982527        2
  1884.38835021     1.00001285        2
  1884.42921344     1.00004412        2
  1884.44964505     0.99980473        2
  1884.47007677     0.99993684        2
  1884.49050829     0.99988499        2
  1884.51093990     0.99996798        2
  1884.53137162     0.99995946        2
  1884.55180313     0.99989605        2
  1884.57223475     1.00021052        2
  1884.59266647     0.99991227        2
  1884.61309798     1.00000260        2
  1884.63352970     0.99987520        2
  1884.67439283     1.00012408        2
  1884.69482455     0.99992819        2
  1884.71525617     1.00024635        2
  1884.73568778     0.99991514        2
  1884.75611940     1.00013368        2
  1884.77655102     0.99977057        2
  1884.79698264     1.00001540        2
  1884.81741425     0.99990674        2
  1884.83784587     0.99985899        2
  1884.85827749     0.99979994        2
  1884.91957234     0.99981601        2
  1884.94000396     0.99997819        2
  1884.96043558     1.00007774        2
  1884.98086730     0.99994013        2
  1885.00129882     1.00026751        2
  1885.02173054     1.00003362        2
  1885.04216216     1.00004346        2
  1885.06259367     0.99997352        2
  1885.08302539     0.99997203        2
  1885.10345701     1.00009090        2
  1885.12388853     0.99972512        2
  1885.16475187     1.00026933        2
  1885.18518339     1.00016317        2
  1885.20561511     0.99994462        2
  1885.22604673     1.00017448        2
  1885.24647845     1.00012595        2
  1885.26690997     0.99996184        2
  1885.28734159     1.00008641        2
  1885.30777331     0.99985357        2
  1885.32820483     1.00021641        2
  1885.34863645     0.99998593        2
  1885.36906817     1.00002168        2
  1885.40993131     1.00014951        2
  1885.43036303     1.00028849        2
  1885.45079466     1.00009230        2
  1885.47122628     1.00002412        2
  1885.49165790     0.99992139        2
  1885.51208952     1.00016914        2
  1885.53252114     0.99999939        2
  1885.55295276     0.99988434        2
  1885.57338428     0.99991101        2
  1885.59381601     0.99996195        2
  1885.61424763     1.00026773        2
  1885.65511087     1.00017760        2
  1885.67554250     0.99997125        2
  1885.69597422     0.99999602        2
  1885.71640574     1.00005345        2
  1885.73683736     0.99990477        2
  1885.75726909     1.00018922        2
  1885.77770061     0.99995468        2
  1885.79813223     1.00008893        2
  1885.81856396     0.99994729        2
  1885.83899548     1.00004616        2
  1885.85942720     1.00019734        2
  1885.90029035     1.00017301        2
  1885.92072207     0.99995938        2
  1885.94115370     1.00014022        2
  1885.96158532     0.99998936        2
  1885.98201695     0.99993487        2
  1886.00244857     1.00000000        2
  1886.02288020     0.99979906        2
  1886.04331182     1.00019401        2
  1886.06374344     0.99995147        2
  1886.08417517     1.00003606        2
  1886.10460679     0.99989620        2
  1886.14547004     0.99995395        2
  1886.16590167     1.00007776        2
  1886.18633320     1.00020987        2
  1886.20676492     0.99999380        2
  1886.22719645     1.00015538        2
  1886.24762817     1.00001846        2
  1886.26805980     1.00006927        2
  1886.28849133     0.99999908        2
  1886.30892305     0.99979085        2
  1886.32935468     0.99998223        2
  1886.34978620     0.99975049        2
  1886.39064956     0.99999521        2
  1886.41108108     1.00005083        2
  1886.43151281     1.00010771        2
  1886.45194444     1.00003411        2
  1886.47237617     1.00001239        2
  1886.49280769     1.00006900        2
  1886.51323932     0.99996111        2
  1886.53367105     0.99996764        2
  1886.63582919     0.99991935        2
  1886.65626082     1.00012259        2
  1886.67669245     0.99974375        2
  1886.69712407     0.99988769        2
  1886.71755570     0.99988656        2
  1886.73798733     0.99974567        2
  1886.88100874     1.00014432        2
  1886.90144037     1.00007642        2
  1886.92187210     0.99981378        2
  1886.94230363     1.00002890        2
  1886.96273526     0.99981191        2
  1886.98316699     0.99984523        2
  1887.12618841     0.99993024        2
  1887.14662004     0.99996903        2
  1887.16705167     0.99984993        2
  1887.18748330     1.00010599        2
  1887.20791494     0.99983425        2
  1887.22834657     1.00022750        2
  1887.24877830     1.00007057        2
  1887.26920983     1.00025592        2
  1887.28964146     1.00002422        2
  1887.31007320     0.99998618        2
  1887.33050483     0.99995585        2
  1887.37136810     1.00009816        2
  1887.39179973     0.99991789        2
  1887.41223126     1.00016473        2
  1887.43266300     1.00008732        2
  1887.45309463     1.00041987        2
  1887.47352626     1.00001759        2
  1887.49395790     1.00005409        2
  1887.51438953     1.00012083        2
  1887.53482127     0.99985776        2
  1887.55525280     1.00013671        2
  1887.57568444     1.00002758        2
  1887.61654770     1.00011098        2
  1887.63697944     0.99999121        2
  1887.65741097     1.00018721        2
  1887.67784261     0.99980011        2
  1887.69827435     0.99978675        2
  1887.71870588     0.99998154        2
  1887.73913752     0.99999725        2
  1887.75956925     0.99991553        2
  1887.78000079     0.99974771        2
  1887.86172743     0.99993695        2
  1887.88215907     1.00007052        2
  1887.90259071     1.00013481        2
  1887.92302234     0.99984964        2
  1887.94345398     1.00015834        2
  1887.96388562     0.99993056        2
  1887.98431736     1.00031955        2
  1891.04906543     0.99980786        3
  1891.06949709     1.00005254        3
  1891.08992885     0.99993688        3
  1891.11036042     1.00012978        3
  1891.13079208     1.00018068        3
  1891.15122384     1.00006483        3
  1891.17165540     1.00009570        3
  1891.19208717     0.99996874        3
  1891.21251883     1.00009044        3
  1891.23295039     0.99998806        3
  1891.29424538     0.99994963        3
  1891.31467715     1.00010915        3
  1891.33510881     0.99987756        3
  1891.35554058     1.00008674        3
  1891.37597214     0.99989342        3
  1891.39640381     0.99995024        3
  1891.41683557     0.99992970        3
  1891.43726714     1.00054346        3
  1891.45769880     1.00011172        3
  1891.47813057     0.99995302        3
  1891.53942556     1.00011427        3
  1891.55985713     1.00007789        3
  1891.58028890     0.99997496        3
  1891.60072056     1.00009702        3
  1891.62115213     0.99985586        3
  1891.64158390     1.00022068        3
  1891.66201556     1.00014584        3
  1891.68244713     1.00002978        3
  1891.70287890     0.99995689        3
  1891.72331057     0.99988910        3
  1891.74374233     1.00020895        3
  1891.78460557     1.00013560        3
  1891.80503734     0.99987795        3
  1891.82546891     1.00002836        3
  1891.84590057     0.99987145        3
  1891.86633234     1.00010500        3
  1891.88676391     0.99998630        3
  1891.90719558     1.00005796        3
  1891.92762735     1.00007853        3
  1891.94805892     1.00028936        3
  1891.96849069     1.00013570        3
  1892.02978570     1.00009137        3
  1892.05021737     0.99989727        3
  1892.07064904     1.00005058        3
  1892.09108071     0.99984351        3
  1892.11151238     0.99999691        3
  1892.13194416     0.99990274        3
  1892.15237583     0.99990590        3
  1892.17280740     1.00001166        3
  1892.19323917     0.99983383        3
  1892.21367074     1.00009755        3
  1892.23410242     0.99977449        3
  1892.27496576     1.00005026        3
  1892.29539753     1.00008937        3
  1892.31582921     1.00007600        3
  1892.33626078     0.99986570        3
  1892.35669255     1.00016210        3
  1892.37712423     1.00003931        3
  1892.39755580     1.00008075        3
  1892.41798757     0.99984952        3
  1892.43841925     1.00034784        3
  1892.52014605     0.99992237        3
  1892.54057762     0.99998358        3
  1892.56100930     0.99990596        3
  1892.58144107     0.99998025        3
  1892.60187265     0.99993625        3
  1892.62230433     0.99995427        3
  1892.64273610     0.99995232        3
  1892.80618952     0.99978224        3
  1892.82662120     1.00000328        3
  1892.84705287     1.00000455        3
  1892.86748465     0.99995541        3
  1892.88791623     0.99994841        3
  1892.90834801     1.00001641        3
  1892.92877959     1.00005932        3
  1892.94921127     0.99982567        3
  1892.96964305     1.00016199        3
  1893.01050631     1.00013938        3
  1893.03093808     0.99996975        3
  1893.05136967     1.00006694        3
  1893.07180145     1.00023901        3
  1893.09223313     1.00022881        3
  1893.11266471     1.00039241        3
  1893.13309649     0.99990240        3
  1893.15352817     1.00066293        3
  1893.17395975     1.00010477        3
  1893.19439153     0.99994189        3
  1893.21482321     1.00003528        3
  1893.29655004     0.99999178        3
  1893.31698162     0.99986835        3
  1893.33741331     0.99990886        3
  1893.35784509     0.99989802        3
  1893.37827677     1.00004340        3
  1893.39870836     1.00017582        3
  1893.41914014     1.00004731        3
  1893.43957182     0.99995834        3
  1893.46000361     0.99997216        3
  1893.50086688     1.00011856        3
  1893.52129866     0.99999371        3
  1893.54173025     1.00017591        3
  1893.56216183     0.99981707        3
  1893.58259362     1.00008520        3
  1893.60302530     1.00020723        3
  1893.62345709     1.00030567        3
  1893.64388867     0.99996599        3
  1893.66432036     0.99990331        3
  1893.68475215     1.00007457        3
  1893.70518373     1.00007651        3
  1893.74604721     1.00004690        3
  1893.76647879     0.99993143        3
  1893.78691048     0.99994708        3
  1893.80734227     0.99974068        3
  1893.82777386     1.00000000        3
  1893.84820564     0.99988060        3
  1893.86863733     1.00009930        3
  1893.88906902     0.99993305        3
  1893.90950071     1.00005932        3
  1893.92993240     1.00003675        3
  1893.99122747     0.99994659        3
  1894.01165926     1.00012062        3
  1894.03209095     1.00001766        3
  1894.05252254     1.00004919        3
  1894.07295433     1.00006027        3
  1894.09338602     1.00000922        3
  1894.11381761     1.00008569        3
  1894.13424940     0.99987350        3
  1894.15468109     1.00003332        3
  1894.17511278     1.00002387        3
  1894.19554447     0.99998205        3
  1894.23640786     0.99998943        3
  1894.25683955     1.00002235        3
  1894.27727114     0.99979377        3
  1894.29770293     1.00008422        3
  1894.31813463     0.99999720        3
  1894.33856622     1.00001086        3
  1894.35899801     0.99989307        3
  1894.37942970     0.99988292        3
  1894.39986150     0.99994589        3
  1894.42029309     0.99987424        3
  1894.44072479     1.00006203        3
  1894.48158818     1.00009039        3
  1894.50201987     0.99985031        3
  1894.52245166     1.00007959        3
  1894.54288336     0.99995717        3
  1894.56331506     0.99983336        3
  1894.58374675     1.00016156        3
  1894.60417845     0.99983802        3
  1894.72676863     0.99990735        3
  1894.74720042     0.99990668        3
  1894.76763202     1.00001338        3
  1894.78806382     0.99988574        3
  1894.80849552     0.99998125        3
  1894.82892711     0.99994405        3
  1894.84935891     0.99978147        3
  1894.97194911     1.00011886        3
  1894.99238071     0.99999095        3
  1895.01281251     1.00017781        3
  1895.03324421     0.99997264        3
  1895.05367591     1.00019670        3
  1895.07410761     0.99982996        3
  1895.09453931     1.00011539        3
  1895.11497111     1.00021373        3
  1895.13540271     1.00047837        3
  1895.15583441     1.00028216        3
  1895.17626622     0.99994870        3
  1895.21712952     1.00006481        3
  1895.23756132     1.00002664        3
  1895.25799303     1.00002033        3
  1895.27842463     0.99994350        3
  1895.29885643     0.99999558        3
  1895.31928814     0.99982551        3
  1895.33971994     1.00012211        3
  1895.36015154     0.99994227        3
  1895.38058325     0.99991929        3
  1895.40101505     1.00005894        3
  1895.46231017     1.00010151        3
  1895.48274177     1.00019261        3
  1895.50317358     0.99987574        3
  1895.52360518     1.00032594        3
  1895.54403689     1.00012744        3
  1895.56446869     1.00012349        3
  1895.58490030     1.00022371        3
  1895.60533201     0.99988923        3
  1895.62576381     1.00026051        3
  1895.64619542     1.00014404        3
  1895.66662723     1.00013635        3
  1895.70749064     0.99996397        3
  1895.72792235     0.99991204        3
  1895.74835406     0.99985632        3
  1895.76878577     0.99998467        3
  1895.78921748     0.99989637        3
  1895.80964918     1.00015726        3
  1895.83008089     0.99991237        3
  1895.85051270     1.00013186        3
  1895.87094431     0.99988587        3
  1895.89137612     0.99998135        3
  1895.91180783     1.00009421        3
  1895.95267125     1.00011210        3
  1895.97310296     1.00012152        3
  1895.99353457     0.99997150        3
  1896.01396639     1.00008035        3
  1896.03439810     0.99983644        3
  1896.05482991     1.00007429        3
  1896.07526152     0.99978080        3
  1896.09569323     1.00011269        3
  1896.11612494     0.99991376        3
  1896.13655666     0.99993764        3
  1896.15698837     1.00006380        3
  1896.19785180     1.00013268        3
  1896.21828361     0.99983765        3
  1896.23871522     1.00011784        3
  1896.25914694     0.99993948        3
  1896.27957875     0.99989638        3
  1896.30001036     1.00001374        3
  1896.32044208     0.99989047        3
  1896.34087389     0.99998344        3
  1896.36130551     0.99976207        3
  1896.46346419     1.00007962        3
  1896.48389590     1.00011829        3
  1896.50432762     0.99984983        3
  1896.52475934     1.00012296        3
  1896.54519105     0.99994194        3
  1896.56562287     1.00000316        3
  1896.58605449     1.00007092        3
  1896.60648631     1.00003656        3
  1896.62691803     0.99998123        3
  1896.64734964     0.99977679        3
  1896.68821318     0.99993447        3
  1896.70864480     1.00006700        3
  1896.72907662     0.99994360        3
  1896.74950834     0.99986000        3
  1896.76994006     0.99995905        3
  1896.79037178     0.99980018        3
  1896.81080350     1.00003398        3
  1896.83123522     0.99974867        3
  1896.85166694     0.99997396        3
  1896.87209866     0.99991832        3
  1896.89253038     0.99981908        3
  1896.93339382     1.00008382        3
  1896.95382555     1.00028197        3
  1896.97425727     0.99998434        3
  1896.99468909     1.00023731        3
  1897.01512071     1.00034477        3
  1897.03555244     1.00055864        3
  1897.05598426     1.00042261        3
  1897.07641598     0.99998590        3
  1897.09684761     1.00016019        3
  1897.17857460     0.99998049        3
  1897.19900633     1.00005733        3
  1897.21943815     0.99980148        3
  1897.23986978     1.00000423        3
  1897.26030150     1.00004179        3
  1897.28073333     1.00043205        3
  1897.30116495     0.99995832        3
  1897.32159678     0.99980081        3
  1897.34202851     1.00006783        3
  1897.36246013     0.99993933        3
  1897.38289196     1.00193562        3
  1897.42375532     1.00014043        3
  1897.44418714     0.99982049        3
  1897.46461887     0.99987768        3
  1897.48505070     1.00018200        3
  1897.50548233     0.99988866        3
  1897.52591396     1.00020288        3
  1897.54634578     0.99982506        3
  1897.56677751     1.00001984        3
  1897.58720924     0.99989147        3
  1897.60764097     1.00001105        3
  1897.62807270     1.00000596        3
  1897.70979972     1.00015425        3
  1897.73023146     0.99990955        3
  1897.75066309     0.99997174        3
  1897.77109492     0.99999197        3
  1897.79152665     0.99990572        3
  1897.81195828     0.99992596        3
  1897.83239011     0.99986608        3
  1897.85282185     0.99998538        3
  1897.87325368     0.99989021        3
  1897.91411705     0.99999071        3
  1897.93454888     1.00003380        3
  1897.95498051     1.00013710        3
  1897.97541225     0.99983770        3
  1897.99584408     0.99994676        3
  1898.01627572     0.99994668        4
  1898.03670755     1.00001428        4
  1898.05713929     0.99999340        4
  1898.07757092     0.99997016        4
  1898.09800276     1.00014775        4
  1898.11843449     0.99989018        4
  1898.15929796     1.00012690        4
  1898.17972960     1.00001513        4
  1898.20016144     0.99988264        4
  1898.22059318     0.99989145        4
  1898.24102481     1.00016901        4
  1898.26145665     1.00002459        4
  1898.28188839     1.00027649        4
  1898.30232013     0.99991659        4
  1898.32275186     1.00001477        4
  1898.40447882     0.99999592        4
  1898.42491066     1.00004689        4
  1898.44534240     0.99989341        4
  1898.46577404     1.00013607        4
  1898.48620588     0.99991945        4
  1898.50663762     0.99990752        4
  1898.52706926     1.00001957        4
  1898.54750110     1.00001796        4
  1898.56793284     1.00011894        4
  1898.58836469     0.99985834        4
  1898.64965991     0.99981780        4
  1898.67009155     0.99992733        4
  1898.69052330     0.99977487        4
  1898.71095514     1.00009512        4
  1898.73138678     0.99992735        4
  1898.75181863     0.99999579        4
  1898.77225037     0.99996146        4
  1898.79268202     0.99990523        4
  1898.81311386     1.00028420        4
  1898.83354550     1.00003294        4
  1898.85397725     1.00010232        4
  1898.89484074     1.00024010        4
  1898.91527249     1.00007509        4
  1898.93570433     1.00034980        4
  1898.95613608     1.00003522        4
  1898.97656782     0.99985293        4
  1898.99699957     0.99995313        4
  1899.01743132     0.99983165        4
  1899.03786306     1.00003644        4
  1899.05829481     0.99989425        4
  1899.07872656     0.99998582        4
  1899.09915841     0.99992992        4
  1899.14002191     1.00010894        4
  1899.16045365     1.00009578        4
  1899.18088530     1.00002611        4
  1899.20131715     0.99994837        4
  1899.22174890     0.99990068        4
  1899.24218055     1.00010070        4
  1899.26261240     0.99998533        4
  1899.28304415     1.00025810        4
  1899.30347600     0.99986314        4
  1899.32390765     1.00005914        4
  1899.34433940     0.99997566        4
  1899.38520291     0.99999369        4
  1899.40563466     1.00019277        4
  1899.42606651     1.00025597        4
  1899.44649816     0.99976974        4
  1899.46693002     0.99994943        4
  1899.48736167     0.99970591        4
  1899.50779342     1.00005034        4
  1899.52822528     1.00006137        4
  1899.54865693     1.00000821        4
  1899.56908869     1.00012910        4
  1899.58952054     0.99979660        4
  1899.63038395     0.99982215        4
  1899.65081580     1.00006334        4
  1899.67124756     0.99985028        4
  1899.69167932     1.00006083        4
  1899.71211107     1.00012125        4
  1899.73254283     1.00005044        4
  1899.75297468     1.00003680        4
  1899.77340634     0.99997652        4
  1899.79383810     1.00026225        4
  1899.81426995     0.99994316        4
  1899.83470161     1.00005766        4
  1899.87556523     0.99987072        4
  1899.89599689     1.00017722        4
  1899.91642874     0.99997696        4
  1899.93686050     0.99983982        4
  1899.95729216     0.99986730        4
  1899.97772402     0.99989623        4
  1899.99815578     0.99995504        4
  1900.01858764     0.99983835        4
  1900.03901930     1.00002666        4
  1900.05945106     1.00028519        4
  1900.07988282     1.00007384        4
  1900.12074635     0.99995339        4
  1900.14117811     1.00012283        4
  1900.16160987     0.99985056        4
  1900.18204173     1.00021451        4
  1900.20247339     0.99981414        4
  1900.22290516     1.00010349        4
  1900.24333702     0.99988705        4
  1900.26376868     0.99992088        4
  1900.28420045     0.99981029        4
  1900.30463231     0.99980369        4
  1900.32506407     0.99994880        4
  1900.36592760     0.99997484        4
  1900.38635937     1.00000206        4
  1900.40679123     1.00001973        4
  1900.42722290     1.00001830        4
  1900.44765466     0.99982739        4
  1900.46808653     1.00003206        4
  1900.48851819     0.99984787        4
  1900.50894996     1.00009107        4
  1900.52938183     1.00001055        4
  1900.54981350     1.00004288        4
  1900.57024536     1.00004751        4
  1900.61110880     1.00011967        4
  1900.63154067     0.99986859        4
  1900.65197243     1.00004766        4
  1900.67240410     0.99990616        4
  1900.69283597     0.99994864        4
  1900.85629013     1.00003653        4
  1900.87672190     1.00011699        4
  1900.89715378     1.00042644        4
  1900.91758555     1.00007300        4
  1900.93801722     1.00044035        4
  1900.95844909     0.99993509        4
  1900.97888087     1.00000641        4
  1900.99931254     1.00003734        4
  1901.01974441     0.99992628        4
  1901.04017619     1.00000000        4
  1901.06060786     0.99983818        4
  1901.10147151     0.99990913        4
  1901.12190338     1.00012978        4
  1901.14233506     1.00025015        4
  1901.16276683     1.00016218        4
  1901.18319871     1.00024518        4
  1901.20363038     0.99985350        4
  1901.22406216     1.00023889        4
  1901.24449404     1.00031613        4
  1901.26492571     0.99998518        4
  1901.28535759     1.00042238        4
  1901.30578937     1.00005568        4
  1901.34665292     0.99983730        4
  1901.36708470     1.00009517        4
  1901.38751648     1.00021232        4
  1901.40794826     0.99997539        4
  1901.42838004     0.99993521        4
  1901.44881182     0.99995959        4
  1901.46924360     1.00006005        4
  1901.48967538     0.99973177        4
  1901.51010716     1.00004130        4
  1901.53053894     0.99994377        4
  1901.55097072     1.00030571        4
  1901.59183428     1.00010093        4
  1901.61226616     1.00011551        4
  1901.63269794     0.99990741        4
  1901.65312963     0.99998507        4
  1901.67356151     0.99993216        4
  1901.69399329     0.99998258        4
  1901.71442497     1.00004286        4
  1901.73485686     1.00001110        4
  1901.75528864     0.99995856        4
  1901.77572032     0.99985557        4
  1901.79615221     1.00008399        4
  1901.83701588     1.00001868        4
  1901.85744756     0.99988803        4
  1901.87787935     1.00003016        4
  1901.89831123     0.99992912        4
  1901.91874292     0.99986978        4
  1901.93917470     1.00005511        4
  1901.95960659     0.99993745        4
  1901.98003828     1.00004214        4
  1902.00047016     0.99996953        4
  1902.08219732     1.00019401        4
  1902.10262900     0.99984145        4
  1902.12306089     1.00000107        4
  1902.14349268     0.99974567        4
  1902.16392447     0.99991784        4
  1902.18435626     0.99993304        4
  1902.20478805     1.00011150        4
  1902.22521984     1.00006454        4
  1902.24565163     0.99984372        4
  1902.26608342     1.00001221        4
  1902.32737880     0.99981233        4
  1902.34781069     0.99975476        4
  1902.36824238     0.99984064        4
  1902.38867427     0.99968877        4
  1902.40910606     0.99994055        4
  1902.42953776     1.00001560        4
  1902.57256042     0.99995858        4
  1902.59299221     0.99988313        4
  1902.61342411     0.99995410        4
  1902.63385580     0.99991565        4
  1902.65428760     1.00015440        4
  1902.67471950     0.99982731        4
  1902.69515119     1.00015643        4
  1902.71558309     0.99972416        4
  1902.73601489     0.99994005        4
  1902.75644659     0.99986268        4
  1902.81774208     1.00022881        4
  1902.83817388     1.00007251        4
  1902.85860568     0.99973700        4
  1902.87903738     0.99991471        4
  1902.89946928     0.99998604        4
  1902.91990108     1.00017460        4
  1902.94033298     1.00034252        4
  1902.96076468     1.00012053        4
  1902.98119648     1.00019292        4
  1903.00162838     1.00010089        4
  1903.02206008     1.00060879        4
  1903.16508280     1.00008403        4
  1903.18551461     0.99990816        4
  1903.20594631     0.99998606        4
  1903.22637822     1.00003877        4
  1903.24681002     0.99972561        4
  1903.26724193     1.00012452        4
  1903.30810544     1.00015772        4
  1903.32853734     0.99969906        4
  1903.34896905     0.99997455        4
  1903.36940086     1.00002448        4
  1903.38983276     1.00028781        4
  1903.41026457     1.00028763        4
  1903.43069638     1.00034721        4
  1903.45112809     1.00010316        4
  1903.47155989     0.99990889        4
  1903.49199180     1.00000563        4
  1903.51242361     1.00022631        4
  1903.55328723     1.00001453        4
  1903.57371904     1.00017741        4
  1903.59415075     0.99996801        4
  1903.61458266     0.99997304        4
  1903.63501447     0.99987045        4
  1903.65544638     1.00000742        4
  1903.67587809     0.99991127        4
  1903.69630990     1.00003299        4
  1903.71674182     0.99989919        4
  1903.73717353     1.00007222        4
  1903.75760534     0.99999605        4
  1903.79846897     1.00008587        4
  1903.81890088     0.99986168        4
  1903.83933269     1.00005397        4
  1903.85976441     0.99977994        4
  1903.88019632     1.00005340        4
  1903.90062814     0.99988159        4
  1903.92105985     1.00001167        4
  1903.94149177     1.00000102        4
  1903.96192358     1.00003832        4
  1903.98235550     1.00014845        4
  1904.00278721     0.99983047        4
  1904.04365085     1.00026456        4
  1904.06408276     1.00019493        4
  1904.08451448     1.00002124        4
  1904.10494630     0.99992721        4
  1904.12537812     1.00001752        4
  1904.14580994     0.99994334        4
  1904.16624185     0.99993047        4
  1904.18667357     0.99993218        4
  1904.20710549     1.00003582        4
  1904.22753731     0.99997152        4
  1904.24796903     0.99994750        4
  1904.28883277     0.99979078        4
  1904.30926449     1.00013737        4
  1904.32969641     0.99982471        4
  1904.35012824     0.99996209        4
  1904.37056016     0.99985550        4
  1904.39099188     0.99991078        4
  1904.41142370     1.00009066        4
  1904.43185562     1.00002710        4
  1904.45228735     1.00019954        4
  1904.47271917     0.99981156        4
  1904.49315109     0.99995595        4
  1904.59531022     1.00004763        4
  1904.61574204     0.99982604        4
  1904.63617387     1.00010262        4
  1904.65660569     0.99991742        4
  1904.67703752     1.00004061        4
  1904.69746935     0.99985944        4
  1904.71790117     0.99987105        4
  1904.73833300     1.00011408        4
  1904.77919666     1.00009783        4
  1904.79962848     0.99997542        4
  1904.82006041     0.99997104        4
  1904.84049214     1.00005734        4
  1904.86092397     0.99987753        4
  1905.02437862     1.00017715        4
  1905.04481055     0.99994392        4
  1905.06524238     1.00012390        4
  1905.08567431     0.99999151        4
  1905.10610605     0.99997792        4
  1905.12653788     1.00003312        4
  1905.14696981     0.99992786        4
  1905.16740155     1.00019940        4
  1905.18783338     0.99982338        4
