  1835.65880710     0.99812998        0
  1835.80183147     1.00007991        0
  1835.82226362     0.99945387        0
  1835.84269558     0.99963759        0
  1835.86312763     0.99974156        0
  1835.88355978     0.99983510        0
  1835.90399173     0.99982364        0
  1835.92442378     0.99976418        0
  1835.94485593     0.99986744        0
  1835.96528788     0.99992960        0
  1835.98571992     0.99981521        0
  1836.00615207     1.00000580        0
  1836.02658402     0.99992100        0
  1836.04701607     0.99986668        0
  1836.06744821     1.00002873        0
  1836.08788016     1.00000446        0
  1836.10831220     0.99996986        0
  1836.12874435     0.99992514        0
  1836.14917639     1.00013365        0
  1836.16960834     1.00034504        0
  1836.19004048     1.00015337        0
  1836.21047252     1.00024663        0
  1836.23090467     1.00023333        0
  1836.25133661     1.00026088        0
  1836.27176865     1.00041535        0
  1836.31263273     1.00055008        0
  1836.33306477     1.00056546        0
  1836.35349691     1.00055583        0
  1836.37392885     1.00049454        0
  1836.39436089     1.00047065        0
  1836.41479293     1.00048071        0
  1836.43522497     1.00050852        0
  1836.45565701     1.00025385        0
  1836.47608904     1.00020396        0
  1836.49652108     1.00045359        0
  1836.51695312     1.00033295        0
  1836.53738515     1.00042495        0
  1836.55781719     1.00026036        0
  1836.57824922     1.00046702        0
  1836.59868136     1.00049403        0
  1836.61911329     1.00026823        0
  1836.63954533     1.00021211        0
  1836.65997746     0.99998039        0
  1836.68040939     0.99966646        0
  1836.70084142     0.99974147        0
  1836.72127356     0.99999401        0
  1836.74170549     1.00006068        0
  1836.76213752     1.00007894        0
  1836.78256965     0.99995316        0
  1836.80300158     0.99986907        0
  1836.82343371     0.99977858        0
  1836.84386574     0.99975139        0
  1836.86429767     0.99982259        0
  1836.88472980     0.99996828        0
  1836.90516182     0.99965867        0
  1836.92559375     0.99974039        0
  1836.94602588     0.99990955        0
  1836.96645790     0.99978162        0
  1836.98688993     0.99971129        0
  1837.00732196     0.99975173        0
  1837.02775398     1.00023329        0
  1837.04818601     1.00010543        0
  1837.06861813     0.99993200        0
  1837.08905005     0.99987469        0
  1837.10948208     0.99981670        0
  1837.12991410     0.99974243        0
  1837.15034612     0.99964537        0
  1837.17077814     0.99965060        0
  1837.19121017     0.99947102        0
  1837.21164219     0.99965520        0
  1837.23207421     0.99954758        0
  1837.25250623     0.99957137        0
  1837.27293825     0.99958490        0
  1837.29337017     0.99983641        0
  1837.31380229     0.99962178        0
  1837.33423430     0.99964152        0
  1837.35466632     0.99979454        0
  1837.37509834     0.99961171        0
  1837.39553036     0.99971840        0
  1837.41596237     0.99974444        0
  1837.43639449     0.99963644        0
  1837.45682641     0.99957559        0
  1837.47725852     0.99971548        0
  1837.49769054     0.99977369        0
  1837.51812245     0.99979165        0
  1837.53855456     0.99977821        0
  1837.55898658     0.99987140        0
  1837.57941849     0.99994082        0
  1837.59985060     0.99977700        0
  1837.62028262     1.00004696        0
  1837.64071453     1.00003437        0
  1837.66114664     0.99999200        0
  1837.68157865     1.00000000        0
  1837.70201056     0.99999922        0
  1837.72244267     0.99992948        0
  1837.74287468     1.00002779        0
  1837.76330659     1.00011955        0
  1837.78373870     1.00011274        0
  1837.80417071     0.99987198        0
  1837.82460272     0.99994880        0
  1837.84503472     0.99998979        0
  1837.86546673     1.00001878        0
  1837.88589864     1.00010314        0
  1837.90633074     1.00015918        0
  1837.92676275     1.00006125        0
  1837.94719475     1.00011303        0
  1837.96762676     1.00011460        0
  1837.98805876     1.00021627        0
  1838.00849067     1.00008785        0
  1838.02892277     1.00030452        0
  1838.04935477     1.00023647        0
  1838.06978688     1.00040633        0
  1838.09021878     1.00545245        0
  1838.11065078     1.00042413        0
  1838.13108288     1.00021772        0
  1838.15151478     1.00029642        0
  1838.17194678     1.00029614        0
  1838.19237888     1.00025867        0
  1838.27410688     1.00039596        0
  1838.29453878     1.00036233        0
  1838.31497087     1.00030495        0
  1838.33540287     1.00029301        0
  1838.35583477     1.00018800        0
  1838.37626686     1.00036666        0
  1838.39669886     1.00030587        0
  1838.41713075     1.00039254        0
  1838.43756285     1.00037502        0
  1838.45799484     1.00015822        0
  1838.47842674     1.00015874        0
  1838.49885883     1.00018186        0
  1838.51929082     1.00048814        0
  1838.53972272     1.00043471        0
  1838.56015481     1.00026297        0
  1838.58058680     1.00043106        0
  1838.60101869     1.00041494        0
  1838.62145078     1.00035422        0
  1838.64188277     1.00035735        0
  1838.66231466     1.00036825        0
  1838.68274675     1.00037081        0
  1838.70317874     1.00013475        0
  1838.72361073     1.00016818        0
  1838.74404272     0.99995483        0
  1838.76447471     1.00008001        0
  1838.78490669     1.00003824        0
  1838.80533868     1.00027795        0
  1838.82577067     1.00014919        0
  1838.84620275     1.00021282        0
  1838.86663464     1.00002918        0
  1838.88706662     0.99990599        0
  1838.90749871     1.00000843        0
  1838.92793059     0.99994971        0
  1838.94836258     1.00002975        0
  1838.96879466     1.00007536        0
  1838.98922654     1.00072015        0
  1839.05052249     1.00006371        0
  1839.07095447     0.99966220        0
  1839.09138655     0.99989443        0
  1839.11181853     0.99973716        0
  1839.13225041     0.99964618        0
  1839.15268249     0.99957226        0
  1839.17311447     0.99956145        0
  1839.19354635     0.99947430        0
  1839.21397843     0.99963440        0
  1839.23441041     0.99964507        0
  1839.25484229     0.99960403        0
  1839.27527436     0.99953104        0
  1839.29570634     0.99972416        0
  1839.31613842     0.99962869        0
  1839.33657029     0.99957820        0
  1839.35700227     0.99965388        0
  1839.37743424     0.99966912        0
  1839.39786622     0.99966138        0
  1839.41829809     0.99970128        0
  1839.43873017     0.99967398        0
  1839.45916214     0.99954842        0
  1839.47959401     0.99964248        0
  1839.50002609     0.99973464        0
  1839.52045806     0.99968072        0
  1839.54089003     0.99974431        0
  1839.56132200     0.99990423        0
  1839.58175397     0.99983250        0
  1839.60218594     0.99991591        0
  1839.62261791     0.99985478        0
  1839.64304988     0.99980322        0
  1839.72477776     1.00042334        0
  1839.74520982     0.99994957        0
  1839.76564169     0.99998516        0
  1839.78607366     0.99978679        0
  1839.80650572     0.99999771        0
  1839.82693759     1.00005385        0
  1839.84736956     0.99993221        0
  1839.86780162     1.00003397        0
  1839.88823348     1.00005253        0
  1839.90866545     0.99989322        0
  1839.92909751     1.00004319        0
  1839.94952948     0.99999940        0
  1839.96996144     0.99988560        0
  1839.99039340     0.99975842        0
  1840.27644083     1.00037370        0
  1840.31730465     1.00030960        0
  1840.33773670     1.00008986        0
  1840.35816866     1.00022710        0
  1840.37860061     1.00026704        0
  1840.39903256     1.00003239        0
  1840.41946452     1.00028752        0
  1840.43989647     1.00044488        0
  1840.46032842     1.00046921        0
  1840.48076038     1.00041006        0
  1840.50119233     1.00039056        0
  1840.52162438     1.00040828        0
  1840.54205623     1.00035677        0
  1840.56248828     1.00028163        0
  1840.58292023     1.00019972        0
  1840.60335208     1.00022652        0
  1840.62378413     1.00024684        0
  1840.64421608     1.00009556        0
  1840.66464793     1.00018680        0
  1840.68507998     1.00004827        0
  1840.70551193     1.00082841        0
  1840.72594378     1.00018403        0
  1840.74637582     1.00002223        0
  1840.76680777     0.99995951        0
  1840.78723972     0.99978571        0
  1840.80767166     0.99957794        0
  1840.82810351     0.99962501        0
  1840.84853555     0.99956730        0
  1840.86896750     0.99980794        0
  1840.88939944     0.99997145        0
  1840.90983129     0.99995080        0
  1840.93026333     0.99980178        0
  1840.95069527     0.99979409        0
  1840.97112712     0.99981313        0
  1840.99155916     0.99978909        0
  1872.00690819     1.00024118        1
  1872.02733978     0.99988269        1
  1872.04777138     0.99996192        1
  1872.06820298     0.99997807        1
  1872.08863457     0.99993943        1
  1872.10906617     1.00024633        1
  1872.12949787     1.00014114        1
  1872.17036096     1.00002981        1
  1872.19079265     1.00013776        1
  1872.21122425     1.00018090        1
  1872.23165575     1.00028449        1
  1872.25208744     1.00005511        1
  1872.27251904     0.99995055        1
  1872.29295053     1.00002297        1
  1872.31338223     0.99995061        1
  1872.33381382     0.99986767        1
  1872.35424532     0.99977095        1
  1872.37467702     0.99981316        1
  1872.41554031     0.99951467        1
  1872.43597180     0.99973914        1
  1872.45640340     0.99967267        1
  1872.47683509     0.99952405        1
  1872.49726659     0.99971030        1
  1872.51769818     0.99970367        1
  1872.53812988     0.99969565        1
  1872.55856137     0.99970396        1
  1872.57899297     0.99975775        1
  1872.59942466     0.99972541        1
  1872.61985616     0.99976269        1
  1872.66071945     0.99975613        1
  1872.68115095     0.99988761        1
  1872.70158264     0.99992966        1
  1872.72201424     0.99972476        1
  1872.74244573     0.99991094        1
  1872.76287742     0.99992899        1
  1872.78330902     0.99990640        1
  1872.80374051     0.99985165        1
  1872.82417221     0.99978831        1
  1872.84460380     0.99990472        1
  1872.86503530     0.99994962        1
  1872.90589859     1.00006004        1
  1872.92633008     1.00018848        1
  1872.94676178     1.00015914        1
  1872.96719337     1.00026379        1
  1872.98762507     1.00019241        1
  1873.00805656     1.00014794        1
  1873.02848815     1.00019509        1
  1873.04891985     1.00003349        1
  1873.06935134     1.00014554        1
  1873.08978294     1.00027428        1
  1873.15107772     0.99990935        1
  1873.17150941     1.00002380        1
  1873.19194101     1.00010482        1
  1873.21237260     1.00011439        1
  1873.23280420     1.00012365        1
  1873.25323579     1.00037676        1
  1873.27366739     1.00000000        1
  1873.29409898     1.00006420        1
  1873.31453057     1.00004786        1
  1873.33496217     1.00001553        1
  1873.35539376     1.00015889        1
  1873.39625695     1.00089042        1
  1873.41668854     1.00035726        1
  1873.43712004     1.00060606        1
  1873.45755173     1.00017002        1
  1873.47798332     1.00045247        1
  1873.49841502     1.00031120        1
  1873.51884651     1.00046965        1
  1873.53927810     1.00058272        1
  1873.55970980     1.00060584        1
  1873.58014129     1.00045021        1
  1873.60057289     1.00057594        1
  1873.68229936     1.00004113        1
  1873.74359414     1.00016804        1
  1873.76402573     1.00030277        1
  1873.78445733     1.00030277        1
  1873.80488892     1.00012729        1
  1873.82532051     1.00034792        1
  1873.84575221     1.00033280        1
  1873.88661529     1.00046221        1
  1873.90704699     1.00024763        1
  1873.92747848     1.00012015        1
  1873.94791007     0.99996466        1
  1873.96834176     1.00008256        1
  1873.98877326     1.00001632        1
  1874.00920495     1.00020929        1
  1874.02963644     0.99996620        1
  1874.05006804     0.99991766        1
  1874.07049973     0.99986706        1
  1874.09093122     0.99985925        1
  1874.23395237     0.99918500        1
  1874.25438407     0.99928805        1
  1874.27481566     0.99944168        1
  1874.29524725     0.99946128        1
  1874.31567884     0.99952444        1
  1874.33611044     0.99948591        1
  1874.37697362     0.99928972        1
  1874.39740521     0.99912459        1
  1874.41783691     0.99918368        1
  1874.43826840     0.99909874        1
  1874.45869999     0.99935508        1
  1874.47913169     0.99948246        1
  1874.49956318     0.99922812        1
  1874.51999487     0.99943137        1
  1874.54042646     0.99944290        1
  1874.56085796     0.99962787        1
  1874.58128965     0.99963389        1
  1874.62215273     0.99923627        1
  1874.64258443     0.99930065        1
  1874.66301602     0.99930670        1
  1874.68344761     0.99929390        1
  1874.70387920     0.99933756        1
  1874.72431079     0.99939211        1
  1874.74474229     0.99938240        1
  1874.76517398     0.99927694        1
  1874.78560557     0.99942368        1
  1874.80603716     0.99940463        1
  1874.86733204     0.99939827        1
  1874.88776353     0.99928716        1
  1874.90819513     0.99930066        1
  1874.92862682     0.99957414        1
  1874.94905831     0.99967052        1
  1874.96948990     0.99968750        1
  1874.98992159     0.99977449        1
  1875.01035309     0.99971068        1
  1875.03078478     0.99971197        1
  1875.11251115     1.00003063        1
  1875.13294264     0.99993494        1
  1875.15337433     1.00007149        1
  1875.17380592     1.00031001        1
  1875.19423752     1.00008736        1
  1875.21466911     1.00009006        1
  1875.23510070     1.00021486        1
  1875.35769025     1.00078401        1
  1875.37812195     1.00060012        1
  1875.39855344     1.00013672        1
  1875.41898503     1.00027542        1
  1875.43941672     1.00022933        1
  1875.45984821     1.00038448        1
  1875.48027981     1.00020153        1
  1875.50071150     1.00042280        1
  1875.52114299     1.00041293        1
  1875.54157468     1.00055682        1
  1875.56200627     1.00036512        1
  1875.60286946     1.00038483        1
  1875.62330105     1.00051075        1
  1875.64373254     1.00047376        1
  1875.66416423     1.00061503        1
  1875.68459583     1.00026586        1
  1875.70502742     1.00040910        1
  1875.72545901     1.00022476        1
  1875.74589060     1.00024140        1
  1875.76632229     1.00047946        1
  1875.78675379     1.00039135        1
  1875.80718538     1.00024563        1
  1875.84804866     1.00030473        1
  1875.86848015     1.00047722        1
  1875.88891184     1.00056274        1
  1875.90934344     1.00042972        1
  1875.92977493     1.00038175        1
  1875.95020662     1.00037204        1
  1875.97063821     1.00028457        1
  1875.99106990     1.00018489        1
  1876.01150140     1.00029332        1
  1876.09322776     0.99971458        1
  1876.11365936     0.99974308        1
  1876.13409095     0.99992970        1
  1876.15452244     1.00010318        1
  1876.17495413     1.00019696        1
  1876.19538572     1.00017057        1
  1876.21581732     1.00013970        1
  1876.23624891     1.00017970        1
  1876.25668050     1.00002713        1
  1876.33840697     0.99978111        1
  1876.35883856     0.99983104        1
  1876.37927005     0.99991593        1
  1876.39970174     0.99976799        1
  1876.42013334     0.99988321        1
  1876.44056483     0.99997949        1
  1876.46099652     0.99984693        1
  1876.48142811     0.99980881        1
  1876.50185980     0.99988948        1
  1876.52229130     0.99996801        1
  1876.54272289     0.99994104        1
  1876.58358607     1.00005955        1
  1876.60401766     1.00021673        1
  1876.62444936     1.00004577        1
  1876.64488085     0.99980508        1
  1876.66531244     0.99993504        1
  1876.82876518     0.99986246        1
  1876.84919687     1.00005061        1
  1876.86962836     0.99990603        1
  1876.89005995     1.00006403        1
  1876.91049165     0.99994205        1
  1876.93092324     0.99996523        1
  1877.07394448     0.99956621        1
  1877.09437598     0.99951040        1
  1877.11480757     0.99947641        1
  1877.13523926     0.99967085        1
  1877.15567075     0.99971806        1
  1877.17610235     0.99964205        1
  1877.19653404     0.99992205        1
  1877.21696553     0.99993563        1
  1877.23739722     1.00005966        1
  1877.25782882     1.00001894        1
  1877.27826031     0.99995290        1
  1877.31912359     0.99989943        1
  1877.33955519     1.00000425        1
  1877.35998678     0.99986635        1
  1877.38041837     0.99971991        1
  1877.40084996     0.99994053        1
  1877.42128156     1.00025022        1
  1877.44171315     1.00001407        1
  1877.46214474     0.99990992        1
  1877.48257633     0.99995376        1
  1877.50300793     1.00003685        1
  1877.52343952     1.00004132        1
  1877.56430270     0.99981781        1
  1877.58473440     1.00010182        1
  1877.60516589     1.00002252        1
  1877.62559748     1.00006862        1
  1877.64602917     1.00032281        1
  1877.66646067     1.00027180        1
  1877.68689236     1.00018500        1
  1877.70732395     1.00032876        1
  1877.72775545     1.00019570        1
  1877.74818714     1.00024832        1
  1877.76861873     1.00031769        1
  1877.80948192     1.00026336        1
  1877.82991351     1.00012551        1
  1877.85034500     1.00051588        1
  1877.87077670     1.00030487        1
  1877.89120829     1.00034843        1
  1877.91163988     0.99998716        1
  1877.93207148     0.99988390        1
  1877.95250307     0.99982114        1
  1877.97293476     1.00000434        1
  1877.99336635     1.00016149        1
  1878.01379785     1.00009192        1
  1878.05466113     0.99979240        1
  1878.07509263     0.99983387        1
  1878.09552432     0.99966546        1
  1878.11595591     0.99979365        1
  1878.13638741     0.99980127        1
  1878.15681910     0.99967843        1
  1878.17725059     0.99961881        1
  1878.19768229     0.99961733        1
  1878.21811388     0.99969246        1
  1878.23854537     0.99989099        1
  1878.25897707     0.99976948        1
  1878.29984015     0.99964937        1
  1878.32027185     0.99985782        1
  1878.34070344     0.99969588        1
  1878.36113493     0.99962772        1
  1878.38156663     0.99965705        1
  1878.40199822     0.99965414        1
  1878.42242992     0.99968514        1
  1878.44286141     0.99954278        1
  1878.46329300     0.99953470        1
  1878.48372470     0.99950228        1
  1878.54501948     0.99941588        1
  1878.56545107     0.99954641        1
  1878.58588257     0.99949306        1
  1878.60631426     0.99971542        1
  1878.62674585     0.99976320        1
  1878.64717745     0.99964005        1
  1878.66760904     0.99966506        1
  1878.68804064     0.99987245        1
  1878.70847233     0.99992344        1
  1878.72890382     1.00008320        1
  1878.74933542     1.00004698        1
  1878.79019861     0.99985150        1
  1878.81063020     0.99989719        1
  1878.83106179     0.99978568        1
  1878.85149339     0.99982471        1
  1878.87192508     0.99989269        1
  1878.89235658     0.99998224        1
  1878.91278817     1.00016995        1
  1878.93321987     1.00015996        1
  1878.95365136     1.00017250        1
  1878.97408296     1.00012271        1
  1878.99451465     1.00040195        1
  1879.07624103     1.00008452        1
  1879.09667262     1.00024153        1
  1879.11710422     1.00010063        1
  1879.13753581     1.00014452        1
  1879.15796741     0.99998102        1
  1879.17839900     0.99997724        1
  1879.19883060     1.00014245        1
  1879.21926229     1.00029434        1
  1879.23969379     1.00035431        1
  1879.30098857     1.00003876        1
  1879.32142027     1.00018779        1
  1879.34185186     1.00019650        1
  1879.36228336     1.00040049        1
  1879.38271505     1.00045945        1
  1879.40314665     1.00036837        1
  1879.42357814     1.00037669        1
  1879.44400984     1.00051932        1
  1879.46444143     1.00019937        1
  1879.48487293     1.00023503        1
  1879.52573612     1.00032243        1
  1879.54616782     1.00035186        1
  1879.56659941     1.00018611        1
  1879.58703101     1.00039762        1
  1879.60746260     1.00034839        1
  1879.62789420     1.00043788        1
  1879.64832579     1.00038116        1
  1879.66875739     1.00038724        1
  1879.68918899     1.00028393        1
  1879.70962058     1.00007590        1
  1879.73005218     1.00011899        1
  1879.77091547     0.99985216        1
  1879.79134707     0.99966306        1
  1879.81177856     0.99949710        1
  1879.83221026     0.99939972        1
  1879.85264185     0.99927224        1
  1879.87307335     1.00014680        1
  1879.89350505     0.99925074        1
  1879.91393664     0.99922710        1
  1879.93436814     0.99910161        1
  1879.95479984     0.99925233        1
  1879.97523143     0.99897648        1
  1880.01609463     1.00056498        2
  1880.03652622     1.00047010        2
  1880.05695792     1.00056181        2
  1880.07738941     1.00034330        2
  1880.09782101     1.00028355        2
  1880.11825261     1.00018961        2
  1880.13868421     1.00021299        2
  1880.15911580     1.00025791        2
  1880.17954750     1.00012043        2
  1880.19997900     0.99998369        2
  1880.22041069     1.00001280        2
  1880.26127379     0.99993159        2
  1880.28170548     0.99974170        2
  1880.30213708     0.99985941        2
  1880.32256858     0.99980509        2
  1880.34300028     0.99982334        2
  1880.36343187     0.99983322        2
  1880.38386337     0.99983595        2
  1880.40429507     0.99982884        2
  1880.42472667     0.99979207        2
  1880.44515836     0.99991066        2
  1880.50645316     0.99960226        2
  1880.52688465     0.99966099        2
  1880.54731625     0.99969403        2
  1880.56774795     0.99969993        2
  1880.58817945     0.99984163        2
  1880.60861105     0.99984834        2
  1880.62904274     0.99995397        2
  1880.64947424     1.00003315        2
  1880.66990594     1.00001311        2
  1880.75163233     0.99983251        2
  1880.77206393     0.99970981        2
  1880.79249553     0.99976325        2
  1880.81292713     0.99971125        2
  1880.83335873     0.99969500        2
  1880.85379033     0.99957765        2
  1880.87422193     0.99981047        2
  1880.89465352     0.99975696        2
  1880.91508512     0.99986139        2
  1880.93551672     0.99983042        2
  1880.99681152     0.99971196        2
  1881.01724322     0.99959415        2
  1881.03767472     0.99952585        2
  1881.05810632     0.99957479        2
  1881.07853802     0.99966075        2
  1881.09896951     0.99952666        2
  1881.11940121     0.99960027        2
  1881.13983281     0.99972915        2
  1881.16026431     0.99960614        2
  1881.18069601     0.99988666        2
  1881.20112761     0.99988323        2
  1881.24199081     1.00017543        2
  1881.26242241     1.00002245        2
  1881.28285401     1.00030261        2
  1881.30328561     1.00007788        2
  1881.32371721     1.00006729        2
  1881.34414891     1.00013496        2
  1881.36458041     1.00029251        2
  1881.38501201     1.00027172        2
  1881.40544371     1.00031302        2
  1881.42587531     1.00043742        2
  1881.44630681     1.00013220        2
  1881.48717001     1.00017484        2
  1881.50760171     1.00039147        2
  1881.52803331     1.00031363        2
  1881.54846492     1.00037738        2
  1881.56889652     1.00027965        2
  1881.58932812     1.00032328        2
  1881.60975962     1.00041904        2
  1881.63019132     1.00044150        2
  1881.65062292     1.00036446        2
  1881.67105442     1.00027853        2
  1881.69148612     1.00033019        2
  1881.73234942     1.00021312        2
  1881.75278093     1.00034218        2
  1881.77321253     1.00040672        2
  1881.79364423     1.00040733        2
  1881.81407573     1.00044453        2
  1881.83450733     1.00048651        2
  1881.85493903     1.00052322        2
  1881.87537054     1.00031172        2
  1881.89580214     1.00030075        2
  1881.91623384     1.00052939        2
  1881.93666544     1.00061653        2
  1881.97752865     1.00036750        2
  1881.99796025     1.00038041        2
  1882.01839185     1.00043809        2
  1882.03882345     1.00032253        2
  1882.05925505     1.00032270        2
  1882.07968676     1.00037005        2
  1882.10011826     1.00022801        2
  1882.12054986     1.00022138        2
  1882.14098156     1.00038334        2
  1882.16141307     1.00047233        2
  1882.22270788     0.99993991        2
  1882.24313958     0.99985452        2
  1882.26357108     1.00001503        2
  1882.28400268     0.99993827        2
  1882.30443439     0.99989570        2
  1882.32486589     1.00004543        2
  1882.34529759     0.99994005        2
  1882.36572920     1.00004521        2
  1882.46788722     0.99980999        2
  1882.48831882     0.99959651        2
  1882.50875042     0.99958401        2
  1882.52918203     0.99958695        2
  1882.54961363     0.99945733        2
  1882.57004534     0.99969707        2
  1882.75392978     0.99958059        2
  1882.77436138     0.99940577        2
  1882.79479309     0.99929001        2
  1882.81522459     0.99922345        2
  1882.83565620     0.99927593        2
  1882.85608790     0.99915197        2
  1882.87651941     0.99916299        2
  1882.89695091     0.99915952        2
  1882.91738262     0.99915880        2
  1883.01954075     0.99939762        2
  1883.03997225     0.99924580        2
  1883.06040386     0.99913134        2
  1883.08083557     0.99916998        2
  1883.10126717     0.99929755        2
  1883.12169868     0.99939027        2
  1883.14213038     0.99941780        2
  1883.16256199     0.99947054        2
  1883.20342520     0.99963903        2
  1883.22385681     0.99948414        2
  1883.24428852     0.99953153        2
  1883.26472002     0.99952871        2
  1883.28515163     0.99954416        2
  1883.30558334     0.99977806        2
  1883.32601485     0.99967389        2
  1883.34644645     0.99981862        2
  1883.36687816     0.99981019        2
  1883.38730967     0.99978554        2
  1883.40774137     0.99981763        2
  1883.44860449     1.00007113        2
  1883.46903620     0.99985477        2
  1883.48946780     0.99988077        2
  1883.50989931     0.99992164        2
  1883.53033102     1.00010701        2
  1883.55076253     0.99996582        2
  1883.57119424     1.00000752        2
  1883.59162585     1.00008764        2
  1883.61205735     1.00008292        2
  1883.63248906     1.00016867        2
  1883.65292067     1.00020951        2
  1883.69378389     1.00019705        2
  1883.71421550     1.00032100        2
  1883.73464711     1.00015255        2
  1883.75507871     0.99992812        2
  1883.77551032     0.99992500        2
  1883.79594203     1.00004765        2
  1883.81637364     1.00004676        2
  1883.83680515     1.00011407        2
  1883.85723686     1.00000676        2
  1883.87766847     0.99991826        2
  1883.89809998     1.00005657        2
  1883.93896330     1.00062885        2
  1883.97982652     1.00028145        2
  1884.00025813     1.00016834        2
  1884.02068984     1.00038676        2
  1884.04112135     1.00024909        2
  1884.06155296     1.00042494        2
  1884.08198467     1.00035480        2
  1884.10241618     1.00039537        2
  1884.12284779     1.00043308        2
  1884.14327950     1.00040754        2
  1884.20457423     1.00038557        2
  1884.22500584     1.00016820        2
  1884.24543755     1.00017387        2
  1884.26586907     1.00015389        2
  1884.28630068     1.00017742        2
  1884.30673239     1.00008510        2
  1884.32716400     1.00007977        2
  1884.34759551     1.00022220        2
  1884.36802722     0.99998492        2
  1884.38845884     1.00015360        2
  1884.42932206     1.00010101        2
  1884.44975367     1.00004123        2
  1884.47018538     1.00011978        2
  1884.49061690     1.00013383        2
  1884.51104851     1.00017287        2
  1884.53148022     1.00026992        2
  1884.55191173     1.00009691        2
  1884.57234335     1.00028891        2
  1884.59277506     1.00023282        2
  1884.61320657     1.00020162        2
  1884.63363828     1.00004591        2
  1884.67450141     0.99997664        2
  1884.69493312     1.00004600        2
  1884.71536474     1.00000000        2
  1884.73579635     1.00029745        2
  1884.75622796     1.00018091        2
  1884.77665958     1.00003729        2
  1884.79709119     1.00023415        2
  1884.81752280     1.00010027        2
  1884.83795442     1.00024457        2
  1884.85838603     1.00013384        2
  1884.91968088     0.99977467        2
  1884.94011249     0.99978440        2
  1884.96054410     0.99977892        2
  1884.98097582     0.99969782        2
  1885.00140733     0.99980181        2
  1885.02183905     0.99966938        2
  1885.04227066     0.99969398        2
  1885.06270218     0.99982138        2
  1885.08313389     0.99997215        2
  1885.10356551     0.99993855        2
  1885.12399702     0.99997452        2
  1885.16486036     1.00086683        2
  1885.18529187     0.99988240        2
  1885.20572359     0.99976222        2
  1885.22615520     0.99972634        2
  1885.24658692     0.99957671        2
  1885.26701843     0.99962436        2
  1885.28745005     0.99945969        2
  1885.30788177     0.99951053        2
  1885.32831328     0.99946208        2
  1885.34874490     0.99948258        2
  1885.36917662     0.99949285        2
  1885.41003975     0.99964904        2
  1885.43047147     0.99971687        2
  1885.45090308     0.99962991        2
  1885.47133470     0.99966592        2
  1885.49176632     0.99976918        2
  1885.51219794     0.99981385        2
  1885.53262955     0.99969258        2
  1885.55306117     0.99982047        2
  1885.57349269     0.99983923        2
  1885.59392441     0.99987676        2
  1885.61435602     1.00006867        2
  1885.65521926     1.00016620        2
  1885.67565088     0.99996136        2
  1885.69608260     1.00016811        2
  1885.71651412     0.99992216        2
  1885.73694573     1.00005885        2
  1885.75737745     1.00000046        2
  1885.77780897     0.99991144        2
  1885.79824059     1.00004314        2
  1885.81867231     0.99993989        2
  1885.83910383     0.99996831        2
  1885.85953555     1.00012854        2
  1885.90039869     1.00012124        2
  1885.92083041     1.00018620        2
  1885.94126203     1.00015198        2
  1885.96169365     1.00029783        2
  1885.98212527     1.00023344        2
  1886.00255689     1.00033443        2
  1886.02298851     1.00055712        2
  1886.04342013     1.00044597        2
  1886.06385175     1.00022671        2
  1886.08428347     1.00033192        2
  1886.10471509     1.00039099        2
  1886.18644147     1.00044547        2
  1886.20687319     1.00023360        2
  1886.22730471     1.00028045        2
  1886.24773643     1.00006427        2
  1886.26816806     1.00024907        2
  1886.28859958     1.00011829        2
  1886.30903130     1.00111348        2
  1886.32946292     1.00017293        2
  1886.34989444     1.00004137        2
  1886.39075779     0.99980438        2
  1886.41118931     0.99981274        2
  1886.43162103     0.99989866        2
  1886.45205266     0.99999676        2
  1886.47248438     0.99996279        2
  1886.49291590     1.00002249        2
  1886.51334752     0.99995365        2
  1886.53377925     1.00009368        2
  1886.63593736     0.99972073        2
  1886.65636899     0.99973617        2
  1886.67680061     0.99974881        2
  1886.69723224     0.99980515        2
  1886.71766386     0.99976616        2
  1886.73809548     0.99980412        2
  1886.75852721     1.00001822        2
  1886.88111686     0.99984974        2
  1886.90154848     0.99985919        2
  1886.92198021     0.99997165        2
  1886.94241173     0.99993957        2
  1886.96284336     0.99978935        2
  1886.98327508     0.99989071        2
  1887.00370661     1.00000214        2
  1887.12629647     0.99996039        2
  1887.14672809     0.99992127        2
  1887.16715972     0.99997455        2
  1887.18759135     0.99998177        2
  1887.20802298     0.99974711        2
  1887.22845460     0.99984728        2
  1887.24888633     1.00008635        2
  1887.26931786     0.99987728        2
  1887.28974948     0.99985637        2
  1887.31018121     0.99975248        2
  1887.33061284     0.99974897        2
  1887.37147610     0.99981547        2
  1887.39190772     1.00006667        2
  1887.41233925     0.99992950        2
  1887.43277098     0.99991245        2
  1887.45320261     1.00016087        2
  1887.47363424     1.00019025        2
  1887.49406587     1.00015104        2
  1887.51449750     1.00016213        2
  1887.53492923     1.00021695        2
  1887.55536076     1.00018926        2
  1887.57579238     1.00010740        2
  1887.61665564     1.00012216        2
  1887.63708737     1.00016259        2
  1887.65751890     1.00018492        2
  1887.67795053     1.00000202        2
  1887.69838226     0.99999868        2
  1887.71881379     1.00001987        2
  1887.73924542     0.99980921        2
  1887.75967716     0.99989887        2
  1887.78010869     0.99997688        2
  1887.86183531     1.00004332        2
  1887.88226694     1.00017930        2
  1887.90269857     1.00000574        2
  1887.92313020     0.99983585        2
  1887.94356184     1.00001212        2
  1887.96399347     0.99996174        2
  1887.98442520     0.99994826        2
  1891.04917237     1.00025326        3
  1891.06960402     1.00016717        3
  1891.09003578     1.00026698        3
  1891.11046733     0.99995239        3
  1891.13089899     1.00001995        3
  1891.15133074     1.00011081        3
  1891.17176230     1.00019271        3
  1891.19219405     1.00014997        3
  1891.21262571     0.99995233        3
  1891.23305727     1.00010833        3
  1891.29435224     0.99982605        3
  1891.31478399     0.99995784        3
  1891.33521565     0.99997446        3
  1891.35564741     0.99993605        3
  1891.37607897     0.99985661        3
  1891.39651062     0.99969318        3
  1891.41694238     0.99960354        3
  1891.43737394     0.99989057        3
  1891.45780560     0.99971514        3
  1891.47823736     0.99984813        3
  1891.49866901     0.99984588        3
  1891.53953233     1.00009400        3
  1891.55996389     1.00006841        3
  1891.58039565     1.00002687        3
  1891.60082731     0.99977395        3
  1891.62125887     0.99981362        3
  1891.64169063     0.99974908        3
  1891.66212229     0.99999065        3
  1891.68255385     1.00006424        3
  1891.70298561     0.99995715        3
  1891.72341727     1.00004635        3
  1891.74384903     1.00004510        3
  1891.78471225     0.99993478        3
  1891.80514401     1.00002034        3
  1891.82557558     0.99992724        3
  1891.84600724     0.99993227        3
  1891.86643900     0.99984138        3
  1891.88687056     0.99985454        3
  1891.90730222     0.99986287        3
  1891.92773398     1.00000007        3
  1891.94816555     0.99994455        3
  1891.96859731     1.00004070        3
  1891.98902897     0.99994327        3
  1892.02989230     1.00006536        3
  1892.05032396     0.99997681        3
  1892.07075563     1.00017175        3
  1892.09118729     1.00004590        3
  1892.11161895     1.00031060        3
  1892.13205072     1.00021391        3
  1892.15248238     1.00031111        3
  1892.17291395     1.00023642        3
  1892.19334571     1.00002258        3
  1892.21377727     1.00013726        3
  1892.23420894     1.00008013        3
  1892.27507227     1.00023513        3
  1892.29550404     1.00030790        3
  1892.31593570     1.00008537        3
  1892.33636727     1.00016402        3
  1892.35679903     1.00007503        3
  1892.37723070     1.00002346        3
  1892.39766227     1.00018629        3
  1892.41809403     1.00008394        3
  1892.43852570     1.00004929        3
  1892.45895727     0.99996382        3
  1892.52025247     1.00021890        3
  1892.54068403     1.00013758        3
  1892.56111570     1.00014004        3
  1892.58154747     1.00024297        3
  1892.60197904     0.99995093        3
  1892.62241071     1.00008643        3
  1892.64284248     1.00013776        3
  1892.66327414     1.00007547        3
  1892.82672750     0.99985795        3
  1892.84715917     0.99989643        3
  1892.86759094     0.99991683        3
  1892.88802251     0.99999486        3
  1892.90845428     0.99994501        3
  1892.92888586     1.00008783        3
  1892.94931753     1.00005524        3
  1892.96974930     0.99993039        3
  1893.01061254     1.00033085        3
  1893.03104431     0.99982423        3
  1893.05147589     0.99982231        3
  1893.07190766     0.99997606        3
  1893.09233933     1.00001265        3
  1893.11277090     0.99990981        3
  1893.13320268     0.99987861        3
  1893.15363435     1.00025740        3
  1893.17406592     0.99984701        3
  1893.19449770     0.99988514        3
  1893.21492937     0.99973320        3
  1893.29665617     0.99978374        3
  1893.31708774     0.99983972        3
  1893.33751942     0.99976890        3
  1893.35795119     0.99965514        3
  1893.37838287     0.99984658        3
  1893.39881444     0.99979179        3
  1893.41924622     0.99982349        3
  1893.43967790     0.99976760        3
  1893.46010967     0.99976072        3
  1893.50097293     0.99985616        3
  1893.52140470     0.99973479        3
  1893.54183628     0.99982797        3
  1893.56226786     0.99978859        3
  1893.58269963     0.99986157        3
  1893.60313131     0.99988747        3
  1893.62356309     1.00004921        3
  1893.64399467     0.99966632        3
  1893.66442634     0.99971714        3
  1893.68485812     0.99983245        3
  1893.70528970     0.99977895        3
  1893.74615316     0.99976287        3
  1893.76658474     0.99996902        3
  1893.78701642     1.00002822        3
  1893.80744820     0.99990640        3
  1893.82787978     0.99994027        3
  1893.84831156     0.99996112        3
  1893.86874324     1.00011274        3
  1893.88917492     1.00010048        3
  1893.90960660     1.00005977        3
  1893.93003828     1.00013075        3
  1894.03219678     0.99997417        3
  1894.05262837     1.00012213        3
  1894.07306015     0.99996236        3
  1894.09349183     1.00002886        3
  1894.11392341     1.00019894        3
  1894.13435519     1.00054912        3
  1894.15478688     1.00026868        3
  1894.17521856     1.00019358        3
  1894.19565024     1.00030951        3
  1894.23651361     1.00064329        3
  1894.25694529     1.00040864        3
  1894.27737688     1.00051650        3
  1894.29780866     1.00049349        3
  1894.31824035     1.00048909        3
  1894.33867193     1.00033370        3
  1894.35910372     1.00046135        3
  1894.37953540     1.00039904        3
  1894.39996719     1.00078295        3
  1894.42039877     1.00051939        3
  1894.44083046     1.00040300        3
  1894.48169383     1.00021019        3
  1894.50212552     1.00043602        3
  1894.52255730     1.00040266        3
  1894.54298899     1.00041240        3
  1894.56342068     1.00027382        3
  1894.58385236     1.00019603        3
  1894.60428405     1.00030150        3
  1894.62471574     1.00017635        3
  1894.72687418     1.00019283        3
  1894.74730597     1.00004439        3
  1894.76773756     0.99995404        3
  1894.78816935     1.00002352        3
  1894.80860103     1.00005844        3
  1894.82903262     1.00009260        3
  1894.84946441     0.99990677        3
  1894.97205456     1.00026095        3
  1894.99248615     0.99990167        3
  1895.01291794     0.99994434        3
  1895.03334963     0.99984419        3
  1895.05378132     0.99969972        3
  1895.07421302     0.99977645        3
  1895.09464471     0.99960612        3
  1895.11507650     0.99972011        3
  1895.13550809     0.99985324        3
  1895.15593979     0.99969850        3
  1895.17637158     0.99956894        3
  1895.21723487     0.99984596        3
  1895.23766666     0.99969305        3
  1895.25809835     0.99963699        3
  1895.27852995     0.99927071        3
  1895.29896174     0.99964054        3
  1895.31939344     0.99947982        3
  1895.33982523     0.99949865        3
  1895.36025683     0.99963418        3
  1895.38068852     0.99952122        3
  1895.40112032     0.99935084        3
  1895.42155191     0.99942384        3
  1895.46241540     0.99934534        3
  1895.48284700     0.99964694        3
  1895.50327880     0.99971020        3
  1895.52371039     0.99975531        3
  1895.54414209     0.99964515        3
  1895.56457389     0.99979549        3
  1895.58500549     0.99967142        3
  1895.60543718     0.99982829        3
  1895.62586898     0.99977249        3
  1895.64630058     0.99999943        3
  1895.66673238     0.99993933        3
  1895.70759577     0.99990350        3
  1895.72802747     0.99990547        3
  1895.74845917     1.00000000        3
  1895.76889087     1.00000781        3
  1895.78932257     0.99996160        3
  1895.80975427     1.00006286        3
  1895.83018597     1.00009465        3
  1895.85061777     0.99995018        3
  1895.87104937     0.99994337        3
  1895.89148117     0.99988941        3
  1895.91191287     1.00011777        3
  1895.97320798     0.99992086        3
  1895.99363958     1.00012659        3
  1896.01407138     1.00016589        3
  1896.03450308     1.00018416        3
  1896.05493489     1.00007950        3
  1896.07536649     1.00010867        3
  1896.09579819     1.00007618        3
  1896.11622989     1.00012718        3
  1896.13666160     1.00014122        3
  1896.15709330     1.00000313        3
  1896.19795671     0.99999432        3
  1896.21838851     1.00006842        3
  1896.23882012     1.00011219        3
  1896.25925182     1.00010896        3
  1896.27968363     1.00041594        3
  1896.30011523     1.00017629        3
  1896.32054694     1.00026515        3
  1896.34097874     1.00040602        3
  1896.36141035     1.00045785        3
  1896.48400069     1.00034517        3
  1896.50443239     1.00037107        3
  1896.52486410     1.00038852        3
  1896.54529581     1.00051195        3
  1896.56572762     1.00040307        3
  1896.58615922     1.00047416        3
  1896.60659103     1.00052023        3
  1896.62702274     1.00034050        3
  1896.64745435     1.00030762        3
  1896.68831787     1.00039345        3
  1896.70874948     1.00031524        3
  1896.72918129     1.00010933        3
  1896.74961300     1.00017911        3
  1896.77004471     1.00015795        3
  1896.79047642     0.99998389        3
  1896.81090813     1.00014468        3
  1896.83133984     1.00025418        3
  1896.85177155     1.00010945        3
  1896.87220326     1.00005141        3
  1896.89263497     1.00010295        3
  1896.93349840     0.99997161        3
  1896.95393011     1.00001088        3
  1896.97436182     0.99984059        3
  1896.99479364     0.99967404        3
  1897.01522525     0.99993361        3
  1897.03565696     1.00011513        3
  1897.05608878     0.99972360        3
  1897.07652049     0.99953047        3
  1897.09695210     0.99972428        3
  1897.11738392     0.99971005        3
  1897.17867906     0.99983809        3
  1897.19911078     0.99976954        3
  1897.21954259     0.99979058        3
  1897.23997421     0.99990434        3
  1897.26040592     0.99984489        3
  1897.28083774     0.99983320        3
  1897.30126935     0.99974023        3
  1897.32170117     0.99971367        3
  1897.34213289     0.99963349        3
  1897.36256450     0.99984544        3
  1897.38299632     1.00020553        3
  1897.42385966     0.99980217        3
  1897.44429147     0.99988929        3
  1897.46472319     0.99987257        3
  1897.48515501     1.00002232        3
  1897.50558663     1.00000929        3
  1897.52601825     1.00008842        3
  1897.54645007     0.99983442        3
  1897.56688179     0.99975839        3
  1897.58731351     0.99973710        3
  1897.60774523     0.99978060        3
  1897.62817695     0.99993086        3
  1897.75076727     0.99993102        3
  1897.77119909     1.00000316        3
  1897.79163081     1.00011289        3
  1897.81206244     1.00009026        3
  1897.83249426     0.99992015        3
  1897.85292598     0.99996658        3
  1897.87335780     1.00014837        3
  1897.91422115     1.00071892        3
  1897.93465297     1.00095410        3
  1897.95508460     1.00084791        3
  1897.97551632     1.00077370        3
  1897.99594815     1.00096335        3
  1898.01637977     0.99933883        4
  1898.03681159     0.99933521        4
  1898.05724332     0.99928862        4
  1898.07767494     0.99934886        4
  1898.09810677     0.99953571        4
  1898.11853850     0.99953355        4
  1898.15940195     0.99958611        4
  1898.17983357     0.99969203        4
  1898.20026540     0.99986917        4
  1898.22069713     0.99983537        4
  1898.24112875     0.99972483        4
  1898.26156058     0.99992892        4
  1898.28199231     1.00020538        4
  1898.30242404     1.00003774        4
  1898.32285577     0.99986034        4
  1898.40458268     1.00024061        4
  1898.42501451     1.00043469        4
  1898.44544624     1.00044916        4
  1898.46587787     1.00055013        4
  1898.48630970     1.00055307        4
  1898.50674143     1.00040280        4
  1898.52717306     1.00049455        4
  1898.54760489     1.00051684        4
  1898.56803662     1.00030806        4
  1898.58846845     1.00047691        4
  1898.64976365     1.00034017        4
  1898.67019528     1.00035036        4
  1898.69062701     1.00054557        4
  1898.71105885     1.00050375        4
  1898.73149048     1.00067537        4
  1898.75192231     1.00058493        4
  1898.77235405     1.00027417        4
  1898.79278568     1.00014073        4
  1898.81321751     1.00018826        4
  1898.83364915     1.00043875        4
  1898.85408088     1.00040487        4
  1898.89494435     1.00047399        4
  1898.91537609     1.00041172        4
  1898.93580792     1.00049005        4
  1898.95623966     1.00029063        4
  1898.97667139     1.00021135        4
  1898.99710313     1.00019309        4
  1899.01753487     1.00030080        4
  1899.03796660     1.00043558        4
  1899.05839834     0.99999687        4
  1899.07883008     1.00015062        4
  1899.09926192     1.00018958        4
  1899.14012539     0.99987574        4
  1899.16055713     0.99982322        4
  1899.18098877     0.99986754        4
  1899.20142061     0.99979207        4
  1899.22185235     0.99982072        4
  1899.24228398     1.00003403        4
  1899.26271582     0.99991347        4
  1899.28314756     1.00005847        4
  1899.30357940     0.99965200        4
  1899.32401104     0.99962361        4
  1899.34444278     0.99967436        4
  1899.38530627     0.99937210        4
  1899.40573801     0.99959800        4
  1899.42616985     0.99963905        4
  1899.44660149     0.99952764        4
  1899.46703333     0.99967749        4
  1899.48746497     0.99954256        4
  1899.50789672     0.99961320        4
  1899.52832856     0.99967088        4
  1899.54876020     0.99946861        4
  1899.56919195     0.99952584        4
  1899.58962379     0.99963372        4
  1899.63048718     0.99955517        4
  1899.65091902     0.99967576        4
  1899.67135077     0.99965991        4
  1899.69178251     0.99965255        4
  1899.71221426     0.99978851        4
  1899.73264600     0.99963169        4
  1899.75307785     0.99948540        4
  1899.77350949     0.99962039        4
  1899.79394124     0.99957862        4
  1899.81437309     0.99950919        4
  1899.83480473     0.99960334        4
  1899.89609997     0.99941881        4
  1899.91653182     0.99952602        4
  1899.93696357     0.99941360        4
  1899.95739522     0.99952684        4
  1899.97782707     0.99965291        4
  1899.99825881     0.99967787        4
  1900.01869066     0.99980644        4
  1900.03912231     0.99971687        4
  1900.05955406     0.99981405        4
  1900.07998581     0.99987748        4
  1900.12084931     0.99954375        4
  1900.14128106     0.99981358        4
  1900.16171281     0.99977664        4
  1900.18214466     0.99976640        4
  1900.20257632     0.99991623        4
  1900.22300807     0.99981225        4
  1900.24343992     0.99995480        4
  1900.26387157     1.00003640        4
  1900.28430332     1.00015226        4
  1900.30473518     1.00002324        4
  1900.32516693     1.00007788        4
  1900.36603044     0.99988937        4
  1900.38646219     0.99997975        4
  1900.40689404     1.00016347        4
  1900.42732570     1.00011482        4
  1900.44775745     1.00021887        4
  1900.46818931     1.00012200        4
  1900.48862096     1.00019031        4
  1900.50905272     1.00007598        4
  1900.52948457     1.00029343        4
  1900.54991623     1.00029569        4
  1900.57034809     0.99989316        4
  1900.61121150     1.00033174        4
  1900.63164335     1.00028128        4
  1900.65207511     1.00039487        4
  1900.67250677     1.00023548        4
  1900.69293863     1.00034100        4
  1900.71337038     1.00006628        4
  1900.85639270     1.00024256        4
  1900.87682446     1.00017859        4
  1900.89725632     1.00061034        4
  1900.91768808     1.00055200        4
  1900.93811974     1.00051088        4
  1900.95855160     1.00043591        4
  1900.97898336     1.00035567        4
  1900.99941502     1.00023146        4
  1901.01984689     1.00012605        4
  1901.04027865     1.00032947        4
  1901.06071031     1.00023984        4
  1901.10157394     1.00009364        4
  1901.12200580     1.00010384        4
  1901.14243746     1.00023893        4
  1901.16286923     1.00019751        4
  1901.18330109     1.00002331        4
  1901.20373276     0.99985567        4
  1901.22416452     1.00003633        4
  1901.24459638     1.00020319        4
  1901.26502805     1.00008010        4
  1901.28545992     1.00039993        4
  1901.30589168     1.00008514        4
  1901.34675521     1.00018210        4
  1901.36718698     1.00012032        4
  1901.38761875     1.00030284        4
  1901.40805051     1.00006568        4
  1901.42848228     1.00022441        4
  1901.44891405     1.00021089        4
  1901.46934582     1.00026490        4
  1901.48977758     1.00022193        4
  1901.51020935     1.00008365        4
  1901.53064112     1.00016083        4
  1901.55107289     1.00020579        4
  1901.59193643     0.99995519        4
  1901.61236830     1.00017863        4
  1901.63280007     0.99992034        4
  1901.65323174     0.99973769        4
  1901.67366361     0.99981983        4
  1901.69409538     0.99985018        4
  1901.71452705     0.99983183        4
  1901.73495892     0.99987906        4
  1901.75539070     0.99967508        4
  1901.77582237     0.99966362        4
  1901.79625424     0.99950466        4
  1901.83711789     0.99959359        4
  1901.85754956     0.99969558        4
  1901.87798133     0.99968919        4
  1901.89841321     0.99975450        4
  1901.91884488     0.99978013        4
  1901.93927665     0.99975683        4
  1901.95970853     0.99981903        4
  1901.98014020     1.00002318        4
  1902.00057208     0.99966365        4
  1902.08229918     0.99988499        4
  1902.10273086     0.99981733        4
  1902.12316274     0.99986317        4
  1902.14359451     0.99997099        4
  1902.16402629     0.99979447        4
  1902.18445807     0.99993910        4
  1902.20488985     0.99988924        4
  1902.22532162     0.99987597        4
  1902.24575340     0.99995203        4
  1902.26618518     0.99989916        4
  1902.28661706     0.99990487        4
  1902.32748052     1.00005090        4
  1902.34791240     0.99995455        4
  1902.36834408     1.00009351        4
  1902.38877596     1.00017919        4
  1902.40920774     1.00004069        4
  1902.42963942     1.00000370        4
  1902.45007130     0.99990320        4
  1902.57266200     1.00000547        4
  1902.59309378     1.00012548        4
  1902.61352566     1.00032581        4
  1902.63395735     1.00047915        4
  1902.65438913     1.00032994        4
  1902.67482101     1.00028958        4
  1902.69525270     1.00033965        4
  1902.71568458     1.00035800        4
  1902.73611637     1.00015681        4
  1902.75654806     1.00017032        4
  1902.77697994     1.00000000        4
  1902.81784351     1.00106468        4
  1902.83827530     0.99998421        4
  1902.85870709     1.00006286        4
  1902.87913877     1.00011319        4
  1902.89957066     1.00004223        4
  1902.92000245     1.00045230        4
  1902.94043434     1.00038403        4
  1902.96086603     1.00019410        4
  1902.98129782     1.00040794        4
  1903.00172970     1.00018179        4
  1903.02216139     1.00070938        4
  1903.18561582     1.00009746        4
  1903.20604751     0.99993189        4
  1903.22647940     0.99987221        4
  1903.24691120     0.99983993        4
  1903.26734309     0.99990238        4
  1903.30820657     1.00007404        4
  1903.32863847     0.99946909        4
  1903.34907016     0.99998098        4
  1903.36950196     0.99967292        4
  1903.38993385     0.99979331        4
  1903.41036565     0.99965821        4
  1903.43079744     0.99970556        4
  1903.45122914     0.99936231        4
  1903.47166093     0.99962792        4
  1903.49209283     0.99948648        4
  1903.51252462     0.99947217        4
  1903.55338822     0.99940408        4
  1903.57382001     0.99936605        4
  1903.59425171     0.99933934        4
  1903.61468361     0.99923791        4
  1903.63511541     0.99931179        4
  1903.65554731     0.99932600        4
  1903.67597900     0.99948575        4
  1903.69641080     0.99939803        4
  1903.71684270     0.99946025        4
  1903.73727440     0.99959637        4
  1903.75770620     0.99941908        4
  1903.79856980     0.99938105        4
  1903.81900170     0.99946431        4
  1903.83943350     0.99934022        4
  1903.85986521     0.99940212        4
  1903.88029711     0.99964957        4
  1903.90072891     0.99974305        4
  1903.92116061     0.99977956        4
  1903.94159251     0.99993874        4
  1903.96202432     0.99991331        4
  1903.98245622     1.00000190        4
  1904.00288792     1.00000919        4
  1904.04375153     1.00012821        4
  1904.06418344     0.99990865        4
  1904.08461514     0.99997873        4
  1904.10504694     1.00005180        4
  1904.12547875     1.00022065        4
  1904.14591056     0.99999787        4
  1904.16634246     1.00000770        4
  1904.18677417     1.00033146        4
  1904.20720607     1.00033314        4
  1904.22763788     1.00015905        4
  1904.24806959     1.00000851        4
  1904.30936501     1.00039725        4
  1904.32979692     1.00066032        4
  1904.35022873     1.00044199        4
  1904.37066064     1.00047666        4
  1904.39109234     1.00441482        4
  1904.41152415     1.00046450        4
  1904.43195606     1.00048977        4
  1904.45238777     1.00055238        4
  1904.47281958     1.00052890        4
  1904.49325149     1.00042022        4
  1904.61584236     1.00057996        4
  1904.63627418     1.00044808        4
  1904.65670599     1.00062151        4
  1904.67713780     1.00060155        4
  1904.69756962     1.00068173        4
  1904.71800143     1.00067630        4
  1904.73843325     1.00067564        4
  1904.77929687     1.00057520        4
  1904.79972869     1.00017170        4
  1904.82016061     1.00033289        4
  1904.84059232     1.00024126        4
  1904.86102414     0.99981262        4
  1905.02447868     0.99972856        4
  1905.04491060     0.99963150        4
  1905.06534241     0.99965268        4
  1905.08577433     0.99966007        4
  1905.10620605     0.99960866        4
  1905.12663787     0.99943310        4
  1905.14706979     0.99929050        4
  1905.16750151     0.99932518        4
  1905.18793334     0.99910545        4
