  1835.65883519     1.00099322        0
  1835.67926725     1.00015596        0
  1835.69969931     1.00045209        0
  1835.80185961     1.00036226        0
  1835.82229177     1.00004736        0
  1835.84272373     1.00002933        0
  1835.86315579     0.99989748        0
  1835.88358794     0.99983303        0
  1835.90401990     0.99995922        0
  1835.92445196     0.99985532        0
  1835.94488411     1.00025903        0
  1835.96531607     0.99981447        0
  1835.98574812     1.00008234        0
  1836.00618028     0.99989867        0
  1836.02661223     1.00001964        0
  1836.04704428     0.99980420        0
  1836.06747644     1.00003151        0
  1836.08790839     1.00000647        0
  1836.10834044     0.99987885        0
  1836.12877259     0.99996620        0
  1836.14920465     0.99963394        0
  1836.16963660     0.99975077        0
  1836.19006875     0.99965961        0
  1836.21050080     0.99989497        0
  1836.23093295     1.00001906        0
  1836.25136490     0.99999368        0
  1836.27179694     0.99993955        0
  1836.31266104     0.99987946        0
  1836.33309309     0.99962901        0
  1836.35352523     1.00001439        0
  1836.37395718     1.00009977        0
  1836.39438923     0.99995787        0
  1836.41482127     1.00013627        0
  1836.43525332     1.00038231        0
  1836.45568536     0.99974853        0
  1836.47611740     0.99973920        0
  1836.49654945     0.99982739        0
  1836.51698149     0.99936535        0
  1836.53741353     0.99967170        0
  1836.55784558     0.99953830        0
  1836.57827762     0.99992096        0
  1836.59870976     0.99992186        0
  1836.61914170     1.00000496        0
  1836.63957374     0.99981404        0
  1836.66000588     1.00005076        0
  1836.68043782     0.99999139        0
  1836.70086986     1.00005798        0
  1836.72130200     0.99995708        0
  1836.74173393     1.00017679        0
  1836.76216597     1.00013927        0
  1836.78259811     1.00017395        0
  1836.80303005     1.00017369        0
  1836.82346218     0.99998983        0
  1836.84389422     1.00018747        0
  1836.86432615     0.99968685        0
  1836.88475829     0.99957696        0
  1836.90519032     0.99986466        0
  1836.92562226     1.00032975        0
  1836.94605439     1.00024876        0
  1836.96648642     1.00069963        0
  1836.98691846     1.00045157        0
  1837.00735049     1.00068887        0
  1837.02778252     0.99992952        0
  1837.10951064     1.00004122        0
  1837.12994267     1.00041310        0
  1837.15037470     1.00009335        0
  1837.17080673     1.00025625        0
  1837.19123876     0.99974439        0
  1837.21167079     0.99994209        0
  1837.23210281     1.00027186        0
  1837.25253484     1.00060197        0
  1837.27296687     1.00013307        0
  1837.29339879     1.00030771        0
  1837.31383092     1.00008336        0
  1837.33426294     0.99986805        0
  1837.35469497     1.00026023        0
  1837.37512699     1.00003875        0
  1837.39555901     1.00007727        0
  1837.41599104     1.00019964        0
  1837.43642316     1.00021247        0
  1837.45685508     1.00042219        0
  1837.47728720     0.99985950        0
  1837.49771923     0.99985151        0
  1837.51815115     1.00013814        0
  1837.53858327     1.00021784        0
  1837.55901529     1.00033165        0
  1837.57944721     1.00027014        0
  1837.59987933     1.00018941        0
  1837.62031135     0.99970947        0
  1837.64074326     1.00025240        0
  1837.66117538     1.00011509        0
  1837.68160740     1.00011633        0
  1837.70203932     1.00012231        0
  1837.72247143     0.99967685        0
  1837.74290345     1.00009190        0
  1837.76333536     1.00007980        0
  1837.78376748     1.00162454        0
  1837.80419949     0.99997781        0
  1837.82463151     1.00050052        0
  1837.84506352     0.99984864        0
  1837.86549554     0.99961959        0
  1837.88592745     0.99982210        0
  1837.90635956     0.99965572        0
  1837.92679157     0.99997125        0
  1837.94722359     0.99960280        0
  1837.96765560     0.99975785        0
  1837.98808761     0.99989312        0
  1838.00851952     0.99972777        0
  1838.02895163     0.99971623        0
  1838.04938364     0.99971342        0
  1838.06981575     0.99935685        0
  1838.09024766     0.99958539        0
  1838.11067966     0.99956782        0
  1838.13111177     1.00013987        0
  1838.15154368     0.99993303        0
  1838.17197569     0.99952089        0
  1838.19240779     0.99978877        0
  1838.21283970     0.99954046        0
  1838.23327170     0.99981333        0
  1838.29456772     0.99947795        0
  1838.31499982     0.99960158        0
  1838.33543182     0.99959405        0
  1838.35586373     0.99990610        0
  1838.37629583     0.99971329        0
  1838.39672783     0.99979741        0
  1838.41715973     0.99952709        0
  1838.43759184     0.99963298        0
  1838.45802384     0.99956489        0
  1838.47845574     1.00003532        0
  1838.49888784     0.99967340        0
  1838.51931984     1.00023188        0
  1838.53975173     0.99999523        0
  1838.56018383     1.00004252        0
  1838.58061583     0.99971566        0
  1838.60104773     1.00058965        0
  1838.62147983     0.99964893        0
  1838.64191182     1.00005943        0
  1838.66234372     0.99936853        0
  1838.68277582     1.00014211        0
  1838.70320781     1.00005854        0
  1838.72363981     1.00012133        0
  1838.74407180     1.00028463        0
  1838.76450380     1.00050076        0
  1838.78493579     1.00005419        0
  1838.80536778     1.00021714        0
  1838.82579978     0.99996575        0
  1838.84623187     1.00044176        0
  1838.86666376     1.00047898        0
  1838.88709575     1.00083954        0
  1838.90752784     0.99995725        0
  1838.92795973     1.00021870        0
  1838.94839172     1.00063552        0
  1838.96882381     1.00084195        0
  1838.98925570     0.99995020        0
  1839.09141574     1.00042469        0
  1839.11184773     1.00020390        0
  1839.13227962     1.00036961        0
  1839.15271170     1.00087045        0
  1839.17314369     1.00014235        0
  1839.19357558     0.99980747        0
  1839.21400766     1.00009915        0
  1839.23443964     0.99993869        0
  1839.25487153     1.00041430        0
  1839.27530361     1.00022093        0
  1839.29573559     1.00024038        0
  1839.31616768     1.00015041        0
  1839.33659956     0.99985737        0
  1839.35703154     1.00009373        0
  1839.37746352     1.00018489        0
  1839.39789550     1.00051567        0
  1839.41832738     0.99999157        0
  1839.43875946     0.99961942        0
  1839.45919144     1.00013693        0
  1839.47962332     1.00017365        0
  1839.50005540     0.99978068        0
  1839.52048738     1.00007815        0
  1839.54091936     1.00027559        0
  1839.56135134     1.00016246        0
  1839.58178331     0.99964103        0
  1839.60221529     1.00012997        0
  1839.62264727     0.99972585        0
  1839.64307924     1.00012588        0
  1839.66351122     1.00000697        0
  1839.72480714     0.99999202        0
  1839.74523922     0.99982653        0
  1839.76567109     0.99975644        0
  1839.78610306     1.00000150        0
  1839.80653513     1.00030841        0
  1839.82696701     1.00019768        0
  1839.84739898     0.99993209        0
  1839.86783105     0.99981156        0
  1839.88826292     1.00024205        0
  1839.90869489     0.99972320        0
  1839.92912696     0.99994723        0
  1839.94955893     0.99997594        0
  1839.96999090     1.00004260        0
  1839.99042287     0.99999696        0
  1840.01085484     0.99973151        0
  1840.27647039     0.99982234        0
  1840.31733421     0.99985568        0
  1840.33776627     0.99985791        0
  1840.35819823     1.00018313        0
  1840.37863019     1.00003754        0
  1840.39906215     1.00000794        0
  1840.41949411     0.99997793        0
  1840.43992607     1.00024825        0
  1840.46035803     0.99993843        0
  1840.48078999     0.99982691        0
  1840.50122195     0.99984281        0
  1840.52165401     0.99979837        0
  1840.54208587     0.99969624        0
  1840.56251792     0.99966168        0
  1840.58294988     1.00023613        0
  1840.60338174     1.00001328        0
  1840.62381379     1.00002451        0
  1840.64424575     1.00051276        0
  1840.66467760     0.99965502        0
  1840.68510966     0.99995309        0
  1840.70554161     0.99921276        0
  1840.72597346     1.00012211        0
  1840.74640552     1.00000000        0
  1840.76683747     0.99994551        0
  1840.78726942     1.00055248        0
  1840.80770138     0.99977321        0
  1840.82813323     0.99974416        0
  1840.84856528     0.99999120        0
  1840.86899723     1.00013669        0
  1840.88942918     1.00027696        0
  1840.90986103     1.00025251        0
  1840.93029308     0.99975344        0
  1840.95072503     1.00005778        0
  1840.97115688     0.99997515        0
  1840.99158893     0.99997402        0
  1872.00694360     0.99766264        1
  1872.02737519     0.99811198        1
  1872.04780679     0.99830752        1
  1872.06823839     0.99853639        1
  1872.08866999     0.99863005        1
  1872.10910158     0.99859026        1
  1872.12953328     0.99871525        1
  1872.17039638     0.99933479        1
  1872.19082807     0.99951933        1
  1872.21125967     0.99965007        1
  1872.23169117     0.99974755        1
  1872.25212286     0.99964993        1
  1872.27255446     0.99988344        1
  1872.29298596     1.00005406        1
  1872.31341765     1.00005514        1
  1872.33384925     0.99992195        1
  1872.35428075     1.00027313        1
  1872.37471245     1.00011167        1
  1872.41557574     1.00030884        1
  1872.43600724     1.00035577        1
  1872.45643883     1.00036690        1
  1872.47687053     1.00061573        1
  1872.49730203     1.00071985        1
  1872.51773362     1.00096706        1
  1872.53816532     1.00051546        1
  1872.55859681     1.00055008        1
  1872.57902841     1.00082447        1
  1872.59946011     1.00085803        1
  1872.61989160     1.00053481        1
  1872.66075490     1.00072261        1
  1872.68118639     1.00096498        1
  1872.70161809     1.00095548        1
  1872.72204968     1.00113957        1
  1872.74248118     1.00111745        1
  1872.76291288     1.00081661        1
  1872.78334447     1.00179566        1
  1872.80377597     1.00260612        1
  1872.82420766     1.00077671        1
  1872.84463926     1.00071093        1
  1872.86507076     1.00059281        1
  1872.90593405     1.00064882        1
  1872.92636554     1.00072338        1
  1872.94679724     1.00072736        1
  1872.96722883     1.00077734        1
  1872.98766053     1.00065550        1
  1873.00809203     1.00041251        1
  1873.02852362     1.00031673        1
  1873.04895532     1.00020689        1
  1873.06938681     1.00025269        1
  1873.08981841     1.00033797        1
  1873.15111319     1.00029857        1
  1873.17154489     1.00055257        1
  1873.19197648     1.00063104        1
  1873.21240808     1.00017089        1
  1873.23283967     1.00092101        1
  1873.25327127     1.00047382        1
  1873.27370286     1.00039252        1
  1873.29413446     1.00032104        1
  1873.31456605     1.00045932        1
  1873.33499765     1.00031948        1
  1873.35542924     1.00038921        1
  1873.39629243     1.00025520        1
  1873.41672403     1.00016809        1
  1873.43715552     1.00033784        1
  1873.45758722     0.99985362        1
  1873.47801881     1.00005484        1
  1873.49845051     0.99984413        1
  1873.51888200     1.00044317        1
  1873.53931360     0.99970585        1
  1873.55974529     0.99988655        1
  1873.58017679     0.99978276        1
  1873.60060838     0.99985708        1
  1873.74362964     0.99972798        1
  1873.78449283     0.99949505        1
  1873.80492442     0.99904209        1
  1873.82535602     0.99928770        1
  1873.84578771     0.99922283        1
  1873.88665080     0.99933133        1
  1873.90708249     0.99876460        1
  1873.92751399     0.99922373        1
  1873.94794558     0.99915593        1
  1873.96837728     0.99946297        1
  1873.98880877     0.99954492        1
  1874.00924046     0.99889543        1
  1874.02967196     0.99898160        1
  1874.05010355     0.99925010        1
  1874.07053525     0.99950723        1
  1874.09096674     0.99911255        1
  1874.23398790     0.99930849        1
  1874.25441959     0.99914781        1
  1874.27485118     0.99875369        1
  1874.29528278     0.99826858        1
  1874.31571437     0.99847278        1
  1874.33614596     0.99863380        1
  1874.37700915     0.99852628        1
  1874.39744075     0.99880599        1
  1874.41787244     0.99911856        1
  1874.43830393     0.99882327        1
  1874.45873553     0.99888639        1
  1874.47916722     0.99918194        1
  1874.49959871     0.99865828        1
  1874.52003041     0.99860036        1
  1874.54046200     0.99898851        1
  1874.56089349     0.99866550        1
  1874.58132519     0.99887345        1
  1874.62218827     0.99930455        1
  1874.64261997     0.99913616        1
  1874.66305156     0.99909782        1
  1874.68348315     0.99916446        1
  1874.70391475     0.99931978        1
  1874.72434634     0.99898338        1
  1874.74477783     0.99916593        1
  1874.76520953     0.99933221        1
  1874.78564112     0.99923729        1
  1874.80607271     0.99896142        1
  1874.86736759     0.99981543        1
  1874.88779908     0.99992647        1
  1874.90823068     1.00017889        1
  1874.92866237     0.99986831        1
  1874.94909386     0.99977820        1
  1874.96952546     0.99968470        1
  1874.98995715     0.99966388        1
  1875.01038864     0.99959494        1
  1875.03082033     0.99978390        1
  1875.05125193     0.99948799        1
  1875.11254671     1.00033735        1
  1875.13297820     1.00013195        1
  1875.15340989     1.00008133        1
  1875.17384149     1.00017433        1
  1875.19427308     0.99994955        1
  1875.21470467     0.99995697        1
  1875.23513626     0.99998693        1
  1875.35772582     1.00004506        1
  1875.37815751     1.00096882        1
  1875.39858901     1.00072833        1
  1875.41902060     1.00119046        1
  1875.43945229     1.00120544        1
  1875.45988378     1.00048556        1
  1875.48031538     1.00071902        1
  1875.50074707     1.00105907        1
  1875.52117856     1.00069319        1
  1875.54161025     1.00079900        1
  1875.56204185     1.00089265        1
  1875.60290503     1.00000000        1
  1875.62333663     1.00020779        1
  1875.64376812     1.00070509        1
  1875.66419981     1.00077161        1
  1875.68463140     1.00107805        1
  1875.70506300     1.00080776        1
  1875.72549459     1.00060391        1
  1875.74592618     1.00097897        1
  1875.76635787     1.00110707        1
  1875.78678937     1.00129266        1
  1875.80722096     1.00119877        1
  1875.84808424     1.00096996        1
  1875.86851574     1.00116089        1
  1875.88894743     1.00101114        1
  1875.90937902     1.00097222        1
  1875.92981051     1.00078977        1
  1875.95024221     1.00072615        1
  1875.97067380     1.00101240        1
  1875.99110549     1.00072997        1
  1876.01153698     1.00072294        1
  1876.09326335     1.00141305        1
  1876.11369495     1.00118368        1
  1876.13412654     1.00138123        1
  1876.15455803     1.00118942        1
  1876.17498972     1.00079918        1
  1876.19542132     1.00080396        1
  1876.21585291     1.00092125        1
  1876.23628450     1.00055183        1
  1876.25671609     1.00089997        1
  1876.27714779     1.00076840        1
  1876.33844256     1.00064749        1
  1876.35887416     1.00066333        1
  1876.37930565     1.00099384        1
  1876.39973734     1.00077486        1
  1876.42016893     1.00082087        1
  1876.44060043     1.00109425        1
  1876.46103212     1.00107210        1
  1876.48146371     1.00098137        1
  1876.50189540     1.00100435        1
  1876.52232690     1.00108154        1
  1876.54275849     1.00076572        1
  1876.58362168     1.00063712        1
  1876.60405327     1.00057809        1
  1876.62448496     1.00034235        1
  1876.64491645     1.00045952        1
  1876.66534805     1.00006112        1
  1876.82880079     1.00007225        1
  1876.84923248     1.00008452        1
  1876.86966397     1.00005500        1
  1876.89009556     1.00007049        1
  1876.91052726     0.99970600        1
  1876.93095885     0.99982767        1
  1877.07398010     0.99947983        1
  1877.09441159     0.99973165        1
  1877.11484318     0.99962795        1
  1877.13527488     0.99957172        1
  1877.15570637     0.99973423        1
  1877.17613796     0.99965908        1
  1877.19656965     0.99982889        1
  1877.21700115     0.99996898        1
  1877.23743284     0.99941971        1
  1877.25786443     0.99933956        1
  1877.27829593     0.99908989        1
  1877.31915921     0.99924280        1
  1877.33959080     0.99901465        1
  1877.36002240     0.99974776        1
  1877.38045399     0.99922689        1
  1877.40088558     0.99928112        1
  1877.42131718     0.99905759        1
  1877.44174877     0.99952724        1
  1877.46218036     0.99960222        1
  1877.48261195     0.99962942        1
  1877.50304355     0.99957724        1
  1877.52347514     0.99951757        1
  1877.56433833     0.99891609        1
  1877.58477002     0.99886083        1
  1877.60520151     0.99909639        1
  1877.62563311     0.99927702        1
  1877.64606480     0.99871298        1
  1877.66649629     0.99861567        1
  1877.68692799     0.99935722        1
  1877.70735958     0.99942754        1
  1877.72779107     0.99948326        1
  1877.74822276     0.99891519        1
  1877.76865436     0.99900237        1
  1877.80951754     0.99852970        1
  1877.82994914     0.99914514        1
  1877.85038063     0.99882693        1
  1877.87081232     0.99878386        1
  1877.89124392     0.99862547        1
  1877.91167551     0.99949146        1
  1877.93210710     0.99918574        1
  1877.95253870     0.99923169        1
  1877.97297039     0.99915819        1
  1877.99340198     0.99917311        1
  1878.01383348     0.99931248        1
  1878.05469676     0.99890082        1
  1878.07512826     0.99943586        1
  1878.09555995     0.99903039        1
  1878.11599154     0.99957171        1
  1878.13642304     0.99948414        1
  1878.15685473     0.99951421        1
  1878.17728622     0.99933235        1
  1878.19771792     0.99948050        1
  1878.21814951     0.99925463        1
  1878.23858101     0.99917263        1
  1878.25901270     0.99915307        1
  1878.29987579     0.99946469        1
  1878.32030748     0.99957110        1
  1878.34073907     0.99973437        1
  1878.36117057     0.99995633        1
  1878.38160226     0.99967605        1
  1878.40203386     0.99985578        1
  1878.42246555     0.99975492        1
  1878.44289704     0.99979326        1
  1878.46332864     0.99958990        1
  1878.48376033     0.99947442        1
  1878.54505511     0.99968496        1
  1878.56548671     0.99978353        1
  1878.58591820     1.00013861        1
  1878.60634990     1.00011297        1
  1878.62678149     1.00019265        1
  1878.64721308     1.00085885        1
  1878.66764468     1.00054130        1
  1878.68807627     1.00036648        1
  1878.70850797     1.00023239        1
  1878.72893946     1.00035422        1
  1878.74937105     1.00049784        1
  1878.79023424     0.99986252        1
  1878.81066584     1.00037277        1
  1878.83109743     1.00112074        1
  1878.85152903     1.00045173        1
  1878.87196072     1.00098041        1
  1878.89239222     1.00110882        1
  1878.91282381     1.00123989        1
  1878.93325550     1.00098925        1
  1878.95368700     1.00117328        1
  1878.97411859     1.00083983        1
  1878.99455029     1.00094423        1
  1879.07627667     1.00096570        1
  1879.09670826     1.00085153        1
  1879.11713986     1.00114178        1
  1879.13757145     1.00130334        1
  1879.15800305     1.00103632        1
  1879.17843464     1.00158147        1
  1879.19886624     1.00172491        1
  1879.21929793     1.00173579        1
  1879.23972943     1.00157069        1
  1879.28059272     1.00105398        1
  1879.32145591     1.00126911        1
  1879.34188750     1.00097976        1
  1879.36231900     1.00101904        1
  1879.38275069     1.00072020        1
  1879.40318229     1.00074817        1
  1879.42361378     1.00103761        1
  1879.44404548     1.00148164        1
  1879.46447707     1.00094088        1
  1879.48490857     1.00082008        1
  1879.52577176     1.00106052        1
  1879.54620346     1.00094904        1
  1879.56663505     1.00082159        1
  1879.58706665     1.00076167        1
  1879.60749824     1.00020228        1
  1879.62792984     1.00000236        1
  1879.64836143     0.99967576        1
  1879.66879303     0.99962969        1
  1879.68922463     0.99949674        1
  1879.70965622     0.99936084        1
  1879.73008782     0.99922008        1
  1879.77095111     0.99839984        1
  1879.79138270     0.99862308        1
  1879.81181420     0.99847779        1
  1879.83224590     0.99777968        1
  1879.85267749     0.99806352        1
  1879.87310899     0.99782401        1
  1879.89354069     0.99765700        1
  1879.91397228     0.99739666        1
  1879.93440378     0.99692613        1
  1879.95483547     0.99601630        1
  1879.97526707     0.99587525        1
  1880.03656186     0.99931684        2
  1880.05699356     0.99931131        2
  1880.07742505     1.00004425        2
  1880.09785665     0.99957415        2
  1880.11828825     0.99926490        2
  1880.13871984     0.99934600        2
  1880.15915144     0.99964898        2
  1880.17958314     1.00003021        2
  1880.20001463     0.99968027        2
  1880.22044633     0.99942536        2
  1880.26130943     0.99962783        2
  1880.28174112     1.00003973        2
  1880.30217272     1.00007078        2
  1880.32260422     1.00007098        2
  1880.34303591     1.00013528        2
  1880.36346751     1.00011246        2
  1880.38389901     1.00004009        2
  1880.40433071     0.99997214        2
  1880.42476230     1.00027795        2
  1880.44519400     1.00038536        2
  1880.50648879     1.00014985        2
  1880.52692029     1.00009913        2
  1880.54735189     1.00018841        2
  1880.56778359     1.00030163        2
  1880.58821508     1.00032647        2
  1880.60864668     1.00040037        2
  1880.62907838     1.00013287        2
  1880.64950988     1.00027731        2
  1880.66994158     1.00035905        2
  1880.75166797     1.00063428        2
  1880.77209957     1.00065205        2
  1880.79253116     1.00048094        2
  1880.81296276     1.00025678        2
  1880.83339436     1.00037175        2
  1880.85382596     1.00057991        2
  1880.87425756     1.00009603        2
  1880.89468916     1.00015632        2
  1880.91512076     1.00021546        2
  1880.93555235     1.00019182        2
  1880.95598405     1.00019720        2
  1881.01727885     1.00059047        2
  1881.03771035     1.00027420        2
  1881.05814195     1.00065580        2
  1881.07857365     1.00045713        2
  1881.09900515     1.00035125        2
  1881.11943684     1.00040893        2
  1881.13986844     1.00034748        2
  1881.16029994     1.00016407        2
  1881.18073164     0.99957027        2
  1881.20116324     1.00004068        2
  1881.24202644     0.99948740        2
  1881.26245804     0.99971041        2
  1881.28288964     1.00012125        2
  1881.30332124     1.00020691        2
  1881.32375284     0.99995341        2
  1881.34418454     0.99982852        2
  1881.36461604     1.00008254        2
  1881.38504764     1.00000120        2
  1881.40547934     0.99977891        2
  1881.42591094     1.00019179        2
  1881.44634244     0.99983425        2
  1881.48720564     0.99980489        2
  1881.50763734     0.99979400        2
  1881.52806894     1.00009779        2
  1881.54850054     0.99988096        2
  1881.56893214     0.99964526        2
  1881.58936374     1.00015958        2
  1881.60979524     0.99961712        2
  1881.63022694     0.99926001        2
  1881.65065854     0.99966129        2
  1881.67109004     1.00095186        2
  1881.69152174     0.99944301        2
  1881.73238505     0.99945157        2
  1881.75281655     0.99952763        2
  1881.77324815     0.99923907        2
  1881.79367985     0.99974793        2
  1881.81411135     0.99954513        2
  1881.83454295     0.99940580        2
  1881.85497465     0.99960288        2
  1881.87540615     0.99963943        2
  1881.89583776     0.99970988        2
  1881.91626946     0.99944574        2
  1881.93670106     0.99936946        2
  1881.97756426     0.99973539        2
  1881.99799586     0.99975511        2
  1882.01842747     0.99992147        2
  1882.03885907     0.99949189        2
  1882.05929067     0.99969296        2
  1882.07972237     0.99977260        2
  1882.10015387     0.99991153        2
  1882.12058548     0.99954878        2
  1882.14101718     0.99948456        2
  1882.16144868     0.99958117        2
  1882.18188038     0.99959930        2
  1882.22274349     0.99940135        2
  1882.24317519     0.99933579        2
  1882.26360669     0.99981659        2
  1882.28403830     0.99972292        2
  1882.30447000     0.99934753        2
  1882.32490150     0.99954341        2
  1882.34533320     0.99948063        2
  1882.36576481     0.99974741        2
  1882.38619631     0.99946025        2
  1882.46792282     0.99933569        2
  1882.48835443     0.99939373        2
  1882.50878603     0.99951041        2
  1882.52921763     0.99949029        2
  1882.54964924     0.99952153        2
  1882.57008094     0.99998104        2
  1882.59051254     1.00003964        2
  1882.77439698     1.00003269        2
  1882.79482869     0.99968678        2
  1882.81526019     1.00029593        2
  1882.83569180     0.99976645        2
  1882.85612350     1.00015023        2
  1882.87655501     0.99993117        2
  1882.89698651     0.99996750        2
  1882.91741821     1.00024870        2
  1883.01957634     0.99993257        2
  1883.04000785     1.00026149        2
  1883.06043945     1.00012607        2
  1883.08087116     1.00016961        2
  1883.10130276     1.00045152        2
  1883.12173427     1.00020065        2
  1883.14216597     1.00021661        2
  1883.16259758     1.00006468        2
  1883.20346079     1.00009774        2
  1883.22389240     1.00059663        2
  1883.24432410     1.00069607        2
  1883.26475561     1.00101391        2
  1883.28518722     1.00042862        2
  1883.30561892     1.00011463        2
  1883.32605043     0.99985411        2
  1883.34648204     0.99996201        2
  1883.36691374     1.00042639        2
  1883.38734525     1.00032416        2
  1883.40777696     1.00042787        2
  1883.44864007     1.00031031        2
  1883.46907178     1.00029488        2
  1883.48950338     1.00028897        2
  1883.50993489     1.00080419        2
  1883.53036660     1.00089916        2
  1883.55079811     1.00007504        2
  1883.57122981     1.00027725        2
  1883.59166142     1.00019560        2
  1883.61209293     1.00047167        2
  1883.63252464     1.00028488        2
  1883.65295625     1.00070530        2
  1883.71425107     1.00052229        2
  1883.73468268     1.00044919        2
  1883.75511429     1.00071413        2
  1883.77554589     1.00044945        2
  1883.79597760     1.00077752        2
  1883.81640921     1.00068823        2
  1883.83684072     1.00043222        2
  1883.85727243     1.00034243        2
  1883.87770404     1.00049110        2
  1883.89813555     1.00038245        2
  1883.97986208     1.00031952        2
  1884.00029369     1.00052929        2
  1884.02072540     1.00054920        2
  1884.04115691     1.00026578        2
  1884.06158852     0.99990745        2
  1884.08202023     1.00016071        2
  1884.10245174     1.00009507        2
  1884.12288335     1.00041267        2
  1884.14331506     1.00000000        2
  1884.20460979     1.00034252        2
  1884.22504140     1.00057709        2
  1884.24547311     1.00003960        2
  1884.26590462     1.00005625        2
  1884.28633623     1.00002564        2
  1884.30676794     1.00003704        2
  1884.32719955     1.00047517        2
  1884.34763106     0.99998047        2
  1884.36806277     1.00005477        2
  1884.38849438     1.00016749        2
  1884.42935761     0.99990714        2
  1884.44978922     1.00008818        2
  1884.47022093     1.00018459        2
  1884.49065244     1.00000569        2
  1884.51108405     0.99989096        2
  1884.53151576     0.99993007        2
  1884.55194728     1.00042636        2
  1884.57237889     1.00035775        2
  1884.59281060     0.99976161        2
  1884.61324211     0.99970594        2
  1884.63367382     1.00004000        2
  1884.67453695     1.00013737        2
  1884.69496866     0.99992800        2
  1884.71540027     0.99996657        2
  1884.73583189     0.99978412        2
  1884.75626350     1.00002012        2
  1884.77669511     0.99959131        2
  1884.79712672     0.99983804        2
  1884.81755834     0.99979205        2
  1884.83798995     0.99942566        2
  1884.85842156     0.99997516        2
  1884.91971640     0.99975000        2
  1884.94014802     0.99978944        2
  1884.96057963     0.99996242        2
  1884.98101134     0.99986553        2
  1885.00144286     0.99963351        2
  1885.02187457     0.99966355        2
  1885.04230619     0.99933964        2
  1885.06273770     0.99974559        2
  1885.08316941     0.99959384        2
  1885.10360103     0.99970522        2
  1885.12403254     0.99953984        2
  1885.16489587     0.99678611        2
  1885.18532739     1.00002681        2
  1885.20575910     0.99957350        2
  1885.22619072     0.99950050        2
  1885.24662243     0.99945593        2
  1885.26705395     0.99934565        2
  1885.28748556     0.99954851        2
  1885.30791728     0.99925188        2
  1885.32834879     0.99980779        2
  1885.34878041     0.99925184        2
  1885.36921212     0.99931695        2
  1885.41007526     0.99960560        2
  1885.43050697     1.00000872        2
  1885.45093859     0.99963241        2
  1885.47137020     0.99923934        2
  1885.49180182     0.99882475        2
  1885.51223344     0.99952291        2
  1885.53266505     1.00069834        2
  1885.55309667     0.99993604        2
  1885.57352819     0.99970617        2
  1885.59395990     0.99965084        2
  1885.61439152     0.99952420        2
  1885.65525476     0.99915448        2
  1885.67568637     0.99961754        2
  1885.69611809     0.99967399        2
  1885.71654961     0.99986639        2
  1885.73698122     0.99975790        2
  1885.75741294     0.99957504        2
  1885.77784446     0.99993992        2
  1885.79827608     0.99986813        2
  1885.81870780     0.99967192        2
  1885.83913931     0.99996871        2
  1885.85957103     0.99941125        2
  1885.90043417     0.99987135        2
  1885.92086589     0.99994592        2
  1885.94129751     1.00037948        2
  1885.96172913     0.99976116        2
  1885.98216074     0.99988323        2
  1886.00259236     1.00007176        2
  1886.02302398     0.99986621        2
  1886.04345560     1.00030058        2
  1886.06388722     1.00006309        2
  1886.08431894     1.00018464        2
  1886.10475056     0.99982826        2
  1886.16604542     0.99975378        2
  1886.18647694     1.00018924        2
  1886.20690866     1.00023323        2
  1886.22734018     1.00015776        2
  1886.24777190     1.00077869        2
  1886.26820352     1.00051927        2
  1886.28863504     1.00035583        2
  1886.30906676     1.00062535        2
  1886.32949838     1.00066236        2
  1886.34992990     1.00074769        2
  1886.39079325     1.00058345        2
  1886.41122477     1.00051870        2
  1886.43165649     1.00060180        2
  1886.45208811     1.00062041        2
  1886.47251983     1.00036359        2
  1886.49295135     1.00078082        2
  1886.51338297     1.00059690        2
  1886.53381470     1.00035825        2
  1886.63597281     1.00070017        2
  1886.65640443     1.00070317        2
  1886.67683605     1.00066589        2
  1886.69726768     1.00058789        2
  1886.71769930     1.00061082        2
  1886.73813092     1.00110814        2
  1886.88115229     1.00073354        2
  1886.90158391     1.00040447        2
  1886.92201564     1.00052949        2
  1886.94244716     1.00037475        2
  1886.96287878     1.00039837        2
  1886.98331051     1.00034566        2
  1887.00374203     1.00053038        2
  1887.12633188     0.99963614        2
  1887.14676351     1.00006537        2
  1887.16719513     1.00032205        2
  1887.18762676     0.99992525        2
  1887.20805839     0.99999756        2
  1887.22849001     0.99953174        2
  1887.24892174     0.99950465        2
  1887.26935326     0.99937307        2
  1887.28978489     0.99983778        2
  1887.31021662     0.99990007        2
  1887.33064824     0.99977098        2
  1887.37151150     0.99955990        2
  1887.39194312     0.99941825        2
  1887.41237465     0.99957791        2
  1887.43280638     0.99983733        2
  1887.45323801     1.00009232        2
  1887.47366963     0.99969432        2
  1887.49410126     0.99948268        2
  1887.51453289     0.99955260        2
  1887.53496462     0.99932668        2
  1887.55539615     0.99961496        2
  1887.57582777     0.99943893        2
  1887.61669103     0.99975009        2
  1887.63712276     0.99999815        2
  1887.65755429     0.99973708        2
  1887.67798592     0.99962000        2
  1887.69841764     0.99962335        2
  1887.71884917     0.99966393        2
  1887.73928080     0.99999249        2
  1887.75971253     0.99955098        2
  1887.78014406     0.99982765        2
  1887.80057569     0.99989885        2
  1887.86187068     1.00013796        2
  1887.88230231     1.00000368        2
  1887.90273394     1.00000989        2
  1887.92316557     1.00024993        2
  1887.94359720     1.00023100        2
  1887.96402883     1.00046531        2
  1887.98446056     1.00063539        2
  1891.04920749     0.99979447        3
  1891.06963914     0.99981790        3
  1891.09007090     1.00008403        3
  1891.11050245     0.99979462        3
  1891.13093410     1.00020952        3
  1891.15136586     0.99983459        3
  1891.17179741     0.99948011        3
  1891.19222916     0.99940661        3
  1891.21266082     0.99986848        3
  1891.23309237     0.99977088        3
  1891.25352413     1.00016134        3
  1891.29438734     0.99998492        3
  1891.31481909     1.00025362        3
  1891.33525075     1.00017052        3
  1891.35568250     0.99999248        3
  1891.37611406     1.00024516        3
  1891.39654572     1.00003944        3
  1891.41697747     1.00020488        3
  1891.43740903     1.00015927        3
  1891.45784068     1.00006524        3
  1891.47827244     0.99999960        3
  1891.49870410     0.99994413        3
  1891.53956741     1.00005602        3
  1891.55999897     0.99994579        3
  1891.58043073     0.99992958        3
  1891.60086238     1.00035911        3
  1891.62129394     1.00025508        3
  1891.64172570     1.00019091        3
  1891.66215736     0.99984379        3
  1891.68258891     0.99994879        3
  1891.70302067     1.00012236        3
  1891.72345233     0.99988578        3
  1891.74388409     1.00015246        3
  1891.78474731     1.00004271        3
  1891.80517907     1.00010710        3
  1891.82561063     1.00007182        3
  1891.84604229     0.99999534        3
  1891.86647405     1.00002512        3
  1891.88690561     1.00011133        3
  1891.90733727     1.00024106        3
  1891.92776903     1.00003903        3
  1891.94820059     1.00015420        3
  1891.96863235     1.00004127        3
  1891.98906401     0.99985823        3
  1892.02992733     1.00015037        3
  1892.05035899     1.00026816        3
  1892.07079065     0.99980973        3
  1892.09122231     0.99994020        3
  1892.11165398     0.99971431        3
  1892.13208574     0.99982371        3
  1892.15251740     0.99997295        3
  1892.17294896     1.00011366        3
  1892.19338073     0.99989096        3
  1892.21381229     0.99969367        3
  1892.23424395     1.00032604        3
  1892.27510728     0.99980502        3
  1892.29553904     0.99987843        3
  1892.31597070     0.99977273        3
  1892.33640227     0.99981951        3
  1892.35683403     1.00014236        3
  1892.37726570     1.00001811        3
  1892.39769726     0.99970670        3
  1892.41812902     0.99975012        3
  1892.43856069     0.99971558        3
  1892.45899225     0.99973477        3
  1892.52028745     0.99954629        3
  1892.54071902     1.00008824        3
  1892.56115068     0.99997462        3
  1892.58158245     0.99976983        3
  1892.60201401     0.99961558        3
  1892.62244568     0.99981533        3
  1892.64287745     0.99980177        3
  1892.66330911     0.99981548        3
  1892.84719412     0.99941254        3
  1892.86762589     0.99983768        3
  1892.88805746     0.99983992        3
  1892.90848923     1.00003414        3
  1892.92892080     0.99982284        3
  1892.94935247     1.00001307        3
  1892.96978423     0.99986530        3
  1893.01064747     0.99852888        3
  1893.03107924     0.99975674        3
  1893.05151081     0.99998292        3
  1893.07194258     1.00031291        3
  1893.09237426     1.00010634        3
  1893.11280583     1.00005046        3
  1893.13323760     0.99991621        3
  1893.15366927     0.99978134        3
  1893.17410084     0.99987434        3
  1893.19453261     0.99965905        3
  1893.21496428     1.00017645        3
  1893.33755432     1.00010008        3
  1893.35798609     1.00014082        3
  1893.37841776     1.00014739        3
  1893.39884934     1.00037807        3
  1893.41928111     1.00098475        3
  1893.43971278     1.00001576        3
  1893.46014456     1.00005192        3
  1893.50100781     0.99990530        3
  1893.52143958     1.00026031        3
  1893.54187115     1.00031409        3
  1893.56230273     1.00015988        3
  1893.58273450     1.00046943        3
  1893.60316618     1.00045624        3
  1893.62359796     0.99983945        3
  1893.64402953     1.00052404        3
  1893.66446121     1.00037156        3
  1893.68489298     1.00038919        3
  1893.70532456     1.00066690        3
  1893.74618801     1.00048418        3
  1893.76661959     1.00008443        3
  1893.78705127     1.00050764        3
  1893.80748304     1.00025041        3
  1893.82791462     1.00008781        3
  1893.84834640     1.00051620        3
  1893.86877808     1.00036407        3
  1893.88920975     1.00021630        3
  1893.90964143     1.00021562        3
  1893.93007311     1.00024539        3
  1894.03223160     1.00000202        3
  1894.05266318     0.99989025        3
  1894.07309496     0.99998405        3
  1894.09352664     0.99996743        3
  1894.11395822     0.99986999        3
  1894.13439000     0.99989135        3
  1894.15482168     1.00020559        3
  1894.17525337     1.00000000        3
  1894.19568505     0.99991906        3
  1894.23654841     0.99965144        3
  1894.25698009     0.99974126        3
  1894.27741167     1.00011835        3
  1894.29784345     0.99981177        3
  1894.31827514     1.00000941        3
  1894.33870672     0.99995975        3
  1894.35913850     0.99971383        3
  1894.37957018     1.00000410        3
  1894.40000197     1.00013957        3
  1894.42043355     1.00021522        3
  1894.44086523     1.00004002        3
  1894.48172860     0.99976091        3
  1894.50216028     0.99982929        3
  1894.52259207     0.99998732        3
  1894.54302375     0.99982525        3
  1894.56345544     0.99986346        3
  1894.58388712     0.99994818        3
  1894.60431881     0.99990909        3
  1894.62475049     1.00011541        3
  1894.72690892     0.99971189        3
  1894.74734071     0.99967601        3
  1894.76777229     1.00000208        3
  1894.78820408     0.99980826        3
  1894.80863577     0.99988410        3
  1894.82906735     0.99994408        3
  1894.84949914     0.99987082        3
  1894.86993073     0.99967289        3
  1894.97208927     0.99840659        3
  1894.99252086     1.00005784        3
  1895.01295265     1.00010307        3
  1895.03338434     0.99973564        3
  1895.05381603     0.99989811        3
  1895.07424772     0.99983727        3
  1895.09467941     1.00009406        3
  1895.11511120     0.99998504        3
  1895.13554279     1.00000149        3
  1895.15597448     0.99991314        3
  1895.17640627     0.99969788        3
  1895.21726955     0.99961119        3
  1895.23770134     0.99956687        3
  1895.25813303     0.99979923        3
  1895.27856462     0.99972963        3
  1895.29899641     1.00003706        3
  1895.31942811     0.99991108        3
  1895.33985990     1.00006788        3
  1895.36029149     1.00003213        3
  1895.38072318     0.99995942        3
  1895.40115498     1.00008007        3
  1895.42158657     0.99974359        3
  1895.46245006     1.00039122        3
  1895.48288165     0.99975184        3
  1895.50331345     0.99978572        3
  1895.52374504     0.99970763        3
  1895.54417673     0.99957022        3
  1895.56460853     0.99968148        3
  1895.58504012     1.00015747        3
  1895.60547182     0.99977464        3
  1895.62590361     1.00008467        3
  1895.64633521     1.00003667        3
  1895.66676700     1.00006827        3
  1895.70763040     1.00016906        3
  1895.72806209     1.00029299        3
  1895.74849379     1.00019104        3
  1895.76892549     1.00000736        3
  1895.78935718     1.00034623        3
  1895.80978888     1.00021085        3
  1895.83022058     0.99999890        3
  1895.85065238     1.00014876        3
  1895.87108397     1.00021700        3
  1895.89151577     1.00005300        3
  1895.91194747     1.00032460        3
  1895.97324257     1.00042815        3
  1895.99367417     0.99997049        3
  1896.01410596     1.00050551        3
  1896.03453766     1.00043057        3
  1896.05496946     1.00019973        3
  1896.07540106     0.99975239        3
  1896.09583276     1.00009853        3
  1896.11626446     1.00013797        3
  1896.13669616     0.99992728        3
  1896.15712787     1.00026961        3
  1896.19799127     1.00004522        3
  1896.21842307     1.00021440        3
  1896.23885467     1.00016807        3
  1896.25928637     1.00036213        3
  1896.27971818     0.99998382        3
  1896.30014978     1.00008508        3
  1896.32058148     1.00045767        3
  1896.34101328     1.00005654        3
  1896.36144489     1.00020702        3
  1896.38187659     1.00038997        3
  1896.50446691     0.99985369        3
  1896.52489862     0.99982212        3
  1896.54533032     0.99974407        3
  1896.56576213     0.99991669        3
  1896.58619373     1.00015514        3
  1896.60662554     0.99959536        3
  1896.62705725     0.99985189        3
  1896.64748885     0.99988921        3
  1896.68835237     1.00021804        3
  1896.70878397     0.99969575        3
  1896.72921578     0.99993720        3
  1896.74964749     0.99994875        3
  1896.77007919     1.00010620        3
  1896.79051090     1.00000068        3
  1896.81094261     0.99995743        3
  1896.83137432     0.99982778        3
  1896.85180603     1.00011076        3
  1896.87223774     1.00012073        3
  1896.89266944     0.99987182        3
  1896.93353286     1.00006573        3
  1896.95396457     0.99966938        3
  1896.97439628     1.00001224        3
  1896.99482809     0.99956358        3
  1897.01525970     0.99995239        3
  1897.03569141     0.99966163        3
  1897.05612322     0.99958142        3
  1897.07655493     1.00005782        3
  1897.09698654     0.99994264        3
  1897.11741836     0.99986359        3
  1897.13785007     1.00035096        3
  1897.17871349     0.99988646        3
  1897.19914520     0.99977363        3
  1897.21957702     0.99986881        3
  1897.24000863     0.99988584        3
  1897.26044034     1.00018522        3
  1897.28087216     1.00035196        3
  1897.30130377     0.99972902        3
  1897.32173558     0.99973356        3
  1897.34216730     0.99982848        3
  1897.36259891     0.99972094        3
  1897.38303072     0.99994497        3
  1897.42389405     1.00027484        3
  1897.44432587     0.99998862        3
  1897.46475758     1.00014609        3
  1897.48518940     1.00059413        3
  1897.50562102     1.00015320        3
  1897.52605263     1.00008333        3
  1897.54648445     1.00022068        3
  1897.56691616     1.00033735        3
  1897.58734788     1.00047424        3
  1897.60777960     1.00019692        3
  1897.62821131     1.00018894        3
  1897.75080162     0.99990111        3
  1897.77123344     1.00027187        3
  1897.79166516     0.99973783        3
  1897.81209678     1.00042848        3
  1897.83252860     0.99986289        3
  1897.85296032     1.00021900        3
  1897.87339214     1.00014407        3
  1897.91425548     1.00001043        3
  1897.93468730     0.99989556        3
  1897.95511892     0.99988970        3
  1897.97555064     1.00026027        3
  1897.99598246     0.99997476        3
  1898.01641408     1.00060822        4
  1898.03684591     1.00011976        4
  1898.05727763     1.00025463        4
  1898.07770925     1.00023337        4
  1898.09814107     1.00057713        4
  1898.11857280     1.00036993        4
  1898.15943624     1.00010184        4
  1898.17986786     1.00000504        4
  1898.20029969     1.00015517        4
  1898.22073141     1.00004541        4
  1898.24116304     1.00036216        4
  1898.26159486     1.00026574        4
  1898.28202659     1.00011409        4
  1898.30245831     1.00030538        4
  1898.32289004     1.00031533        4
  1898.34332176     1.00031631        4
  1898.40461694     1.00000137        4
  1898.42504877     0.99975914        4
  1898.44548049     0.99988435        4
  1898.46591212     1.00003300        4
  1898.48634395     1.00004069        4
  1898.50677567     1.00004836        4
  1898.52720730     0.99982717        4
  1898.54763913     0.99986300        4
  1898.56807086     0.99998211        4
  1898.58850268     0.99975570        4
  1898.60893431     1.00000604        4
  1898.64979787     0.99984967        4
  1898.67022950     0.99962122        4
  1898.69066123     0.99976278        4
  1898.71109306     0.99976609        4
  1898.73152469     0.99998934        4
  1898.75195652     0.99984039        4
  1898.77238825     0.99986755        4
  1898.79281988     0.99994065        4
  1898.81325171     0.99978866        4
  1898.83368334     0.99981012        4
  1898.85411507     0.99982510        4
  1898.89497854     0.99946369        4
  1898.91541027     0.99959323        4
  1898.93584210     0.99967540        4
  1898.95627384     1.00014982        4
  1898.97670557     0.99973697        4
  1898.99713730     0.99973156        4
  1899.01756903     0.99991531        4
  1899.03800077     0.99967767        4
  1899.05843250     0.99987905        4
  1899.07886424     0.99969056        4
  1899.09929607     0.99968455        4
  1899.14015954     1.00021688        4
  1899.16059128     0.99988268        4
  1899.18102291     0.99977444        4
  1899.20145475     0.99989480        4
  1899.22188648     0.99971376        4
  1899.24231812     0.99949788        4
  1899.26274995     0.99959905        4
  1899.28318169     0.99988516        4
  1899.30361353     0.99977886        4
  1899.32404517     0.99976356        4
  1899.34447690     0.99992850        4
  1899.38534038     0.99958775        4
  1899.40577212     0.99975937        4
  1899.42620395     0.99972433        4
  1899.44663559     0.99984130        4
  1899.46706743     1.00017656        4
  1899.48749907     1.00029955        4
  1899.50793081     1.00008311        4
  1899.52836265     0.99973755        4
  1899.54879429     1.00011402        4
  1899.56922603     0.99998760        4
  1899.58965787     0.99990329        4
  1899.63052125     1.00007336        4
  1899.65095309     0.99979618        4
  1899.67138484     1.00004138        4
  1899.69181658     1.00004907        4
  1899.71224832     1.00001560        4
  1899.73268006     1.00024767        4
  1899.75311190     1.00045648        4
  1899.77354355     1.00016098        4
  1899.79397529     1.00021123        4
  1899.81440713     1.00009108        4
  1899.83483878     1.00007189        4
  1899.89613401     1.00029201        4
  1899.91656585     1.00018428        4
  1899.93699760     1.00036251        4
  1899.95742924     1.00042956        4
  1899.97786109     1.00069613        4
  1899.99829283     1.00086692        4
  1900.01872468     1.00037665        4
  1900.03915632     1.00072675        4
  1900.05958807     1.00071416        4
  1900.08001982     1.00050515        4
  1900.12088331     1.00069382        4
  1900.14131506     1.00080833        4
  1900.16174681     1.00056665        4
  1900.18217865     1.00105331        4
  1900.20261030     1.00096583        4
  1900.22304205     1.00078468        4
  1900.24347390     1.00081946        4
  1900.26390555     1.00074014        4
  1900.28433730     1.00097714        4
  1900.30476915     1.00072363        4
  1900.32520090     1.00068256        4
  1900.36606440     1.00040532        4
  1900.38649615     1.00092669        4
  1900.40692800     1.00101331        4
  1900.42735965     1.00063547        4
  1900.44779140     1.00038152        4
  1900.46822325     1.00074601        4
  1900.48865490     1.00082120        4
  1900.50908665     1.00073087        4
  1900.52951851     1.00028694        4
  1900.54995016     1.00062940        4
  1900.57038201     1.00064127        4
  1900.61124542     1.00079263        4
  1900.63167727     1.00051225        4
  1900.65210903     1.00061394        4
  1900.67254068     1.00048079        4
  1900.69297253     1.00035934        4
  1900.71340429     1.00044048        4
  1900.85642658     0.99975953        4
  1900.87685833     0.99990971        4
  1900.89729019     0.99957653        4
  1900.91772195     0.99972275        4
  1900.93815361     0.99974762        4
  1900.95858546     0.99986067        4
  1900.97901722     1.00009097        4
  1900.99944888     1.00002608        4
  1901.01988074     1.00002963        4
  1901.04031250     0.99999525        4
  1901.06074416     0.99991255        4
  1901.10160778     1.00001027        4
  1901.12203964     1.00023218        4
  1901.14247130     0.99989965        4
  1901.16290306     0.99980812        4
  1901.18333492     0.99973576        4
  1901.20376658     0.99966751        4
  1901.22419834     0.99943829        4
  1901.24463020     0.99924550        4
  1901.26506186     0.99946933        4
  1901.28549372     0.99931602        4
  1901.30592549     0.99961387        4
  1901.38765254     0.99979952        4
  1901.40808430     0.99946264        4
  1901.42851607     0.99923324        4
  1901.44894783     0.99940445        4
  1901.46937960     0.99935026        4
  1901.48981136     1.00082644        4
  1901.51024313     0.99962051        4
  1901.53067489     0.99914798        4
  1901.55110666     0.99929276        4
  1901.59197019     0.99908192        4
  1901.61240205     0.99948879        4
  1901.63283382     0.99947183        4
  1901.65326549     0.99942502        4
  1901.67369736     0.99949472        4
  1901.69412912     0.99946999        4
  1901.71456079     0.99934731        4
  1901.73499266     0.99937043        4
  1901.75542443     0.99921322        4
  1901.77585610     0.99949583        4
  1901.79628796     0.99949820        4
  1901.83715160     0.99937205        4
  1901.85758327     0.99956537        4
  1901.87801504     0.99942036        4
  1901.89844691     0.99950970        4
  1901.91887858     0.99936534        4
  1901.93931035     0.99969562        4
  1901.95974223     0.99949329        4
  1901.98017390     0.99963122        4
  1902.00060577     0.99949625        4
  1902.02103754     0.99961257        4
  1902.08233286     0.99970672        4
  1902.10276453     0.99954183        4
  1902.12319640     0.99945940        4
  1902.14362818     0.99965999        4
  1902.16405995     0.99966497        4
  1902.18449172     0.99955612        4
  1902.20492350     0.99959303        4
  1902.22535527     0.99994535        4
  1902.24578705     0.99971393        4
  1902.26621882     0.99992703        4
  1902.28665070     0.99980460        4
  1902.32751415     0.99961180        4
  1902.34794603     1.00002580        4
  1902.36837770     1.00000000        4
  1902.38880958     1.00007364        4
  1902.40924136     1.00008758        4
  1902.42967304     1.00026366        4
  1902.45010491     1.00003421        4
  1902.57269559     1.00013767        4
  1902.59312737     1.00014874        4
  1902.61355925     0.99999377        4
  1902.63399093     1.00045922        4
  1902.65442271     1.00033773        4
  1902.67485459     1.00045884        4
  1902.69528627     1.00066827        4
  1902.71571815     1.00061351        4
  1902.73614993     1.00069634        4
  1902.75658161     1.00050298        4
  1902.77701350     1.00052959        4
  1902.81787706     0.99910563        4
  1902.83830884     1.00066939        4
  1902.85874063     1.00109168        4
  1902.87917231     1.00079732        4
  1902.89960419     1.00089312        4
  1902.92003598     1.00086339        4
  1902.94046786     1.00096232        4
  1902.96089955     1.00127974        4
  1902.98133133     1.00061276        4
  1903.00176322     1.00073961        4
  1903.02219490     1.00017741        4
  1903.20608099     1.00089495        4
  1903.22651288     1.00128712        4
  1903.24694467     1.00098744        4
  1903.26737655     1.00129452        4
  1903.30824003     1.00127072        4
  1903.32867192     1.00114334        4
  1903.34910361     1.00092832        4
  1903.36953540     1.00114890        4
  1903.38996730     1.00043536        4
  1903.41039909     1.00073724        4
  1903.43083088     1.00040782        4
  1903.45126257     1.00093517        4
  1903.47169436     1.00066656        4
  1903.49212625     1.00053215        4
  1903.51255805     1.00076553        4
  1903.55342163     1.00055840        4
  1903.57385343     1.00005805        4
  1903.59428512     0.99997138        4
  1903.61471701     1.00045248        4
  1903.63514881     1.00037234        4
  1903.65558070     1.00041290        4
  1903.67601240     1.00058812        4
  1903.69644419     1.00025694        4
  1903.71687609     1.00017271        4
  1903.73730778     1.00014894        4
  1903.75773958     1.00003184        4
  1903.81903507     1.00037624        4
  1903.83946687     1.00015470        4
  1903.85989856     1.00044762        4
  1903.88033046     0.99970380        4
  1903.90076226     0.99993248        4
  1903.92119396     0.99985903        4
  1903.94162586     1.00010941        4
  1903.96205766     0.99995936        4
  1903.98248956     0.99966273        4
  1904.00292126     1.00006808        4
  1904.04378486     0.99960983        4
  1904.06421676     0.99965779        4
  1904.08464846     0.99980668        4
  1904.10508026     0.99994076        4
  1904.12551206     0.99972237        4
  1904.14594386     0.99962254        4
  1904.16637576     0.99952998        4
  1904.18680747     0.99967991        4
  1904.20723937     0.99943370        4
  1904.22767117     0.99973445        4
  1904.24810287     0.99969603        4
  1904.28896658     0.99950789        4
  1904.30939828     0.99941155        4
  1904.32983019     0.99963566        4
  1904.35026199     0.99955702        4
  1904.37069390     0.99939632        4
  1904.39112560     0.99961936        4
  1904.41155741     0.99961264        4
  1904.43198932     0.99927236        4
  1904.45242102     0.99911338        4
  1904.47285283     0.99957240        4
  1904.49328473     0.99957506        4
  1904.61587558     0.99950401        4
  1904.63630739     0.99983193        4
  1904.65673920     1.00022368        4
  1904.67717101     0.99982281        4
  1904.69760282     0.99977509        4
  1904.71803463     0.99964064        4
  1904.73846644     0.99983426        4
  1904.77933006     0.99977663        4
  1904.79976187     0.99970083        4
  1904.82019378     0.99969297        4
  1904.84062550     0.99977787        4
  1904.86105731     0.99986941        4
  1904.88148922     0.99977684        4
  1905.04494373     1.00043120        4
  1905.06537555     1.00088151        4
  1905.08580746     1.00080923        4
  1905.10623918     1.00036647        4
  1905.12667099     1.00070391        4
  1905.14710291     1.00105125        4
  1905.16753463     1.00110354        4
  1905.18796644     1.00111243        4
