  1835.65902128     1.00012714        0
  1835.67945343     1.00014464        0
  1835.80204627     1.00094129        0
  1835.82247851     0.99992821        0
  1835.84291054     0.99984075        0
  1835.86334268     0.99979624        0
  1835.88377492     0.99990136        0
  1835.90420696     0.99986785        0
  1835.92463909     0.99982094        0
  1835.94507133     1.00000719        0
  1835.96550336     0.99989747        0
  1835.98593550     0.99996121        0
  1836.00636773     1.00006052        0
  1836.02679976     1.00012004        0
  1836.04723190     1.00009268        0
  1836.06766413     1.00016284        0
  1836.08809616     1.00003729        0
  1836.10852829     1.00014630        0
  1836.12896053     1.00004971        0
  1836.14939266     1.00000289        0
  1836.16982469     0.99996781        0
  1836.19025692     0.99999949        0
  1836.21068905     0.99997888        0
  1836.23112127     0.99999644        0
  1836.25155330     0.99988948        0
  1836.27198543     0.99990262        0
  1836.31284968     0.99990721        0
  1836.33328181     0.99987838        0
  1836.35371404     0.99989775        0
  1836.37414606     0.99999822        0
  1836.39457819     0.99999057        0
  1836.41501031     0.99998941        0
  1836.43544243     1.00001845        0
  1836.45587456     1.00009087        0
  1836.47630668     1.00005530        0
  1836.49673880     1.00011001        0
  1836.51717093     1.00022095        0
  1836.53760305     1.00005775        0
  1836.55803517     1.00000854        0
  1836.57846729     1.00005134        0
  1836.59889951     0.99994229        0
  1836.61933153     0.99996976        0
  1836.63976365     1.00003043        0
  1836.66019587     1.00012754        0
  1836.68062788     0.99998210        0
  1836.70106000     0.99987906        0
  1836.72149222     0.99988211        0
  1836.74192424     0.99987986        0
  1836.76235635     0.99977374        0
  1836.78278857     0.99998287        0
  1836.80322058     1.00004679        0
  1836.82365280     0.99998835        0
  1836.84408491     0.99995829        0
  1836.86451693     0.99994604        0
  1836.88494914     1.00002132        0
  1836.90538125     1.00021465        0
  1836.92581326     1.00007463        0
  1836.94624548     1.00013334        0
  1836.96667759     1.00008444        0
  1836.98710970     1.00007998        0
  1837.00754181     1.00011781        0
  1837.02797392     1.00097012        0
  1837.10970235     0.99995008        0
  1837.13013446     1.00004383        0
  1837.15056657     0.99994357        0
  1837.17099867     1.00004114        0
  1837.19143078     1.00000208        0
  1837.21186289     0.99998364        0
  1837.23229499     0.99997842        0
  1837.25272710     1.00010285        0
  1837.27315920     1.00012382        0
  1837.29359120     1.00009068        0
  1837.31402341     1.00001452        0
  1837.33445551     1.00009453        0
  1837.35488761     1.00007393        0
  1837.37531972     1.00004818        0
  1837.39575182     1.00002878        0
  1837.41618392     1.00003575        0
  1837.43661612     1.00003852        0
  1837.45704812     1.00022204        0
  1837.47748032     1.00011340        0
  1837.49791242     0.99979164        0
  1837.51834441     0.98723968        0
  1837.53877661     0.95442526        0
  1837.55920871     0.90874674        0
  1837.57964071     0.85388689        0
  1837.60007290     0.79211229        0
  1837.62050500     0.72551184        0
  1837.64093700     0.65649120        0
  1837.66136919     0.58779753        0
  1837.68180129     0.52947516        0
  1837.70223328     0.51847361        0
  1837.72266547     0.56255081        0
  1837.74309757     0.62964850        0
  1837.76352956     0.69920209        0
  1837.78396175     0.76695561        0
  1837.80439385     0.83084932        0
  1837.82482594     0.88877734        0
  1837.84525803     0.93817720        0
  1837.86569012     0.97644706        0
  1837.88612211     0.99774011        0
  1837.90655430     0.99998060        0
  1837.92698639     1.00004888        0
  1837.94741848     1.00007446        0
  1837.96785056     0.99996602        0
  1837.98828265     0.99991719        0
  1838.00871464     0.99997836        0
  1838.02914683     0.99999596        0
  1838.04957891     1.00012430        0
  1838.07001110     1.00010347        0
  1838.09044308     0.99995777        0
  1838.11087517     0.99996653        0
  1838.13130735     0.99998468        0
  1838.15173934     0.99995417        0
  1838.17217142     0.99993525        0
  1838.19260360     0.99998062        0
  1838.21303559     1.00003343        0
  1838.23346767     0.99991079        0
  1838.27433193     1.00012646        0
  1838.29476391     1.00003310        0
  1838.31519609     0.99991651        0
  1838.33562817     0.99987543        0
  1838.35606015     0.99982758        0
  1838.37649233     0.99981301        0
  1838.39692441     0.99998175        0
  1838.41735639     0.99998518        0
  1838.43778856     0.99996734        0
  1838.45822064     1.00001680        0
  1838.47865262     1.00011226        0
  1838.49908479     1.00005450        0
  1838.51951687     1.00062905        0
  1838.53994884     1.00009602        0
  1838.56038102     1.00007572        0
  1838.58081309     0.99998679        0
  1838.60124507     1.00027642        0
  1838.62167724     0.99998830        0
  1838.64210931     1.00012631        0
  1838.66254128     1.00009995        0
  1838.68297346     1.00016248        0
  1838.70340553     0.99998742        0
  1838.72383760     1.00000000        0
  1838.74426967     0.99998589        0
  1838.76470174     0.99997090        0
  1838.78513381     1.00006569        0
  1838.80556588     1.00001074        0
  1838.82599795     0.99989189        0
  1838.84643012     0.99999137        0
  1838.86686208     1.00002814        0
  1838.88729415     1.00000872        0
  1838.90772632     0.99988779        0
  1838.92815828     0.99994527        0
  1838.94859035     1.00004105        0
  1838.96902252     1.00007840        0
  1838.98945448     1.00149807        0
  1839.07118274     1.00009160        0
  1839.09161490     1.00002062        0
  1839.11204696     1.00000916        0
  1839.13247892     1.00007618        0
  1839.15291108     1.00004994        0
  1839.17334315     1.00003937        0
  1839.19377511     0.99992893        0
  1839.21420727     0.99999911        0
  1839.23463932     0.99996581        0
  1839.25507128     0.99984513        0
  1839.27550344     0.99984270        0
  1839.29593550     0.99995621        0
  1839.31636766     0.99992192        0
  1839.33679962     0.99992303        0
  1839.35723167     0.99996687        0
  1839.37766373     1.00006607        0
  1839.39809578     1.00013225        0
  1839.41852774     1.00005592        0
  1839.43895990     0.99990437        0
  1839.45939195     0.99996016        0
  1839.47982390     0.99999998        0
  1839.50025606     1.00000169        0
  1839.52068811     0.99993984        0
  1839.54112016     0.99991797        0
  1839.56155222     1.00005690        0
  1839.58198427     0.99993899        0
  1839.60241632     1.00011166        0
  1839.62284837     1.00007005        0
  1839.64328042     1.00006890        0
  1839.72500862     1.00079542        0
  1839.74544077     0.99997838        0
  1839.76587271     1.00004353        0
  1839.78630476     1.00016450        0
  1839.80673691     1.00021060        0
  1839.82716885     1.00021082        0
  1839.84760090     1.00029588        0
  1839.86803305     1.00017782        0
  1839.88846499     1.00011521        0
  1839.90889704     1.00009363        0
  1839.92932918     0.99999279        0
  1839.94976122     0.99989655        0
  1839.97019327     0.99987855        0
  1839.99062531     0.99989461        0
  1840.01105735     1.00000599        0
  1840.29710590     0.99996003        0
  1840.31753783     1.00002208        0
  1840.33796997     1.00007656        0
  1840.35840200     1.00017990        0
  1840.37883404     1.00001403        0
  1840.39926607     0.99988215        0
  1840.41969811     1.00016626        0
  1840.44013014     1.00003548        0
  1840.46056217     0.99988478        0
  1840.48099420     0.99984119        0
  1840.50142623     1.00000051        0
  1840.52185837     1.00000615        0
  1840.54229030     0.99979227        0
  1840.56272243     0.99997483        0
  1840.58315446     0.99996890        0
  1840.60358639     1.00002351        0
  1840.62401852     1.00007947        0
  1840.64445054     1.00009712        0
  1840.66488247     0.99995442        0
  1840.68531460     0.99992766        0
  1840.70574663     1.00169631        0
  1840.72617855     0.99999395        0
  1840.74661068     1.00004503        0
  1840.76704271     0.99998005        0
  1840.78747473     1.00003441        0
  1840.80790676     1.00010617        0
  1840.82833868     1.00011361        0
  1840.84877081     1.00002998        0
  1840.86920283     0.99992659        0
  1840.88963485     1.00005405        0
  1840.91006678     1.00005489        0
  1840.93049890     0.99998051        0
  1840.95093092     1.00006321        0
  1840.97136284     1.00007831        0
  1840.99179496     1.00010410        0
  1872.00722229     1.00002194        1
  1872.02765391     0.99991817        1
  1872.04808553     0.99989576        1
  1872.06851715     0.99995102        1
  1872.08894877     1.00003957        1
  1872.10938039     0.99995793        1
  1872.12981210     1.00003064        1
  1872.17067524     0.99994090        1
  1872.19110696     0.99995585        1
  1872.21153858     0.99991414        1
  1872.23197009     1.00003291        1
  1872.25240181     0.99994648        1
  1872.27283343     1.00004393        1
  1872.29326495     1.00005383        1
  1872.31369667     0.99995127        1
  1872.33412828     1.00000604        1
  1872.35455980     1.00003966        1
  1872.37499152     0.99998908        1
  1872.41585485     1.00002913        1
  1872.43628637     1.00009716        1
  1872.45671799     1.00004757        1
  1872.47714971     1.00005712        1
  1872.49758122     0.99993284        1
  1872.51801284     1.00000237        1
  1872.53844456     1.00000114        1
  1872.55887607     1.00010942        1
  1872.57930769     1.00019917        1
  1872.59973941     1.00013087        1
  1872.62017092     1.00007793        1
  1872.66103426     1.00011059        1
  1872.68146577     0.99999024        1
  1872.70189749     1.00005731        1
  1872.72232910     1.00000963        1
  1872.74276062     1.00006851        1
  1872.76319234     1.00032396        1
  1872.78362395     1.00001145        1
  1872.80405547     1.00016017        1
  1872.82448718     1.00006316        1
  1872.84491880     1.00014227        1
  1872.86535031     1.00017053        1
  1872.90621365     1.00000682        1
  1872.92664516     1.00018465        1
  1872.94707688     0.99988027        1
  1872.96750849     0.99992925        1
  1872.98794021     0.99984525        1
  1873.00837172     0.99984300        1
  1873.02880334     0.99971968        1
  1873.04923505     0.99983400        1
  1873.06966657     0.99974040        1
  1873.09009818     0.99979556        1
  1873.11052990     0.99979569        1
  1873.15139302     0.99958551        1
  1873.17182474     0.99952322        1
  1873.19225635     0.99953425        1
  1873.21268797     0.99955804        1
  1873.23311958     0.99951598        1
  1873.25355120     0.99960442        1
  1873.27398281     0.99963020        1
  1873.29441442     0.99969664        1
  1873.31484604     0.99962525        1
  1873.33527765     0.99973597        1
  1873.35570927     0.99977935        1
  1873.39657249     1.00039091        1
  1873.41700411     0.99998820        1
  1873.43743562     1.00044999        1
  1873.45786733     0.99973181        1
  1873.47829895     0.99974367        1
  1873.49873066     0.99987741        1
  1873.51916217     0.99995408        1
  1873.53959379     1.00010078        1
  1873.56002550     1.00004132        1
  1873.58045701     1.00000281        1
  1873.60088863     1.00016803        1
  1873.78477324     1.00061255        1
  1873.82563647     1.00035863        1
  1873.84606818     1.00030387        1
  1873.88693130     1.00021434        1
  1873.90736301     1.00009130        1
  1873.92779453     1.00015792        1
  1873.94822614     1.00026572        1
  1873.96865785     1.00026427        1
  1873.98908936     1.00028527        1
  1874.00952107     1.00040347        1
  1874.02995258     0.99994177        1
  1874.05038420     1.00019329        1
  1874.07081591     0.99991035        1
  1874.09124742     1.00001633        1
  1874.27513202     0.99998544        1
  1874.29556363     1.00008039        1
  1874.31599524     0.99987969        1
  1874.33642685     0.99997617        1
  1874.37729007     0.99986010        1
  1874.39772168     0.99989053        1
  1874.41815339     0.99993109        1
  1874.43858490     0.99999470        1
  1874.45901652     1.00011567        1
  1874.47944823     1.00002463        1
  1874.49987974     1.00002348        1
  1874.52031145     1.00009930        1
  1874.54074306     0.99995394        1
  1874.56117457     0.99988373        1
  1874.58160628     1.00008255        1
  1874.62246940     1.00000637        1
  1874.64290111     1.00007397        1
  1874.66333272     1.00003200        1
  1874.68376433     0.99996646        1
  1874.70419594     0.99999166        1
  1874.72462755     1.00013382        1
  1874.74505905     1.00018693        1
  1874.76549076     1.00011501        1
  1874.78592237     1.00015200        1
  1874.80635398     1.00011615        1
  1874.82678559     1.00012917        1
  1874.86764891     1.00012269        1
  1874.88808042     1.00003304        1
  1874.90851203     1.00000417        1
  1874.92894374     1.00001040        1
  1874.94937525     1.00005253        1
  1874.96980686     1.00001812        1
  1874.99023857     1.00009905        1
  1875.01067007     1.00008793        1
  1875.03110178     1.00007702        1
  1875.05153339     0.99998368        1
  1875.07196490     0.99996287        1
  1875.11282822     0.99987534        1
  1875.13325973     0.99982063        1
  1875.15369144     0.99972638        1
  1875.17412304     0.99985380        1
  1875.19455465     0.99989646        1
  1875.21498626     0.99978372        1
  1875.23541787     0.99990488        1
  1875.25584958     0.99980909        1
  1875.27628109     0.99992808        1
  1875.35800752     1.00055067        1
  1875.37843923     1.00085071        1
  1875.39887073     0.99979887        1
  1875.41930234     0.99988541        1
  1875.43973405     0.99991208        1
  1875.46016556     0.99999553        1
  1875.48059717     0.99988627        1
  1875.50102887     0.99990123        1
  1875.52146038     1.00001098        1
  1875.54189209     1.00004659        1
  1875.56232370     1.00011614        1
  1875.60318691     0.99989583        1
  1875.62361852     1.00004025        1
  1875.64405003     0.99996852        1
  1875.66448173     1.00009658        1
  1875.68491334     0.99986068        1
  1875.70534495     1.00033158        1
  1875.72577656     1.00002463        1
  1875.74620816     1.00007811        1
  1875.76663987     1.00003889        1
  1875.78707138     1.00008547        1
  1875.80750298     1.00016112        1
  1875.84836630     0.99995447        1
  1875.86879781     0.99986308        1
  1875.88922951     0.99991646        1
  1875.90966112     1.00007935        1
  1875.93009263     1.00005399        1
  1875.95052433     1.00006994        1
  1875.97095594     1.00008991        1
  1875.99138765     1.00027825        1
  1876.01181915     1.00025459        1
  1876.03225076     1.00018668        1
  1876.09354558     1.00000139        1
  1876.11397719     0.99998261        1
  1876.13440879     1.00004528        1
  1876.15484030     1.00002919        1
  1876.17527201     1.00000837        1
  1876.19570361     1.00001498        1
  1876.21613522     1.00001401        1
  1876.23656682     0.99991097        1
  1876.25699843     1.00001103        1
  1876.27743014     0.99986820        1
  1876.29786164     0.99991481        1
  1876.35915656     0.99976724        1
  1876.37958807     0.99972927        1
  1876.40001977     0.99983338        1
  1876.42045138     0.99970217        1
  1876.44088289     0.99977527        1
  1876.46131459     0.99989427        1
  1876.48174620     0.99995431        1
  1876.50217790     0.99988460        1
  1876.52260941     0.99987775        1
  1876.54304101     1.00008088        1
  1876.58390423     1.00006111        1
  1876.60433583     1.00031479        1
  1876.62476754     1.00011361        1
  1876.64519904     1.00010399        1
  1876.66563065     1.00003069        1
  1876.68606235     1.00031186        1
  1876.82908349     0.99969706        1
  1876.84951520     0.99965310        1
  1876.86994670     0.99981898        1
  1876.89037831     0.99976757        1
  1876.91081001     0.99984066        1
  1876.93124162     0.99991739        1
  1876.95167312     0.99995514        1
  1877.07426295     0.99957545        1
  1877.09469446     0.99343958        1
  1877.11512606     0.96896847        1
  1877.13555777     0.93235646        1
  1877.15598927     0.88722309        1
  1877.17642088     0.83599890        1
  1877.19685258     0.78104387        1
  1877.21728409     0.72429121        1
  1877.23771579     0.66917443        1
  1877.25814740     0.62363866        1
  1877.27857890     0.61194927        1
  1877.36030542     0.79710075        1
  1877.38073702     0.85147712        1
  1877.40116863     0.90132628        1
  1877.42160023     0.94459371        1
  1877.44203184     0.97797544        1
  1877.46246344     0.99740265        1
  1877.48289505     1.00010137        1
  1877.50332665     1.00000881        1
  1877.52375826     1.00014242        1
  1877.56462146     0.99998373        1
  1877.58505317     1.00008971        1
  1877.60548467     0.99984558        1
  1877.62591628     1.00005643        1
  1877.64634798     1.00010310        1
  1877.66677949     1.00000958        1
  1877.68721119     0.99999356        1
  1877.70764279     1.00046664        1
  1877.72807430     0.99995785        1
  1877.74850600     1.00001727        1
  1877.76893761     1.00019698        1
  1877.80980082     1.00013388        1
  1877.83023242     1.00000766        1
  1877.85066392     1.00033791        1
  1877.87109563     1.00013810        1
  1877.89152723     1.00020573        1
  1877.91195884     1.00002953        1
  1877.93239044     1.00009745        1
  1877.95282204     0.99996409        1
  1877.97325375     0.99990785        1
  1877.99368535     1.00004033        1
  1878.01411686     1.00014902        1
  1878.05498016     0.99992190        1
  1878.07541167     0.99988736        1
  1878.09584337     0.99991793        1
  1878.11627498     0.99986895        1
  1878.13670648     0.99997962        1
  1878.15713818     0.99996075        1
  1878.17756969     0.99998774        1
  1878.19800139     1.00003200        1
  1878.21843300     1.00003292        1
  1878.23886450     1.00013775        1
  1878.25929620     1.00031786        1
  1878.30015931     1.00017773        1
  1878.32059101     1.00004273        1
  1878.34102262     1.00012108        1
  1878.36145412     1.00006633        1
  1878.38188582     1.00005633        1
  1878.40231743     1.00007742        1
  1878.42274913     0.99996152        1
  1878.44318064     0.99995143        1
  1878.46361224     1.00004199        1
  1878.48404394     1.00000925        1
  1878.50447545     0.99996180        1
  1878.54533875     1.00005268        1
  1878.56577036     0.99985622        1
  1878.58620186     0.99997636        1
  1878.60663356     0.99998192        1
  1878.62706517     0.99996823        1
  1878.64749677     1.00004028        1
  1878.66792838     0.99994560        1
  1878.68835998     0.99993659        1
  1878.70879168     0.99993212        1
  1878.72922319     1.00005274        1
  1878.74965479     1.00005319        1
  1878.79051800     0.99986146        1
  1878.81094960     0.99982320        1
  1878.83138120     0.99982222        1
  1878.85181281     0.99995752        1
  1878.87224451     0.99979839        1
  1878.89267601     0.99988344        1
  1878.91310762     0.99986488        1
  1878.93353932     0.99991373        1
  1878.95397082     1.00007056        1
  1878.97440243     1.00025010        1
  1878.99483413     1.00011275        1
  1879.09699215     0.99994641        1
  1879.11742375     0.99989106        1
  1879.13785536     0.99993021        1
  1879.15828696     1.00006157        1
  1879.17871856     1.00003361        1
  1879.19915017     1.00009314        1
  1879.21958187     0.99996400        1
  1879.24001337     0.99996481        1
  1879.34217149     0.99993164        1
  1879.36260299     1.00011148        1
  1879.38303470     1.00011379        1
  1879.40346630     0.99988200        1
  1879.42389780     0.99991909        1
  1879.44432951     1.00021168        1
  1879.46476111     0.99991901        1
  1879.48519261     1.00006711        1
  1879.52605582     1.00000080        1
  1879.54648752     0.99996238        1
  1879.56691913     0.99977266        1
  1879.58735073     1.00000000        1
  1879.60778233     0.99972839        1
  1879.62821394     0.99992261        1
  1879.64864554     0.99971982        1
  1879.66907714     0.99974510        1
  1879.68950875     0.99989299        1
  1879.70994035     0.99993465        1
  1879.73037195     0.99981794        1
  1879.77123526     1.00014329        1
  1879.79166686     0.99990286        1
  1879.81209837     1.00006017        1
  1879.83253007     1.00014580        1
  1879.85296167     1.00002572        1
  1879.87339318     1.00003737        1
  1879.89382488     1.00010344        1
  1879.91425648     1.00008955        1
  1879.93468799     1.00023994        1
  1879.95511969     1.00024918        1
  1879.97555129     0.99995231        1
  1880.03684610     1.00072803        2
  1880.05727781     1.00040853        2
  1880.07770931     1.00010376        2
  1880.09814092     1.00006064        2
  1880.11857252     1.00017666        2
  1880.13900412     1.00007127        2
  1880.15943573     1.00012088        2
  1880.17986743     1.00012927        2
  1880.20029893     1.00002798        2
  1880.22073064     1.00007963        2
  1880.26159374     1.00002020        2
  1880.28202545     0.99996109        2
  1880.30245705     1.00000000        2
  1880.32288855     1.00005080        2
  1880.34332026     1.00001644        2
  1880.36375186     1.00000266        2
  1880.38418337     0.99990678        2
  1880.40461507     0.99985270        2
  1880.42504667     0.99980043        2
  1880.44547838     0.99986797        2
  1880.46590988     0.99996493        2
  1880.50677319     0.99992718        2
  1880.52720469     0.99999268        2
  1880.54763629     0.99986012        2
  1880.56806800     0.99985124        2
  1880.58849950     0.99983281        2
  1880.60893111     0.99998033        2
  1880.62936281     0.99988522        2
  1880.64979431     0.99991798        2
  1880.67022602     0.99999597        2
  1880.69065762     0.99993198        2
  1880.75195243     0.99982514        2
  1880.77238404     0.99991884        2
  1880.79281564     1.00004255        2
  1880.81324724     0.99994575        2
  1880.83367885     0.99990101        2
  1880.85411045     0.99995888        2
  1880.87454206     0.99997453        2
  1880.89497366     0.99995471        2
  1880.91540526     0.99985881        2
  1880.93583687     0.99995264        2
  1880.95626857     0.99994373        2
  1881.01756338     1.00011703        2
  1881.03799489     0.99981831        2
  1881.05842649     0.99987286        2
  1881.07885820     1.00012808        2
  1881.09928970     0.99988118        2
  1881.11972140     0.99997436        2
  1881.14015301     0.99988829        2
  1881.16058451     0.99985782        2
  1881.18101622     0.99988776        2
  1881.20144782     0.99995358        2
  1881.24231103     1.00020631        2
  1881.26274263     0.99998734        2
  1881.28317424     1.00005737        2
  1881.30360584     0.99995410        2
  1881.32403745     1.00051573        2
  1881.34446915     0.99981506        2
  1881.36490066     0.99996659        2
  1881.38533226     1.00003193        2
  1881.40576397     1.00015132        2
  1881.42619557     1.00019224        2
  1881.44662707     1.00011129        2
  1881.48749028     1.00030186        2
  1881.50792199     1.00050388        2
  1881.52835359     1.00040067        2
  1881.54878520     1.00016200        2
  1881.56921680     1.00010382        2
  1881.58964841     1.00026682        2
  1881.61007991     1.00010595        2
  1881.63051162     1.00013002        2
  1881.65094322     0.99994711        2
  1881.67137473     1.00003431        2
  1881.69180643     0.99996360        2
  1881.73266974     1.00005629        2
  1881.75310124     1.00002780        2
  1881.77353285     0.99999454        2
  1881.79396455     0.99991121        2
  1881.81439606     0.99993404        2
  1881.83482766     1.00013603        2
  1881.85525937     0.99990411        2
  1881.87569087     1.00002253        2
  1881.89612248     1.00007591        2
  1881.91655418     1.00001086        2
  1881.93698579     1.00031245        2
  1881.97784900     1.00004805        2
  1881.99828060     0.99996447        2
  1882.01871221     1.00005954        2
  1882.03914382     1.00002055        2
  1882.05957542     1.00013714        2
  1882.08000713     1.00020247        2
  1882.10043863     1.00022114        2
  1882.12087024     0.99980848        2
  1882.14130194     0.99996321        2
  1882.16173345     0.99989067        2
  1882.18216515     1.00005328        2
  1882.22302826     0.99991209        2
  1882.24345997     0.99986937        2
  1882.26389148     0.99981549        2
  1882.28432308     0.99983439        2
  1882.30475479     0.99985628        2
  1882.32518629     0.99996289        2
  1882.34561800     1.00018228        2
  1882.36604960     1.00018706        2
  1882.38648111     1.00024359        2
  1882.46820763     1.00007957        2
  1882.48863924     1.00015033        2
  1882.50907084     1.00009661        2
  1882.52950245     1.00007720        2
  1882.54993406     1.00009998        2
  1882.57036576     1.00002923        2
  1882.59079737     0.99991821        2
  1882.81554504     0.80988359        2
  1882.83597665     0.74412842        2
  1882.85640835     0.67523502        2
  1882.87683986     0.60594796        2
  1882.89727137     0.54231388        2
  1882.91770307     0.51586546        2
  1883.04029271     0.87404612        2
  1883.06072432     0.92521816        2
  1883.08115603     0.96708903        2
  1883.10158763     0.99391849        2
  1883.12201914     0.99980419        2
  1883.14245085     0.99980413        2
  1883.16288246     0.99990386        2
  1883.20374567     1.00029088        2
  1883.22417728     0.99985599        2
  1883.24460899     1.00006257        2
  1883.26504049     1.00002052        2
  1883.28547210     0.99988972        2
  1883.30590381     0.99994964        2
  1883.32633532     1.00004114        2
  1883.34676692     1.00008078        2
  1883.36719863     0.99993123        2
  1883.38763014     0.99980794        2
  1883.40806185     0.99988761        2
  1883.44892496     0.99987856        2
  1883.46935667     0.99989001        2
  1883.48978828     0.99984040        2
  1883.51021979     0.99997413        2
  1883.53065149     1.00000491        2
  1883.55108300     0.99999467        2
  1883.57151471     1.00000309        2
  1883.59194632     1.00009562        2
  1883.61237783     1.00029952        2
  1883.63280953     1.00008500        2
  1883.65324114     1.00013647        2
  1883.71453597     1.00084863        2
  1883.73496758     1.00006432        2
  1883.75539919     1.00004960        2
  1883.77583079     0.99983675        2
  1883.79626250     0.99986648        2
  1883.81669411     0.99995787        2
  1883.83712562     0.99976566        2
  1883.85755733     0.99979252        2
  1883.87798894     0.99989647        2
  1883.89842045     0.99985822        2
  1883.98014698     1.00051986        2
  1884.00057859     0.99992001        2
  1884.02101030     0.99998066        2
  1884.04144181     0.99996871        2
  1884.06187342     0.99997873        2
  1884.08230513     0.99996557        2
  1884.10273664     1.00001521        2
  1884.12316825     0.99994509        2
  1884.14359996     1.00000602        2
  1884.20489469     1.00048187        2
  1884.22532630     0.99998596        2
  1884.24575801     0.99987188        2
  1884.26618952     0.99988936        2
  1884.28662112     0.99990942        2
  1884.30705283     1.00004878        2
  1884.32748444     1.00005424        2
  1884.34791595     1.00018436        2
  1884.36834767     1.00008359        2
  1884.38877928     1.00000549        2
  1884.42964250     1.00061543        2
  1884.45007411     1.00015383        2
  1884.47050582     1.00000596        2
  1884.49093733     1.00010428        2
  1884.51136894     1.00020438        2
  1884.53180065     1.00006239        2
  1884.55223216     1.00013936        2
  1884.57266377     1.00067381        2
  1884.59309548     1.00010670        2
  1884.61352699     1.00002642        2
  1884.63395870     0.99982584        2
  1884.67482182     0.99976156        2
  1884.69525353     0.99973777        2
  1884.71568515     0.99977087        2
  1884.73611676     0.99984298        2
  1884.75654837     0.99999066        2
  1884.77697998     0.99994669        2
  1884.79741159     0.99992130        2
  1884.81784320     0.99980763        2
  1884.83827481     0.99961769        2
  1884.85870642     0.99974244        2
  1884.87913804     0.99979671        2
  1884.92000126     0.99978953        2
  1884.94043287     0.99979889        2
  1884.96086448     0.99971568        2
  1884.98129620     0.99969667        2
  1885.00172771     0.99963463        2
  1885.02215942     0.99968167        2
  1885.04259103     0.99972958        2
  1885.06302254     0.99980995        2
  1885.08345426     0.99990413        2
  1885.10388587     0.99987394        2
  1885.12431738     0.99985606        2
  1885.16518070     1.00158204        2
  1885.18561222     1.00017176        2
  1885.20604393     1.00008357        2
  1885.22647554     1.00009255        2
  1885.24690726     1.00034690        2
  1885.26733877     1.00015538        2
  1885.28777038     1.00016789        2
  1885.30820209     0.99998021        2
  1885.32863361     1.00020644        2
  1885.34906522     1.00026671        2
  1885.36949693     1.00024321        2
  1885.43079177     1.00034922        2
  1885.45122339     1.00020406        2
  1885.47165500     1.00001127        2
  1885.49208661     1.00021553        2
  1885.51251823     1.00022052        2
  1885.53294984     1.00001882        2
  1885.55338145     1.00011380        2
  1885.57381297     1.00010366        2
  1885.59424468     1.00008380        2
  1885.61467630     1.00016163        2
  1885.65553952     1.00018571        2
  1885.67597114     0.99988220        2
  1885.69640285     0.99991462        2
  1885.71683437     1.00003963        2
  1885.73726598     1.00009918        2
  1885.75769770     1.00002761        2
  1885.77812921     0.99994272        2
  1885.79856082     1.00001608        2
  1885.81899254     0.99990190        2
  1885.83942405     0.99989214        2
  1885.85985577     1.00004813        2
  1885.90071890     1.00041947        2
  1885.92115061     0.99972410        2
  1885.94158223     0.99990741        2
  1885.96201384     0.99991515        2
  1885.98244546     1.00002913        2
  1886.00287707     0.99986315        2
  1886.02330869     0.99988870        2
  1886.04374030     0.99987757        2
  1886.06417192     1.00002123        2
  1886.08460364     1.00007130        2
  1886.10503525     1.00001527        2
  1886.18676161     1.00020247        2
  1886.20719333     1.00004127        2
  1886.22762485     1.00001172        2
  1886.24805656     1.00007330        2
  1886.26848818     1.00007082        2
  1886.28891970     0.99998822        2
  1886.30935141     1.00008423        2
  1886.32978303     1.00012807        2
  1886.35021455     1.00020803        2
  1886.39107788     1.00019904        2
  1886.41150940     1.00013715        2
  1886.43194111     1.00024954        2
  1886.45237273     1.00018860        2
  1886.47280445     1.00014970        2
  1886.49323596     1.00008720        2
  1886.51366758     1.00007676        2
  1886.53409930     1.00017562        2
  1886.55453082     1.00006531        2
  1886.63625739     0.99984858        2
  1886.65668900     0.99979303        2
  1886.67712062     0.99978338        2
  1886.69755224     0.99982536        2
  1886.71798386     0.99992219        2
  1886.73841547     0.99988644        2
  1886.75884719     0.99985135        2
  1886.88143680     0.99992145        2
  1886.90186842     1.00001536        2
  1886.92230014     0.99996469        2
  1886.94273166     0.99997924        2
  1886.96316328     1.00000522        2
  1886.98359500     1.00001773        2
  1887.00402652     1.00005724        2
  1887.12661633     1.00028987        2
  1887.14704795     0.99968789        2
  1887.16747957     0.99975002        2
  1887.18791119     0.99980112        2
  1887.20834281     0.99976871        2
  1887.22877443     0.99970270        2
  1887.24920615     1.00001139        2
  1887.26963767     1.00001012        2
  1887.29006930     0.99990909        2
  1887.31050102     0.99986970        2
  1887.33093264     0.99996812        2
  1887.37179588     0.99982869        2
  1887.39222750     1.00007766        2
  1887.41265902     0.99978063        2
  1887.43309074     0.99976007        2
  1887.45352236     1.00004284        2
  1887.47395398     0.99979521        2
  1887.49438560     0.99992040        2
  1887.51481723     1.00004907        2
  1887.53524895     0.99998315        2
  1887.55568047     1.00002242        2
  1887.57611209     0.99993109        2
  1887.61697533     0.99996599        2
  1887.63740706     1.00008075        2
  1887.65783858     1.00040832        2
  1887.67827020     1.00001652        2
  1887.69870192     1.00003772        2
  1887.71913344     1.00003369        2
  1887.73956507     1.00019833        2
  1887.75999679     1.00007229        2
  1887.78042831     1.00016924        2
  1887.80085993     1.00013734        2
  1887.86215490     0.99999434        2
  1887.88258653     0.99987437        2
  1887.90301815     1.00005225        2
  1887.92344977     1.00008748        2
  1887.94388140     1.00007256        2
  1887.96431302     1.00007734        2
  1887.98474474     0.99997563        2
  1891.04949018     0.99990366        3
  1891.06992182     0.99980300        3
  1891.09035356     0.99996387        3
  1891.11078510     1.00009622        3
  1891.13121674     1.00006847        3
  1891.15164848     1.00000593        3
  1891.17208003     0.99993107        3
  1891.19251177     1.00004878        3
  1891.21294341     1.00006967        3
  1891.23337495     1.00024117        3
  1891.29466988     0.99987907        3
  1891.31510162     0.99991558        3
  1891.33553326     1.00019255        3
  1891.35596500     1.00000130        3
  1891.37639654     1.00002309        3
  1891.39682819     0.99994898        3
  1891.41725993     1.00006590        3
  1891.43769147     1.00029653        3
  1891.45812312     1.00010891        3
  1891.47855486     1.00009284        3
  1891.49898650     1.00010637        3
  1891.53984979     1.00000936        3
  1891.56028133     1.00005901        3
  1891.58071308     1.00009705        3
  1891.60114472     0.99994727        3
  1891.62157626     1.00002425        3
  1891.64200801     0.99997404        3
  1891.66243965     1.00009833        3
  1891.68287120     0.99982647        3
  1891.70330294     0.99990458        3
  1891.72373459     0.99988551        3
  1891.74416633     0.99993580        3
  1891.78502952     1.00004891        3
  1891.80546127     1.00015451        3
  1891.82589281     1.00015140        3
  1891.84632446     1.00011416        3
  1891.86675620     1.00007933        3
  1891.88718775     0.99992908        3
  1891.90761940     1.00008260        3
  1891.92805114     1.00013611        3
  1891.94848269     1.00031386        3
  1891.96891443     1.00017636        3
  1891.98934608     1.00013452        3
  1892.03020937     0.99997807        3
  1892.05064102     0.99974030        3
  1892.07107267     0.99984901        3
  1892.09150432     0.99976170        3
  1892.11193596     0.99989793        3
  1892.13236771     0.99992938        3
  1892.15279936     0.99986344        3
  1892.17323091     0.99991568        3
  1892.19366265     0.99988231        3
  1892.21409420     0.99991811        3
  1892.23452585     0.99985536        3
  1892.27538915     0.99980381        3
  1892.29582090     0.99987434        3
  1892.31625255     0.99995667        3
  1892.33668409     0.99996109        3
  1892.35711584     0.99998207        3
  1892.37754749     1.00003032        3
  1892.39797904     1.00001426        3
  1892.41841079     1.00009832        3
  1892.43884244     1.00017263        3
  1892.45927399     1.00008246        3
  1892.47970574     1.00001451        3
  1892.52056914     0.99993729        3
  1892.54100069     0.99994019        3
  1892.56143234     1.00000198        3
  1892.58186409     0.99996295        3
  1892.60229564     0.99993839        3
  1892.62272729     0.99998741        3
  1892.64315905     1.00004490        3
  1892.66359070     1.00012588        3
  1892.68402235     1.00007263        3
  1892.84747556     1.00000220        3
  1892.86790732     1.00003431        3
  1892.88833887     1.00001883        3
  1892.90877062     1.00008244        3
  1892.92920218     1.00003085        3
  1892.94963383     0.99990738        3
  1892.97006558     1.00002954        3
  1893.01092879     1.00018155        3
  1893.03136054     1.00016831        3
  1893.05179210     0.99994766        3
  1893.07222385     0.99997877        3
  1893.09265551     1.00026519        3
  1893.11308706     1.00019340        3
  1893.13351882     0.99993210        3
  1893.15395047     1.00028233        3
  1893.17438203     1.00030101        3
  1893.19481378     1.00013121        3
  1893.21524544     1.00009226        3
  1893.33783537     1.00009900        3
  1893.35826713     0.99995551        3
  1893.37869878     1.00018682        3
  1893.39913034     1.00012708        3
  1893.41956210     1.00008368        3
  1893.43999376     0.99990925        3
  1893.46042551     0.99994750        3
  1893.50128873     1.00012467        3
  1893.52172048     1.00027740        3
  1893.54215204     1.00006466        3
  1893.56258360     0.99990732        3
  1893.58301536     1.00000301        3
  1893.60344702     1.00007600        3
  1893.62387877     1.00000666        3
  1893.64431033     0.99991321        3
  1893.66474199     0.99990376        3
  1893.68517375     0.99986679        3
  1893.70560531     1.00000926        3
  1893.74646873     0.99992255        3
  1893.76690029     0.99985687        3
  1893.78733195     0.99993509        3
  1893.80776371     0.99998527        3
  1893.82819527     1.00010216        3
  1893.84862703     1.00014644        3
  1893.86905869     1.00006333        3
  1893.88949035     1.00002258        3
  1893.90992201     1.00000935        3
  1893.93035367     0.99995503        3
  1894.03251208     0.99758449        3
  1894.05294364     0.97575496        3
  1894.07337540     0.93713991        3
  1894.09380706     0.88747896        3
  1894.11423862     0.82947184        3
  1894.13467039     0.76560998        3
  1894.15510205     0.69775378        3
  1894.17553371     0.62839832        3
  1894.19596537     0.56184511        3
  1894.25726036     0.58932914        3
  1894.27769193     0.65835863        3
  1894.29812369     0.72770043        3
  1894.31855535     0.79406542        3
  1894.33898692     0.85557244        3
  1894.35941868     0.91017979        3
  1894.37985035     0.95540519        3
  1894.40028211     0.98760950        3
  1894.42071368     0.99975487        3
  1894.44114534     1.00008515        3
  1894.48200867     0.99986566        3
  1894.50244034     0.99993229        3
  1894.52287210     0.99995317        3
  1894.54330377     0.99988712        3
  1894.56373543     0.99993340        3
  1894.58416710     0.99994735        3
  1894.60459877     1.00000000        3
  1894.62503043     1.00000738        3
  1894.72718877     0.99988041        3
  1894.74762053     0.99996961        3
  1894.76805210     1.00002652        3
  1894.78848387     0.99994391        3
  1894.80891554     0.99990034        3
  1894.82934710     0.99992995        3
  1894.84977887     0.99995935        3
  1894.87021044     0.99992804        3
  1894.97236888     0.99990335        3
  1894.99280045     0.99998745        3
  1895.01323222     1.00005410        3
  1895.03366389     1.00003543        3
  1895.05409556     1.00011658        3
  1895.07452723     1.00022752        3
  1895.09495890     1.00017713        3
  1895.11539067     1.00027044        3
  1895.13582224     1.00035807        3
  1895.15625391     1.00025821        3
  1895.17668569     1.00010799        3
  1895.21754893     1.00079336        3
  1895.23798070     1.00035133        3
  1895.25841237     1.00010807        3
  1895.27884394     0.99987616        3
  1895.29927571     0.99995399        3
  1895.31970739     0.99985855        3
  1895.34013916     0.99983654        3
  1895.36057073     0.99981927        3
  1895.38100240     0.99984239        3
  1895.40143418     0.99997079        3
  1895.42186575     0.99996331        3
  1895.46272920     1.00006669        3
  1895.48316077     0.99979226        3
  1895.50359254     1.00000751        3
  1895.52402412     1.00007218        3
  1895.54445579     1.00015896        3
  1895.56488757     1.00014630        3
  1895.58531914     1.00016771        3
  1895.60575081     0.99999291        3
  1895.62618259     1.00003263        3
  1895.64661416     1.00008566        3
  1895.66704594     1.00013263        3
  1895.70790929     1.00010645        3
  1895.72834097     1.00003053        3
  1895.74877264     1.00004518        3
  1895.76920432     0.99996597        3
  1895.78963599     1.00001586        3
  1895.81006767     1.00017421        3
  1895.83049935     1.00006532        3
  1895.85093112     0.99995477        3
  1895.87136270     1.00002233        3
  1895.89179448     0.99996460        3
  1895.91222615     1.00001534        3
  1895.95308951     1.00019550        3
  1895.97352119     1.00021402        3
  1895.99395277     1.00012128        3
  1896.01438454     1.00015195        3
  1896.03481622     1.00020327        3
  1896.05524800     1.00021842        3
  1896.07567958     1.00003800        3
  1896.09611126     1.00000650        3
  1896.11654294     1.00009556        3
  1896.13697462     0.99997578        3
  1896.15740630     1.00001760        3
  1896.19826966     0.99997562        3
  1896.21870144     1.00003796        3
  1896.23913302     0.99997219        3
  1896.25956470     0.99988866        3
  1896.27999648     0.99991642        3
  1896.30042806     1.00008551        3
  1896.32085974     0.99988903        3
  1896.34129152     0.99984711        3
  1896.36172310     0.99986772        3
  1896.50474497     0.99998723        3
  1896.52517666     0.99986178        3
  1896.54560834     0.99986016        3
  1896.56604012     0.99983769        3
  1896.58647171     0.99985401        3
  1896.60690349     0.99998940        3
  1896.62733517     1.00004476        3
  1896.64776676     0.99986802        3
  1896.68863023     0.99997518        3
  1896.70906181     0.99992119        3
  1896.72949360     0.99990906        3
  1896.74992528     0.99994813        3
  1896.77035697     0.99995071        3
  1896.79078865     1.00001917        3
  1896.81122034     1.00003868        3
  1896.83165202     1.00013591        3
  1896.85208371     1.00006993        3
  1896.87251539     1.00002351        3
  1896.89294708     1.00003664        3
  1896.93381045     1.00002617        3
  1896.95424214     1.00003685        3
  1896.97467383     1.00000645        3
  1896.99510561     0.99984660        3
  1897.01553720     1.00021141        3
  1897.03596889     1.00032116        3
  1897.05640068     1.00004452        3
  1897.07683236     0.99989592        3
  1897.09726395     0.99993077        3
  1897.11769574     0.99990668        3
  1897.13812743     0.99992424        3
  1897.17899081     0.99995925        3
  1897.19942249     0.99995180        3
  1897.21985428     0.99988174        3
  1897.24028587     0.99997914        3
  1897.26071756     1.00011369        3
  1897.28114935     1.00040411        3
  1897.30158094     1.00014040        3
  1897.32201273     0.99998785        3
  1897.34244442     1.00016367        3
  1897.36287601     1.00024831        3
  1897.38330781     1.00025741        3
  1897.42417109     1.00013897        3
  1897.44460288     0.99996518        3
  1897.46503457     0.99996826        3
  1897.48546636     0.99994469        3
  1897.50589795     1.00025981        3
  1897.52632955     1.00002884        3
  1897.54676134     0.99991532        3
  1897.56719303     0.99987713        3
  1897.58762472     0.99993891        3
  1897.60805642     1.00005118        3
  1897.62848811     1.00001526        3
  1897.75107827     0.99993166        3
  1897.77151007     0.99993579        3
  1897.79194176     1.00010843        3
  1897.81237336     0.99998550        3
  1897.83280515     1.00011441        3
  1897.85323685     0.99989446        3
  1897.87366864     0.99991418        3
  1897.91453194     0.99987835        3
  1897.93496373     1.00001490        3
  1897.95539533     0.99993798        3
  1897.97582702     1.00001090        3
  1897.99625882     0.99997573        3
  1898.01669042     1.00001397        4
  1898.03712222     0.99996761        4
  1898.05755391     1.00020138        4
  1898.07798551     1.00000490        4
  1898.09841731     1.00007139        4
  1898.11884901     1.00004736        4
  1898.15971240     0.99999723        4
  1898.18014400     0.99995479        4
  1898.20057580     1.00004433        4
  1898.22100750     1.00003060        4
  1898.24143910     1.00021219        4
  1898.26187090     1.00015591        4
  1898.28230260     1.00012804        4
  1898.30273430     1.00004679        4
  1898.32316600     0.99992568        4
  1898.34359770     1.00008416        4
  1898.40489280     0.99996257        4
  1898.42532460     0.99995366        4
  1898.44575630     0.99980156        4
  1898.46618790     0.99994038        4
  1898.48661970     0.99981718        4
  1898.50705141     0.99991104        4
  1898.52748301     0.99990189        4
  1898.54791481     0.99996212        4
  1898.56834651     0.99987987        4
  1898.58877832     0.99991421        4
  1898.60920992     1.00000470        4
  1898.65007343     0.99975430        4
  1898.67050503     0.99971256        4
  1898.69093673     0.99977590        4
  1898.71136854     0.99985945        4
  1898.73180014     0.99980721        4
  1898.75223195     0.99985221        4
  1898.77266365     0.99990436        4
  1898.79309525     0.99999491        4
  1898.81352706     1.00020603        4
  1898.83395867     1.00015426        4
  1898.85439037     1.00006107        4
  1898.89525378     1.00035780        4
  1898.91568549     1.00026376        4
  1898.93611729     1.00043055        4
  1898.95654900     1.00004437        4
  1898.97698071     1.00004538        4
  1898.99741241     1.00004899        4
  1899.01784412     1.00029328        4
  1899.03827583     1.00027027        4
  1899.05870754     1.00011892        4
  1899.07913924     0.99983004        4
  1899.09957105     0.99982677        4
  1899.14043447     0.99994989        4
  1899.16086618     1.00019284        4
  1899.18129779     0.99997028        4
  1899.20172960     1.00002186        4
  1899.22216130     1.00017593        4
  1899.24259291     1.00021559        4
  1899.26302472     1.00022347        4
  1899.28345643     1.00026476        4
  1899.30388824     1.00015821        4
  1899.32431985     1.00014909        4
  1899.34475156     1.00023507        4
  1899.38561499     1.00002507        4
  1899.40604670     1.00028268        4
  1899.42647851     0.99997972        4
  1899.44691012     0.99993040        4
  1899.46734193     1.00000968        4
  1899.48777354     1.00002019        4
  1899.50820526     1.00004326        4
  1899.52863707     1.00000919        4
  1899.54906868     0.99998262        4
  1899.56950040     0.99990300        4
  1899.58993221     0.99995622        4
  1899.63079554     0.99982737        4
  1899.65122735     0.99991792        4
  1899.67165906     0.99995330        4
  1899.69209078     0.99957417        4
  1899.71252249     0.98691063        4
  1899.73295421     0.95738502        4
  1899.75338602     0.91740345        4
  1899.77381764     0.86981305        4
  1899.79424935     0.81700862        4
  1899.81468117     0.76084110        4
  1899.83511278     0.70427383        4
  1899.93727147     0.70410858        4
  1899.95770308     0.76109525        4
  1899.97813490     0.81732086        4
  1899.99856662     0.87028487        4
  1900.01899844     0.91795178        4
  1900.03943005     0.95769644        4
  1900.05986177     0.98706997        4
  1900.08029349     0.99960739        4
  1900.12115693     0.99991081        4
  1900.14158865     0.99980135        4
  1900.16202037     0.99993460        4
  1900.18245219     1.00016013        4
  1900.20288381     1.00006783        4
  1900.22331553     1.00005074        4
  1900.24374735     0.99998611        4
  1900.26417897     0.99985574        4
  1900.28461069     0.99989243        4
  1900.30504251     0.99997147        4
  1900.32547423     0.99984282        4
  1900.36633767     0.99993688        4
  1900.38676939     0.99986175        4
  1900.40720122     0.99983974        4
  1900.42763284     0.99990225        4
  1900.44806456     0.99997272        4
  1900.46849638     0.99988783        4
  1900.48892801     1.00003058        4
  1900.50935973     1.00010785        4
  1900.52979155     1.00023782        4
  1900.55022318     1.00023029        4
  1900.57065500     1.00010886        4
  1900.61151835     1.00013064        4
  1900.63195017     1.00003774        4
  1900.65238190     1.00001505        4
  1900.67281352     1.00011471        4
  1900.69324535     0.99997526        4
  1900.71367707     1.00001104        4
  1900.85669916     0.99994040        4
  1900.87713089     1.00010578        4
  1900.89756271     1.00034981        4
  1900.91799444     1.00014185        4
  1900.93842607     1.00027878        4
  1900.95885790     1.00000655        4
  1900.97928963     1.00017616        4
  1900.99972126     0.99994807        4
  1901.02015308     0.99996865        4
  1901.04058481     0.99982619        4
  1901.06101644     0.99994921        4
  1901.10188000     1.00004425        4
  1901.12231183     0.99994670        4
  1901.14274346     0.99998738        4
  1901.16317519     1.00002897        4
  1901.18360702     0.99989603        4
  1901.20403866     0.99980579        4
  1901.22447039     0.99995915        4
  1901.24490222     1.00019154        4
  1901.26533385     0.99997830        4
  1901.28576568     1.00011783        4
  1901.30619741     0.99996653        4
  1901.36749261     0.99998615        4
  1901.38792435     1.00036999        4
  1901.40835608     0.99998315        4
  1901.42878781     1.00010035        4
  1901.44921955     1.00009476        4
  1901.46965128     1.00006921        4
  1901.49008302     1.00000626        4
  1901.51051475     1.00000345        4
  1901.53094648     1.00001965        4
  1901.55137822     1.00006334        4
  1901.59224169     1.00026987        4
  1901.61267353     1.00001864        4
  1901.63310526     1.00000611        4
  1901.65353690     0.99996757        4
  1901.67396873     1.00006226        4
  1901.69440047     1.00011125        4
  1901.71483211     1.00010706        4
  1901.73526395     1.00001500        4
  1901.75569568     1.00003155        4
  1901.77612732     1.00000438        4
  1901.79655916     1.00009058        4
  1901.83742274     1.00001750        4
  1901.85785437     1.00003014        4
  1901.87828611     1.00009132        4
  1901.89871795     0.99999582        4
  1901.91914959     1.00002851        4
  1901.93958133     0.99982094        4
  1901.96001317     0.99975541        4
  1901.98044481     0.99982246        4
  1902.00087665     0.99975330        4
  1902.02130839     0.99987640        4
  1902.08260362     0.99999210        4
  1902.10303526     0.99996431        4
  1902.12346710     0.99994774        4
  1902.14389884     0.99993075        4
  1902.16433058     1.00013752        4
  1902.18476233     1.00003638        4
  1902.20519407     1.00006197        4
  1902.22562581     1.00003081        4
  1902.24605755     0.99996104        4
  1902.26648930     1.00008558        4
  1902.28692114     1.00015079        4
  1902.32778453     0.99993478        4
  1902.34821637     0.99990689        4
  1902.36864802     0.99996177        4
  1902.38907986     0.99993693        4
  1902.40951161     0.99981369        4
  1902.42994325     0.99999578        4
  1902.45037510     0.99999698        4
  1902.47080685     1.00006036        4
  1902.57296558     0.99997466        4
  1902.59339733     0.99994830        4
  1902.61382918     0.99994190        4
  1902.63426082     0.99991746        4
  1902.65469257     0.99988786        4
  1902.67512442     0.99997165        4
  1902.69555607     1.00004064        4
  1902.71598792     0.99994296        4
  1902.73641967     0.99997531        4
  1902.75685132     0.99983367        4
  1902.77728317     1.00005462        4
  1902.81814667     1.00050344        4
  1902.83857842     1.00013605        4
  1902.85901017     0.99976290        4
  1902.87944182     0.99993647        4
  1902.89987367     0.99998683        4
  1902.92030542     1.00014808        4
  1902.94073727     1.00023442        4
  1902.96116892     1.00031185        4
  1902.98160068     1.00020104        4
  1903.00203253     1.00003817        4
  1903.02246418     1.00013594        4
  1903.20634997     0.99986966        4
  1903.22678182     0.99990283        4
  1903.24721358     0.99986829        4
  1903.26764543     0.99992369        4
  1903.30850885     1.00008025        4
  1903.32894070     1.00000000        4
  1903.34937236     1.00003702        4
  1903.36980412     0.99989816        4
  1903.39023597     1.00021788        4
  1903.41066773     1.00009800        4
  1903.43109949     1.00030970        4
  1903.45153115     1.00003493        4
  1903.47196291     0.99998224        4
  1903.49239476     1.00001921        4
  1903.51282652     1.00011054        4
  1903.55369004     1.00005074        4
  1903.57412180     1.00011622        4
  1903.59455346     0.99994870        4
  1903.61498532     0.99989062        4
  1903.63541708     0.99988253        4
  1903.65584894     0.99997586        4
  1903.67628060     1.00001730        4
  1903.69671236     1.00003237        4
  1903.71714423     1.00008187        4
  1903.73757589     1.00014904        4
  1903.75800765     1.00007224        4
  1903.79887117     1.00004823        4
  1903.81930304     1.00026124        4
  1903.83973480     1.00022423        4
  1903.86016646     1.00007725        4
  1903.88059833     1.00009513        4
  1903.90103009     1.00000552        4
  1903.92146175     0.99995580        4
  1903.94189362     0.99987240        4
  1903.96232538     0.99993526        4
  1903.98275725     0.99992230        4
  1904.00318891     0.99994806        4
  1904.04405244     1.00005974        4
  1904.06448431     1.00007430        4
  1904.08491597     0.99998511        4
  1904.10534774     0.99981403        4
  1904.12577951     0.99988907        4
  1904.14621127     0.99992216        4
  1904.16664314     0.99994729        4
  1904.18707481     1.00000276        4
  1904.20750668     1.00006655        4
  1904.22793845     1.00019830        4
  1904.24837011     1.00007676        4
  1904.30966542     1.00004716        4
  1904.33009729     1.00004370        4
  1904.35052906     1.00014831        4
  1904.37096093     1.00017951        4
  1904.39139260     1.00003918        4
  1904.41182437     0.99993794        4
  1904.43225624     1.00003771        4
  1904.45268791     1.00013726        4
  1904.47311968     0.99986616        4
  1904.49355155     0.99986200        4
  1904.61614219     0.99978449        4
  1904.63657396     1.00000717        4
  1904.65700573     0.99994257        4
  1904.67743751     1.00006424        4
  1904.69786928     0.99991223        4
  1904.71830106     0.99996232        4
  1904.73873283     1.00000111        4
  1904.77959638     0.99999571        4
  1904.80002816     1.00005398        4
  1904.82046003     0.99992061        4
  1904.84089171     0.99993256        4
  1904.86132348     0.99993320        4
  1904.88175536     0.99986080        4
  1905.04520958     0.99994597        4
  1905.06564136     0.99996478        4
  1905.08607324     1.00010425        4
  1905.10650492     1.00003863        4
  1905.12693670     1.00003387        4
  1905.14736858     0.99997390        4
  1905.16780026     1.00019231        4
  1905.18823204     1.00022663        4
