  1835.65937258     0.99810000        0
  1835.67980484     0.99740242        0
  1835.80239837     0.99567062        0
  1835.82283072     1.00310264        0
  1835.84326288     1.00278333        0
  1835.86369513     0.99888538        0
  1835.88412748     1.00008011        0
  1835.90455963     1.00055915        0
  1835.92499188     1.00306393        0
  1835.94542424     1.00212773        0
  1835.96585639     1.00246296        0
  1835.98628863     0.99855499        0
  1836.00672098     0.99921426        0
  1836.02715313     0.99999517        0
  1836.04758538     1.00068717        0
  1836.06801773     1.00038848        0
  1836.08844987     1.00123499        0
  1836.10888212     1.00063380        0
  1836.12931447     1.00016163        0
  1836.14974671     0.99896323        0
  1836.17017886     1.00004067        0
  1836.19061120     0.99987955        0
  1836.21104344     0.99746171        0
  1836.23147579     0.99840007        0
  1836.25190793     1.00049158        0
  1836.27234017     0.99927702        0
  1836.31320466     0.99907467        0
  1836.33363690     0.99931201        0
  1836.35406924     1.00111789        0
  1836.37450138     1.00148210        0
  1836.39493361     1.00183388        0
  1836.41536585     1.00176955        0
  1836.43579809     1.00251959        0
  1836.45623033     0.99955346        0
  1836.47666257     0.99788805        0
  1836.49709480     1.00203908        0
  1836.51752704     0.99938774        0
  1836.53795927     0.99967820        0
  1836.55839151     1.00021380        0
  1836.57882374     1.00015224        0
  1836.59925608     1.00094806        0
  1836.61968821     0.99908329        0
  1836.64012044     1.00130977        0
  1836.66055277     0.99925531        0
  1836.68098491     0.99947960        0
  1836.70141714     0.99946666        0
  1836.72184947     0.99898509        0
  1836.74228160     0.99877444        0
  1836.76271383     0.99968374        0
  1836.78314616     0.99840165        0
  1836.80357828     0.99894893        0
  1836.82401061     1.00008003        0
  1836.84444284     0.99951416        0
  1836.86487497     0.99995575        0
  1836.88530729     0.99935644        0
  1836.90573952     1.00191971        0
  1836.92617164     1.00565526        0
  1836.94660397     0.99865481        0
  1836.96703619     1.00672947        0
  1836.98746842     1.00045344        0
  1837.00790064     0.99754696        0
  1837.02833286     0.99396189        0
  1837.08962953     0.99930160        0
  1837.11006175     0.99978429        0
  1837.13049397     0.99944606        0
  1837.15092619     1.00188307        0
  1837.17135841     0.99992269        0
  1837.19179063     0.99978804        0
  1837.21222284     1.00035783        0
  1837.23265506     1.00216705        0
  1837.25308728     0.99847349        0
  1837.27351950     1.00021760        0
  1837.29395161     1.00034180        0
  1837.31438393     0.99936939        0
  1837.33481614     0.99874297        0
  1837.35524836     0.99974377        0
  1837.37568057     1.00022322        0
  1837.39611278     0.99940651        0
  1837.41654500     1.00227975        0
  1837.43697731     1.00062120        0
  1837.45740942     0.99927290        0
  1837.47784173     0.99971515        0
  1837.49827394     0.99983309        0
  1837.51870605     1.00149426        0
  1837.53913836     0.99958243        0
  1837.55957057     1.00089743        0
  1837.58000268     1.00131094        0
  1837.60043499     1.00066576        0
  1837.62086720     1.00309486        0
  1837.64129931     0.99827297        0
  1837.66173161     0.99952718        0
  1837.68216382     1.00054229        0
  1837.70259592     0.99948510        0
  1837.72302823     0.99941419        0
  1837.74346043     1.00087990        0
  1837.76389254     1.00000000        0
  1837.78432484     1.00158127        0
  1837.80475704     1.00172610        0
  1837.82518925     0.99890859        0
  1837.84562145     1.00083169        0
  1837.86605365     1.00008962        0
  1837.88648575     1.00169133        0
  1837.90691805     0.99845582        0
  1837.92735025     0.99842457        0
  1837.94778245     1.00048050        0
  1837.96821465     0.99949538        0
  1837.98864685     1.00070635        0
  1838.00907895     1.00100747        0
  1838.02951125     0.99868728        0
  1838.04994344     1.00151698        0
  1838.07037574     0.99952809        0
  1838.09080783     1.00427247        0
  1838.11124003     0.99856125        0
  1838.13167232     0.99944736        0
  1838.15210442     0.99959533        0
  1838.17253661     1.00547920        0
  1838.19296891     1.00102164        0
  1838.21340100     0.99272453        0
  1838.29512977     0.99977151        0
  1838.31556206     1.00081399        0
  1838.33599425     1.00002590        0
  1838.35642634     1.00100460        0
  1838.37685862     0.99961161        0
  1838.39729081     1.00022125        0
  1838.41772290     0.99936813        0
  1838.43815519     1.00002128        0
  1838.45858737     0.99952438        0
  1838.47901946     1.00121066        0
  1838.49945175     1.00296118        0
  1838.51988393     0.99947189        0
  1838.54031602     1.00107613        0
  1838.56074830     0.99880205        0
  1838.58118048     0.99735781        0
  1838.60161257     0.99757721        0
  1838.62204485     0.99895479        0
  1838.64247703     1.00093996        0
  1838.66290912     0.99925983        0
  1838.68334140     1.00052825        0
  1838.70377358     1.00016076        0
  1838.72420576     1.00003800        0
  1838.74463794     0.99934548        0
  1838.76507012     1.00024708        0
  1838.78550229     1.00077074        0
  1838.80593447     0.99936597        0
  1838.82636665     1.00020896        0
  1838.84679893     1.00029041        0
  1838.86723100     1.00232470        0
  1838.88766318     1.00469982        0
  1838.90809546     1.00106232        0
  1838.92852753     1.00516473        0
  1838.94895971     0.99987885        0
  1838.96939198     0.99567849        0
  1838.98982405     0.99385056        0
  1839.07155274     1.00015176        0
  1839.09198501     1.00104627        0
  1839.11241719     0.99917052        0
  1839.13284926     0.99893054        0
  1839.15328153     0.99895938        0
  1839.17371369     0.99807197        0
  1839.19414576     0.99931822        0
  1839.21457803     1.00003370        0
  1839.23501020     0.99963630        0
  1839.25544227     1.00126949        0
  1839.27587453     1.00130176        0
  1839.29630670     0.99989613        0
  1839.31673896     0.99857934        0
  1839.33717103     0.99927034        0
  1839.35760319     0.99782901        0
  1839.37803536     0.99827562        0
  1839.39846752     0.99907631        0
  1839.41889959     1.00170308        0
  1839.43933185     0.99942220        0
  1839.45976401     1.00107818        0
  1839.48019607     1.00047762        0
  1839.50062833     0.99972363        0
  1839.52106049     0.99807612        0
  1839.54149265     0.99863834        0
  1839.56192481     1.00021460        0
  1839.58235697     0.99878576        0
  1839.60278913     0.99808210        0
  1839.62322129     1.00385403        0
  1839.64365345     1.00015754        0
  1839.66408561     1.00225467        0
  1839.68451786     1.00105848        0
  1839.72538207     0.99631896        0
  1839.74581433     1.00008709        0
  1839.76624638     0.99974714        0
  1839.78667854     1.00117118        0
  1839.80711079     1.00129899        0
  1839.82754285     1.00009730        0
  1839.84797500     0.99953130        0
  1839.86840725     1.00102318        0
  1839.88883930     1.00366057        0
  1839.90927145     1.00201541        0
  1839.92970370     1.00123656        0
  1839.95013585     0.99932515        0
  1839.97056800     1.00184754        0
  1839.99100015     0.99929303        0
  1840.29748233     1.00008324        0
  1840.31791438     0.99894799        0
  1840.33834662     0.99989168        0
  1840.35877876     1.00086392        0
  1840.37921090     1.00107555        0
  1840.39964304     0.99929422        0
  1840.42007518     1.00146736        0
  1840.44050731     0.99912592        0
  1840.46093945     0.99946346        0
  1840.48137159     0.99907225        0
  1840.50180373     1.00206389        0
  1840.52223596     1.00084320        0
  1840.54266800     0.99910437        0
  1840.56310024     1.00015333        0
  1840.58353237     0.99981874        0
  1840.60396440     0.99920296        0
  1840.62439664     0.99945902        0
  1840.64482877     1.00044158        0
  1840.66526081     1.00913160        0
  1840.68569304     1.01398378        0
  1840.70612517     0.99815674        0
  1840.72655720     1.00133063        0
  1840.74698943     1.00014380        0
  1840.76742156     0.99902977        0
  1840.78785370     0.99960830        0
  1840.80828582     0.99999396        0
  1840.82871785     1.00036637        0
  1840.84915008     1.00027883        0
  1840.86958221     1.00192091        0
  1840.89001434     0.99905257        0
  1840.91044637     0.99933765        0
  1840.93087859     0.99912508        0
  1840.95131072     1.00013008        0
  1840.97174275     1.00081492        0
  1840.99217497     1.00147681        0
  1872.00770364     0.99920705        1
  1872.02813528     1.00103868        1
  1872.04856693     0.99863970        1
  1872.06899857     1.00019438        1
  1872.08943022     0.99968115        1
  1872.10986186     0.99994225        1
  1872.13029361     0.99962175        1
  1872.17115680     1.00026276        1
  1872.19158854     0.99935132        1
  1872.21202019     0.99911996        1
  1872.23245173     1.00096402        1
  1872.25288348     1.00174381        1
  1872.27331512     1.00008929        1
  1872.29374666     1.00016672        1
  1872.31417841     0.99905264        1
  1872.33461005     0.99995346        1
  1872.35504159     1.00048055        1
  1872.37547334     1.00031312        1
  1872.41633672     1.00070779        1
  1872.43676827     1.00010348        1
  1872.45719991     1.00052476        1
  1872.47763165     1.00027961        1
  1872.49806319     0.99907884        1
  1872.51849484     0.99949182        1
  1872.53892658     0.99959284        1
  1872.55935812     0.99884434        1
  1872.57978976     0.99807668        1
  1872.60022151     0.99994964        1
  1872.62065305     1.00107034        1
  1872.66151643     1.00004976        1
  1872.68194797     0.99850336        1
  1872.70237971     1.00031502        1
  1872.72281135     1.00046902        1
  1872.74324289     0.99929615        1
  1872.76367464     0.99965438        1
  1872.78410628     1.00066589        1
  1872.80453782     0.99879225        1
  1872.82496956     0.99927309        1
  1872.84540120     1.00055344        1
  1872.86583274     0.99996288        1
  1872.90669612     0.99958582        1
  1872.92712766     1.00068535        1
  1872.94755940     1.00151074        1
  1872.96799104     1.00013082        1
  1872.98842278     1.00020183        1
  1873.00885431     1.00175998        1
  1873.02928595     0.99961473        1
  1873.04971769     1.00053880        1
  1873.07014923     1.00170249        1
  1873.09058087     0.99800008        1
  1873.15187579     1.00011593        1
  1873.17230752     0.99857665        1
  1873.19273916     1.00113200        1
  1873.21317080     1.00158972        1
  1873.23360244     0.99969556        1
  1873.25403407     1.00001400        1
  1873.27446571     1.00041549        1
  1873.29489735     0.99912114        1
  1873.31532899     1.00155558        1
  1873.33576062     0.99841503        1
  1873.35619226     1.00100947        1
  1873.39705554     0.99433315        1
  1873.41748717     1.00017858        1
  1873.43791871     1.00043271        1
  1873.45835044     1.00044861        1
  1873.47878208     1.00012841        1
  1873.49921382     0.99942931        1
  1873.51964535     1.00055185        1
  1873.54007699     0.99917352        1
  1873.56050873     1.00084505        1
  1873.58094026     1.00040607        1
  1873.60137190     1.00011385        1
  1873.74439344     1.00021259        1
  1873.76482508     0.99851620        1
  1873.78525671     0.99829316        1
  1873.80568835     0.99912745        1
  1873.82611998     1.00099185        1
  1873.84655171     0.99948313        1
  1873.88741488     0.99977971        1
  1873.90784662     0.99954962        1
  1873.92827815     1.00056998        1
  1873.94870978     0.99944884        1
  1873.96914152     0.99901784        1
  1873.98957305     0.99984923        1
  1874.01000478     0.99772726        1
  1874.03043632     1.00047316        1
  1874.05086795     1.00008043        1
  1874.07129968     1.00059164        1
  1874.09173121     0.99931062        1
  1874.25518437     0.99872156        1
  1874.27561600     1.00125033        1
  1874.29604763     1.00078352        1
  1874.31647927     1.00008821        1
  1874.33691090     1.00025074        1
  1874.37777416     0.99944987        1
  1874.39820579     1.00140238        1
  1874.41863752     0.99907038        1
  1874.43906905     1.00039229        1
  1874.45950068     1.00059086        1
  1874.47993241     1.00004299        1
  1874.50036394     0.99885560        1
  1874.52079567     0.99971614        1
  1874.54122730     1.00058039        1
  1874.56165883     0.99847466        1
  1874.58209057     0.99924431        1
  1874.62295372     0.99960078        1
  1874.64338545     0.99994085        1
  1874.66381708     0.99900976        1
  1874.68424871     1.00114291        1
  1874.70468034     1.00002108        1
  1874.72511197     1.00158407        1
  1874.74554350     0.99993060        1
  1874.76597523     0.99861890        1
  1874.78640686     1.00012755        1
  1874.80683849     0.99907715        1
  1874.86813347     0.99930579        1
  1874.88856500     0.99956507        1
  1874.90899663     0.99895555        1
  1874.92942836     1.00053012        1
  1874.94985989     0.99925972        1
  1874.97029151     1.00087871        1
  1874.99072324     1.00051002        1
  1875.01115477     1.00081096        1
  1875.03158650     1.00125130        1
  1875.05201812     0.99928564        1
  1875.11331301     1.00006981        1
  1875.13374453     0.99907517        1
  1875.15417626     1.00083583        1
  1875.17460789     1.00053074        1
  1875.19503951     0.99935783        1
  1875.21547114     1.00000129        1
  1875.23590277     1.00057397        1
  1875.35849252     0.99567562        1
  1875.37892425     0.99988461        1
  1875.39935578     1.00094046        1
  1875.41978740     1.00116660        1
  1875.44021913     1.00009161        1
  1875.46065065     0.99998489        1
  1875.48108228     0.99974179        1
  1875.50151400     0.99877438        1
  1875.52194553     1.00043197        1
  1875.54237725     1.00081051        1
  1875.56280888     1.00014838        1
  1875.60367213     0.99941310        1
  1875.62410375     0.99876348        1
  1875.64453528     1.00006944        1
  1875.66496700     0.99841569        1
  1875.68539863     0.99973269        1
  1875.70583025     1.00022155        1
  1875.72626188     1.00241826        1
  1875.74669350     0.99957288        1
  1875.76712522     0.99922614        1
  1875.78755675     1.00071319        1
  1875.80798837     1.00070500        1
  1875.84885172     1.00005861        1
  1875.86928324     1.00095546        1
  1875.88971496     0.99950978        1
  1875.91014659     0.99937123        1
  1875.93057811     1.00004365        1
  1875.95100983     0.99992110        1
  1875.97144146     0.99947813        1
  1875.99187318     0.99958563        1
  1876.01230470     1.00116057        1
  1876.09403119     0.99987541        1
  1876.11446282     0.99947670        1
  1876.13489444     0.99890241        1
  1876.15532596     1.00206253        1
  1876.17575768     1.00099280        1
  1876.19618930     0.99874583        1
  1876.21662093     1.00040836        1
  1876.23705255     1.00006483        1
  1876.25748417     0.99898102        1
  1876.27791589     1.00039007        1
  1876.33921076     1.00006573        1
  1876.35964238     0.99919361        1
  1876.38007390     0.99876231        1
  1876.40050562     0.99727837        1
  1876.42093724     0.99998101        1
  1876.44136876     1.00104733        1
  1876.46180048     1.00016835        1
  1876.48223210     1.00019126        1
  1876.50266382     1.00132160        1
  1876.52309534     1.00173292        1
  1876.54352696     1.00322087        1
  1876.58439021     1.00134497        1
  1876.60482183     0.99888625        1
  1876.62525355     1.00062054        1
  1876.64568507     1.00036356        1
  1876.66611669     0.99945105        1
  1876.82956964     0.99847898        1
  1876.85000136     1.00062965        1
  1876.87043288     0.99956530        1
  1876.89086450     1.00059845        1
  1876.91129622     0.99973219        1
  1876.93172784     1.00157399        1
  1877.07474927     0.99899588        1
  1877.09518078     0.99910333        1
  1877.11561240     1.00103991        1
  1877.13604412     0.99978186        1
  1877.15647564     1.00070413        1
  1877.17690726     1.00071399        1
  1877.19733897     1.00030139        1
  1877.21777049     1.00076776        1
  1877.23820221     0.99932274        1
  1877.25863383     0.99962953        1
  1877.27906534     0.99944735        1
  1877.31992868     1.00117249        1
  1877.34036030     1.00069846        1
  1877.36079191     0.99935620        1
  1877.38122353     1.00060717        1
  1877.40165515     1.00118496        1
  1877.42208676     0.99950150        1
  1877.44251838     0.99904026        1
  1877.46295000     1.00067843        1
  1877.48338161     1.00130787        1
  1877.50381323     0.99893367        1
  1877.52424485     0.99784628        1
  1877.56510808     0.99974203        1
  1877.58553980     1.00060252        1
  1877.60597131     1.00010362        1
  1877.62640293     0.99945999        1
  1877.64683464     0.99868296        1
  1877.66726616     0.99940826        1
  1877.68769788     1.00021707        1
  1877.70812949     1.00012834        1
  1877.72856101     0.99716493        1
  1877.74899272     0.99768287        1
  1877.76942434     1.00000000        1
  1877.81028757     1.00128491        1
  1877.83071919     0.99872023        1
  1877.85115070     1.00004040        1
  1877.87158242     1.00092577        1
  1877.89201403     1.00028012        1
  1877.91244565     0.99976524        1
  1877.93287726     1.00134815        1
  1877.95330888     0.99952935        1
  1877.97374059     0.99983823        1
  1877.99417221     1.00031721        1
  1878.01460372     0.99771700        1
  1878.05546705     1.00067713        1
  1878.07589857     1.00148010        1
  1878.09633028     1.00083546        1
  1878.11676189     0.99826201        1
  1878.13719341     0.99783919        1
  1878.15762512     1.00001493        1
  1878.17805664     0.99908916        1
  1878.19848835     0.99864153        1
  1878.21891996     1.00054099        1
  1878.23935148     0.99904901        1
  1878.25978319     0.99930957        1
  1878.30064632     1.00044268        1
  1878.32107803     0.99985373        1
  1878.34150965     1.00019528        1
  1878.36194116     0.99969811        1
  1878.38237287     0.99883206        1
  1878.40280449     1.00050507        1
  1878.42323620     0.99885292        1
  1878.44366771     0.99975106        1
  1878.46409933     0.99935821        1
  1878.48453104     1.00219754        1
  1878.54582588     1.00109771        1
  1878.56625749     1.00030034        1
  1878.58668901     0.99819702        1
  1878.60712072     1.00013287        1
  1878.62755233     1.00055454        1
  1878.64798394     0.99979212        1
  1878.66841556     0.99956383        1
  1878.68884717     1.00061643        1
  1878.70927888     0.99845997        1
  1878.72971039     0.99798030        1
  1878.75014201     0.99982917        1
  1878.79100523     1.00103093        1
  1878.81143684     0.99995124        1
  1878.83186846     1.00032286        1
  1878.85230007     0.99995303        1
  1878.87273178     1.00170115        1
  1878.89316329     1.00098373        1
  1878.91359490     0.99991898        1
  1878.93402661     0.99913808        1
  1878.95445813     1.00195319        1
  1878.97488974     1.00125353        1
  1878.99532145     0.99999531        1
  1879.07704790     0.99991693        1
  1879.09747951     1.00067049        1
  1879.11791112     1.00156032        1
  1879.13834273     0.99924232        1
  1879.15877434     1.00048831        1
  1879.17920595     1.00135512        1
  1879.19963756     0.99977771        1
  1879.22006927     1.00064597        1
  1879.24050078     0.99976007        1
  1879.28136411     1.00180896        1
  1879.32222733     1.00037221        1
  1879.34265894     1.00000179        1
  1879.36309045     0.99918631        1
  1879.38352216     1.00002906        1
  1879.40395377     1.00068583        1
  1879.42438528     0.99983347        1
  1879.44481699     0.99985299        1
  1879.46524860     0.99900908        1
  1879.48568011     0.99982520        1
  1879.52654333     0.99898088        1
  1879.54697504     0.99910788        1
  1879.56740665     0.99811659        1
  1879.58783826     0.99991178        1
  1879.60826987     0.99974728        1
  1879.62870148     1.00423344        1
  1879.64913309     1.00158371        1
  1879.66956470     1.00024852        1
  1879.68999631     0.99959951        1
  1879.71042792     0.99898851        1
  1879.73085953     1.00045438        1
  1879.77172285     0.99932797        1
  1879.79215446     0.99964142        1
  1879.81258597     1.00134006        1
  1879.83301768     0.99993096        1
  1879.85344929     0.99920163        1
  1879.87388079     0.99841242        1
  1879.89431250     0.99889738        1
  1879.91474411     1.12908991        1
  1879.93517562     0.99793425        1
  1879.95560733     1.00015222        1
  1879.97603894     0.99918987        1
  1880.03733377     1.00016293        2
  1880.05776548     0.99966283        2
  1880.07819698     0.99921424        2
  1880.09862859     0.99870329        2
  1880.11906020     1.00035403        2
  1880.13949181     0.99940746        2
  1880.15992342     1.00123795        2
  1880.18035513     1.00079142        2
  1880.20078664     1.00007241        2
  1880.22121834     1.00090834        2
  1880.26208146     1.00085791        2
  1880.28251317     1.00003277        2
  1880.30294478     1.00039484        2
  1880.32337629     0.99948684        2
  1880.34380799     0.99977821        2
  1880.36423960     1.00034589        2
  1880.38467111     1.00093193        2
  1880.40510282     1.00006961        2
  1880.42553443     0.99908348        2
  1880.44596613     0.99939610        2
  1880.50726096     1.00216420        2
  1880.52769247     1.00320532        2
  1880.54812407     0.99924895        2
  1880.56855578     1.00020909        2
  1880.58898729     0.99917902        2
  1880.60941890     0.99913341        2
  1880.62985060     0.99971263        2
  1880.65028211     0.99784354        2
  1880.67071382     0.99933560        2
  1880.75244025     1.00072131        2
  1880.77287186     1.00051976        2
  1880.79330346     1.00069068        2
  1880.81373507     1.00097685        2
  1880.83416668     0.99982888        2
  1880.85459828     0.99932342        2
  1880.87502989     1.00065940        2
  1880.89546150     1.00055772        2
  1880.91589311     0.99973803        2
  1880.93632471     0.99844661        2
  1880.95675642     0.99985454        2
  1881.01805124     1.00020571        2
  1881.03848275     0.99926355        2
  1881.05891435     0.99960876        2
  1881.07934606     0.99968562        2
  1881.09977757     1.00046190        2
  1881.12020927     1.00102540        2
  1881.14064088     1.00101321        2
  1881.16107239     0.99970291        2
  1881.18150409     1.00021836        2
  1881.20193570     1.00147624        2
  1881.24279891     0.99993443        2
  1881.26323052     0.99990027        2
  1881.28366213     0.99914543        2
  1881.30409373     1.00185521        2
  1881.32452534     1.00026675        2
  1881.34495704     1.00161802        2
  1881.36538855     0.99934062        2
  1881.38582016     0.99923903        2
  1881.40625186     0.99946795        2
  1881.42668347     0.99892873        2
  1881.44711498     0.99907513        2
  1881.48797819     0.99917720        2
  1881.50840989     0.99897619        2
  1881.52884150     0.99870563        2
  1881.54927311     1.00021548        2
  1881.56970471     1.00137099        2
  1881.59013632     0.99965376        2
  1881.61056782     0.99974524        2
  1881.63099953     1.00110146        2
  1881.65143114     0.99997516        2
  1881.67186264     0.99980538        2
  1881.69229435     1.00006064        2
  1881.73315766     0.99958017        2
  1881.75358916     1.00015657        2
  1881.77402077     1.00009596        2
  1881.79445248     0.99950105        2
  1881.81488398     0.99942528        2
  1881.83531559     1.00156374        2
  1881.85574729     0.99936700        2
  1881.87617880     1.00023029        2
  1881.89661040     1.00092604        2
  1881.91704211     0.99804061        2
  1881.93747371     0.99988959        2
  1881.97833692     0.99964039        2
  1881.99876853     0.99984989        2
  1882.01920014     1.00076761        2
  1882.03963174     1.00023777        2
  1882.06006335     1.00025584        2
  1882.08049505     1.00062939        2
  1882.10092656     0.99956236        2
  1882.12135816     1.00074887        2
  1882.14178987     0.99916787        2
  1882.16222137     0.99952941        2
  1882.22351619     0.99972883        2
  1882.24394789     1.00033954        2
  1882.26437940     1.00034234        2
  1882.28481100     1.00043599        2
  1882.30524271     0.99964886        2
  1882.32567421     1.00016379        2
  1882.34610592     1.00132691        2
  1882.36653752     0.99945670        2
  1882.38696903     1.00056976        2
  1882.46869555     1.00045114        2
  1882.48912715     0.99952953        2
  1882.50955876     0.99968095        2
  1882.52999036     0.99861001        2
  1882.55042197     1.00015166        2
  1882.57085367     0.99978012        2
  1882.59128527     1.00016415        2
  1882.77516972     1.00142207        2
  1882.79560142     0.99977229        2
  1882.81603293     0.99999258        2
  1882.83646453     0.99768325        2
  1882.85689623     1.00008822        2
  1882.87732774     1.00087792        2
  1882.89775924     0.99917561        2
  1882.91819095     0.99975767        2
  1883.02034907     0.99933387        2
  1883.04078057     1.00193610        2
  1883.06121218     0.99995504        2
  1883.08164388     1.00014598        2
  1883.10207549     1.00150475        2
  1883.12250699     1.00129758        2
  1883.14293870     0.99972548        2
  1883.16337030     1.00102638        2
  1883.20423351     1.00009309        2
  1883.22466511     1.00173864        2
  1883.24509682     1.00059793        2
  1883.26552832     1.00107282        2
  1883.28595993     1.00031694        2
  1883.30639163     0.99906856        2
  1883.32682313     0.99972406        2
  1883.34725474     0.99925517        2
  1883.36768644     1.00109563        2
  1883.38811795     1.00125405        2
  1883.40854965     0.99965692        2
  1883.44941276     0.99966069        2
  1883.46984446     0.99961973        2
  1883.49027607     0.99884662        2
  1883.51070757     1.00002378        2
  1883.53113928     0.99975391        2
  1883.55157078     0.99895380        2
  1883.57200248     0.99989041        2
  1883.59243409     1.00030187        2
  1883.61286559     1.00005612        2
  1883.63329730     1.00077122        2
  1883.65372890     0.99918612        2
  1883.71502371     0.99867062        2
  1883.73545532     0.99927036        2
  1883.75588692     0.99946112        2
  1883.77631852     1.00103147        2
  1883.79675023     0.99994412        2
  1883.81718183     1.00016616        2
  1883.83761334     0.99972281        2
  1883.85804504     0.99823135        2
  1883.87847664     1.00000000        2
  1883.89890815     1.00072172        2
  1883.96020296     0.99920148        2
  1883.98063466     1.00019072        2
  1884.00106627     1.00073272        2
  1884.02149797     0.99877446        2
  1884.04192948     0.99886188        2
  1884.06236108     1.00128301        2
  1884.08279278     1.00013532        2
  1884.10322429     0.99843548        2
  1884.12365589     0.99984033        2
  1884.14408760     0.99911755        2
  1884.20538231     0.99978055        2
  1884.22581391     1.00070342        2
  1884.24624562     0.99963512        2
  1884.26667712     1.00036499        2
  1884.28710872     0.99951529        2
  1884.30754043     1.00051295        2
  1884.32797203     0.99997840        2
  1884.34840354     0.99994097        2
  1884.36883524     1.00062918        2
  1884.38926684     1.00097406        2
  1884.43013005     1.00108752        2
  1884.45056166     1.00211490        2
  1884.47099336     1.00064352        2
  1884.49142486     1.00017701        2
  1884.51185647     0.99843118        2
  1884.53228817     0.99973624        2
  1884.55271968     0.99926072        2
  1884.57315128     0.99900428        2
  1884.59358298     1.00024917        2
  1884.61401449     1.00022267        2
  1884.63444619     0.99806286        2
  1884.67530930     1.00102518        2
  1884.69574100     1.00021528        2
  1884.71617261     0.99932803        2
  1884.73660421     0.99814074        2
  1884.75703582     0.99999346        2
  1884.77746742     1.00115332        2
  1884.79789902     0.99968492        2
  1884.81833063     1.00017295        2
  1884.83876223     0.99806915        2
  1884.85919384     1.00036744        2
  1884.92048865     1.00101661        2
  1884.94092025     0.99928325        2
  1884.96135186     1.00078329        2
  1884.98178356     1.00061070        2
  1885.00221506     1.00037548        2
  1885.02264677     0.99981198        2
  1885.04307837     1.00151869        2
  1885.06350988     1.00046658        2
  1885.08394158     1.00155333        2
  1885.10437319     1.04093904        2
  1885.12480469     1.01778173        2
  1885.16566800     0.98116914        2
  1885.18609950     0.99934111        2
  1885.20653121     0.99972182        2
  1885.22696281     0.99895033        2
  1885.24739452     0.99884739        2
  1885.26782602     1.00055607        2
  1885.28825762     1.00066194        2
  1885.30868933     1.00012940        2
  1885.32912083     0.99969366        2
  1885.34955244     0.99988266        2
  1885.36998414     0.99882540        2
  1885.41084725     1.00021445        2
  1885.43127895     1.00014651        2
  1885.45171056     0.99922598        2
  1885.47214216     1.00041811        2
  1885.49257377     1.00031305        2
  1885.51300537     1.00012344        2
  1885.53343698     1.00115677        2
  1885.55386858     0.99937545        2
  1885.57430008     1.00018206        2
  1885.59473179     0.99827759        2
  1885.61516339     0.99990748        2
  1885.65602660     0.99935994        2
  1885.67645821     1.00074841        2
  1885.69688991     0.99977948        2
  1885.71732142     1.00247191        2
  1885.73775302     0.99945527        2
  1885.75818473     1.00026929        2
  1885.77861623     1.00003562        2
  1885.79904784     1.00002321        2
  1885.81947954     1.00106523        2
  1885.83991104     0.99924987        2
  1885.86034275     1.00120610        2
  1885.90120586     1.00038416        2
  1885.92163756     1.00015042        2
  1885.94206917     1.00018040        2
  1885.96250077     0.99964328        2
  1885.98293238     1.00004774        2
  1886.00336398     1.00018818        2
  1886.02379559     0.99975537        2
  1886.04422719     0.99846654        2
  1886.06465880     1.00129861        2
  1886.08509050     1.00035436        2
  1886.10552211     1.00067758        2
  1886.16681692     0.99887856        2
  1886.18724843     0.99961436        2
  1886.20768013     0.99978865        2
  1886.22811164     0.99904636        2
  1886.24854334     0.99889689        2
  1886.26897495     0.99966229        2
  1886.28940645     0.99951515        2
  1886.30983816     0.99900839        2
  1886.33026976     0.99932841        2
  1886.35070127     0.99946919        2
  1886.39156458     1.00140183        2
  1886.41199608     1.00068306        2
  1886.43242779     1.00035691        2
  1886.45285939     1.00084084        2
  1886.47329110     1.00068626        2
  1886.49372261     0.99958306        2
  1886.51415421     1.00236981        2
  1886.53458592     1.00145076        2
  1886.63674394     0.99939860        2
  1886.65717555     1.00081274        2
  1886.67760715     1.00019017        2
  1886.69803876     0.99946225        2
  1886.71847037     0.99999575        2
  1886.73890197     1.00004118        2
  1886.88192321     0.99873093        2
  1886.90235482     1.00052644        2
  1886.92278652     0.99894496        2
  1886.94321803     1.00047780        2
  1886.96364964     1.00090482        2
  1886.98408134     0.99953713        2
  1887.00451285     0.99970782        2
  1887.12710259     1.00179524        2
  1887.14753419     1.00191383        2
  1887.16796580     1.00120770        2
  1887.18839741     0.99933938        2
  1887.20882901     1.00029318        2
  1887.22926062     1.00076845        2
  1887.24969232     0.99949318        2
  1887.27012383     0.99989620        2
  1887.29055544     0.99990280        2
  1887.31098714     0.99903503        2
  1887.33141875     0.99947415        2
  1887.37228196     1.00076629        2
  1887.39271357     0.99871394        2
  1887.41314508     0.99969569        2
  1887.43357678     1.00005552        2
  1887.45400839     1.00043173        2
  1887.47444000     0.99850012        2
  1887.49487161     0.99905194        2
  1887.51530321     1.00034524        2
  1887.53573492     0.99916079        2
  1887.55616643     0.99845610        2
  1887.57659803     1.00137817        2
  1887.61746125     0.99880324        2
  1887.63789295     0.99869398        2
  1887.65832446     0.99919398        2
  1887.67875607     1.00089193        2
  1887.69918778     0.99992982        2
  1887.71961928     1.00061557        2
  1887.74005089     1.00028139        2
  1887.76048260     1.00110926        2
  1887.78091411     1.00275020        2
  1887.80134571     1.00039092        2
  1887.86264064     0.99969523        2
  1887.88307224     1.00012588        2
  1887.90350385     0.99976464        2
  1887.92393546     1.00139059        2
  1887.94436707     0.99956126        2
  1887.96479867     0.99919047        2
  1887.98523038     1.00041624        2
  1891.04997287     0.99977853        3
  1891.07040449     0.99968094        3
  1891.09083620     1.00004815        3
  1891.11126772     0.99963162        3
  1891.13169934     0.99977635        3
  1891.15213105     1.00076395        3
  1891.17256257     1.00140719        3
  1891.19299429     1.00004106        3
  1891.21342591     1.00027262        3
  1891.23385742     1.00155029        3
  1891.29515228     0.99934563        3
  1891.31558399     1.00071877        3
  1891.33601561     0.99831134        3
  1891.35644733     0.99924848        3
  1891.37687885     0.99981282        3
  1891.39731047     0.99939859        3
  1891.41774218     1.00028661        3
  1891.43817370     0.99973506        3
  1891.45860532     1.00003689        3
  1891.47903704     1.00016764        3
  1891.49946866     1.00010070        3
  1891.54033189     0.99868533        3
  1891.56076341     0.99873187        3
  1891.58119513     0.99896707        3
  1891.60162675     1.00033194        3
  1891.62205827     1.00010580        3
  1891.64248999     1.00093889        3
  1891.66292161     0.99854792        3
  1891.68335313     1.00099894        3
  1891.70378485     1.00050788        3
  1891.72421647     1.00035938        3
  1891.74464819     1.00087637        3
  1891.78551132     1.00054052        3
  1891.80594304     0.99966177        3
  1891.82637456     1.00097502        3
  1891.84680618     0.99906286        3
  1891.86723790     1.00016719        3
  1891.88766942     0.99980243        3
  1891.90810104     1.00089947        3
  1891.92853276     1.00041869        3
  1891.94896428     1.00171327        3
  1891.96939600     0.99939723        3
  1891.98982763     1.00000000        3
  1892.03069087     0.99940175        3
  1892.05112249     0.99841399        3
  1892.07155411     0.99838315        3
  1892.09198573     0.99912903        3
  1892.11241735     1.00043050        3
  1892.13284907     0.99949733        3
  1892.15328069     1.00007057        3
  1892.17371221     1.00100441        3
  1892.19414394     1.00070036        3
  1892.21457546     0.99817482        3
  1892.23500708     1.00006701        3
  1892.27587032     0.99913636        3
  1892.29630204     1.00049573        3
  1892.31673367     1.00022952        3
  1892.33716519     0.99994661        3
  1892.35759691     0.99981214        3
  1892.37802853     0.99987199        3
  1892.39846005     0.99945492        3
  1892.41889178     1.00062428        3
  1892.43932340     0.99997309        3
  1892.45975492     1.00000275        3
  1892.52104999     1.00086624        3
  1892.54148151     0.99930298        3
  1892.56191314     0.99964448        3
  1892.58234486     1.00018726        3
  1892.60277638     1.00084000        3
  1892.62320800     1.00035447        3
  1892.64363973     0.99862248        3
  1892.66407135     1.00005630        3
  1892.84795597     1.00013307        3
  1892.86838769     1.00077049        3
  1892.88881922     0.99983465        3
  1892.90925094     1.00048167        3
  1892.92968247     0.99995398        3
  1892.95011409     1.00033733        3
  1892.97054581     1.00042832        3
  1893.01140896     0.99550221        3
  1893.03184069     0.99927438        3
  1893.05227222     1.00058571        3
  1893.07270394     1.00015840        3
  1893.09313557     1.00182759        3
  1893.11356709     0.99976843        3
  1893.13399882     0.99906074        3
  1893.15443044     1.00050040        3
  1893.17486197     0.99986564        3
  1893.19529370     1.00039382        3
  1893.21572532     0.99943242        3
  1893.33831508     0.99925212        3
  1893.35874681     1.00029182        3
  1893.37917843     1.00025368        3
  1893.39960996     1.00010535        3
  1893.42004169     0.99949307        3
  1893.44047331     1.00111253        3
  1893.46090504     0.99702436        3
  1893.50176820     0.99991789        3
  1893.52219992     0.99862849        3
  1893.54263145     0.99907777        3
  1893.56306298     1.00043532        3
  1893.58349471     1.00033102        3
  1893.60392634     0.99913913        3
  1893.62435806     1.00057464        3
  1893.64478959     1.00087976        3
  1893.66522122     0.99929463        3
  1893.68565295     0.99998726        3
  1893.70608448     0.99969965        3
  1893.74694783     0.99870111        3
  1893.76737936     1.00035858        3
  1893.78781099     1.00049937        3
  1893.80824272     1.00017494        3
  1893.82867425     1.00019207        3
  1893.84910598     0.99876568        3
  1893.86953761     0.99957294        3
  1893.88996924     0.99916034        3
  1893.91040087     0.99986122        3
  1893.93083250     0.99996166        3
  1893.95126413     1.00013644        3
  1894.03299075     0.99917693        3
  1894.05342228     1.00034201        3
  1894.07385401     1.00009149        3
  1894.09428564     0.99956064        3
  1894.11471717     0.99915199        3
  1894.13514890     1.00119624        3
  1894.15558053     0.99888234        3
  1894.17601216     1.00117298        3
  1894.19644379     0.99984193        3
  1894.23730706     1.00047948        3
  1894.25773869     1.00013782        3
  1894.27817022     1.00023500        3
  1894.29860195     0.99957644        3
  1894.31903358     1.00055422        3
  1894.33946512     1.00062754        3
  1894.35989685     1.00027292        3
  1894.38032848     0.99957584        3
  1894.40076021     1.00036661        3
  1894.42119174     0.99960180        3
  1894.44162338     0.99983700        3
  1894.48248664     0.99990894        3
  1894.50291827     1.00048712        3
  1894.52335001     0.99996259        3
  1894.54378164     1.00000614        3
  1894.56421327     0.99864851        3
  1894.58464491     1.00024757        3
  1894.60507654     1.00005915        3
  1894.62550817     1.00002804        3
  1894.72766634     0.99956694        3
  1894.74809808     1.00152142        3
  1894.76852961     1.00037463        3
  1894.78896135     0.99969627        3
  1894.80939298     1.00037649        3
  1894.82982452     1.00086290        3
  1894.85025625     0.99930814        3
  1894.87068778     1.00023157        3
  1894.97284606     0.99474404        3
  1894.99327760     1.00086679        3
  1895.01370933     1.00066310        3
  1895.03414097     0.99982284        3
  1895.05457260     1.00089214        3
  1895.07500424     1.00092396        3
  1895.09543588     0.99992019        3
  1895.11586761     1.00019645        3
  1895.13629915     0.99913766        3
  1895.15673079     0.99965221        3
  1895.17716252     0.99926767        3
  1895.21802570     0.99968661        3
  1895.23845743     0.99890161        3
  1895.25888907     1.00038069        3
  1895.27932061     0.99897658        3
  1895.29975235     1.00044847        3
  1895.32018398     0.99897497        3
  1895.34061572     1.00056342        3
  1895.36104726     0.99965469        3
  1895.38147890     0.99978422        3
  1895.40191063     0.99901407        3
  1895.42234217     1.00042699        3
  1895.46320555     0.99965053        3
  1895.48363709     1.00101255        3
  1895.50406883     0.99999049        3
  1895.52450036     1.00036894        3
  1895.54493200     0.99952576        3
  1895.56536374     0.99944742        3
  1895.58579528     0.99961817        3
  1895.60622692     1.00009822        3
  1895.62665866     0.99919006        3
  1895.64709020     0.99926197        3
  1895.66752194     0.99969291        3
  1895.70838522     1.00096892        3
  1895.72881686     1.00246499        3
  1895.74924850     1.00001262        3
  1895.76968014     1.00092014        3
  1895.79011178     0.99992811        3
  1895.81054342     1.00037913        3
  1895.83097506     0.99984711        3
  1895.85140680     1.00006580        3
  1895.87183834     1.00036117        3
  1895.89227008     0.99952155        3
  1895.91270173     1.00119763        3
  1895.97399665     0.99901846        3
  1895.99442819     1.00030007        3
  1896.01485993     0.99936000        3
  1896.03529158     1.00421556        3
  1896.05572332     1.00061280        3
  1896.07615486     1.00061626        3
  1896.09658650     0.99976458        3
  1896.11701814     1.00108361        3
  1896.13744979     1.00071905        3
  1896.15788143     0.99975508        3
  1896.19874472     1.00067247        3
  1896.21917646     0.99941930        3
  1896.23960800     1.00054926        3
  1896.26003965     0.99977032        3
  1896.28047139     0.99885903        3
  1896.30090293     1.00154923        3
  1896.32133458     0.99970953        3
  1896.34176632     0.99863947        3
  1896.36219786     1.00037268        3
  1896.38262951     0.99915819        3
  1896.50521948     1.00028101        3
  1896.52565112     0.99936923        3
  1896.54608277     1.00066358        3
  1896.56651451     1.00139132        3
  1896.58694606     0.99981426        3
  1896.60737780     1.00018792        3
  1896.62780945     0.99941649        3
  1896.64824100     0.99868096        3
  1896.68910439     0.99916251        3
  1896.70953593     1.00073687        3
  1896.72996768     0.99982719        3
  1896.75039933     1.00071657        3
  1896.77083097     0.99929290        3
  1896.79126262     0.99927741        3
  1896.81169427     1.00010243        3
  1896.83212592     0.99961035        3
  1896.85255756     0.99940023        3
  1896.87298921     1.00043297        3
  1896.89342086     0.99851550        3
  1896.93428415     1.00038508        3
  1896.95471580     1.00176612        3
  1896.97514745     1.00093799        3
  1896.99557920     0.99951434        3
  1897.01601075     0.99852177        3
  1897.03644239     0.99962469        3
  1897.05687414     0.99994540        3
  1897.07730579     0.99997120        3
  1897.09773734     0.99987414        3
  1897.11816909     1.00090780        3
  1897.13860074     0.99990212        3
  1897.17946404     0.99921598        3
  1897.19989569     1.00130992        3
  1897.22032744     1.00034828        3
  1897.24075899     0.99984626        3
  1897.26119064     1.00019941        3
  1897.28162239     0.99815474        3
  1897.30205394     0.99984264        3
  1897.32248569     0.99929787        3
  1897.34291734     0.99979423        3
  1897.36334889     1.00047908        3
  1897.38378064     1.00003502        3
  1897.42464384     1.00043980        3
  1897.44507560     1.00069430        3
  1897.46550725     0.99980072        3
  1897.48593900     0.99978344        3
  1897.50637055     1.00110207        3
  1897.52680210     1.00056397        3
  1897.54723386     0.99935607        3
  1897.56766551     1.00102168        3
  1897.58809716     1.00008090        3
  1897.60852881     0.99948456        3
  1897.62896047     1.00041722        3
  1897.75155039     1.00005229        3
  1897.77198214     1.00049528        3
  1897.79241379     0.99889824        3
  1897.81284535     1.00039572        3
  1897.83327710     0.99993515        3
  1897.85370876     0.99960445        3
  1897.87414051     0.99973683        3
  1897.91500372     1.00057657        3
  1897.93543548     0.99889488        3
  1897.95586703     0.99996646        3
  1897.97629869     0.99999941        3
  1897.99673044     1.00008247        3
  1898.01716200     0.99911351        4
  1898.03759375     1.00057950        4
  1898.05802541     0.99888823        4
  1898.07845696     0.99768293        4
  1898.09888872     0.99944444        4
  1898.11932038     1.00058905        4
  1898.16018369     1.00022399        4
  1898.18061525     0.99974242        4
  1898.20104700     1.00067569        4
  1898.22147866     0.99980552        4
  1898.24191022     1.00005902        4
  1898.26234198     1.00114532        4
  1898.28277363     0.99996555        4
  1898.30320529     0.99990417        4
  1898.32363695     1.00065067        4
  1898.34406861     0.99988793        4
  1898.40536358     1.00008946        4
  1898.42579534     1.00092313        4
  1898.44622700     0.99986576        4
  1898.46665856     1.00002221        4
  1898.48709032     1.00206096        4
  1898.50752198     1.00054880        4
  1898.52795354     1.00060556        4
  1898.54838530     1.00097902        4
  1898.56881696     0.99930394        4
  1898.58924872     1.00053368        4
  1898.60968028     0.99989178        4
  1898.65054370     1.00127082        4
  1898.67097526     0.99953754        4
  1898.69140692     0.99918185        4
  1898.71183868     1.00050280        4
  1898.73227024     0.99973068        4
  1898.75270200     0.99989378        4
  1898.77313366     1.00103345        4
  1898.79356522     1.00024179        4
  1898.81399699     1.00030931        4
  1898.83442855     0.99930102        4
  1898.85486021     0.99899185        4
  1898.89572353     0.99890468        4
  1898.91615520     0.99947534        4
  1898.93658696     0.99820370        4
  1898.95701862     0.99915332        4
  1898.97745028     0.99918530        4
  1898.99788195     0.99931498        4
  1899.01831361     0.99875620        4
  1899.03874527     0.99813540        4
  1899.05917694     0.99908727        4
  1899.07960860     1.00090887        4
  1899.10004037     1.00043946        4
  1899.14090369     0.99991372        4
  1899.16133536     1.00137276        4
  1899.18176692     1.00045261        4
  1899.20219869     1.00044229        4
  1899.22263035     1.00000095        4
  1899.24306192     1.00047766        4
  1899.26349368     1.00070596        4
  1899.28392535     0.99963263        4
  1899.30435711     0.99909816        4
  1899.32478868     1.00008162        4
  1899.34522035     1.00079942        4
  1899.38608368     0.99976962        4
  1899.40651534     0.99946149        4
  1899.42694711     0.99899574        4
  1899.44737868     0.99792722        4
  1899.46781044     1.00040666        4
  1899.48824201     1.00096356        4
  1899.50867368     1.00059290        4
  1899.52910545     0.99935482        4
  1899.54953701     0.99915076        4
  1899.56996868     1.00048356        4
  1899.59040045     1.00001562        4
  1899.63126369     1.00042732        4
  1899.65169545     1.00020837        4
  1899.67212712     0.99959469        4
  1899.69255879     0.99980043        4
  1899.71299046     0.99920729        4
  1899.73342213     0.99963373        4
  1899.75385390     1.00057158        4
  1899.77428547     0.99992785        4
  1899.79471714     1.00087560        4
  1899.81514891     0.99973901        4
  1899.83558048     1.00180270        4
  1899.89687549     1.00250856        4
  1899.91730726     0.99956761        4
  1899.93773893     1.00101296        4
  1899.95817050     0.99985409        4
  1899.97860227     1.00095609        4
  1899.99903394     1.00010225        4
  1900.01946571     0.99980868        4
  1900.03989729     0.99972009        4
  1900.06032896     1.00080306        4
  1900.08076063     1.00066035        4
  1900.12162397     1.00108721        4
  1900.14205565     1.00102353        4
  1900.16248732     0.99986303        4
  1900.18291909     0.99953789        4
  1900.20335066     0.99878879        4
  1900.22378234     1.00047725        4
  1900.24421411     1.00626024        4
  1900.26464568     0.99910809        4
  1900.28507736     0.99876080        4
  1900.30550913     0.99919389        4
  1900.32594081     1.00094327        4
  1900.36680415     1.00062224        4
  1900.38723583     1.00095501        4
  1900.40766760     1.00135034        4
  1900.42809918     1.00092639        4
  1900.44853085     1.00007900        4
  1900.46896263     1.00044652        4
  1900.48939421     0.99889258        4
  1900.50982588     0.99970284        4
  1900.53025766     0.99896872        4
  1900.55068923     1.00019418        4
  1900.57112101     0.99751509        4
  1900.61198426     0.99967190        4
  1900.63241604     0.99899038        4
  1900.65284772     0.99796252        4
  1900.67327929     0.99766291        4
  1900.69371107     1.00073883        4
  1900.71414275     1.00014912        4
  1900.85716449     1.00099217        4
  1900.87759617     1.00037003        4
  1900.89802795     0.99960146        4
  1900.91845963     0.99835406        4
  1900.93889121     0.99929779        4
  1900.95932299     1.00027946        4
  1900.97975467     0.99952086        4
  1901.00018625     0.99926016        4
  1901.02061803     0.99984671        4
  1901.04104971     0.99951882        4
  1901.06148129     1.00118795        4
  1901.10234475     1.00061985        4
  1901.12277653     0.99974849        4
  1901.14320812     0.99982852        4
  1901.16363980     1.00006586        4
  1901.18407158     1.00126199        4
  1901.20450316     0.99961417        4
  1901.22493484     0.99981775        4
  1901.24536662     1.00010384        4
  1901.26579821     1.00056603        4
  1901.28622999     1.00051078        4
  1901.30666167     0.99923407        4
  1901.38838840     0.99957467        4
  1901.40882009     1.00051447        4
  1901.42925177     1.00015638        4
  1901.44968346     1.00109203        4
  1901.47011514     1.00023059        4
  1901.49054682     0.99961793        4
  1901.51097851     0.99912209        4
  1901.53141019     0.99970890        4
  1901.55184188     0.99902810        4
  1901.59270525     1.00153680        4
  1901.61313703     0.99990167        4
  1901.63356872     1.00061143        4
  1901.65400031     1.00062702        4
  1901.67443209     0.99991128        4
  1901.69486378     0.99928787        4
  1901.71529537     0.99982321        4
  1901.73572715     1.00082915        4
  1901.75615884     1.00099205        4
  1901.77659043     0.99913004        4
  1901.79702221     0.99928111        4
  1901.83788569     0.99884526        4
  1901.85831728     1.00052312        4
  1901.87874896     1.00153352        4
  1901.89918075     1.00064244        4
  1901.91961234     0.99955138        4
  1901.94004403     1.00034476        4
  1901.96047582     1.00040871        4
  1901.98090741     1.00000000        4
  1902.00133920     0.99974609        4
  1902.02177089     1.00033012        4
  1902.08306595     0.99945884        4
  1902.10349754     0.99909430        4
  1902.12392933     1.00004532        4
  1902.14436103     1.00007729        4
  1902.16479272     0.99932141        4
  1902.18522441     1.00068251        4
  1902.20565610     0.99949523        4
  1902.22608779     1.00053379        4
  1902.24651948     0.99968469        4
  1902.26695117     1.00101309        4
  1902.28738296     0.99811729        4
  1902.32824625     0.99978457        4
  1902.34867804     0.99949585        4
  1902.36910963     0.99951578        4
  1902.38954143     0.99977265        4
  1902.40997312     1.00029347        4
  1902.43040471     1.00022386        4
  1902.45083651     0.99978761        4
  1902.57342667     1.00109541        4
  1902.59385837     0.99981317        4
  1902.61429016     0.99994844        4
  1902.63472176     0.99990851        4
  1902.65515345     1.00108765        4
  1902.67558525     1.00015775        4
  1902.69601684     1.00064998        4
  1902.71644864     0.99948521        4
  1902.73688034     1.00021714        4
  1902.75731193     1.00033988        4
  1902.77774373     0.99950109        4
  1902.81860712     0.99000762        4
  1902.83903882     1.00014754        4
  1902.85947052     0.99898179        4
  1902.87990211     1.00026986        4
  1902.90033391     1.00080640        4
  1902.92076561     1.00085516        4
  1902.94119741     0.99969628        4
  1902.96162901     1.00030776        4
  1902.98206071     1.00206457        4
  1903.00249250     0.99863977        4
  1903.02292410     0.99928084        4
  1903.20680940     0.99915886        4
  1903.22724121     1.00117677        4
  1903.24767291     0.99991996        4
  1903.26810471     1.00021612        4
  1903.30896801     0.99921605        4
  1903.32939981     0.99915816        4
  1903.34983142     0.99872607        4
  1903.37026312     1.00038861        4
  1903.39069492     1.00059520        4
  1903.41112662     1.00042980        4
  1903.43155833     0.99897680        4
  1903.45198993     1.00243672        4
  1903.47242163     0.99957518        4
  1903.49285344     1.00048531        4
  1903.51328514     0.99880224        4
  1903.55414855     1.00075288        4
  1903.57458025     1.00008905        4
  1903.59501186     1.00013646        4
  1903.61544366     1.00020212        4
  1903.63587537     1.00023940        4
  1903.65630718     1.00027714        4
  1903.67673878     1.00056707        4
  1903.69717049     0.99975577        4
  1903.71760229     1.00075397        4
  1903.73803390     1.00043022        4
  1903.75846561     0.99957382        4
  1903.81976083     0.99907318        4
  1903.84019253     0.99923525        4
  1903.86062414     0.99962441        4
  1903.88105595     0.99999929        4
  1903.90148766     0.99898613        4
  1903.92191927     0.99980924        4
  1903.94235107     0.99950885        4
  1903.96278278     1.00105568        4
  1903.98321459     1.00050621        4
  1904.00364620     1.00084939        4
  1904.04450962     0.99987729        4
  1904.06494143     0.99838691        4
  1904.08537304     1.00033203        4
  1904.10580475     0.99978118        4
  1904.12623646     1.00056611        4
  1904.14666817     1.00018171        4
  1904.16709998     1.00022369        4
  1904.18753159     1.00060209        4
  1904.20796340     0.99951395        4
  1904.22839511     0.99992598        4
  1904.24882672     0.99972606        4
  1904.28969025     1.00022672        4
  1904.31012186     0.99924283        4
  1904.33055367     0.99884720        4
  1904.35098539     0.99885259        4
  1904.37141720     1.00082826        4
  1904.39184881     1.00009034        4
  1904.41228053     1.00107400        4
  1904.43271234     1.00061758        4
  1904.45314395     0.99954872        4
  1904.47357567     1.00058572        4
  1904.49400748     0.99971403        4
  1904.61659777     1.00107527        4
  1904.63702949     0.99760204        4
  1904.65746120     1.00032787        4
  1904.67789292     1.00099911        4
  1904.69832463     0.99914442        4
  1904.71875635     0.99952902        4
  1904.73918807     1.00088022        4
  1904.78005150     0.99971619        4
  1904.80048322     1.00029140        4
  1904.82091504     0.99914200        4
  1904.84134666     1.00065315        4
  1904.86177837     0.99943078        4
  1904.88221019     1.00045555        4
  1905.04566395     0.99911508        4
  1905.06609567     0.99824305        4
  1905.08652749     1.00090984        4
  1905.10695911     1.00166101        4
  1905.12739083     1.00080578        4
  1905.14782265     1.00029942        4
  1905.16825427     0.99901285        4
  1905.18868599     0.99952302        4
