  1835.65878913     1.00016747        0
  1835.67922118     0.99942187        0
  1835.80181348     0.99832045        0
  1835.82224563     1.00133417        0
  1835.84267758     0.99850123        0
  1835.86310962     0.99921491        0
  1835.88354177     1.00000279        0
  1835.90397372     1.00123876        0
  1835.92440576     1.00019130        0
  1835.94483791     1.00034535        0
  1835.96526985     0.99875227        0
  1835.98570190     0.99964857        0
  1836.00613404     0.99907840        0
  1836.02656598     1.00007582        0
  1836.04699803     0.99996571        0
  1836.06743017     0.99779034        0
  1836.08786211     1.00149142        0
  1836.10829415     1.00176462        0
  1836.12872630     1.00212750        0
  1836.14915834     1.00018309        0
  1836.16959028     0.99922486        0
  1836.19002242     1.00014442        0
  1836.21045446     1.00079335        0
  1836.23088660     1.00002786        0
  1836.25131853     1.00135287        0
  1836.27175057     0.99973469        0
  1836.31261465     0.99963570        0
  1836.33304668     0.99899706        0
  1836.35347882     1.00089855        0
  1836.37391076     1.00226825        0
  1836.39434279     1.00110116        0
  1836.41477483     1.00023448        0
  1836.43520686     0.99960007        0
  1836.45563890     0.99975167        0
  1836.47607093     0.99894562        0
  1836.49650296     0.99956578        0
  1836.51693499     1.00161222        0
  1836.53736703     1.00113409        0
  1836.55779906     1.00004195        0
  1836.57823109     0.99977592        0
  1836.59866322     1.00079019        0
  1836.61909515     0.99914565        0
  1836.63952718     1.00017730        0
  1836.65995931     1.00007913        0
  1836.68039124     0.99847269        0
  1836.70082327     0.99923460        0
  1836.72125540     0.99920672        0
  1836.74168733     1.00103464        0
  1836.76211935     0.99985976        0
  1836.78255148     0.99967367        0
  1836.80298341     0.99971267        0
  1836.82341553     1.00002955        0
  1836.84384756     1.00082534        0
  1836.86427948     0.99925887        0
  1836.88471161     1.00073129        0
  1836.90514363     1.00034102        0
  1836.92557556     0.99993234        0
  1836.94600768     0.99858543        0
  1836.96643970     1.00074622        0
  1836.98687172     0.99993952        0
  1837.00730375     0.99589724        0
  1837.02773577     1.00014575        0
  1837.10946385     1.00149709        0
  1837.12989587     0.99972420        0
  1837.15032789     0.99893241        0
  1837.17075991     0.99931834        0
  1837.19119192     0.99965504        0
  1837.21162394     1.00085250        0
  1837.23205596     0.99827310        0
  1837.25248798     1.00033985        0
  1837.27291999     0.99919547        0
  1837.29335191     0.99960160        0
  1837.31378402     1.00026433        0
  1837.33421604     0.99877427        0
  1837.35464805     0.99932957        0
  1837.37508007     0.99921644        0
  1837.39551208     0.99990417        0
  1837.41594409     0.99898481        0
  1837.43637621     0.99844053        0
  1837.45680812     0.99923071        0
  1837.47724023     1.00003476        0
  1837.49767224     0.99780808        0
  1837.51810415     0.99912720        0
  1837.53853626     0.99867584        0
  1837.55896827     0.99895110        0
  1837.57940018     0.99875343        0
  1837.59983229     1.00123794        0
  1837.62026430     1.00011358        0
  1837.64069621     1.00104659        0
  1837.66112832     1.00017767        0
  1837.68156032     0.99934592        0
  1837.70199223     0.99941204        0
  1837.72242434     0.99957142        0
  1837.74285634     0.99994029        0
  1837.76328825     1.00035378        0
  1837.78372035     1.00089544        0
  1837.80415236     1.00049152        0
  1837.82458436     1.00054063        0
  1837.84501637     1.00036321        0
  1837.86544837     0.99964177        0
  1837.88588027     1.00118144        0
  1837.90631238     1.00075540        0
  1837.92674438     0.99970344        0
  1837.94717638     0.99966312        0
  1837.96760838     1.00036302        0
  1837.98804038     1.00110003        0
  1838.00847228     1.00093990        0
  1838.02890438     1.00085490        0
  1838.04933638     0.99990577        0
  1838.06976848     0.99974598        0
  1838.09020038     1.00103152        0
  1838.11063238     1.00170793        0
  1838.13106448     1.00004235        0
  1838.15149637     1.00063316        0
  1838.17192837     1.00142921        0
  1838.19236047     1.00075214        0
  1838.21279236     0.99957467        0
  1838.23322436     0.99998225        0
  1838.27408845     1.00026341        0
  1838.29452034     0.99939054        0
  1838.31495244     1.00042193        0
  1838.33538443     1.00033912        0
  1838.35581632     1.00068213        0
  1838.37624842     1.00045995        0
  1838.39668041     1.00141502        0
  1838.41711230     1.00206194        0
  1838.43754439     1.00174706        0
  1838.45797638     0.99969700        0
  1838.47840827     0.99975096        0
  1838.49884036     1.00146807        0
  1838.51927235     1.00034239        0
  1838.53970424     1.00032724        0
  1838.56013633     1.00008484        0
  1838.58056832     1.00042613        0
  1838.60100021     1.00048007        0
  1838.62143229     0.99953405        0
  1838.64186428     1.00049398        0
  1838.66229617     1.00001526        0
  1838.68272825     1.00039110        0
  1838.70316024     0.99812176        0
  1838.72359222     0.99800336        0
  1838.74402421     1.00020255        0
  1838.76445619     0.99853351        0
  1838.78488818     0.99709829        0
  1838.80532016     0.99959761        0
  1838.82575214     0.99770582        0
  1838.84618423     0.99987443        0
  1838.86661611     0.99896924        0
  1838.88704809     0.99920003        0
  1838.90748017     0.99751524        0
  1838.92791205     0.99954882        0
  1838.94834404     0.99750950        0
  1838.96877612     0.99860500        0
  1838.98920800     0.99853546        0
  1839.07093591     1.00079296        0
  1839.09136799     1.00015502        0
  1839.11179996     0.99879005        0
  1839.13223184     0.99876316        0
  1839.15266392     0.99958625        0
  1839.17309589     1.00028832        0
  1839.19352777     1.00118309        0
  1839.21395985     0.99986861        0
  1839.23439182     1.00007135        0
  1839.25482369     0.99985563        0
  1839.27525577     0.99978230        0
  1839.29568774     0.99974469        0
  1839.31611981     1.00018482        0
  1839.33655169     0.99982080        0
  1839.35698366     0.99980208        0
  1839.37741563     0.99937753        0
  1839.39784760     1.00031580        0
  1839.41827947     0.99980480        0
  1839.43871154     0.99882932        0
  1839.45914351     0.99926950        0
  1839.47957538     1.00102138        0
  1839.50000745     1.00010359        0
  1839.52043942     0.99988973        0
  1839.54087139     0.99976846        0
  1839.56130336     1.00032759        0
  1839.58173533     0.99968688        0
  1839.60216729     1.00033670        0
  1839.62259926     1.00003646        0
  1839.64303123     1.00028534        0
  1839.72475909     0.99967182        0
  1839.74519115     1.00262908        0
  1839.76562301     1.00214827        0
  1839.78605498     1.00148367        0
  1839.80648704     1.00201431        0
  1839.82691890     1.00034848        0
  1839.84735087     1.00043912        0
  1839.86778293     0.99990749        0
  1839.88821479     0.99962234        0
  1839.90864675     0.99987922        0
  1839.92907881     1.00027844        0
  1839.94951077     0.99849177        0
  1839.96994273     0.99932653        0
  1839.99037469     0.99970389        0
  1840.01080665     1.00034988        0
  1840.27642208     1.00051516        0
  1840.31728588     1.00000000        0
  1840.33771793     1.00026522        0
  1840.35814989     0.99867355        0
  1840.37858184     0.99926881        0
  1840.39901379     0.99881749        0
  1840.41944574     1.00016324        0
  1840.43987769     1.00017425        0
  1840.46030964     1.00011803        0
  1840.48074159     1.00010792        0
  1840.50117354     1.00008413        0
  1840.52160559     1.00026265        0
  1840.54203743     1.00203650        0
  1840.56246948     1.00022391        0
  1840.58290143     1.00004470        0
  1840.60333328     0.99966712        0
  1840.62376532     0.99961450        0
  1840.64419727     0.99928811        0
  1840.66462911     0.99913779        0
  1840.68506116     1.00083267        0
  1840.70549310     0.99952153        0
  1840.72592495     0.99989923        0
  1840.74635699     1.00138218        0
  1840.76678894     0.99923918        0
  1840.78722088     0.99984418        0
  1840.80765282     1.00047417        0
  1840.82808466     0.99953840        0
  1840.84851671     1.00055601        0
  1840.86894865     1.00044147        0
  1840.88938059     1.00035176        0
  1840.90981243     1.00097823        0
  1840.93024447     0.99937418        0
  1840.95067641     0.99965559        0
  1840.97110825     1.00017097        0
  1840.99154029     0.99845403        0
  1872.00688737     0.99964797        1
  1872.02731897     1.00049385        1
  1872.04775056     1.00013990        1
  1872.06818216     1.00000000        1
  1872.08861376     1.00055118        1
  1872.10904535     1.00069502        1
  1872.12947705     0.99964373        1
  1872.17034014     1.00100682        1
  1872.19077184     0.99990616        1
  1872.21120344     1.00209843        1
  1872.23163493     0.99937994        1
  1872.25206663     1.00018865        1
  1872.27249823     0.99860718        1
  1872.29292972     0.99903589        1
  1872.31336142     1.00090601        1
  1872.33379302     0.99867257        1
  1872.35422451     0.99943915        1
  1872.37465621     0.99949274        1
  1872.41551950     1.00017585        1
  1872.43595100     1.00085760        1
  1872.45638259     0.99984160        1
  1872.47681429     1.00011318        1
  1872.49724579     1.00052551        1
  1872.51767738     0.99993002        1
  1872.53810908     1.00015998        1
  1872.55854057     0.99995999        1
  1872.57897217     0.99917114        1
  1872.59940387     1.00082485        1
  1872.61983536     0.99911065        1
  1872.66069865     1.00010862        1
  1872.68113015     1.00000317        1
  1872.70156184     1.00005255        1
  1872.72199344     0.99943988        1
  1872.74242494     0.99940503        1
  1872.76285663     0.99889911        1
  1872.78328823     1.00070798        1
  1872.80371972     1.00029237        1
  1872.82415142     0.99928346        1
  1872.84458301     0.99932965        1
  1872.86501451     0.99999193        1
  1872.90587780     0.99917130        1
  1872.92630929     1.00069124        1
  1872.94674099     0.99992308        1
  1872.96717258     1.00026287        1
  1872.98760428     0.99943665        1
  1873.00803578     0.99960112        1
  1873.02846737     0.99947531        1
  1873.04889907     0.99919662        1
  1873.06933056     1.00012210        1
  1873.08976216     0.99998014        1
  1873.11019385     1.00116744        1
  1873.15105694     0.99982425        1
  1873.17148864     1.00005826        1
  1873.19192023     1.00086874        1
  1873.21235183     0.99996485        1
  1873.23278342     1.00112458        1
  1873.25321501     0.99905475        1
  1873.27364661     1.00194525        1
  1873.29407820     1.00054358        1
  1873.31450980     0.99908690        1
  1873.33494139     1.00117581        1
  1873.35537299     1.00115528        1
  1873.39623618     0.99852542        1
  1873.41666777     1.00076283        1
  1873.43709927     1.00127091        1
  1873.45753096     1.00017530        1
  1873.47796256     0.99965641        1
  1873.49839425     1.00013469        1
  1873.51882574     0.99979870        1
  1873.53925734     1.00001409        1
  1873.55968903     1.00072437        1
  1873.58012053     1.00077793        1
  1873.60055212     0.99972442        1
  1873.78443657     1.00020007        1
  1873.80486816     0.99951211        1
  1873.82529976     0.99990525        1
  1873.84573145     0.99995950        1
  1873.88659454     0.99990205        1
  1873.90702623     0.99872611        1
  1873.92745773     1.00011566        1
  1873.94788932     0.99886932        1
  1873.96832102     0.99929136        1
  1873.98875251     0.99810230        1
  1874.00918420     0.99878931        1
  1874.02961570     0.99916836        1
  1874.05004729     1.00035991        1
  1874.07047899     0.99817291        1
  1874.09091048     0.99950821        1
  1874.27479492     1.00083645        1
  1874.29522652     1.00018815        1
  1874.31565811     0.99994077        1
  1874.33608970     0.99898010        1
  1874.37695289     1.00168558        1
  1874.39738448     1.00089125        1
  1874.41781618     1.00009811        1
  1874.43824767     1.00101968        1
  1874.45867927     0.99994729        1
  1874.47911096     0.99957078        1
  1874.49954245     1.00071363        1
  1874.51997415     1.00078492        1
  1874.54040574     1.00090716        1
  1874.56083723     0.99891061        1
  1874.58126893     1.00108428        1
  1874.62213201     1.00046608        1
  1874.64256371     0.99897948        1
  1874.66299530     1.00114256        1
  1874.68342689     0.99967576        1
  1874.70385849     1.00074536        1
  1874.72429008     1.00014779        1
  1874.74472157     1.00187660        1
  1874.76515327     1.00022668        1
  1874.78558486     1.00031518        1
  1874.80601645     1.00057408        1
  1874.86731133     1.00060462        1
  1874.88774283     1.00084614        1
  1874.90817442     1.00133864        1
  1874.92860611     1.00064479        1
  1874.94903761     1.00184472        1
  1874.96946920     1.00037898        1
  1874.98990089     1.00007376        1
  1875.01033239     1.00072434        1
  1875.03076408     1.00070942        1
  1875.05119567     1.00010260        1
  1875.11249045     0.99975275        1
  1875.13292194     0.99743991        1
  1875.15335364     0.99785571        1
  1875.17378523     0.99901932        1
  1875.19421682     0.99841171        1
  1875.21464842     1.00059139        1
  1875.23508001     0.99993793        1
  1875.25551170     1.00068859        1
  1875.35766957     0.99767789        1
  1875.37810126     0.99866607        1
  1875.39853275     0.99883379        1
  1875.41896435     0.99937916        1
  1875.43939604     0.99854401        1
  1875.45982753     1.00022143        1
  1875.48025913     1.00100498        1
  1875.50069082     0.99935541        1
  1875.52112231     1.00039104        1
  1875.54155401     0.99939899        1
  1875.56198560     1.00063357        1
  1875.60284878     0.99990047        1
  1875.62328038     0.99964440        1
  1875.64371187     1.00040848        1
  1875.66414356     0.99881811        1
  1875.68457516     0.99996657        1
  1875.70500675     0.99966763        1
  1875.72543834     0.99938552        1
  1875.74586994     0.99966987        1
  1875.76630163     1.00014311        1
  1875.78673312     1.00000740        1
  1875.80716471     1.00004909        1
  1875.84802800     1.00091215        1
  1875.86845949     0.99970530        1
  1875.88889119     0.99880054        1
  1875.90932278     1.00070531        1
  1875.92975427     1.00061094        1
  1875.95018597     0.99988321        1
  1875.97061756     0.99997620        1
  1875.99104925     0.99887082        1
  1876.01148075     0.99826797        1
  1876.03191234     0.99976356        1
  1876.09320712     1.00067598        1
  1876.11363871     1.00004740        1
  1876.13407030     0.99931842        1
  1876.15450180     0.99885548        1
  1876.17493349     0.99951109        1
  1876.19536508     0.99968976        1
  1876.21579668     0.99961035        1
  1876.23622827     0.99945464        1
  1876.25665986     0.99901886        1
  1876.27709156     0.99957130        1
  1876.35881793     0.99901820        1
  1876.37924942     0.99923392        1
  1876.39968111     0.99904183        1
  1876.42011271     1.00018465        1
  1876.44054420     0.99977910        1
  1876.46097589     0.99923683        1
  1876.48140749     1.00015340        1
  1876.50183918     1.00014880        1
  1876.52227067     0.99928092        1
  1876.54270227     0.99961602        1
  1876.58356545     1.00066781        1
  1876.60399705     0.99958543        1
  1876.62442874     0.99982356        1
  1876.64486023     1.00123409        1
  1876.66529183     1.00055126        1
  1876.82874457     1.00064903        1
  1876.84917627     0.99957548        1
  1876.86960776     0.99861461        1
  1876.89003935     1.00016733        1
  1876.91047105     1.00118836        1
  1876.93090264     1.00040396        1
  1876.95133413     0.99920601        1
  1877.07392389     0.99984830        1
  1877.09435539     1.00160496        1
  1877.11478698     1.00364119        1
  1877.13521867     0.99992962        1
  1877.15565017     1.00126504        1
  1877.17608176     1.00163465        1
  1877.19651345     1.00070840        1
  1877.21694495     1.00115074        1
  1877.23737664     1.00008983        1
  1877.25780824     1.00083725        1
  1877.27823973     1.00051551        1
  1877.31910302     0.99971020        1
  1877.33953461     1.00091347        1
  1877.35996620     1.00124018        1
  1877.38039780     1.00071725        1
  1877.40082939     1.00006680        1
  1877.42126099     1.00058442        1
  1877.44169258     1.00054662        1
  1877.46212417     1.00025610        1
  1877.48255577     1.00088038        1
  1877.50298736     1.00042493        1
  1877.52341895     0.99973648        1
  1877.56428214     1.00056270        1
  1877.58471384     0.99947030        1
  1877.60514533     1.00078642        1
  1877.62557692     1.00030938        1
  1877.64600862     0.99891229        1
  1877.66644011     1.00009068        1
  1877.68687181     0.99934919        1
  1877.70730340     1.00021227        1
  1877.72773490     0.99914478        1
  1877.74816659     1.00118699        1
  1877.76859818     1.00019425        1
  1877.80946137     1.00077243        1
  1877.82989297     1.00050897        1
  1877.85032446     0.99863338        1
  1877.87075615     0.99891820        1
  1877.89118775     0.99865183        1
  1877.91161934     0.99901003        1
  1877.93205094     0.99982576        1
  1877.95248253     0.99961914        1
  1877.97291423     1.00061769        1
  1877.99334582     1.00110633        1
  1878.01377732     1.00039632        1
  1878.05464060     1.00002348        1
  1878.07507210     0.99886060        1
  1878.09550379     1.00137082        1
  1878.11593539     1.00096305        1
  1878.13636688     0.99997999        1
  1878.15679858     0.99923866        1
  1878.17723007     1.00042047        1
  1878.19766177     1.00013223        1
  1878.21809336     0.99959125        1
  1878.23852486     1.00004102        1
  1878.25895655     1.00096481        1
  1878.29981964     1.00028589        1
  1878.32025134     0.99984137        1
  1878.34068293     0.99887300        1
  1878.36111443     0.99883694        1
  1878.38154612     0.99938448        1
  1878.40197772     0.99945051        1
  1878.42240941     0.99931840        1
  1878.44284091     0.99908648        1
  1878.46327250     0.99952839        1
  1878.48370420     0.99912770        1
  1878.50413569     0.99970238        1
  1878.54499898     0.99901436        1
  1878.56543058     0.99989896        1
  1878.58586207     0.99945232        1
  1878.60629377     0.99948470        1
  1878.62672536     1.00040105        1
  1878.64715696     0.99994120        1
  1878.66758855     1.00059875        1
  1878.68802015     1.00032016        1
  1878.70845184     1.00017390        1
  1878.72888334     0.99905260        1
  1878.74931494     1.00034710        1
  1878.79017813     0.99918579        1
  1878.81060972     0.99980955        1
  1878.83104132     0.99908783        1
  1878.85147291     0.99977385        1
  1878.87190461     0.99906015        1
  1878.89233610     0.99880706        1
  1878.91276770     1.00035208        1
  1878.93319940     1.00092164        1
  1878.95363089     1.00074209        1
  1878.97406249     0.99960449        1
  1878.99449418     0.99948144        1
  1879.07622057     1.00048113        1
  1879.09665216     1.00123661        1
  1879.11708376     1.00005180        1
  1879.13751536     1.00153069        1
  1879.15794695     0.99998591        1
  1879.17837855     0.99980398        1
  1879.19881015     1.00098654        1
  1879.21924184     1.00098858        1
  1879.23967334     1.00127509        1
  1879.32139983     0.99932399        1
  1879.34183142     1.00062041        1
  1879.36226292     0.99945568        1
  1879.38269462     0.99956545        1
  1879.40312621     0.99975468        1
  1879.42355771     1.00067135        1
  1879.44398941     1.00079501        1
  1879.46442100     1.00129191        1
  1879.48485250     1.00058703        1
  1879.52571569     1.00002013        1
  1879.54614739     0.99878016        1
  1879.56657899     0.99754163        1
  1879.58701058     0.99931927        1
  1879.60744218     0.99876318        1
  1879.62787378     0.99970735        1
  1879.64830538     1.00018353        1
  1879.66873697     1.00053628        1
  1879.68916857     0.99987890        1
  1879.70960017     0.99897353        1
  1879.73003177     1.00002383        1
  1879.77089506     1.00083908        1
  1879.79132666     1.00085990        1
  1879.81175816     0.99950174        1
  1879.83218985     1.00159536        1
  1879.85262145     1.00606774        1
  1879.87305295     1.00037197        1
  1879.89348465     0.99989780        1
  1879.91391624     0.99897203        1
  1879.93434774     0.99882867        1
  1879.95477944     0.99925527        1
  1879.97521104     1.00123575        1
  1880.05693753     0.99969393        2
  1880.07736903     0.99933809        2
  1880.09780063     1.00024818        2
  1880.11823223     0.99998124        2
  1880.13866382     0.99974215        2
  1880.15909542     0.99977165        2
  1880.17952712     0.99947748        2
  1880.19995862     1.00009249        2
  1880.22039032     0.99900613        2
  1880.26125342     1.00065548        2
  1880.28168511     1.00060634        2
  1880.30211671     0.99951449        2
  1880.32254821     1.00031449        2
  1880.34297991     1.00068596        2
  1880.36341151     1.00098690        2
  1880.38384301     0.99962851        2
  1880.40427471     0.99998966        2
  1880.42470631     1.00135846        2
  1880.44513801     1.00198393        2
  1880.46556951     1.00090686        2
  1880.50643280     0.99911907        2
  1880.52686430     1.00062732        2
  1880.54729590     1.00017975        2
  1880.56772760     0.99905409        2
  1880.58815910     1.00052639        2
  1880.60859070     1.00038642        2
  1880.62902240     0.99898808        2
  1880.64945390     0.99973922        2
  1880.66988560     0.99909555        2
  1880.75161200     1.00040810        2
  1880.77204360     0.99919408        2
  1880.79247520     0.99987392        2
  1880.81290680     0.99920509        2
  1880.83333840     1.00018102        2
  1880.85377000     0.99946823        2
  1880.87420160     0.99933466        2
  1880.89463320     0.99945404        2
  1880.91506480     1.00030110        2
  1880.93549640     1.00019558        2
  1880.95592810     0.99923542        2
  1881.01722291     1.00044233        2
  1881.03765441     1.00087351        2
  1881.05808601     0.99924476        2
  1881.07851771     0.99987155        2
  1881.09894921     1.00109705        2
  1881.11938091     1.00034292        2
  1881.13981251     0.99998527        2
  1881.16024401     1.00073621        2
  1881.18067572     1.00023309        2
  1881.20110732     1.00148828        2
  1881.24197052     1.00024041        2
  1881.26240212     1.00122590        2
  1881.28283372     1.00002028        2
  1881.30326532     1.00062635        2
  1881.32369693     1.00074280        2
  1881.34412863     0.99990476        2
  1881.36456013     1.00025125        2
  1881.38499173     1.00036735        2
  1881.40542343     1.00032306        2
  1881.42585504     0.99979236        2
  1881.44628654     0.99920951        2
  1881.48714974     0.99918444        2
  1881.50758144     0.99858710        2
  1881.52801305     0.99944117        2
  1881.54844465     0.99823403        2
  1881.56887625     0.99927281        2
  1881.58930785     0.99892834        2
  1881.60973936     0.99950030        2
  1881.63017106     0.99930160        2
  1881.65060266     0.99889617        2
  1881.67103417     0.99918491        2
  1881.69146587     1.00044396        2
  1881.73232917     0.99963130        2
  1881.75276068     1.00062990        2
  1881.77319228     1.00042537        2
  1881.79362398     1.00197387        2
  1881.81405549     1.00006593        2
  1881.83448709     0.99945873        2
  1881.85491879     1.00010687        2
  1881.87535030     0.99972638        2
  1881.89578190     1.00015126        2
  1881.91621360     0.99990758        2
  1881.93664521     0.99885166        2
  1881.97750842     0.99871830        2
  1881.99794002     1.00039660        2
  1882.01837162     1.00011971        2
  1882.03880323     1.00037318        2
  1882.05923483     0.99999990        2
  1882.07966654     1.00087458        2
  1882.10009804     0.99854732        2
  1882.12052964     1.00044924        2
  1882.14096135     1.00208895        2
  1882.16139285     0.99974629        2
  1882.18182456     0.99966005        2
  1882.22268767     0.99890345        2
  1882.24311937     1.00025778        2
  1882.26355088     1.00033785        2
  1882.28398248     1.00008503        2
  1882.30441419     0.99974365        2
  1882.32484569     0.99981652        2
  1882.34527740     1.00107582        2
  1882.36570900     1.00073924        2
  1882.38614051     1.00006806        2
  1882.46786703     0.99979845        2
  1882.48829864     0.99953620        2
  1882.50873024     0.99981787        2
  1882.52916185     0.99898510        2
  1882.54959345     0.99863298        2
  1882.57002516     0.99935344        2
  1882.59045677     1.00049182        2
  1882.77434122     1.00044069        2
  1882.79477293     0.99938623        2
  1882.81520444     1.00057189        2
  1882.83563605     1.00032701        2
  1882.85606775     1.00000768        2
  1882.87649926     0.99984150        2
  1882.89693077     1.00041225        2
  1882.91736247     0.99996885        2
  1883.03995212     0.99956516        2
  1883.06038373     1.00187030        2
  1883.08081544     1.00199008        2
  1883.10124704     0.99978941        2
  1883.12167855     1.00057857        2
  1883.14211026     1.00054428        2
  1883.16254187     1.00130652        2
  1883.20340509     1.00068734        2
  1883.22383669     1.00077224        2
  1883.24426840     0.99957121        2
  1883.26469991     1.00027037        2
  1883.28513152     1.00034162        2
  1883.30556323     1.00155981        2
  1883.32599474     1.00334660        2
  1883.34642635     0.99987451        2
  1883.36685806     1.00015226        2
  1883.38728957     1.00001093        2
  1883.40772128     0.99904118        2
  1883.44858440     1.00096182        2
  1883.46901611     0.99947069        2
  1883.48944771     1.00108974        2
  1883.50987922     1.00033231        2
  1883.53031093     1.00062295        2
  1883.55074244     0.99993692        2
  1883.57117415     0.99862644        2
  1883.59160576     0.99889126        2
  1883.61203728     0.99994855        2
  1883.63246899     1.00199397        2
  1883.65290060     1.00041398        2
  1883.69376382     1.00101633        2
  1883.73462704     1.00005826        2
  1883.75505865     1.00039382        2
  1883.77549026     1.00071009        2
  1883.79592197     1.00041585        2
  1883.81635358     0.99945707        2
  1883.83678509     1.00022177        2
  1883.85721681     0.99908625        2
  1883.87764842     1.00131411        2
  1883.89807993     0.99935774        2
  1883.97980648     0.99891583        2
  1884.00023809     0.99884045        2
  1884.02066980     0.99948263        2
  1884.04110131     0.99911642        2
  1884.06153292     0.99912989        2
  1884.08196464     0.99971183        2
  1884.10239615     1.00013136        2
  1884.12282776     0.99999700        2
  1884.14325947     1.00062225        2
  1884.20455421     1.00010188        2
  1884.22498583     0.99969218        2
  1884.24541754     0.99850383        2
  1884.26584905     0.99970797        2
  1884.28628067     0.99921108        2
  1884.30671238     1.00002869        2
  1884.32714399     1.00033651        2
  1884.34757551     0.99898852        2
  1884.36800722     0.99907621        2
  1884.38843883     0.99956327        2
  1884.42930206     0.99877922        2
  1884.44973368     0.99970127        2
  1884.47016539     1.00050248        2
  1884.49059690     0.99921140        2
  1884.51102852     0.99919656        2
  1884.53146023     0.99979872        2
  1884.55189175     1.00091140        2
  1884.57232336     0.99808458        2
  1884.59275508     1.00011005        2
  1884.61318659     1.00028902        2
  1884.63361831     1.00072136        2
  1884.67448144     0.99966253        2
  1884.69491315     1.00095823        2
  1884.71534477     1.00019354        2
  1884.73577638     1.00014794        2
  1884.75620800     0.99964939        2
  1884.77663962     0.99873370        2
  1884.79707123     1.00005183        2
  1884.81750285     1.00021303        2
  1884.83793446     0.99888802        2
  1884.85836608     1.00111529        2
  1884.87879770     0.99941459        2
  1884.91966093     0.99975923        2
  1884.94009255     0.99958396        2
  1884.96052416     0.99972956        2
  1884.98095588     0.99946538        2
  1885.00138740     0.99985124        2
  1885.02181911     0.99910541        2
  1885.04225073     1.00051785        2
  1885.06268225     1.00051546        2
  1885.08311396     1.00052434        2
  1885.10354558     1.00111227        2
  1885.12397710     1.00056450        2
  1885.16484043     0.99586709        2
  1885.18527195     1.00059370        2
  1885.20570367     1.00047806        2
  1885.22613529     1.00058625        2
  1885.24656701     0.99950032        2
  1885.26699852     1.00090214        2
  1885.28743014     1.00021887        2
  1885.30786186     1.00033442        2
  1885.32829338     1.00076254        2
  1885.34872500     1.00023518        2
  1885.36915672     0.99979310        2
  1885.41001986     1.00002775        2
  1885.43045157     1.00075197        2
  1885.45088319     0.99840359        2
  1885.47131481     1.00776164        2
  1885.49174643     0.99794420        2
  1885.51217805     0.99807831        2
  1885.53260967     0.99849266        2
  1885.55304129     1.00052183        2
  1885.57347281     0.99954800        2
  1885.59390453     0.99988638        2
  1885.61433615     0.99919753        2
  1885.65519939     0.99852719        2
  1885.67563101     1.00007900        2
  1885.69606273     1.00018243        2
  1885.71649425     0.99970233        2
  1885.73692587     0.99941805        2
  1885.75735760     0.99922914        2
  1885.77778912     1.00059801        2
  1885.79822074     0.99927301        2
  1885.81865246     1.00012599        2
  1885.83908398     1.00065746        2
  1885.85951570     0.99971665        2
  1885.90037884     0.99938419        2
  1885.92081057     0.99999590        2
  1885.94124219     1.00089613        2
  1885.96167381     0.99958759        2
  1885.98210543     1.00021797        2
  1886.00253705     1.00077684        2
  1886.02296868     1.00021741        2
  1886.04340030     1.00013034        2
  1886.06383192     1.00042321        2
  1886.08426365     1.00045198        2
  1886.10469527     1.00049657        2
  1886.18642166     1.00135358        2
  1886.20685338     1.00049929        2
  1886.22728491     1.00247893        2
  1886.24771663     1.00126500        2
  1886.26814826     0.99896495        2
  1886.28857978     1.00051103        2
  1886.30901150     1.00140863        2
  1886.32944313     0.99983082        2
  1886.34987465     1.00240046        2
  1886.39073800     1.00037180        2
  1886.41116953     0.99976244        2
  1886.43160125     1.00084584        2
  1886.45203287     0.99981552        2
  1886.47246460     0.99977755        2
  1886.49289612     1.00052149        2
  1886.51332775     1.00000000        2
  1886.53375948     0.99996289        2
  1886.63591760     0.99950702        2
  1886.65634923     0.99934794        2
  1886.67678086     0.99933784        2
  1886.69721248     0.99922368        2
  1886.71764411     1.00244024        2
  1886.73807574     1.00140571        2
  1886.75850746     0.99931966        2
  1886.88109713     0.99924143        2
  1886.90152875     0.99974139        2
  1886.92196048     0.99874606        2
  1886.94239201     1.00158096        2
  1886.96282364     1.00111614        2
  1886.98325536     0.99888480        2
  1887.00368689     0.99997322        2
  1887.12627676     0.99970313        2
  1887.14670839     1.00019630        2
  1887.16714002     1.00091959        2
  1887.18757165     1.00052212        2
  1887.20800328     1.00081957        2
  1887.22843491     1.00086418        2
  1887.24886664     0.99884081        2
  1887.26929817     0.99935116        2
  1887.28972980     0.99926372        2
  1887.31016153     1.00042771        2
  1887.33059316     0.99999078        2
  1887.37145642     1.00135550        2
  1887.39188805     0.99978297        2
  1887.41231958     0.99945828        2
  1887.43275131     0.99960008        2
  1887.45318295     0.99923309        2
  1887.47361458     0.99967839        2
  1887.49404621     0.99943507        2
  1887.51447784     0.99891106        2
  1887.53490957     0.99906518        2
  1887.55534110     0.99879625        2
  1887.57577273     0.99912104        2
  1887.61663600     0.99929923        2
  1887.63706773     1.00082986        2
  1887.65749926     1.00019778        2
  1887.67793090     1.00040573        2
  1887.69836263     0.99935042        2
  1887.71879416     0.99985319        2
  1887.73922579     0.99938001        2
  1887.75965753     0.99920530        2
  1887.78008906     0.99947552        2
  1887.80052069     1.00005845        2
  1887.86181569     1.00118868        2
  1887.88224733     1.00188869        2
  1887.90267896     1.00063643        2
  1887.92311060     1.00140999        2
  1887.94354223     1.00004033        2
  1887.96397386     1.00114053        2
  1887.98440560     0.99951324        2
  1891.04915316     1.00130122        3
  1891.06958482     1.00093012        3
  1891.09001658     1.00170746        3
  1891.11044813     1.00026605        3
  1891.13087979     0.99836134        3
  1891.15131155     0.99903393        3
  1891.17174311     1.00011758        3
  1891.19217487     0.99905526        3
  1891.21260653     0.99903473        3
  1891.23303809     0.99795890        3
  1891.29433307     0.99901735        3
  1891.31476483     1.00089585        3
  1891.33519649     1.00191570        3
  1891.35562825     0.99989798        3
  1891.37605981     0.99909712        3
  1891.39649147     1.00043662        3
  1891.41692323     0.99899998        3
  1891.43735479     0.99914783        3
  1891.45778645     1.00005424        3
  1891.47821821     1.00003500        3
  1891.49864987     0.99963956        3
  1891.53951320     0.99945086        3
  1891.55994476     1.00060240        3
  1891.58037652     1.00016573        3
  1891.60080818     1.00010850        3
  1891.62123974     1.00121389        3
  1891.64167151     1.00056657        3
  1891.66210317     1.00000000        3
  1891.68253473     1.00012767        3
  1891.70296650     1.00010453        3
  1891.72339816     1.00109733        3
  1891.74382992     1.00077251        3
  1891.78469315     0.99999624        3
  1891.80512491     1.00001486        3
  1891.82555648     0.99962843        3
  1891.84598814     1.00047683        3
  1891.86641991     1.00160480        3
  1891.88685147     1.00018845        3
  1891.90728314     0.99871396        3
  1891.92771490     1.00052280        3
  1891.94814647     1.00004599        3
  1891.96857823     0.99977046        3
  1891.98900990     1.00020784        3
  1892.02987323     1.00001462        3
  1892.05030490     0.99964267        3
  1892.07073656     0.99933728        3
  1892.09116823     0.99923747        3
  1892.11159990     0.99953369        3
  1892.13203166     0.99842659        3
  1892.15246333     1.00002657        3
  1892.17289490     1.00019569        3
  1892.19332667     1.00052193        3
  1892.21375823     0.99910476        3
  1892.23418990     1.00086526        3
  1892.27505324     0.99951378        3
  1892.29548501     0.99917482        3
  1892.31591667     1.00043909        3
  1892.33634824     0.99993513        3
  1892.35678001     0.99901412        3
  1892.37721168     0.99881881        3
  1892.39764325     0.99989069        3
  1892.41807502     0.99972349        3
  1892.43850669     0.99962264        3
  1892.45893826     0.99986422        3
  1892.47937003     0.99959952        3
  1892.52023347     1.00060296        3
  1892.54066504     1.00054951        3
  1892.56109671     1.00172422        3
  1892.58152848     1.00049889        3
  1892.60196005     0.99942859        3
  1892.62239172     1.00029543        3
  1892.64282350     1.00067335        3
  1892.66325517     1.00039180        3
  1892.68368684     1.00054719        3
  1892.84714022     0.99954786        3
  1892.86757200     1.00200557        3
  1892.88800357     0.99911929        3
  1892.90843534     1.00059963        3
  1892.92886692     1.00089350        3
  1892.94929859     0.99992160        3
  1892.96973037     1.00007296        3
  1893.01059362     1.00097312        3
  1893.03102539     1.00090922        3
  1893.05145697     0.99960015        3
  1893.07188874     0.99991542        3
  1893.09232042     0.99895868        3
  1893.11275199     0.99962346        3
  1893.13318377     0.99902723        3
  1893.15361545     0.99869097        3
  1893.17404702     0.99937820        3
  1893.19447880     0.99964676        3
  1893.21491048     0.99913366        3
  1893.33750054     0.99959733        3
  1893.35793232     1.00042919        3
  1893.37836400     1.00148048        3
  1893.39879558     1.00126074        3
  1893.41922736     0.99824088        3
  1893.43965903     0.99966367        3
  1893.46009081     1.00020492        3
  1893.50095407     1.00048607        3
  1893.52138585     0.99934068        3
  1893.54181743     1.00018955        3
  1893.56224901     1.00006037        3
  1893.58268079     1.00000655        3
  1893.60311247     0.99973581        3
  1893.62354425     0.99826100        3
  1893.64397584     1.00119042        3
  1893.66440752     1.00066082        3
  1893.68483930     1.00002988        3
  1893.70527088     0.99994790        3
  1893.74613434     0.99999502        3
  1893.76656593     1.00000854        3
  1893.78699761     0.99925807        3
  1893.80742939     1.00025331        3
  1893.82786097     1.00090003        3
  1893.84829276     1.00126671        3
  1893.86872444     1.00015227        3
  1893.88915612     1.00015257        3
  1893.90958781     0.99954292        3
  1893.93001949     0.99887525        3
  1894.03217801     1.00009767        3
  1894.05260960     1.00097016        3
  1894.07304138     1.00002570        3
  1894.09347307     1.00074692        3
  1894.11390465     0.99929899        3
  1894.13433644     1.00024277        3
  1894.15476812     1.00038375        3
  1894.17519981     0.99984362        3
  1894.19563150     1.00070694        3
  1894.23649487     0.99840637        3
  1894.25692656     0.99993899        3
  1894.27735814     0.99928271        3
  1894.29778993     0.99980793        3
  1894.31822162     1.00048002        3
  1894.33865321     0.99886488        3
  1894.35908500     1.00013482        3
  1894.37951668     0.99991697        3
  1894.39994847     0.99932299        3
  1894.42038006     1.00025989        3
  1894.44081175     1.00001242        3
  1894.48167513     1.00060681        3
  1894.50210682     0.99959653        3
  1894.52253861     1.00078724        3
  1894.54297030     1.00033959        3
  1894.56340199     1.00195772        3
  1894.58383368     1.00049963        3
  1894.60426537     0.99985273        3
  1894.62469706     1.00050564        3
  1894.72685551     0.99974205        3
  1894.74728731     0.99889648        3
  1894.76771890     0.99992352        3
  1894.78815069     0.99900091        3
  1894.80858238     0.99988520        3
  1894.82901398     1.00108741        3
  1894.84944577     1.00108400        3
  1894.86987736     0.99999411        3
  1894.97203593     0.99799299        3
  1894.99246753     0.99941050        3
  1895.01289932     0.99993559        3
  1895.03333102     0.99961689        3
  1895.05376271     1.00114270        3
  1895.07419441     0.99904407        3
  1895.09462610     0.99978462        3
  1895.11505790     0.99994797        3
  1895.13548949     0.99979784        3
  1895.15592119     0.99968280        3
  1895.17635299     1.00094534        3
  1895.21721628     0.99899827        3
  1895.23764808     0.99886593        3
  1895.25807977     0.99927458        3
  1895.27851137     0.99910230        3
  1895.29894317     1.00008678        3
  1895.31937487     0.99845122        3
  1895.33980666     0.99939761        3
  1895.36023826     1.00037278        3
  1895.38066996     0.99922165        3
  1895.40110176     0.99998395        3
  1895.42153336     0.99947430        3
  1895.46239686     1.00027940        3
  1895.48282846     1.00070348        3
  1895.50326026     1.00057391        3
  1895.52369186     0.99942838        3
  1895.54412356     1.00036679        3
  1895.56455536     0.99976031        3
  1895.58498696     1.00045715        3
  1895.60541866     1.00119918        3
  1895.62585046     0.99962337        3
  1895.64628206     1.00019267        3
  1895.66671386     1.00045712        3
  1895.70757727     1.00073254        3
  1895.72800897     1.00163000        3
  1895.74844067     0.99977952        3
  1895.76887237     1.00159949        3
  1895.78930408     0.99946807        3
  1895.80973578     1.00024056        3
  1895.83016748     1.00003330        3
  1895.85059929     1.00015811        3
  1895.87103089     0.99881140        3
  1895.89146269     1.00110122        3
  1895.91189440     0.99857592        3
  1895.97318951     0.99988364        3
  1895.99362112     1.00010939        3
  1896.01405292     1.00109163        3
  1896.03448463     1.00102708        3
  1896.05491643     0.99959948        3
  1896.07534804     1.00026359        3
  1896.09577975     0.99953833        3
  1896.11621145     1.00068093        3
  1896.13664316     1.00025920        3
  1896.15707487     1.00105155        3
  1896.19793828     0.99993676        3
  1896.21837009     0.99990229        3
  1896.23880169     1.00011910        3
  1896.25923340     0.99885509        3
  1896.27966521     0.99899387        3
  1896.30009682     1.00113273        3
  1896.32052853     0.99917678        3
  1896.34096034     0.99932690        3
  1896.36139195     0.99998417        3
  1896.38182366     0.99920467        3
  1896.50441402     1.00024899        3
  1896.52484573     0.99965553        3
  1896.54527744     0.99928352        3
  1896.56570925     0.99997187        3
  1896.58614086     0.99918918        3
  1896.60657267     1.00126257        3
  1896.62700438     1.00082011        3
  1896.64743600     1.00013941        3
  1896.68829952     1.00050365        3
  1896.70873113     0.99883835        3
  1896.72916295     0.99982480        3
  1896.74959466     0.99917260        3
  1896.77002638     0.99932371        3
  1896.79045809     1.00044368        3
  1896.81088980     1.00013128        3
  1896.83132152     1.00095124        3
  1896.85175323     1.00034410        3
  1896.87218495     1.00174405        3
  1896.89261666     1.00031256        3
  1896.93348009     0.99895389        3
  1896.95391181     0.99925584        3
  1896.97434352     1.00160299        3
  1896.99477534     1.00047218        3
  1897.01520696     0.99881172        3
  1897.03563867     0.99744503        3
  1897.05607049     1.00044630        3
  1897.07650221     1.00046807        3
  1897.09693382     1.00102186        3
  1897.11736564     1.00031203        3
  1897.13779736     1.00083818        3
  1897.17866080     0.99959723        3
  1897.19909251     0.99926041        3
  1897.21952433     0.99995331        3
  1897.23995595     0.99921221        3
  1897.26038767     0.99968371        3
  1897.28081949     1.00022657        3
  1897.30125111     1.00167107        3
  1897.32168293     0.99995336        3
  1897.34211465     1.00142105        3
  1897.36254627     0.99875183        3
  1897.38297809     1.00043845        3
  1897.42384143     0.99918438        3
  1897.44427325     0.99926773        3
  1897.46470498     1.00039046        3
  1897.48513680     0.99923274        3
  1897.50556842     0.99986052        3
  1897.52600004     1.02010508        3
  1897.54643186     1.00057876        3
  1897.56686359     0.99944020        3
  1897.58729531     0.99974836        3
  1897.60772703     0.99962571        3
  1897.62815876     0.99980274        3
  1897.75074910     1.00021915        3
  1897.77118093     0.99832253        3
  1897.79161265     0.99939111        3
  1897.81204428     0.99994558        3
  1897.83247610     0.99987293        3
  1897.85290783     1.00116021        3
  1897.87333966     1.00169386        3
  1897.93463484     1.00029547        3
  1897.95506646     1.00165147        3
  1897.97549819     1.00027329        3
  1897.99593002     0.99866200        3
  1898.01636165     0.99878067        4
  1898.03679348     1.00040592        4
  1898.05722520     1.00166792        4
  1898.07765683     1.00040635        4
  1898.09808866     0.99959700        4
  1898.11852039     1.00058518        4
  1898.15938385     0.99875885        4
  1898.17981548     0.99986084        4
  1898.20024731     1.00054162        4
  1898.22067904     0.99900265        4
  1898.24111067     0.99918323        4
  1898.26154250     0.99892218        4
  1898.28197423     0.99996949        4
  1898.30240597     1.00031147        4
  1898.32283770     0.99985580        4
  1898.34326943     0.99951448        4
  1898.40456463     0.99916034        4
  1898.42499646     0.99985215        4
  1898.44542819     1.00034264        4
  1898.46585983     0.99957090        4
  1898.48629166     0.99982672        4
  1898.50672339     1.00071203        4
  1898.52715503     0.99949451        4
  1898.54758686     1.00040644        4
  1898.56801860     1.00006078        4
  1898.58845043     1.00145200        4
  1898.60888207     1.00112089        4
  1898.64974564     1.00107437        4
  1898.67017727     1.00098917        4
  1898.69060901     1.00003311        4
  1898.71104085     1.00135665        4
  1898.73147248     0.99962113        4
  1898.75190432     1.00061849        4
  1898.77233606     1.00202138        4
  1898.79276769     1.00153558        4
  1898.81319953     1.00003436        4
  1898.83363117     1.00096639        4
  1898.85406291     0.99965717        4
  1898.89492638     1.00000732        4
  1898.91535812     0.99961277        4
  1898.93578996     0.99953317        4
  1898.95622170     1.00118213        4
  1898.97665344     1.00072191        4
  1898.99708518     0.99950129        4
  1899.01751692     0.99974068        4
  1899.03794866     1.00068790        4
  1899.05838040     0.99964102        4
  1899.07881214     0.99972801        4
  1899.09924398     1.00023330        4
  1899.14010747     1.00001995        4
  1899.16053921     0.99917679        4
  1899.18097085     0.99928590        4
  1899.20140269     1.00020857        4
  1899.22183444     0.99977384        4
  1899.24226608     1.00020368        4
  1899.26269792     0.99980969        4
  1899.28312967     0.99946620        4
  1899.30356151     1.00015584        4
  1899.32399315     1.00005117        4
  1899.34442490     0.99889722        4
  1899.38528839     1.00117166        4
  1899.40572013     0.99975567        4
  1899.42615198     0.99932434        4
  1899.44658362     1.00090914        4
  1899.46701547     1.00011852        4
  1899.48744711     0.99902152        4
  1899.50787886     1.00020635        4
  1899.52831071     1.00033406        4
  1899.54874235     1.00043794        4
  1899.56917410     0.99885576        4
  1899.58960595     1.00061794        4
  1899.63046934     0.99964816        4
  1899.65090119     0.99922021        4
  1899.67133294     0.99941924        4
  1899.69176469     0.99835038        4
  1899.71219644     1.00061023        4
  1899.73262818     0.99911802        4
  1899.75306003     0.99881068        4
  1899.77349168     0.99892727        4
  1899.79392343     0.99942500        4
  1899.81435528     0.99911681        4
  1899.83478693     0.99965136        4
  1899.89608219     1.00114089        4
  1899.91651404     0.99979187        4
  1899.93694579     1.00047490        4
  1899.95737744     1.00020829        4
  1899.97780929     1.00026844        4
  1899.99824105     0.99959274        4
  1900.01867290     1.00024072        4
  1900.03910455     1.00105219        4
  1900.05953630     0.99993881        4
  1900.07996806     0.99932996        4
  1900.12083157     1.00026261        4
  1900.14126332     1.00093626        4
  1900.16169507     0.99943490        4
  1900.18212693     0.99960274        4
  1900.20255858     1.00062174        4
  1900.22299034     1.00003662        4
  1900.24342220     1.00223684        4
  1900.26385385     1.00061513        4
  1900.28428561     1.00003133        4
  1900.30471746     1.00099287        4
  1900.32514922     1.00183817        4
  1900.36601273     1.00025395        4
  1900.38644449     1.00117398        4
  1900.40687635     1.00004962        4
  1900.42730801     0.99969571        4
  1900.44773977     0.99988401        4
  1900.46817162     1.00046007        4
  1900.48860328     0.99988199        4
  1900.50903504     1.00003387        4
  1900.52946690     0.99866461        4
  1900.54989856     1.00011909        4
  1900.57033042     1.00156300        4
  1900.61119384     1.00031221        4
  1900.63162570     0.99991494        4
  1900.65205746     0.99941034        4
  1900.67248912     0.99990663        4
  1900.69292099     1.00053335        4
  1900.71335275     1.00034000        4
  1900.85637509     0.99982009        4
  1900.87680685     0.99912680        4
  1900.89723872     0.99791597        4
  1900.91767048     0.99916119        4
  1900.93810214     0.99930274        4
  1900.95853401     1.00001711        4
  1900.97896577     0.99918435        4
  1900.99939744     0.99974967        4
  1901.01982931     1.00076973        4
  1901.04026107     0.99999558        4
  1901.06069274     1.00186316        4
  1901.10155637     1.00094315        4
  1901.12198824     0.99967828        4
  1901.14241991     0.99993461        4
  1901.16285167     0.99975060        4
  1901.18328354     0.99996794        4
  1901.20371521     0.99956627        4
  1901.22414698     1.00031258        4
  1901.24457885     0.99949669        4
  1901.26501052     1.00138044        4
  1901.28544239     0.99907219        4
  1901.30587415     1.00115846        4
  1901.36716947     0.99828005        4
  1901.38760124     0.99880404        4
  1901.40803301     1.00001380        4
  1901.42846478     1.00224989        4
  1901.44889655     0.99970907        4
  1901.46932832     1.00029289        4
  1901.48976009     1.00000000        4
  1901.51019187     1.00057421        4
  1901.53062364     1.00075640        4
  1901.55105541     1.00010934        4
  1901.59191896     0.99970470        4
  1901.61235083     0.99877515        4
  1901.63278261     0.99993565        4
  1901.65321428     0.99998827        4
  1901.67364615     0.99936775        4
  1901.69407793     1.00111527        4
  1901.71450960     0.99983908        4
  1901.73494148     1.00094798        4
  1901.75537326     1.00077407        4
  1901.77580493     0.99939219        4
  1901.79623681     0.99974203        4
  1901.83710046     0.99977475        4
  1901.85753214     1.00105264        4
  1901.87796392     1.00056547        4
  1901.89839579     0.99919214        4
  1901.91882747     1.00027943        4
  1901.93925925     1.00063095        4
  1901.95969113     1.00069790        4
  1901.98012281     1.00060517        4
  1902.00055469     1.00054174        4
  1902.02098646     0.99885520        4
  1902.08228180     1.00001948        4
  1902.10271348     1.00069594        4
  1902.12314537     0.99949450        4
  1902.14357715     1.00088314        4
  1902.16400893     1.00163346        4
  1902.18444071     1.00030743        4
  1902.20487249     1.00050349        4
  1902.22530427     0.99963882        4
  1902.24573606     1.00000828        4
  1902.26616784     0.99940850        4
  1902.28659972     0.99945514        4
  1902.32746319     1.00037290        4
  1902.34789507     1.00137586        4
  1902.36832676     0.99988813        4
  1902.38875864     1.00056118        4
  1902.40919043     1.00008445        4
  1902.42962211     1.00041793        4
  1902.45005400     0.99925773        4
  1902.57264471     0.99948131        4
  1902.59307650     0.99983281        4
  1902.61350839     0.99930909        4
  1902.63394008     1.00061466        4
  1902.65437186     0.99929028        4
  1902.67480375     1.00002570        4
  1902.69523544     0.99981084        4
  1902.71566733     0.99950966        4
  1902.73609912     0.99986972        4
  1902.75653081     0.99959504        4
  1902.77696270     0.99952468        4
  1902.81782628     0.99815461        4
  1902.83825807     0.99901437        4
  1902.85868986     1.00094140        4
  1902.87912155     1.00043098        4
  1902.89955344     0.99969747        4
  1902.91998524     1.00080123        4
  1902.94041713     0.99906089        4
  1902.96084882     1.00014081        4
  1902.98128061     1.00014927        4
  1903.00171251     0.99895281        4
  1903.02214420     0.99925720        4
  1903.22646225     1.00079147        4
  1903.24689404     1.00010329        4
  1903.26732594     0.99885016        4
  1903.30818944     1.00074643        4
  1903.32862133     1.00129009        4
  1903.34905303     1.00128636        4
  1903.36948483     1.00118227        4
  1903.38991673     0.99940921        4
  1903.41034853     1.00050013        4
  1903.43078033     1.00134688        4
  1903.45121203     1.00062024        4
  1903.47164383     0.99936618        4
  1903.49207573     0.99863695        4
  1903.51250753     0.99820378        4
  1903.55337113     0.99883362        4
  1903.57380293     0.99972092        4
  1903.59423463     1.00042688        4
  1903.61466653     1.00047794        4
  1903.63509833     0.99963614        4
  1903.65553024     1.00023696        4
  1903.67596194     0.99999757        4
  1903.69639374     0.99941404        4
  1903.71682565     1.00082164        4
  1903.73725735     1.00011012        4
  1903.75768915     1.00099185        4
  1903.79855276     0.99979400        4
  1903.81898467     1.00054649        4
  1903.83941647     0.99959572        4
  1903.85984818     1.00060990        4
  1903.88028008     1.00106770        4
  1903.90071189     1.00005843        4
  1903.92114360     1.00037246        4
  1903.94157550     0.99887155        4
  1903.96200731     0.99938662        4
  1903.98243922     0.99905149        4
  1904.00287092     0.99907656        4
  1904.04373454     0.99996547        4
  1904.06416645     0.99987238        4
  1904.08459816     0.99994998        4
  1904.10502997     1.00053618        4
  1904.12546178     0.99919309        4
  1904.14589358     0.99959223        4
  1904.16632549     0.99965270        4
  1904.18675721     1.00090752        4
  1904.20718912     0.99984455        4
  1904.22762093     0.99916964        4
  1904.24805264     0.99997994        4
  1904.30934807     1.00067160        4
  1904.32977999     1.00114597        4
  1904.35021180     1.00058537        4
  1904.37064371     1.00042055        4
  1904.39107542     0.99998016        4
  1904.41150724     0.99991890        4
  1904.43193915     1.00068268        4
  1904.45237087     0.99937509        4
  1904.47280268     0.99963951        4
  1904.49323459     1.00063047        4
  1904.61582549     1.00048095        4
  1904.63625731     0.99997513        4
  1904.65668912     1.00072588        4
  1904.67712094     1.00084136        4
  1904.69755276     0.99946691        4
  1904.71798458     1.00024413        4
  1904.73841640     0.99958664        4
  1904.77928003     0.99972225        4
  1904.79971185     0.99994883        4
  1904.82014377     1.00085132        4
  1904.84057549     0.99967133        4
  1904.86100731     1.00055040        4
  1904.88143923     1.00030595        4
  1905.04489381     1.00003389        4
  1905.06532563     0.99996724        4
  1905.08575756     1.00008676        4
  1905.10618928     0.99991110        4
  1905.12662110     0.99883327        4
  1905.14705303     0.99969908        4
  1905.16748475     1.00025196        4
  1905.18791658     1.00008854        4
