  1835.65885914     0.99955269        0
  1835.67929121     0.99983486        0
  1835.80188362     1.00039503        0
  1835.82231579     0.99944229        0
  1835.84274775     0.99965062        0
  1835.86317982     1.00042699        0
  1835.88361198     1.00052631        0
  1835.90404394     1.00017299        0
  1835.92447601     1.00005047        0
  1835.94490817     1.00103901        0
  1835.96534013     0.99943995        0
  1835.98577220     1.00043577        0
  1836.00620436     1.00000373        0
  1836.02663632     0.99982311        0
  1836.04706838     0.99937677        0
  1836.06750054     0.99936379        0
  1836.08793250     0.99976247        0
  1836.10836456     1.00004985        0
  1836.12879672     1.00018744        0
  1836.14922878     1.00022306        0
  1836.16966074     0.99992791        0
  1836.19009289     1.00027571        0
  1836.21052495     1.00020895        0
  1836.23095711     0.99992528        0
  1836.25138906     1.00035276        0
  1836.27182112     0.99930017        0
  1836.31268523     0.99956164        0
  1836.33311728     1.00019160        0
  1836.35354944     1.00235280        0
  1836.37398139     1.00026324        0
  1836.39441344     1.00036451        0
  1836.41484550     0.99970864        0
  1836.43527755     1.00016070        0
  1836.45570960     1.00000831        0
  1836.47614165     0.99980768        0
  1836.49657370     0.99951402        0
  1836.51700575     1.00000650        0
  1836.53743780     0.99964839        0
  1836.55786985     0.99933687        0
  1836.57830190     0.99983159        0
  1836.59873405     1.00021537        0
  1836.61916600     1.00037183        0
  1836.63959804     1.00019831        0
  1836.66003019     1.00039224        0
  1836.68046214     1.00002796        0
  1836.70089418     0.99881411        0
  1836.72132633     0.99989137        0
  1836.74175827     1.00034229        0
  1836.76219032     1.00020248        0
  1836.78262246     1.00072509        0
  1836.80305441     1.00059568        0
  1836.82348655     0.99917012        0
  1836.84391859     1.00332912        0
  1836.86435054     0.99943690        0
  1836.88478268     0.99884873        0
  1836.90521472     1.00055540        0
  1836.92564666     0.99965916        0
  1836.94607880     0.99959654        0
  1836.96651084     1.00059569        0
  1836.98694288     1.00000000        0
  1837.00737492     1.00004756        0
  1837.02780696     1.00011398        0
  1837.06867114     0.99999745        0
  1837.08910307     1.00133201        0
  1837.10953511     0.99957906        0
  1837.12996715     0.99975960        0
  1837.15039918     1.00062641        0
  1837.17083122     1.00012939        0
  1837.19126325     0.99969959        0
  1837.21169529     0.99957841        0
  1837.23212732     1.00083260        0
  1837.25255936     0.99959035        0
  1837.27299139     0.99976241        0
  1837.29342332     1.00028171        0
  1837.31385546     0.99999975        0
  1837.33428749     0.99976342        0
  1837.35471952     0.99993723        0
  1837.37515155     1.00065391        0
  1837.39558358     0.99981846        0
  1837.41601561     1.00183034        0
  1837.43644774     1.00094464        0
  1837.45687967     1.00065549        0
  1837.47731180     0.99974367        0
  1837.49774383     0.99895469        0
  1837.51817576     0.99952879        0
  1837.53860788     0.99917733        0
  1837.55903991     0.99942484        0
  1837.57947184     0.99981459        0
  1837.59990396     0.99912565        0
  1837.62033599     0.99923552        0
  1837.64076791     1.00057642        0
  1837.66120004     1.00002328        0
  1837.68163206     1.00071523        0
  1837.70206399     0.99907052        0
  1837.72249611     0.99886432        0
  1837.74292813     0.99892094        0
  1837.76336006     1.00055984        0
  1837.78379218     1.00043553        0
  1837.80422420     0.99969241        0
  1837.82465622     1.00077970        0
  1837.84508824     0.99988535        0
  1837.86552026     1.00018509        0
  1837.88595218     0.99977286        0
  1837.90638430     0.99956739        0
  1837.92681632     1.00034303        0
  1837.94724834     1.00051254        0
  1837.96768036     0.99979461        0
  1837.98811238     1.00004764        0
  1838.00854429     1.00039719        0
  1838.02897641     1.00011237        0
  1838.04940843     0.99984963        0
  1838.06984054     1.00003363        0
  1838.09027246     0.99979807        0
  1838.11070447     0.99931169        0
  1838.13113659     0.99966765        0
  1838.15156850     1.00038378        0
  1838.17200052     0.99945563        0
  1838.19243263     0.99978307        0
  1838.21286454     0.99912308        0
  1838.29459259     1.00009423        0
  1838.31502470     0.99953943        0
  1838.33545671     1.00001074        0
  1838.35588862     0.99996429        0
  1838.37632073     0.99968663        0
  1838.39675274     1.00044090        0
  1838.41718465     0.99977957        0
  1838.43761676     1.00005351        0
  1838.45804876     0.99937357        0
  1838.47848067     1.00018528        0
  1838.49891278     1.00058267        0
  1838.51934478     1.00156724        0
  1838.53977669     1.00106572        0
  1838.56020880     0.99970739        0
  1838.58064080     1.00096035        0
  1838.60107271     1.00124872        0
  1838.62150481     1.00079740        0
  1838.64193681     0.99885332        0
  1838.66236872     0.99947096        0
  1838.68280082     0.99999615        0
  1838.70323282     1.00042954        0
  1838.72366482     1.00056791        0
  1838.74409683     1.00052254        0
  1838.76452883     0.99991986        0
  1838.78496083     0.99971265        0
  1838.80539283     0.99917276        0
  1838.82582483     1.00089805        0
  1838.84625693     1.00003823        0
  1838.86668883     1.00062151        0
  1838.88712082     1.00031503        0
  1838.90755292     0.99985688        0
  1838.92798482     1.00001571        0
  1838.94841682     0.99981869        0
  1838.96884891     1.00057943        0
  1838.98928081     0.99956076        0
  1839.05057680     1.00009332        0
  1839.07100879     1.00012702        0
  1839.09144088     0.99989871        0
  1839.11187288     0.99991778        0
  1839.13230477     1.00043183        0
  1839.15273686     0.99982311        0
  1839.17316886     1.00051932        0
  1839.19360075     1.00026857        0
  1839.21403284     1.00070686        0
  1839.23446483     1.00033258        0
  1839.25489672     1.00044985        0
  1839.27532881     0.99987987        0
  1839.29576080     1.00007050        0
  1839.31619289     1.00023850        0
  1839.33662478     0.99945769        0
  1839.35705677     0.99960007        0
  1839.37748876     0.99976679        0
  1839.39792074     0.99978619        0
  1839.41835263     0.99956739        0
  1839.43878472     0.99883363        0
  1839.45921671     0.99970101        0
  1839.47964859     0.99966868        0
  1839.50008068     0.99976194        0
  1839.52051266     0.99960086        0
  1839.54094465     0.99982599        0
  1839.56137663     0.99965281        0
  1839.58180861     1.00002397        0
  1839.60224060     1.00003672        0
  1839.62267258     0.99893987        0
  1839.72483249     0.99944387        0
  1839.74526457     0.99995411        0
  1839.76569645     0.99864698        0
  1839.78612843     0.99999315        0
  1839.80656051     0.99966797        0
  1839.82699239     1.00002598        0
  1839.84742437     1.00023242        0
  1839.86785644     0.99939654        0
  1839.88828832     1.00014698        0
  1839.90872030     0.99968485        0
  1839.92915237     1.00007722        0
  1839.94958435     1.00016999        0
  1839.97001633     0.99950721        0
  1839.99044830     1.00053434        0
  1840.01088028     0.99995155        0
  1840.27649591     1.00134946        0
  1840.31735975     0.99988467        0
  1840.33779182     0.99947327        0
  1840.35822379     1.00021316        0
  1840.37865575     1.00053962        0
  1840.39908772     0.99980326        0
  1840.41951969     0.99975092        0
  1840.43995165     1.00032342        0
  1840.46038362     0.99997605        0
  1840.48081558     1.00016143        0
  1840.50124755     0.99988864        0
  1840.52167961     1.00002878        0
  1840.54211148     1.00014494        0
  1840.56254354     1.00010807        0
  1840.58297551     1.00053890        0
  1840.60340737     1.00036521        0
  1840.62383943     1.00021312        0
  1840.64427139     1.00031002        0
  1840.66470325     0.99965743        0
  1840.68513532     1.00011691        0
  1840.70556728     1.00004934        0
  1840.72599914     0.99986190        0
  1840.74643120     1.00008198        0
  1840.76686316     0.99963593        0
  1840.78729511     1.00023060        0
  1840.80772707     0.99997215        0
  1840.82815893     0.99996006        0
  1840.84859099     1.00048458        0
  1840.86902295     1.00018275        0
  1840.88945490     0.99931786        0
  1840.90988676     1.00011686        0
  1840.93031882     1.00012950        0
  1840.95075077     0.99942386        0
  1840.97118263     0.99978851        0
  1840.99161468     0.99938988        0
  1872.00697516     0.99998229        1
  1872.02740676     1.00016495        1
  1872.04783836     1.00025514        1
  1872.06826996     1.00015533        1
  1872.08870156     1.00000693        1
  1872.10913315     1.00011380        1
  1872.12956485     0.99965358        1
  1872.17042795     0.99976255        1
  1872.19085965     0.99961887        1
  1872.21129125     1.00010360        1
  1872.23172274     1.00046972        1
  1872.25215444     1.00014096        1
  1872.27258604     0.99912656        1
  1872.29301754     0.99954011        1
  1872.31344924     0.99990319        1
  1872.33388083     0.99974090        1
  1872.35431233     1.00031888        1
  1872.37474403     0.99947151        1
  1872.41560732     0.99952168        1
  1872.43603882     1.00037919        1
  1872.45647042     0.99963866        1
  1872.47690212     1.00042929        1
  1872.49733362     1.00004697        1
  1872.51776521     1.00062344        1
  1872.53819691     0.99982735        1
  1872.55862841     1.00073600        1
  1872.57906000     1.00069479        1
  1872.59949170     0.99983964        1
  1872.61992320     1.00009468        1
  1872.66078649     0.99947156        1
  1872.68121799     1.00020405        1
  1872.70164969     0.99997834        1
  1872.72208128     1.00026303        1
  1872.74251278     1.00001860        1
  1872.76294448     0.99969615        1
  1872.78337608     1.00057461        1
  1872.80380757     1.00063944        1
  1872.82423927     1.00093152        1
  1872.84467087     1.00087679        1
  1872.86510236     0.99955944        1
  1872.90596566     0.99934380        1
  1872.92639715     0.99973635        1
  1872.94682885     0.99924897        1
  1872.96726045     1.00026299        1
  1872.98769214     1.00165174        1
  1873.00812364     0.99964074        1
  1873.02855523     1.00049874        1
  1873.04898693     0.99999426        1
  1873.06941843     0.99951374        1
  1873.08985002     1.00010845        1
  1873.11028172     0.99987838        1
  1873.15114481     0.99989324        1
  1873.17157651     1.00024190        1
  1873.19200810     1.00015470        1
  1873.21243970     1.00000000        1
  1873.23287130     1.00069012        1
  1873.25330289     1.00018302        1
  1873.27373449     1.00061365        1
  1873.29416608     0.99901768        1
  1873.31459768     0.99997877        1
  1873.33502928     0.99983555        1
  1873.35546087     1.00046065        1
  1873.39632406     0.99939450        1
  1873.41675566     0.99994127        1
  1873.43718715     0.99971233        1
  1873.45761885     1.00045929        1
  1873.47805044     1.00013384        1
  1873.49848214     0.99988055        1
  1873.51891364     1.00057674        1
  1873.53934523     0.99974407        1
  1873.55977693     0.99939456        1
  1873.58020842     0.99952170        1
  1873.60064002     0.99997620        1
  1873.80495607     0.99996620        1
  1873.82538766     1.00068776        1
  1873.84581936     1.00043286        1
  1873.88668245     1.00038555        1
  1873.90711414     1.00047506        1
  1873.92754564     1.00003436        1
  1873.94797723     1.00033619        1
  1873.96840893     1.00012837        1
  1873.98884042     1.00031198        1
  1874.00927212     0.99960351        1
  1874.02970361     1.00034187        1
  1874.05013520     0.99984714        1
  1874.07056690     0.99939710        1
  1874.09099839     0.99947579        1
  1874.27488284     1.00063575        1
  1874.29531444     0.99980006        1
  1874.31574603     1.00016952        1
  1874.33617763     0.99970589        1
  1874.37704081     0.99990610        1
  1874.39747241     1.00034184        1
  1874.41790410     0.99973377        1
  1874.43833560     0.99954430        1
  1874.45876719     1.00008357        1
  1874.47919888     1.00057444        1
  1874.49963038     0.99951930        1
  1874.52006207     0.99900965        1
  1874.54049367     0.99966435        1
  1874.56092516     0.99964459        1
  1874.58135685     0.99929820        1
  1874.62221994     1.00002899        1
  1874.64265164     1.00004595        1
  1874.66308323     0.99913969        1
  1874.68351482     1.00057760        1
  1874.70394642     1.00000008        1
  1874.72437801     1.00066027        1
  1874.74480950     0.99949191        1
  1874.76524120     1.00008604        1
  1874.78567279     0.99984197        1
  1874.80610439     0.99949560        1
  1874.82653598     0.99981688        1
  1874.86739927     0.99989719        1
  1874.88783076     1.00018974        1
  1874.90826235     1.00028280        1
  1874.92869405     1.00025887        1
  1874.94912554     1.00075464        1
  1874.96955713     1.00042267        1
  1874.98998883     0.99987745        1
  1875.01042032     1.00023427        1
  1875.03085201     0.99987399        1
  1875.05128361     0.99966872        1
  1875.11257839     1.00063910        1
  1875.13300988     0.99983802        1
  1875.15344157     1.00074110        1
  1875.17387317     0.99938364        1
  1875.19430476     0.99978179        1
  1875.21473635     0.99996192        1
  1875.23516795     1.00011818        1
  1875.25559964     1.00002983        1
  1875.35775751     0.99902246        1
  1875.37818920     1.00054780        1
  1875.39862069     1.00048224        1
  1875.41905229     1.00015609        1
  1875.43948398     1.00007926        1
  1875.45991547     0.99970900        1
  1875.48034707     0.99941772        1
  1875.50077876     1.00024873        1
  1875.52121025     1.00028768        1
  1875.54164195     0.99976565        1
  1875.56207354     1.00017709        1
  1875.60293672     0.99971037        1
  1875.62336832     0.99930368        1
  1875.64379981     0.99975698        1
  1875.66423150     1.00017555        1
  1875.68466310     1.00046992        1
  1875.70509469     0.99999102        1
  1875.72552628     0.99904600        1
  1875.74595788     0.99992581        1
  1875.76638957     0.99985397        1
  1875.78682106     1.00035364        1
  1875.80725265     0.99907498        1
  1875.84811594     0.99973907        1
  1875.86854743     1.00017788        1
  1875.88897913     1.00075792        1
  1875.90941072     0.99965594        1
  1875.92984221     1.00010796        1
  1875.95027390     1.00016550        1
  1875.97070550     0.99916753        1
  1875.99113719     0.99976403        1
  1876.01156868     0.99973563        1
  1876.09329505     1.00036176        1
  1876.11372665     1.00006157        1
  1876.13415824     1.00039588        1
  1876.15458973     0.99985276        1
  1876.17502143     0.99986659        1
  1876.19545302     1.00052729        1
  1876.21588461     0.99927713        1
  1876.23631620     1.00006675        1
  1876.25674780     1.00028489        1
  1876.27717949     0.99973419        1
  1876.33847427     0.99960683        1
  1876.35890586     0.99970611        1
  1876.37933735     1.00030511        1
  1876.39976905     0.99979861        1
  1876.42020064     0.99965216        1
  1876.44063213     1.00063131        1
  1876.46106383     1.00003987        1
  1876.48149542     0.99970189        1
  1876.50192711     0.99952567        1
  1876.52235860     1.00013713        1
  1876.54279020     0.99979325        1
  1876.58365338     0.99990015        1
  1876.60408497     1.00014798        1
  1876.62451667     0.99985101        1
  1876.64494816     1.00022035        1
  1876.66537975     1.00081807        1
  1876.82883249     1.00056118        1
  1876.84926419     1.00019590        1
  1876.86969568     0.99979383        1
  1876.89012727     1.00019184        1
  1876.91055897     0.99998488        1
  1876.93099056     0.99985513        1
  1876.95142205     1.00044795        1
  1877.07401181     0.99932680        1
  1877.09444330     1.00001175        1
  1877.11487489     1.00052913        1
  1877.13530659     0.99904917        1
  1877.15573808     1.00027656        1
  1877.17616967     0.99929685        1
  1877.19660137     1.00021217        1
  1877.21703286     1.00052323        1
  1877.23746455     0.99971034        1
  1877.25789614     1.00013635        1
  1877.27832764     0.99975993        1
  1877.31919092     0.99943599        1
  1877.33962252     1.00003212        1
  1877.36005411     1.00009454        1
  1877.38048570     0.99984111        1
  1877.40091729     0.99952270        1
  1877.42134889     0.99889676        1
  1877.44178048     0.99925295        1
  1877.46221207     1.00009908        1
  1877.48264367     0.99916215        1
  1877.50307526     1.00047794        1
  1877.52350685     0.99948045        1
  1877.56437004     1.00031455        1
  1877.58480173     0.99939351        1
  1877.60523323     1.00011411        1
  1877.62566482     0.99989159        1
  1877.64609651     0.99991346        1
  1877.66652800     0.99876319        1
  1877.68695970     1.00048365        1
  1877.70739129     1.00005795        1
  1877.72782278     1.00131787        1
  1877.74825448     0.99918774        1
  1877.76868607     0.99910995        1
  1877.80954926     0.99992887        1
  1877.82998085     1.00005596        1
  1877.85041234     1.00012807        1
  1877.87084404     0.99987659        1
  1877.89127563     0.99934421        1
  1877.91170722     0.99992027        1
  1877.93213882     1.00001996        1
  1877.95257041     0.99953393        1
  1877.97300210     1.00062418        1
  1877.99343370     1.00075562        1
  1878.01386519     0.99929312        1
  1878.05472848     0.99986269        1
  1878.07515997     1.00053922        1
  1878.09559166     1.00078542        1
  1878.11602326     1.00063071        1
  1878.13645475     1.00016862        1
  1878.15688644     0.99974378        1
  1878.17731794     1.00058982        1
  1878.19774963     0.99999551        1
  1878.21818122     1.00002406        1
  1878.23861272     1.00017209        1
  1878.25904441     1.00047794        1
  1878.29990750     1.00025406        1
  1878.32033919     0.99999580        1
  1878.34077079     0.99980199        1
  1878.36120228     1.00075883        1
  1878.38163397     1.00063492        1
  1878.40206557     0.99973499        1
  1878.42249726     1.00001772        1
  1878.44292875     0.99992025        1
  1878.46336035     1.00057067        1
  1878.48379204     1.00011920        1
  1878.50422353     1.00035218        1
  1878.54508682     0.99960211        1
  1878.56551842     1.00008833        1
  1878.58594991     1.00024476        1
  1878.60638160     0.99961105        1
  1878.62681320     1.00007112        1
  1878.64724479     1.00089199        1
  1878.66767639     1.00019127        1
  1878.68810798     1.00025889        1
  1878.70853967     0.99952221        1
  1878.72897117     1.00004789        1
  1878.74940276     1.00067626        1
  1878.79026595     0.99974175        1
  1878.81069754     0.99967244        1
  1878.83112914     0.99970278        1
  1878.85156073     1.00017868        1
  1878.87199243     1.00046860        1
  1878.89242392     0.99989181        1
  1878.91285552     0.99995312        1
  1878.93328721     1.00003924        1
  1878.95371870     0.99988464        1
  1878.97415030     1.00008024        1
  1878.99458199     1.00039429        1
  1879.07630837     0.99957225        1
  1879.09673997     0.99954710        1
  1879.11717156     0.99978077        1
  1879.13760316     0.99975331        1
  1879.15803475     0.99964006        1
  1879.17846634     0.99965859        1
  1879.19889794     0.99950264        1
  1879.21932963     0.99980412        1
  1879.23976113     1.00038928        1
  1879.32148761     1.00096271        1
  1879.34191920     1.00037066        1
  1879.36235070     1.00030168        1
  1879.38278239     0.99955518        1
  1879.40321399     1.00078346        1
  1879.42364548     0.99983116        1
  1879.44407718     0.99980737        1
  1879.46450877     0.99966915        1
  1879.48494027     1.00025287        1
  1879.52580346     0.99913348        1
  1879.54623515     0.99977945        1
  1879.56666675     1.00023917        1
  1879.58709834     1.00081100        1
  1879.60752994     0.99968917        1
  1879.62796153     1.00002858        1
  1879.64839313     0.99954629        1
  1879.66882473     1.00030832        1
  1879.68925632     0.99915044        1
  1879.70968792     1.00353569        1
  1879.73011951     0.99987680        1
  1879.77098280     1.00047098        1
  1879.79141440     0.99941494        1
  1879.81184589     0.99872697        1
  1879.83227759     0.99930124        1
  1879.85270919     0.99988019        1
  1879.87314068     0.99988281        1
  1879.89357238     1.00090099        1
  1879.91400397     1.00052348        1
  1879.93443547     1.00021095        1
  1879.95486717     0.99995869        1
  1879.97529876     1.00007876        1
  1880.05702525     1.00027832        2
  1880.07745674     1.00002954        2
  1880.09788834     0.99972744        2
  1880.11831993     0.99958497        2
  1880.13875153     1.00052146        2
  1880.15918313     1.00044108        2
  1880.17961482     1.00035828        2
  1880.20004632     0.99996636        2
  1880.22047802     0.99962172        2
  1880.26134111     0.99995437        2
  1880.28177281     1.00001427        2
  1880.30220440     0.99967897        2
  1880.32263590     0.99990113        2
  1880.34306760     0.99899208        2
  1880.36349919     0.99981112        2
  1880.38393069     0.99910502        2
  1880.40436239     0.99991512        2
  1880.42479398     1.00096065        2
  1880.44522568     0.99999296        2
  1880.46565718     1.00032907        2
  1880.50652047     1.00014261        2
  1880.52695197     1.00031755        2
  1880.54738357     0.99974709        2
  1880.56781526     1.00106021        2
  1880.58824676     0.99982537        2
  1880.60867836     0.99978956        2
  1880.62911005     0.99976169        2
  1880.64954155     1.00000000        2
  1880.66997325     1.00000851        2
  1880.69040485     0.99977667        2
  1880.75169964     1.00008970        2
  1880.77213124     1.00048029        2
  1880.79256284     1.00020808        2
  1880.81299443     0.99977270        2
  1880.83342603     0.99940826        2
  1880.85385763     1.00020875        2
  1880.87428923     1.00036031        2
  1880.89472082     0.99939646        2
  1880.91515242     0.99973768        2
  1880.93558402     1.00031583        2
  1880.95601572     0.99926749        2
  1881.01731051     0.99994179        2
  1881.03774201     0.99961473        2
  1881.05817361     1.00024537        2
  1881.07860531     1.00003988        2
  1881.09903681     1.00015132        2
  1881.11946851     1.00024142        2
  1881.13990010     1.00027427        2
  1881.16033160     1.00022729        2
  1881.18076330     1.00015265        2
  1881.20119490     1.00034097        2
  1881.24205810     0.99979936        2
  1881.26248970     1.00008432        2
  1881.28292130     1.00063223        2
  1881.30335290     1.00006031        2
  1881.32378449     1.00012676        2
  1881.34421619     0.99926759        2
  1881.36464769     0.99982932        2
  1881.38507929     1.00003080        2
  1881.40551099     0.99991065        2
  1881.42594259     1.00079158        2
  1881.44637409     1.00000123        2
  1881.48723729     1.00011912        2
  1881.50766899     0.99966543        2
  1881.52810059     1.00096272        2
  1881.54853219     1.00023534        2
  1881.56896379     0.99999070        2
  1881.58939539     1.00100595        2
  1881.60982689     0.99938332        2
  1881.63025859     0.99973609        2
  1881.65069019     0.99947597        2
  1881.67112169     0.99946556        2
  1881.69155339     0.99946895        2
  1881.73241669     0.99929376        2
  1881.75284819     1.00027027        2
  1881.77327979     0.99902777        2
  1881.79371149     1.00010869        2
  1881.81414299     0.99966221        2
  1881.83457459     0.99985432        2
  1881.85500629     0.99913698        2
  1881.87543779     0.99992430        2
  1881.89586939     0.99959707        2
  1881.91630109     1.00016563        2
  1881.93673269     0.99940935        2
  1881.97759589     1.00028844        2
  1881.99802750     1.00015489        2
  1882.01845910     1.00035781        2
  1882.03889070     0.99971604        2
  1882.05932230     1.00014044        2
  1882.07975400     0.99992824        2
  1882.10018550     0.99980563        2
  1882.12061710     0.99941643        2
  1882.14104880     1.00008650        2
  1882.16148031     0.99938331        2
  1882.18191201     0.99978545        2
  1882.22277511     0.99997429        2
  1882.24320681     0.99956109        2
  1882.26363831     0.99963437        2
  1882.28406992     0.99975271        2
  1882.30450162     1.00043652        2
  1882.32493312     1.00054505        2
  1882.34536482     1.00054608        2
  1882.36579642     0.99944315        2
  1882.38622793     1.00000738        2
  1882.46795444     0.99972567        2
  1882.48838604     1.00062622        2
  1882.50881764     1.00031371        2
  1882.52924924     0.99975261        2
  1882.54968085     1.00002950        2
  1882.57011255     0.99962443        2
  1882.59054415     1.00020127        2
  1882.77442858     1.00025559        2
  1882.79486028     1.00039570        2
  1882.81529179     0.99947615        2
  1882.83572339     0.99984633        2
  1882.85615510     1.00011381        2
  1882.87658660     1.00022958        2
  1882.89701810     1.00018251        2
  1882.91744981     0.99990928        2
  1883.04003943     1.00010546        2
  1883.06047104     1.00002788        2
  1883.08090274     0.99985015        2
  1883.10133435     0.99970153        2
  1883.12176585     1.00010113        2
  1883.14219756     0.99951606        2
  1883.16262916     0.99976160        2
  1883.20349237     0.99962010        2
  1883.22392398     1.00006674        2
  1883.24435568     1.00039238        2
  1883.26478719     1.00064954        2
  1883.28521879     0.99982638        2
  1883.30565050     1.00044519        2
  1883.32608200     0.99923111        2
  1883.34651361     0.99913572        2
  1883.36694531     1.00056403        2
  1883.38737682     0.99993569        2
  1883.40780853     1.00099652        2
  1883.44867164     1.00062633        2
  1883.46910334     0.99961561        2
  1883.48953495     0.99983119        2
  1883.50996646     1.00064778        2
  1883.53039816     1.00137257        2
  1883.55082967     1.00033731        2
  1883.57126138     0.99969732        2
  1883.59169298     0.99962189        2
  1883.61212449     1.00023171        2
  1883.63255620     1.00032278        2
  1883.65298780     1.00025957        2
  1883.71428262     0.99961680        2
  1883.73471423     0.99923225        2
  1883.75514584     1.00059839        2
  1883.77557744     0.99986995        2
  1883.79600915     0.99990599        2
  1883.81644076     1.00034057        2
  1883.83687227     0.99947940        2
  1883.85730397     1.00009427        2
  1883.87773558     1.00021300        2
  1883.89816709     1.00099458        2
  1883.97989362     0.99968344        2
  1884.00032523     0.99990443        2
  1884.02075694     1.00059581        2
  1884.04118845     0.99933151        2
  1884.06162005     0.99965887        2
  1884.08205176     1.00042654        2
  1884.10248327     1.00014094        2
  1884.12291488     1.00000468        2
  1884.14334659     0.99948269        2
  1884.22507292     0.99943986        2
  1884.24550463     0.99961501        2
  1884.26593614     1.00003827        2
  1884.28636775     1.00015717        2
  1884.30679946     0.99950221        2
  1884.32723107     1.00040355        2
  1884.34766258     1.00024742        2
  1884.36809429     0.99978357        2
  1884.38852590     1.00014667        2
  1884.42938912     0.99987847        2
  1884.44982073     1.00001144        2
  1884.47025244     0.99944149        2
  1884.49068395     0.99976500        2
  1884.51111556     1.00019878        2
  1884.53154727     0.99957854        2
  1884.55197878     0.99958075        2
  1884.57241039     1.00055995        2
  1884.59284210     1.00015096        2
  1884.61327361     0.99985336        2
  1884.63370532     1.00027866        2
  1884.67456845     0.99988480        2
  1884.69500016     1.00007716        2
  1884.71543177     1.00103715        2
  1884.73586338     0.99999450        2
  1884.75629499     0.99933675        2
  1884.77672660     1.00099717        2
  1884.79715821     1.00047651        2
  1884.81758983     1.00006754        2
  1884.83802144     1.00040573        2
  1884.85845305     1.00095145        2
  1884.87888466     0.99993209        2
  1884.91974789     1.00005586        2
  1884.94017950     1.00036171        2
  1884.96061111     1.00021645        2
  1884.98104282     1.00035587        2
  1885.00147434     1.00068218        2
  1885.02190605     0.99999220        2
  1885.04233766     1.00036405        2
  1885.06276917     0.99980767        2
  1885.08320089     0.99996622        2
  1885.10363250     1.00033144        2
  1885.12406401     1.00033971        2
  1885.16492734     0.99775039        2
  1885.18535885     1.00086918        2
  1885.20579057     1.00021543        2
  1885.22622218     1.00005642        2
  1885.24665389     0.99980372        2
  1885.26708541     0.99989743        2
  1885.28751702     0.99982090        2
  1885.30794874     1.00014814        2
  1885.32838025     0.99973348        2
  1885.34881186     1.00023362        2
  1885.36924358     0.99980314        2
  1885.43053842     1.00078384        2
  1885.45097004     1.00016593        2
  1885.47140165     0.99943983        2
  1885.49183327     0.99934828        2
  1885.51226488     1.00008888        2
  1885.53269650     0.99994851        2
  1885.55312811     1.00061796        2
  1885.57355963     0.99981963        2
  1885.59399134     1.00048441        2
  1885.61442296     1.00082584        2
  1885.65528619     0.99993729        2
  1885.67571781     0.99943999        2
  1885.69614952     0.99957714        2
  1885.71658104     1.00007883        2
  1885.73701265     1.00020931        2
  1885.75744437     0.99924151        2
  1885.77787589     0.99949399        2
  1885.79830750     0.99998551        2
  1885.81873922     0.99947579        2
  1885.83917074     1.00030252        2
  1885.85960245     0.99965174        2
  1885.90046559     0.99968116        2
  1885.92089730     0.99939063        2
  1885.94132892     1.00026914        2
  1885.96176054     1.00058323        2
  1885.98219216     0.99939747        2
  1886.00262377     1.00014746        2
  1886.02305539     0.99967839        2
  1886.04348701     1.00003710        2
  1886.06391863     0.99976778        2
  1886.08435034     0.99946906        2
  1886.10478196     1.00001709        2
  1886.16607682     1.00000595        2
  1886.18650833     0.99992464        2
  1886.20694005     0.99988225        2
  1886.22737157     0.99958162        2
  1886.24780329     1.00107662        2
  1886.26823491     1.00024581        2
  1886.28866643     0.99962369        2
  1886.30909815     0.99991748        2
  1886.32952977     0.99962093        2
  1886.34996129     1.00248432        2
  1886.39082463     0.99909265        2
  1886.41125615     0.99956551        2
  1886.43168787     0.99949246        2
  1886.45211949     1.00042029        2
  1886.47255121     1.00067584        2
  1886.49298273     0.99970858        2
  1886.51341435     0.99978552        2
  1886.53384607     1.00000473        2
  1886.63600417     1.00030182        2
  1886.65643579     1.00024891        2
  1886.67686741     0.99986371        2
  1886.69729903     0.99979971        2
  1886.71773065     1.00033809        2
  1886.73816228     0.99969798        2
  1886.75859400     0.99999387        2
  1886.88118363     1.00021497        2
  1886.90161525     0.99958232        2
  1886.92204697     1.00027610        2
  1886.94247850     1.00100063        2
  1886.96291012     0.99971388        2
  1886.98334184     1.00013253        2
  1887.00377337     1.00026772        2
  1887.12636321     0.99912266        2
  1887.14679483     1.00079393        2
  1887.16722645     1.00057582        2
  1887.18765808     1.00053308        2
  1887.20808970     1.00119792        2
  1887.22852133     0.99911576        2
  1887.24895305     1.00024398        2
  1887.26938457     0.99937237        2
  1887.28981620     1.00000663        2
  1887.31024792     0.99994258        2
  1887.33067955     1.00077321        2
  1887.37154280     0.99933426        2
  1887.39197442     0.99936117        2
  1887.41240595     0.99993431        2
  1887.43283768     0.99971073        2
  1887.45326930     1.00063182        2
  1887.47370093     1.00002790        2
  1887.49413255     0.99926739        2
  1887.51456418     1.00004094        2
  1887.53499590     1.00408318        2
  1887.55542743     1.00011637        2
  1887.57585906     1.00053063        2
  1887.61672231     0.99981133        2
  1887.63715404     0.99986712        2
  1887.65758556     0.99923208        2
  1887.67801719     1.00042525        2
  1887.69844892     0.99975055        2
  1887.71888045     0.99979809        2
  1887.73931207     0.99991959        2
  1887.75974380     1.00003480        2
  1887.78017533     0.99946818        2
  1887.80060696     1.00030894        2
  1887.86190194     0.99954539        2
  1887.88233357     1.00005685        2
  1887.90276520     1.00025545        2
  1887.92319682     0.99957432        2
  1887.94362845     0.99986197        2
  1887.96406008     1.00001020        2
  1887.98449181     0.99958304        2
  1891.04923842     1.00009627        3
  1891.06967007     1.00026093        3
  1891.09010182     1.00004320        3
  1891.11053337     1.00041923        3
  1891.13096502     1.00036008        3
  1891.15139678     0.99996964        3
  1891.17182833     0.99972943        3
  1891.19226008     0.99956752        3
  1891.21269173     0.99966355        3
  1891.23312328     0.99982232        3
  1891.25355504     1.00008025        3
  1891.29441824     1.00093168        3
  1891.31484999     1.00026454        3
  1891.33528165     0.99991116        3
  1891.35571340     0.99933962        3
  1891.37614495     0.99984238        3
  1891.39657661     1.00001829        3
  1891.41700836     0.99927528        3
  1891.43743991     1.00024659        3
  1891.45787157     0.99937516        3
  1891.47830332     0.99976622        3
  1891.49873497     1.00007205        3
  1891.53959828     1.00022648        3
  1891.56002984     0.99996902        3
  1891.58046159     0.99962312        3
  1891.60089325     0.99989054        3
  1891.62132480     0.99924624        3
  1891.64175656     0.99950534        3
  1891.66218821     0.99981583        3
  1891.68261977     0.99976228        3
  1891.70305153     0.99993550        3
  1891.72348318     1.00020090        3
  1891.74391494     0.99981152        3
  1891.78477815     1.00000000        3
  1891.80520991     0.99987145        3
  1891.82564146     1.00021879        3
  1891.84607312     0.99970224        3
  1891.86650488     0.99986678        3
  1891.88693644     0.99973639        3
  1891.90736809     0.99977677        3
  1891.92779985     0.99959301        3
  1891.94823141     1.00001607        3
  1891.96866317     0.99958429        3
  1891.98909483     0.99964148        3
  1892.02995814     1.00065158        3
  1892.05038980     1.00060258        3
  1892.07082146     1.00057353        3
  1892.09125312     0.99978684        3
  1892.11168478     1.00000755        3
  1892.13211654     1.00030857        3
  1892.15254820     1.00064360        3
  1892.17297976     0.99986855        3
  1892.19341152     0.99963947        3
  1892.21384308     1.00024199        3
  1892.23427474     1.00000637        3
  1892.27513806     0.99977580        3
  1892.29556982     0.99996557        3
  1892.31600148     1.00065086        3
  1892.33643304     0.99992660        3
  1892.35686480     1.00009822        3
  1892.37729647     1.00037010        3
  1892.39772803     0.99991164        3
  1892.41815979     1.00005358        3
  1892.43859145     1.00010864        3
  1892.45902301     1.00047538        3
  1892.52031820     0.99907820        3
  1892.54074976     1.00019635        3
  1892.56118143     1.00018262        3
  1892.58161319     0.99959094        3
  1892.60204475     1.00042391        3
  1892.62247642     1.00016377        3
  1892.64290818     1.00088779        3
  1892.66333985     0.99989995        3
  1892.84722483     1.00042704        3
  1892.86765660     1.00026829        3
  1892.88808816     1.00017115        3
  1892.90851993     1.00001129        3
  1892.92895149     0.99975589        3
  1892.94938316     1.00007941        3
  1892.96981493     1.00026006        3
  1893.01067816     0.99878315        3
  1893.03110993     0.99953874        3
  1893.05154150     0.99969241        3
  1893.07197326     1.00420015        3
  1893.09240493     1.00103951        3
  1893.11283650     1.00015141        3
  1893.13326827     0.99988781        3
  1893.15369994     0.99938546        3
  1893.17413150     0.99948287        3
  1893.19456327     0.99941123        3
  1893.21499494     0.99941309        3
  1893.33758496     1.00029045        3
  1893.35801673     1.00002233        3
  1893.37844840     0.99890469        3
  1893.39887997     1.00068826        3
  1893.41931174     0.99983524        3
  1893.43974341     1.00007947        3
  1893.46017518     0.99934318        3
  1893.50103843     1.00059602        3
  1893.52147020     1.00128361        3
  1893.54190177     0.99990141        3
  1893.56233334     1.00023029        3
  1893.58276511     1.00064386        3
  1893.60319679     1.00017530        3
  1893.62362856     1.00230443        3
  1893.64406013     0.99954993        3
  1893.66449180     1.00016303        3
  1893.68492358     0.99953536        3
  1893.70535515     1.00013843        3
  1893.74621860     0.99996882        3
  1893.76665017     0.99983866        3
  1893.78708185     1.00037535        3
  1893.80751362     1.00046129        3
  1893.82794520     0.99991958        3
  1893.84837697     1.00067910        3
  1893.86880865     1.00030960        3
  1893.88924032     0.99961086        3
  1893.90967200     0.99959550        3
  1893.93010367     0.99923762        3
  1893.95053535     0.99984324        3
  1894.03226215     0.99977182        3
  1894.05269373     0.99986113        3
  1894.07312550     0.99979743        3
  1894.09355718     0.99967020        3
  1894.11398876     0.99909012        3
  1894.13442054     0.99999405        3
  1894.15485221     0.99972869        3
  1894.17528389     1.00011709        3
  1894.19571557     0.99967386        3
  1894.23657893     1.00003480        3
  1894.25701060     0.99968166        3
  1894.27744218     0.99980073        3
  1894.29787396     0.99929085        3
  1894.31830564     1.00002490        3
  1894.33873722     0.99992694        3
  1894.35916900     0.99959511        3
  1894.37960068     0.99935506        3
  1894.40003246     0.99957828        3
  1894.42046404     1.00017293        3
  1894.44089572     0.99987874        3
  1894.48175908     0.99979936        3
  1894.50219076     0.99937080        3
  1894.52262254     0.99980396        3
  1894.54305423     0.99991307        3
  1894.56348591     0.99979095        3
  1894.58391759     1.00047579        3
  1894.60434927     1.00095811        3
  1894.62478095     1.00043910        3
  1894.72693937     1.00040342        3
  1894.74737115     0.99948016        3
  1894.76780273     1.00004924        3
  1894.78823452     1.00012236        3
  1894.80866620     1.00038603        3
  1894.82909778     1.00016308        3
  1894.84952957     1.00068171        3
  1894.86996115     0.99934517        3
  1894.97211968     0.99854304        3
  1894.99255126     0.99981692        3
  1895.01298305     1.00075868        3
  1895.03341474     1.00058170        3
  1895.05384642     1.00019661        3
  1895.07427811     1.00023569        3
  1895.09470980     1.00001332        3
  1895.11514158     1.00030943        3
  1895.13557317     0.99995377        3
  1895.15600486     1.00027396        3
  1895.17643665     1.00056111        3
  1895.21729992     1.00021720        3
  1895.23773171     0.99953856        3
  1895.25816340     1.00070710        3
  1895.27859499     1.00001693        3
  1895.29902678     1.00027919        3
  1895.31945846     0.99922587        3
  1895.33989025     0.99974451        3
  1895.36032184     1.00101704        3
  1895.38075353     1.00058134        3
  1895.40118532     1.00030919        3
  1895.42161691     1.00005665        3
  1895.46248039     1.00088796        3
  1895.48291198     0.99920925        3
  1895.50334377     1.00062123        3
  1895.52377537     0.99964513        3
  1895.54420706     0.99981937        3
  1895.56463885     1.00024910        3
  1895.58507044     1.00016542        3
  1895.60550213     0.99980654        3
  1895.62593392     1.00010625        3
  1895.64636552     1.00011419        3
  1895.66679731     1.00040518        3
  1895.70766069     0.99973415        3
  1895.72809239     0.99995441        3
  1895.74852408     0.99912610        3
  1895.76895577     0.99988462        3
  1895.78938747     0.99951693        3
  1895.80981916     1.00029280        3
  1895.83025086     0.99925028        3
  1895.85068265     0.99934110        3
  1895.87111425     1.00077504        3
  1895.89154604     1.00013423        3
  1895.91197774     1.00043255        3
  1895.97327282     0.99925459        3
  1895.99370442     0.99956090        3
  1896.01413621     0.99979919        3
  1896.03456791     0.99951990        3
  1896.05499971     1.00019947        3
  1896.07543130     0.99968548        3
  1896.09586300     1.00027998        3
  1896.11629470     0.99946749        3
  1896.13672640     0.99918973        3
  1896.15715809     1.00052685        3
  1896.19802149     0.99921629        3
  1896.21845329     0.99948147        3
  1896.23888489     1.00026231        3
  1896.25931658     0.99990056        3
  1896.27974838     0.99995972        3
  1896.30017998     1.00105833        3
  1896.32061168     1.00032345        3
  1896.34104348     0.99975999        3
  1896.36147508     1.00052586        3
  1896.38190678     1.00027692        3
  1896.50449709     0.99979748        3
  1896.52492879     1.00015208        3
  1896.54536049     0.99881290        3
  1896.56579229     0.99954829        3
  1896.58622389     0.99998089        3
  1896.60665569     0.99981524        3
  1896.62708740     1.00007251        3
  1896.64751900     0.99970015        3
  1896.68838251     1.00006955        3
  1896.70881411     1.00002230        3
  1896.72924591     0.99963422        3
  1896.74967762     0.99994639        3
  1896.77010932     1.00021209        3
  1896.79054103     1.00001035        3
  1896.81097273     1.00118846        3
  1896.83140444     0.99997428        3
  1896.85183614     1.00001177        3
  1896.87226785     0.99939194        3
  1896.89269955     0.99928876        3
  1896.93356296     1.00019907        3
  1896.95399467     1.00079774        3
  1896.97442638     1.00010212        3
  1896.99485818     0.99997658        3
  1897.01528979     0.99884741        3
  1897.03572150     1.00018403        3
  1897.05615330     0.99944535        3
  1897.07658501     1.00001519        3
  1897.09701662     0.99989770        3
  1897.11744843     1.00073313        3
  1897.13788013     0.99997280        3
  1897.17874355     1.00026225        3
  1897.19917526     0.99975145        3
  1897.21960707     1.00017337        3
  1897.24003868     1.00016517        3
  1897.26047039     1.00003665        3
  1897.28090220     1.00014655        3
  1897.30133381     0.99947542        3
  1897.32176562     1.00024244        3
  1897.34219733     0.99955578        3
  1897.36262894     0.99950091        3
  1897.38306075     1.00525176        3
  1897.42392407     1.00053067        3
  1897.44435588     0.99997105        3
  1897.46478760     1.00039317        3
  1897.48521941     1.00035384        3
  1897.50565102     1.00104768        3
  1897.52608263     1.00026232        3
  1897.54651445     0.99998178        3
  1897.56694616     1.00015902        3
  1897.58737787     0.99996047        3
  1897.60780958     0.99991025        3
  1897.62824130     1.00000379        3
  1897.77126340     0.99995947        3
  1897.79169512     1.00030114        3
  1897.81212673     1.00014981        3
  1897.83255855     0.99986769        3
  1897.85299026     1.00044155        3
  1897.87342208     1.00004562        3
  1897.91428541     0.99999160        3
  1897.93471723     0.99977745        3
  1897.95514885     1.00021525        3
  1897.97558056     0.99958328        3
  1897.99601238     1.00043245        3
  1898.01644400     0.99948142        4
  1898.03687582     1.00164074        4
  1898.05730754     1.00189602        4
  1898.07773916     0.99946823        4
  1898.09817097     0.99991138        4
  1898.11860269     1.00010360        4
  1898.15946613     1.00037255        4
  1898.17989775     1.00029582        4
  1898.20032957     0.99962750        4
  1898.22076129     1.00000000        4
  1898.24119291     1.00013033        4
  1898.26162473     0.99986326        4
  1898.28205646     0.99957460        4
  1898.30248818     1.00023449        4
  1898.32291990     1.00043426        4
  1898.34335162     1.00236293        4
  1898.36378334     1.00017982        4
  1898.40464679     0.99900999        4
  1898.42507861     0.99955216        4
  1898.44551033     0.99906826        4
  1898.46594196     0.99989272        4
  1898.48637378     1.00024446        4
  1898.50680550     1.00032095        4
  1898.52723713     0.99955648        4
  1898.54766895     0.99947700        4
  1898.56810068     1.00063293        4
  1898.58853250     1.00206782        4
  1898.60896412     1.00015020        4
  1898.64982768     0.99850453        4
  1898.67025930     0.99900552        4
  1898.69069103     0.99979579        4
  1898.71112285     0.99953528        4
  1898.73155448     1.00019389        4
  1898.75198631     1.00022439        4
  1898.77241803     1.00013938        4
  1898.79284966     1.00015234        4
  1898.81328149     1.00065322        4
  1898.83371311     1.00051019        4
  1898.85414484     1.00084829        4
  1898.89500830     0.99919190        4
  1898.91544003     0.99866917        4
  1898.93587186     0.99933133        4
  1898.95630358     0.99925840        4
  1898.97673531     1.00009271        4
  1898.99716704     0.99938735        4
  1899.01759877     0.99975317        4
  1899.03803050     0.99962411        4
  1899.05846223     0.99878590        4
  1899.07889396     1.00108505        4
  1899.09932579     0.99936824        4
  1899.14018926     0.99944840        4
  1899.16062099     0.99978042        4
  1899.18105262     1.00198784        4
  1899.20148445     0.99997169        4
  1899.22191618     1.00006889        4
  1899.24234782     0.99960488        4
  1899.26277965     0.99965090        4
  1899.28321138     1.00061044        4
  1899.30364321     1.00005345        4
  1899.32407485     1.00017984        4
  1899.34450658     0.99969879        4
  1899.38537005     1.00004476        4
  1899.40580178     0.99948384        4
  1899.42623362     1.00002970        4
  1899.44666525     1.00012891        4
  1899.46709709     1.00134612        4
  1899.48752872     0.99974034        4
  1899.50796046     1.00056613        4
  1899.52839229     0.99968280        4
  1899.54882393     1.00016607        4
  1899.56925567     0.99986914        4
  1899.58968750     1.00025937        4
  1899.63055088     1.00089234        4
  1899.65098271     0.99979227        4
  1899.67141445     0.99958180        4
  1899.69184619     0.99940125        4
  1899.71227793     0.99953080        4
  1899.73270967     1.00054753        4
  1899.75314151     1.00008347        4
  1899.77357314     1.00040257        4
  1899.79400488     1.00026722        4
  1899.81443672     1.00050887        4
  1899.83486836     1.00022967        4
  1899.89616358     1.00012409        4
  1899.91659542     1.00019731        4
  1899.93702716     1.00042520        4
  1899.95745880     0.99984370        4
  1899.97789065     0.99944577        4
  1899.99832239     0.99959740        4
  1900.01875423     0.99989138        4
  1900.03918587     0.99978110        4
  1900.05961761     0.99996595        4
  1900.08004936     0.99996612        4
  1900.12091284     0.99979572        4
  1900.14134459     0.99977954        4
  1900.16177633     0.99953711        4
  1900.18220817     0.99992178        4
  1900.20263982     0.99915271        4
  1900.22307156     0.99990929        4
  1900.24350341     0.99984317        4
  1900.26393505     0.99983694        4
  1900.28436680     1.00056090        4
  1900.30479864     1.00035330        4
  1900.32523039     1.00073954        4
  1900.36609388     0.99961632        4
  1900.38652563     0.99988614        4
  1900.40695747     1.00047754        4
  1900.42738912     1.00012490        4
  1900.44782087     1.00036644        4
  1900.46825272     1.00011207        4
  1900.48868436     1.00042326        4
  1900.50911611     1.00039928        4
  1900.52954796     1.00007863        4
  1900.54997961     1.00032652        4
  1900.57041146     0.99957256        4
  1900.61127486     1.00027615        4
  1900.63170670     1.00085527        4
  1900.65213845     1.00068964        4
  1900.67257010     0.99969701        4
  1900.69300195     1.00012567        4
  1900.71343371     0.99959351        4
  1900.85645597     0.99954807        4
  1900.87688772     0.99939858        4
  1900.89731957     0.99886944        4
  1900.91775133     1.00021916        4
  1900.93818298     0.99807705        4
  1900.95861483     1.00045324        4
  1900.97904659     1.00039963        4
  1900.99947824     0.99952791        4
  1901.01991010     0.99935714        4
  1901.04034185     1.00000095        4
  1901.06077351     1.00172955        4
  1901.10163712     0.99953880        4
  1901.12206897     0.99987426        4
  1901.14250063     0.99896384        4
  1901.16293238     0.99902690        4
  1901.18336424     1.00002215        4
  1901.20379590     1.00007688        4
  1901.22422766     1.00033515        4
  1901.24465951     0.99809184        4
  1901.26509117     1.00028442        4
  1901.28552303     0.99905908        4
  1901.30595479     1.00003426        4
  1901.38768182     0.99807108        4
  1901.40811358     1.00026575        4
  1901.42854534     0.99933695        4
  1901.44897710     1.00030306        4
  1901.46940886     0.99992428        4
  1901.48984062     0.99922615        4
  1901.51027238     0.99969448        4
  1901.53070414     0.99937871        4
  1901.55113591     0.99926044        4
  1901.59199943     0.99917671        4
  1901.61243129     0.99888738        4
  1901.63286305     1.00008752        4
  1901.65329472     1.00142556        4
  1901.67372658     0.99985469        4
  1901.69415834     0.99991146        4
  1901.71459001     1.00016728        4
  1901.73502187     0.99967855        4
  1901.75545364     0.99977314        4
  1901.77588530     1.00000098        4
  1901.79631716     1.00059985        4
  1901.83718079     1.00062723        4
  1901.85761246     0.99998688        4
  1901.87804423     0.99934775        4
  1901.89847609     1.00065883        4
  1901.91890776     0.99939039        4
  1901.93933952     1.00009823        4
  1901.95977139     0.99979066        4
  1901.98020306     0.99989656        4
  1902.00063493     1.00058599        4
  1902.02106669     1.00016169        4
  1902.08236200     0.99981695        4
  1902.10279367     0.99929795        4
  1902.12322554     1.00174483        4
  1902.14365731     1.00027085        4
  1902.16408908     0.99976594        4
  1902.18452084     0.99996540        4
  1902.20495262     0.99905187        4
  1902.22538439     0.99955429        4
  1902.24581616     1.00057376        4
  1902.26624793     0.99954372        4
  1902.28667980     1.00011422        4
  1902.32754324     1.00034042        4
  1902.34797511     1.00002655        4
  1902.36840679     1.00017698        4
  1902.38883866     0.99936140        4
  1902.40927043     1.00001355        4
  1902.42970210     1.00044506        4
  1902.45013398     0.99955403        4
  1902.57272462     1.00002643        4
  1902.59315640     1.00062195        4
  1902.61358828     0.99968955        4
  1902.63401995     0.99994758        4
  1902.65445173     0.99992107        4
  1902.67488360     1.00217296        4
  1902.69531528     1.00006825        4
  1902.71574716     1.00009725        4
  1902.73617894     1.00009301        4
  1902.75661061     1.00017674        4
  1902.77704249     1.00030999        4
  1902.81790605     0.99379771        4
  1902.83833783     1.00038979        4
  1902.85876961     1.00064226        4
  1902.87920128     1.00059429        4
  1902.89963316     1.00056723        4
  1902.92006494     0.99940305        4
  1902.94049682     0.99865522        4
  1902.96092850     0.99953561        4
  1902.98136029     1.00000037        4
  1903.00179217     0.99927637        4
  1903.02222385     0.99838245        4
  1903.20610989     0.99985585        4
  1903.22654178     1.00032829        4
  1903.24697356     1.00065648        4
  1903.26740544     1.00002110        4
  1903.30826892     0.99980771        4
  1903.32870080     1.00042265        4
  1903.34913249     1.00074937        4
  1903.36956427     1.00045443        4
  1903.38999616     0.99898393        4
  1903.41042795     0.99876428        4
  1903.43085973     0.99830509        4
  1903.45129142     0.99994435        4
  1903.47172321     0.99959400        4
  1903.49215510     1.00022135        4
  1903.51258688     0.99899472        4
  1903.55345046     1.00014251        4
  1903.57388225     0.99987029        4
  1903.59431394     1.00063630        4
  1903.61474583     1.00033852        4
  1903.63517762     0.99976128        4
  1903.65560951     1.00053964        4
  1903.67604120     0.99965128        4
  1903.69647299     1.00042404        4
  1903.71690488     1.00006280        4
  1903.73733657     0.99880232        4
  1903.75776836     0.99954576        4
  1903.83949563     1.00024877        4
  1903.85992733     1.00002027        4
  1903.88035922     1.00035042        4
  1903.90079101     1.00026209        4
  1903.92122271     1.00056519        4
  1903.94165460     1.00054870        4
  1903.96208639     1.00002173        4
  1903.98251829     0.99935125        4
  1904.00294998     0.99968564        4
  1904.04381358     0.99936257        4
  1904.06424547     0.99980957        4
  1904.08467717     1.00020783        4
  1904.10510896     1.00015402        4
  1904.12554076     1.00032986        4
  1904.14597256     0.99970564        4
  1904.16640446     1.00026623        4
  1904.18683615     1.00001934        4
  1904.20726805     0.99895879        4
  1904.22769985     0.99959953        4
  1904.24813155     0.99919037        4
  1904.28899525     0.99937576        4
  1904.30942695     1.00006494        4
  1904.32985885     1.00020054        4
  1904.35029065     1.00032304        4
  1904.37072255     1.00028101        4
  1904.39115425     1.00207134        4
  1904.41158605     0.99992941        4
  1904.43201795     0.99942138        4
  1904.45244965     1.00029762        4
  1904.47288145     0.99951386        4
  1904.49331335     0.99907889        4
  1904.61590417     1.00034129        4
  1904.63633598     0.99991330        4
  1904.65676778     0.99976272        4
  1904.67719959     1.00003290        4
  1904.69763139     0.99993206        4
  1904.71806320     0.99986320        4
  1904.73849500     1.00047447        4
  1904.77935862     0.99984408        4
  1904.79979042     1.00029430        4
  1904.82022233     0.99939777        4
  1904.84065404     0.99955947        4
  1904.86108584     0.99950198        4
  1904.88151775     0.99889576        4
  1905.04497222     0.99970396        4
  1905.06540404     1.00029534        4
  1905.08583595     1.00028897        4
  1905.10626766     1.00085331        4
  1905.12669947     1.00009283        4
  1905.14713138     1.00030079        4
  1905.16756309     0.99981356        4
  1905.18799490     0.99973530        4
