  1835.65847976     1.00012117        0
  1835.67891173     0.99933913        0
  1835.69934369     0.99877380        0
  1835.80150350     0.99729079        0
  1835.82193556     0.99684544        0
  1835.84236742     0.99712726        0
  1835.86279938     0.99770000        0
  1835.88323144     0.99838407        0
  1835.90366330     0.99870031        0
  1835.92409526     0.99906163        0
  1835.94452732     0.99955614        0
  1835.96495918     0.99966509        0
  1835.98539114     0.99991362        0
  1836.00582319     0.99975868        0
  1836.02625505     1.00011256        0
  1836.04668701     0.99995292        0
  1836.06711906     1.00004301        0
  1836.08755092     1.00021166        0
  1836.10798287     1.00029282        0
  1836.12841493     1.00039902        0
  1836.14884688     1.00039748        0
  1836.16927874     1.00036230        0
  1836.18971079     1.00031182        0
  1836.21014274     1.00038159        0
  1836.23057480     1.00024641        0
  1836.25100665     1.00018291        0
  1836.27143860     1.00010058        0
  1836.31230250     1.00024271        0
  1836.33273445     1.00026876        0
  1836.35316650     1.00015897        0
  1836.37359835     1.00037017        0
  1836.39403030     1.00031655        0
  1836.41446225     1.00009292        0
  1836.43489420     1.00020910        0
  1836.45532615     1.00019824        0
  1836.47575810     0.99999906        0
  1836.49619004     1.00014026        0
  1836.51662199     1.00013230        0
  1836.53705394     1.00004614        0
  1836.55748588     0.99981650        0
  1836.57791783     0.99997165        0
  1836.59834987     1.00005303        0
  1836.61878172     0.99996657        0
  1836.63921366     0.99976745        0
  1836.65964571     0.99987155        0
  1836.68007755     0.99973609        0
  1836.70050949     0.99963394        0
  1836.72094154     0.99959893        0
  1836.74137338     0.99979246        0
  1836.76180532     0.99947554        0
  1836.78223736     0.99927374        0
  1836.80266920     0.99928879        0
  1836.82310124     0.99907659        0
  1836.84353318     0.99895961        0
  1836.86396502     0.99864830        0
  1836.88439706     0.99835104        0
  1836.90482900     0.99821795        0
  1836.92526084     0.99823009        0
  1836.94569288     0.99812133        0
  1836.96612482     0.99825992        0
  1836.98655676     0.99828402        0
  1837.00698869     0.99861114        0
  1837.02742063     1.00000000        0
  1837.10914837     0.99992960        0
  1837.12958031     1.00009799        0
  1837.15001224     1.00008652        0
  1837.17044417     0.99999522        0
  1837.19087611     0.99977150        0
  1837.21130804     0.99977341        0
  1837.23173997     0.99974309        0
  1837.25217191     0.99959008        0
  1837.27260384     0.99945354        0
  1837.29303567     0.99976726        0
  1837.31346770     0.99978817        0
  1837.33389963     0.99995264        0
  1837.35433156     1.00008016        0
  1837.37476349     1.00014124        0
  1837.39519542     1.00008952        0
  1837.41562735     1.00020624        0
  1837.43605938     1.00016417        0
  1837.45649121     1.00017407        0
  1837.47692323     0.99998715        0
  1837.49735516     0.99999148        0
  1837.51778699     1.00006472        0
  1837.53821902     0.99982341        0
  1837.55865094     0.99978188        0
  1837.57908277     0.99978747        0
  1837.59951479     0.99971927        0
  1837.61994672     0.99979914        0
  1837.64037854     1.00002004        0
  1837.66081057     1.00014554        0
  1837.68124249     1.00007073        0
  1837.70167431     1.00023175        0
  1837.72210634     1.00034010        0
  1837.74253826     1.00037956        0
  1837.76297008     1.00048665        0
  1837.78340210     1.00038609        0
  1837.80383403     1.00041677        0
  1837.82426595     1.00047091        0
  1837.84469787     1.00033371        0
  1837.86512979     1.00035677        0
  1837.88556161     1.00023284        0
  1837.90599363     1.00005044        0
  1837.92642555     1.00005150        0
  1837.94685747     0.99989033        0
  1837.96728938     0.99977960        0
  1837.98772130     0.99968232        0
  1838.00815312     0.99978566        0
  1838.02858514     0.99995731        0
  1838.04901705     0.99984032        0
  1838.06944907     0.99994456        0
  1838.08988089     0.99999705        0
  1838.11031280     1.00016856        0
  1838.13074482     1.00019949        0
  1838.15117663     1.00046780        0
  1838.17160855     1.00018939        0
  1838.19204056     1.00030074        0
  1838.21247237     1.00011242        0
  1838.23290429     1.00003974        0
  1838.27376821     0.99958410        0
  1838.29420002     0.99943370        0
  1838.31463203     0.99943783        0
  1838.33506395     0.99947683        0
  1838.35549576     0.99959392        0
  1838.37592777     0.99970617        0
  1838.39635968     1.00005051        0
  1838.41679149     1.00024735        0
  1838.43722350     1.00025903        0
  1838.45765541     1.00051480        0
  1838.47808721     1.00044491        0
  1838.49851922     1.00035881        0
  1838.51895113     1.00043382        0
  1838.53938294     1.00021878        0
  1838.55981494     1.00007927        0
  1838.58024685     1.00010205        0
  1838.60067866     1.00015845        0
  1838.62111066     0.99985891        0
  1838.64154257     0.99988094        0
  1838.66197437     1.00004591        0
  1838.68240638     0.99986441        0
  1838.70283828     1.00003472        0
  1838.72327019     0.99990151        0
  1838.74370209     1.00003102        0
  1838.76413399     1.00007517        0
  1838.78456590     1.00009313        0
  1838.80499780     1.00033223        0
  1838.82542970     1.00031204        0
  1838.84586170     1.00034521        0
  1838.86629350     1.00032293        0
  1838.88672540     1.00029571        0
  1838.90715740     1.00007063        0
  1838.92758920     0.99998404        0
  1838.94802110     0.99997421        0
  1838.96845310     0.99992427        0
  1838.98888490     1.00105979        0
  1839.07061249     1.00034113        0
  1839.09104449     1.00046436        0
  1839.11147639     1.00056404        0
  1839.13190818     1.00043022        0
  1839.15234018     1.00043920        0
  1839.17277207     1.00004454        0
  1839.19320387     0.99990030        0
  1839.21363586     0.99964141        0
  1839.23406776     0.99965484        0
  1839.25449955     0.99953584        0
  1839.27493155     0.99939372        0
  1839.29536344     0.99951049        0
  1839.31579543     0.99950845        0
  1839.33622722     0.99958387        0
  1839.35665912     0.99975026        0
  1839.37709101     0.99990696        0
  1839.39752290     1.00051305        0
  1839.41795469     0.99993882        0
  1839.43838668     0.99994997        0
  1839.45881857     0.99981430        0
  1839.47925036     0.99998189        0
  1839.49968235     0.99982246        0
  1839.52011424     0.99988440        0
  1839.54054613     0.99988501        0
  1839.56097802     0.99980912        0
  1839.58140990     0.99981368        0
  1839.60184179     0.99982901        0
  1839.62227368     0.99998084        0
  1839.64270557     1.00004526        0
  1839.72443311     1.00051883        0
  1839.74486509     1.00000251        0
  1839.76529688     1.00003532        0
  1839.78572876     1.00009603        0
  1839.80616075     1.00016835        0
  1839.82659253     1.00009897        0
  1839.84702441     1.00003355        0
  1839.86745640     0.99983605        0
  1839.88788818     0.99999962        0
  1839.90832006     0.99973186        0
  1839.92875204     0.99986226        0
  1839.94918392     0.99970546        0
  1839.96961580     0.99984120        0
  1839.99004768     0.99993124        0
  1840.01047956     1.00028581        0
  1840.31695762     1.00019257        0
  1840.33738959     1.00008881        0
  1840.35782147     1.00011421        0
  1840.37825334     1.00003088        0
  1840.39868521     1.00006644        0
  1840.41911709     1.00020215        0
  1840.43954896     1.00021456        0
  1840.45998083     1.00017004        0
  1840.48041270     1.00019815        0
  1840.50084457     1.00009430        0
  1840.52127654     1.00011401        0
  1840.54170831     1.00012255        0
  1840.56214028     1.00015846        0
  1840.58257215     1.00024592        0
  1840.60300392     1.00010460        0
  1840.62343589     1.00015079        0
  1840.64386776     1.00017609        0
  1840.66429953     0.99996292        0
  1840.68473150     0.99995200        0
  1840.70516336     1.00072483        0
  1840.72559513     1.00003417        0
  1840.74602710     1.00009640        0
  1840.76645897     1.00021006        0
  1840.78689083     0.99996104        0
  1840.80732270     0.99988684        0
  1840.82775446     0.99989228        0
  1840.84818643     0.99978770        0
  1840.86861829     0.99993437        0
  1840.88905016     0.99991718        0
  1840.90948192     0.99983224        0
  1840.92991388     0.99987067        0
  1840.95034575     0.99976754        0
  1840.97077751     0.99993301        0
  1840.99120947     0.99982359        0
  1872.00649226     1.00006326        1
  1872.02692385     1.00010816        1
  1872.04735544     1.00000547        1
  1872.06778703     1.00004397        1
  1872.08821862     1.00009458        1
  1872.10865021     1.00002058        1
  1872.12908190     0.99995667        1
  1872.16994498     1.00018252        1
  1872.19037667     1.00002781        1
  1872.21080826     1.00001602        1
  1872.23123975     0.99994809        1
  1872.25167144     1.00003420        1
  1872.27210303     1.00003818        1
  1872.29253452     0.99999639        1
  1872.31296621     0.99998534        1
  1872.33339780     0.99990933        1
  1872.35382929     1.00004516        1
  1872.37426098     0.99979624        1
  1872.41512427     0.99993685        1
  1872.43555576     0.99993098        1
  1872.45598735     1.00001702        1
  1872.47641904     1.00001173        1
  1872.49685053     1.00006756        1
  1872.51728212     0.99999991        1
  1872.53771381     0.99995758        1
  1872.55814530     1.00006692        1
  1872.57857689     1.00008334        1
  1872.59900858     1.00002706        1
  1872.61944007     0.99992186        1
  1872.66030335     1.00004621        1
  1872.68073484     0.99976815        1
  1872.70116653     0.99988908        1
  1872.72159812     0.99983950        1
  1872.74202962     0.99989900        1
  1872.76246131     0.99983277        1
  1872.78289290     0.99981957        1
  1872.80332439     0.99972493        1
  1872.82375608     0.99978181        1
  1872.84418767     0.99991471        1
  1872.86461916     0.99983852        1
  1872.90548244     0.99988520        1
  1872.92591393     0.99980629        1
  1872.94634562     0.99992549        1
  1872.96677721     1.00004647        1
  1872.98720890     0.99982656        1
  1873.00764040     0.99993450        1
  1873.02807199     0.99991830        1
  1873.04850368     0.99999783        1
  1873.06893517     0.99987720        1
  1873.08936676     0.99984820        1
  1873.15066153     0.99989246        1
  1873.17109322     0.99992172        1
  1873.19152481     1.00003576        1
  1873.21195641     1.00001712        1
  1873.23238800     1.00000319        1
  1873.25281959     1.00015307        1
  1873.27325118     1.00005422        1
  1873.29368277     1.00000526        1
  1873.31411436     1.00004169        1
  1873.33454595     1.00018828        1
  1873.35497754     1.00000306        1
  1873.39584073     1.00152393        1
  1873.41627232     1.00011301        1
  1873.43670381     1.00009779        1
  1873.45713550     1.00005429        1
  1873.47756709     1.00007706        1
  1873.49799878     1.00018864        1
  1873.51843027     1.00035124        1
  1873.53886186     0.99999867        1
  1873.55929356     1.00010970        1
  1873.57972505     1.00002967        1
  1873.60015664     1.00005083        1
  1873.74317788     0.99990627        1
  1873.76360947     1.00008162        1
  1873.78404106     1.00018686        1
  1873.80447265     0.99999457        1
  1873.82490425     1.00026370        1
  1873.84533594     1.00008285        1
  1873.88619902     0.99997246        1
  1873.90663071     1.00002790        1
  1873.92706221     1.00021625        1
  1873.94749380     0.99999688        1
  1873.96792549     1.00020179        1
  1873.98835698     1.00005108        1
  1874.00878867     0.99986860        1
  1874.02922017     1.00000626        1
  1874.04965176     0.99999652        1
  1874.07008345     1.00009365        1
  1874.09051494     1.00016995        1
  1874.25396778     1.00010547        1
  1874.27439937     1.00012155        1
  1874.29483096     1.00012429        1
  1874.31526256     1.00018806        1
  1874.33569415     1.00011596        1
  1874.37655733     1.00011394        1
  1874.39698893     1.00001069        1
  1874.41742062     1.00009571        1
  1874.43785211     1.00007955        1
  1874.45828370     0.99991106        1
  1874.47871540     1.00011228        1
  1874.49914689     1.00028004        1
  1874.51957858     0.99987089        1
  1874.54001017     0.99990561        1
  1874.56044167     0.99986813        1
  1874.58087336     0.99992437        1
  1874.62173645     0.99985510        1
  1874.64216814     0.99995352        1
  1874.66259973     0.99990371        1
  1874.68303132     0.99988584        1
  1874.70346292     0.99997093        1
  1874.72389451     0.99991212        1
  1874.74432600     1.00006393        1
  1874.76475770     0.99993814        1
  1874.78518929     0.99991024        1
  1874.80562088     0.99991229        1
  1874.86691576     1.00007335        1
  1874.88734726     0.99991902        1
  1874.90777885     0.99996339        1
  1874.92821054     1.00005996        1
  1874.94864204     0.99983503        1
  1874.96907363     1.00005600        1
  1874.98950532     1.00001302        1
  1875.00993682     0.99990593        1
  1875.03036851     1.00000262        1
  1875.05080010     1.00004967        1
  1875.11209488     1.00004058        1
  1875.13252638     1.00004642        1
  1875.15295807     1.00005854        1
  1875.17338967     1.00002969        1
  1875.19382126     1.00002398        1
  1875.21425285     1.00008582        1
  1875.23468445     0.99997378        1
  1875.25511614     1.00002540        1
  1875.35727401     1.00086253        1
  1875.37770571     0.99992060        1
  1875.39813720     1.00005120        1
  1875.41856880     1.00003173        1
  1875.43900049     1.00002318        1
  1875.45943199     0.99992453        1
  1875.47986358     0.99997123        1
  1875.50029527     0.99977077        1
  1875.52072677     0.99993043        1
  1875.54115846     0.99990164        1
  1875.56159006     0.99974393        1
  1875.60245325     0.99971089        1
  1875.62288484     0.99985343        1
  1875.64331634     0.99993729        1
  1875.66374803     0.99989948        1
  1875.68417963     0.99990932        1
  1875.70461122     0.99979905        1
  1875.72504282     0.99971464        1
  1875.74547441     0.99976767        1
  1875.76590611     0.99980839        1
  1875.78633760     0.99986927        1
  1875.80676920     0.99981896        1
  1875.84763249     0.99999175        1
  1875.86806398     0.99980321        1
  1875.88849568     0.99995798        1
  1875.90892728     0.99989507        1
  1875.92935877     0.99989776        1
  1875.94979047     0.99982483        1
  1875.97022206     1.00006326        1
  1875.99065376     0.99993621        1
  1876.01108525     0.99971843        1
  1876.09281164     0.99981915        1
  1876.11324323     0.99993723        1
  1876.13367483     0.99986776        1
  1876.15410632     0.99994718        1
  1876.17453802     1.00004022        1
  1876.19496962     0.99981867        1
  1876.21540121     0.99987735        1
  1876.23583281     1.00011872        1
  1876.25626441     1.00005200        1
  1876.27669610     1.00000716        1
  1876.33799089     0.99993299        1
  1876.35842249     1.00010341        1
  1876.37885399     1.00005396        1
  1876.39928568     1.00010215        1
  1876.41971728     1.00012704        1
  1876.44014878     1.00002143        1
  1876.46058047     1.00006356        1
  1876.48101207     1.00009246        1
  1876.50144377     1.00015276        1
  1876.52187526     1.00018409        1
  1876.54230686     1.00011250        1
  1876.58317006     1.00005235        1
  1876.60360165     0.99997396        1
  1876.62403335     1.00010184        1
  1876.64446485     1.00005096        1
  1876.66489645     1.00001800        1
  1876.82834923     0.99995181        1
  1876.84878093     0.99987462        1
  1876.86921242     0.99987535        1
  1876.88964402     0.99988964        1
  1876.91007572     1.00004620        1
  1876.93050732     1.00006507        1
  1877.07352861     0.99986139        1
  1877.09396011     0.99985514        1
  1877.11439170     0.99993809        1
  1877.13482340     0.99986248        1
  1877.15525490     0.99997320        1
  1877.17568650     0.99997087        1
  1877.19611820     1.00005261        1
  1877.21654970     1.00015951        1
  1877.23698140     0.99996711        1
  1877.25741300     1.00004812        1
  1877.27784450     1.00007476        1
  1877.31870780     0.99993930        1
  1877.33913940     0.99994974        1
  1877.35957100     1.00015430        1
  1877.38000260     0.99995970        1
  1877.40043419     1.00001239        1
  1877.42086579     1.00007955        1
  1877.44129739     1.00003091        1
  1877.46172899     0.99998476        1
  1877.48216059     1.00016239        1
  1877.50259219     1.00006145        1
  1877.52302379     1.00020944        1
  1877.56388699     0.99999450        1
  1877.58431870     0.99983125        1
  1877.60475020     1.00008811        1
  1877.62518180     1.00018412        1
  1877.64561350     1.00005661        1
  1877.66604500     1.00000000        1
  1877.68647670     0.99988055        1
  1877.70690830     0.99985616        1
  1877.72733980     0.99997602        1
  1877.74777150     0.99999915        1
  1877.76820310     0.99997131        1
  1877.80906630     1.00003089        1
  1877.82949790     1.00012699        1
  1877.84992941     0.99996641        1
  1877.87036111     0.99998665        1
  1877.89079271     1.00009447        1
  1877.91122431     1.00004367        1
  1877.93165591     0.99996298        1
  1877.95208751     0.99998140        1
  1877.97251921     1.00012588        1
  1877.99295082     1.00015427        1
  1878.01338232     1.00003229        1
  1878.05424562     0.99993974        1
  1878.07467712     0.99997477        1
  1878.09510883     1.00010926        1
  1878.11554043     1.00005624        1
  1878.13597193     0.99983762        1
  1878.15640363     1.00018496        1
  1878.17683513     0.99983350        1
  1878.19726684     1.00009858        1
  1878.21769844     1.00009429        1
  1878.23812994     0.99996623        1
  1878.25856165     1.00007238        1
  1878.29942475     0.99997918        1
  1878.31985645     1.00003691        1
  1878.34028806     0.99992542        1
  1878.36071956     1.00001499        1
  1878.38115126     1.00022920        1
  1878.40158287     0.99986705        1
  1878.42201457     1.00004727        1
  1878.44244607     1.00011737        1
  1878.46287768     1.00016016        1
  1878.48330938     0.99997482        1
  1878.54460419     1.00006407        1
  1878.56503579     0.99979484        1
  1878.58546730     0.99993200        1
  1878.60589900     0.99998866        1
  1878.62633061     0.99981628        1
  1878.64676221     0.99994406        1
  1878.66719382     0.99998621        1
  1878.68762542     0.99991768        1
  1878.70805712     1.00001154        1
  1878.72848863     1.00008842        1
  1878.74892023     1.00000795        1
  1878.78978344     1.00001965        1
  1878.81021505     0.99985561        1
  1878.83064665     0.99979839        1
  1878.85107826     1.00001081        1
  1878.87150996     0.99983307        1
  1878.89194147     0.99991908        1
  1878.91237307     1.00006843        1
  1878.93280478     1.00006804        1
  1878.95323628     1.00001753        1
  1878.97366789     1.00005785        1
  1878.99409959     0.99999735        1
  1879.07582602     0.99975793        1
  1879.09625762     0.99992168        1
  1879.11668923     0.99992112        1
  1879.13712084     0.99981544        1
  1879.15755244     1.00004381        1
  1879.17798405     1.00005305        1
  1879.19841566     1.00003311        1
  1879.21884736     1.00006211        1
  1879.23927887     0.99999663        1
  1879.32100540     0.99984105        1
  1879.34143700     1.00006357        1
  1879.36186851     0.99992607        1
  1879.38230022     0.99987280        1
  1879.40273182     0.99983664        1
  1879.42316333     0.99972550        1
  1879.44359504     0.99986459        1
  1879.46402665     0.99961124        1
  1879.48445815     0.99976262        1
  1879.52532137     0.99952849        1
  1879.54575308     0.99990393        1
  1879.56618469     0.99986388        1
  1879.58661629     1.00005755        1
  1879.60704790     1.00001743        1
  1879.62747951     0.99999076        1
  1879.64791112     1.00025106        1
  1879.66834273     1.00017047        1
  1879.68877434     1.00004936        1
  1879.70920594     1.00011627        1
  1879.72963755     1.00003442        1
  1879.77050087     0.99996097        1
  1879.79093248     0.99994085        1
  1879.81136399     0.99998882        1
  1879.83179570     1.00005096        1
  1879.85222731     1.00004948        1
  1879.87265882     0.99998041        1
  1879.89309053     1.00005716        1
  1879.91352214     1.00010415        1
  1879.93395365     1.00010119        1
  1879.95438535     1.00002941        1
  1879.97481696     0.99973922        1
  1880.03611180     0.99998896        2
  1880.05654351     0.99992471        2
  1880.07697502     1.00010622        2
  1880.09740663     0.99997751        2
  1880.11783824     1.00012155        2
  1880.13826985     1.00003220        2
  1880.15870146     1.00006536        2
  1880.17913317     1.00022822        2
  1880.19956468     1.00022252        2
  1880.21999639     1.00029233        2
  1880.26085951     1.00038896        2
  1880.28129122     1.00033777        2
  1880.30172284     1.00021700        2
  1880.32215435     1.00015295        2
  1880.34258606     1.00015850        2
  1880.36301767     1.00001634        2
  1880.38344918     0.99980465        2
  1880.40388089     0.99971326        2
  1880.42431251     0.99960530        2
  1880.44474422     0.99952756        2
  1880.50603906     0.99948799        2
  1880.52647057     0.99971621        2
  1880.54690218     0.99991491        2
  1880.56733389     1.00007132        2
  1880.58776541     1.00019734        2
  1880.60819702     1.00027564        2
  1880.62862873     1.00026632        2
  1880.64906025     1.00024372        2
  1880.66949196     0.99995736        2
  1880.75121841     0.99978529        2
  1880.77165003     0.99969929        2
  1880.79208164     0.99973687        2
  1880.81251325     0.99963821        2
  1880.83294487     0.99975274        2
  1880.85337648     0.99994881        2
  1880.87380810     0.99985604        2
  1880.89423971     0.99977795        2
  1880.91467133     0.99998459        2
  1880.93510294     0.99991229        2
  1880.95553466     1.00005558        2
  1881.01682950     1.00005226        2
  1881.03726102     1.00003201        2
  1881.05769263     1.00001965        2
  1881.07812435     1.00003483        2
  1881.09855586     0.99989900        2
  1881.11898758     0.99997880        2
  1881.13941919     0.99986796        2
  1881.15985071     0.99991354        2
  1881.18028242     0.99980504        2
  1881.20071404     0.99963044        2
  1881.24157727     0.99979825        2
  1881.26200889     0.99990669        2
  1881.28244051     0.99987565        2
  1881.30287212     0.99991581        2
  1881.32330374     0.99992024        2
  1881.34373546     0.99996925        2
  1881.36416697     1.00005569        2
  1881.38459859     0.99990075        2
  1881.40503031     1.00004918        2
  1881.42546192     1.00002549        2
  1881.44589344     0.99995505        2
  1881.48675668     1.00014934        2
  1881.50718839     0.99987884        2
  1881.52762001     0.99992240        2
  1881.54805163     0.99980907        2
  1881.56848325     0.99974689        2
  1881.58891487     0.99995328        2
  1881.60934638     0.99977019        2
  1881.62977810     0.99995929        2
  1881.65020972     0.99985695        2
  1881.67064124     0.99991427        2
  1881.69107296     1.00003334        2
  1881.73193630     1.00026684        2
  1881.75236781     1.00023133        2
  1881.77279943     1.00016739        2
  1881.79323115     1.00007228        2
  1881.81366267     1.00006039        2
  1881.83409429     1.00005354        2
  1881.85452601     1.00010444        2
  1881.87495753     1.00015378        2
  1881.89538915     1.00007285        2
  1881.91582087     0.99996373        2
  1881.93625249     1.00007831        2
  1881.97711573     1.00004208        2
  1881.99754735     1.00009504        2
  1882.01797897     1.00010189        2
  1882.03841059     1.00017477        2
  1882.05884221     1.00008059        2
  1882.07927393     1.00013945        2
  1882.09970546     1.00003571        2
  1882.12013708     0.99996439        2
  1882.14056880     0.99999415        2
  1882.16100032     0.99989654        2
  1882.22229518     1.00010600        2
  1882.24272691     1.00012487        2
  1882.26315843     1.00002450        2
  1882.28359005     1.00006640        2
  1882.30402177     1.00017336        2
  1882.32445330     1.00012030        2
  1882.34488502     1.00025020        2
  1882.36531664     1.00027721        2
  1882.38574816     1.00015152        2
  1882.46747475     1.00005429        2
  1882.48790638     0.99994826        2
  1882.50833800     1.00011537        2
  1882.52876963     1.00014360        2
  1882.54920125     1.00006430        2
  1882.56963297     0.99998448        2
  1882.77394922     1.00007225        2
  1882.79438094     1.00015625        2
  1882.81481247     1.00010133        2
  1882.83524409     1.00022565        2
  1882.85567582     1.00000000        2
  1882.87610734     1.00008682        2
  1882.89653887     1.00011041        2
  1882.91697060     1.00010688        2
  1883.01912883     1.00002460        2
  1883.03956036     1.00015376        2
  1883.05999198     1.00016332        2
  1883.08042371     1.00009303        2
  1883.10085534     0.99999040        2
  1883.12128686     1.00002999        2
  1883.14171859     1.00012264        2
  1883.16215022     1.00025714        2
  1883.20301347     1.00010506        2
  1883.22344510     1.00008415        2
  1883.24387683     1.00022411        2
  1883.26430836     1.00018600        2
  1883.28473999     0.99992437        2
  1883.30517171     0.99990650        2
  1883.32560324     0.99984660        2
  1883.34603487     1.00009353        2
  1883.36646660     0.99988728        2
  1883.38689813     0.99985726        2
  1883.40732986     1.00003837        2
  1883.44819302     0.99989025        2
  1883.46862475     0.99988388        2
  1883.48905638     0.99982281        2
  1883.50948791     0.99997744        2
  1883.52991964     0.99984702        2
  1883.55035117     0.99979719        2
  1883.57078290     0.99970952        2
  1883.59121453     0.99973839        2
  1883.61164606     0.99978977        2
  1883.63207779     0.99997475        2
  1883.65250942     0.99991960        2
  1883.69337268     0.99979201        2
  1883.71380431     0.99988659        2
  1883.73423594     0.99977050        2
  1883.75466757     0.99975165        2
  1883.77509921     0.99986681        2
  1883.79553094     0.99997042        2
  1883.81596257     0.99995843        2
  1883.83639410     0.99990150        2
  1883.85682583     0.99986062        2
  1883.87725746     0.99998976        2
  1883.89768900     0.99986173        2
  1883.97941563     0.99996047        2
  1883.99984726     1.00002716        2
  1884.02027899     0.99984472        2
  1884.04071053     0.99996290        2
  1884.06114216     0.99969925        2
  1884.08157389     0.99976042        2
  1884.10200543     0.99997840        2
  1884.12243706     0.99989158        2
  1884.14286880     0.99992894        2
  1884.20416360     1.00013258        2
  1884.22459523     0.99987509        2
  1884.24502697     0.99984838        2
  1884.26545850     0.99984876        2
  1884.28589014     0.99991040        2
  1884.30632187     0.99981448        2
  1884.32675351     0.99987135        2
  1884.34718504     0.99989170        2
  1884.36761678     0.99981855        2
  1884.38804842     0.99988863        2
  1884.42891169     0.99991921        2
  1884.44934332     0.99987303        2
  1884.46977506     0.99992114        2
  1884.49020660     0.99997945        2
  1884.51063823     0.99991549        2
  1884.53106997     0.99999556        2
  1884.55150151     0.99999722        2
  1884.57193314     1.00015769        2
  1884.59236488     1.00005770        2
  1884.61279642     0.99996712        2
  1884.63322816     1.00001177        2
  1884.67409133     0.99987264        2
  1884.69452307     0.99988675        2
  1884.71495471     0.99998736        2
  1884.73538635     0.99997811        2
  1884.75581798     1.00012823        2
  1884.77624962     1.00007211        2
  1884.79668126     1.00007978        2
  1884.81711290     1.00006173        2
  1884.83754454     0.99999431        2
  1884.85797618     1.00014497        2
  1884.91927110     1.00003529        2
  1884.93970274     1.00011487        2
  1884.96013438     1.00010506        2
  1884.98056612     1.00012629        2
  1885.00099766     1.00016155        2
  1885.02142940     1.00012570        2
  1885.04186104     1.00023064        2
  1885.06229258     1.00030073        2
  1885.08272432     1.00016361        2
  1885.10315596     1.00033081        2
  1885.12358750     1.00007654        2
  1885.16445088     1.00383699        2
  1885.18488242     1.00047826        2
  1885.20531417     1.00024916        2
  1885.22574581     1.00068706        2
  1885.24617755     1.00056204        2
  1885.26660909     1.00034147        2
  1885.28704073     1.00050861        2
  1885.30747248     1.00029310        2
  1885.32790402     1.00039739        2
  1885.34833566     1.00027884        2
  1885.36876741     1.00004656        2
  1885.40963059     0.99996981        2
  1885.43006233     1.00004018        2
  1885.45049398     1.00000709        2
  1885.47092562     0.99982059        2
  1885.49135727     1.00002995        2
  1885.51178891     0.99984934        2
  1885.53222055     0.99980697        2
  1885.55265220     0.99971352        2
  1885.57308374     0.99961347        2
  1885.59351549     0.99991654        2
  1885.61394713     0.99980738        2
  1885.65481042     0.99988189        2
  1885.67524207     0.99990589        2
  1885.69567381     0.99952932        2
  1885.71610536     0.99943187        2
  1885.73653700     0.99917076        2
  1885.75696875     0.99936830        2
  1885.77740030     0.99919713        2
  1885.79783194     0.99929279        2
  1885.81826369     0.99946464        2
  1885.83869524     0.99965756        2
  1885.85912698     0.99978760        2
  1885.89999018     1.00015173        2
  1885.92042192     1.00037052        2
  1885.94085357     1.00061177        2
  1885.96128522     1.00044559        2
  1885.98171687     1.00039023        2
  1886.00214851     1.00025754        2
  1886.02258016     1.00013311        2
  1886.04301181     1.00012146        2
  1886.06344346     1.00010133        2
  1886.08387521     1.00002865        2
  1886.10430685     1.00022370        2
  1886.16560180     1.00024293        2
  1886.18603335     1.00030174        2
  1886.20646510     1.00008070        2
  1886.22689665     1.00033344        2
  1886.24732840     1.00030142        2
  1886.26776005     1.00030133        2
  1886.28819160     1.00023936        2
  1886.30862335     1.00021767        2
  1886.32905500     1.00013882        2
  1886.34948655     1.00020647        2
  1886.39034995     1.00005663        2
  1886.41078150     0.99989823        2
  1886.43121326     0.99985419        2
  1886.45164491     0.99978380        2
  1886.47207666     0.99967637        2
  1886.49250821     1.00002484        2
  1886.51293986     0.99975581        2
  1886.53337161     0.99986515        2
  1886.63552988     1.00018043        2
  1886.65596153     1.00020992        2
  1886.67639318     1.00014836        2
  1886.69682484     1.00016374        2
  1886.71725649     1.00009313        2
  1886.73768814     0.99997734        2
  1886.75811990     0.99992776        2
  1886.88070973     0.99925185        2
  1886.90114138     0.99940933        2
  1886.92157314     0.99928949        2
  1886.94200469     0.99956414        2
  1886.96243635     0.99989247        2
  1886.98286810     1.00033405        2
  1887.00329966     1.00002002        2
  1887.12588970     0.99941065        2
  1887.14632136     0.99966411        2
  1887.16675301     0.99976020        2
  1887.18718467     0.99968686        2
  1887.20761633     0.99965619        2
  1887.22804799     0.99967065        2
  1887.24847974     1.00001113        2
  1887.26891130     1.00003004        2
  1887.28934296     0.99985501        2
  1887.30977472     0.99990475        2
  1887.33020638     0.99981961        2
  1887.37106970     1.00010215        2
  1887.39150136     1.00031152        2
  1887.41193291     1.00013289        2
  1887.43236467     1.00014007        2
  1887.45279633     1.00061216        2
  1887.47322799     1.00011671        2
  1887.49365965     1.00000063        2
  1887.51409131     1.00001621        2
  1887.53452308     0.99995447        2
  1887.55495464     0.99993476        2
  1887.57538630     0.99981183        2
  1887.61624962     0.99984062        2
  1887.63668138     0.99979099        2
  1887.65711294     0.99980495        2
  1887.67754460     0.99966679        2
  1887.69797637     0.99961551        2
  1887.71840793     0.99963668        2
  1887.73883959     0.99978789        2
  1887.75927135     0.99982781        2
  1887.77970292     0.99986696        2
  1887.80013458     1.00001640        2
  1887.86142967     1.00011161        2
  1887.88186133     1.00003019        2
  1887.90229300     1.00024337        2
  1887.92272466     1.00023548        2
  1887.94315632     1.00028173        2
  1887.96358799     1.00043737        2
  1887.98401975     1.00050662        2
  1891.04877232     0.99980854        3
  1891.06920401     1.00000199        3
  1891.08963581     1.00002490        3
  1891.11006740     0.99993287        3
  1891.13049910     0.99997547        3
  1891.15093089     0.99995418        3
  1891.17136249     1.00042520        3
  1891.19179429     0.99983259        3
  1891.21222598     0.99985285        3
  1891.23265758     0.99964048        3
  1891.29395267     1.00004215        3
  1891.31438447     0.99994510        3
  1891.33481616     1.00011448        3
  1891.35524796     0.99986490        3
  1891.37567956     0.99982727        3
  1891.39611126     0.99988281        3
  1891.41654305     1.00002780        3
  1891.43697465     1.00010907        3
  1891.45740635     1.00005484        3
  1891.47783815     0.99991797        3
  1891.49826985     0.99982655        3
  1891.53913325     0.99996172        3
  1891.55956485     0.99998642        3
  1891.57999665     1.00013397        3
  1891.60042835     1.00013659        3
  1891.62085995     1.00009351        3
  1891.64129175     1.00013633        3
  1891.66172345     1.00019715        3
  1891.68215505     0.99998777        3
  1891.70258685     1.00005066        3
  1891.72301855     0.99991407        3
  1891.74345036     1.00006550        3
  1891.78431366     1.00013395        3
  1891.80474546     1.00014999        3
  1891.82517706     1.00005426        3
  1891.84560877     0.99990786        3
  1891.86604057     0.99990926        3
  1891.88647217     0.99997202        3
  1891.90690388     1.00010768        3
  1891.92733568     1.00004711        3
  1891.94776728     1.00017241        3
  1891.96819909     0.99991474        3
  1891.98863079     0.99996897        3
  1892.02949420     1.00013395        3
  1892.04992591     1.00014367        3
  1892.07035761     0.99998955        3
  1892.09078932     1.00005264        3
  1892.11122102     0.99997397        3
  1892.13165283     1.00005985        3
  1892.15208454     1.00000940        3
  1892.17251614     1.00005262        3
  1892.19294795     1.00006800        3
  1892.21337956     1.00003576        3
  1892.23381126     0.99995432        3
  1892.27467468     1.00006725        3
  1892.29510649     0.99988343        3
  1892.31553819     1.00004555        3
  1892.33596980     0.99999196        3
  1892.35640161     1.00019264        3
  1892.37683332     1.00005300        3
  1892.39726493     0.99997589        3
  1892.41769674     0.99992678        3
  1892.43812845     1.00010507        3
  1892.45856006     0.99977811        3
  1892.47899187     1.00000000        3
  1892.51985539     0.99979766        3
  1892.54028700     0.99980055        3
  1892.56071871     0.99997202        3
  1892.58115052     0.99984372        3
  1892.60158213     0.99989796        3
  1892.62201384     0.99989970        3
  1892.64244565     0.99992954        3
  1892.66287737     0.99999705        3
  1892.84676278     0.99987397        3
  1892.86719460     0.99979934        3
  1892.88762621     0.99990786        3
  1892.90805803     0.99996987        3
  1892.92848964     0.99989259        3
  1892.94892136     0.99980110        3
  1892.96935317     0.99985267        3
  1893.01021650     1.00042723        3
  1893.03064832     0.99974602        3
  1893.05107994     0.99981155        3
  1893.07151175     1.00023190        3
  1893.09194347     0.99997366        3
  1893.11237509     1.00011053        3
  1893.13280691     0.99982505        3
  1893.15323862     0.99993811        3
  1893.17367024     1.00019511        3
  1893.19410206     0.99973612        3
  1893.21453378     0.99980643        3
  1893.33712409     1.00003184        3
  1893.35755591     0.99998598        3
  1893.37798763     1.00013881        3
  1893.39841925     1.00009903        3
  1893.41885107     1.00007287        3
  1893.43928279     0.99981625        3
  1893.45971461     1.00006648        3
  1893.50057796     1.00015235        3
  1893.52100978     1.00008028        3
  1893.54144140     0.99995529        3
  1893.56187302     0.99995641        3
  1893.58230485     0.99989071        3
  1893.60273657     1.00029449        3
  1893.62316839     1.00006749        3
  1893.64360002     0.99988154        3
  1893.66403174     0.99997581        3
  1893.68446356     0.99995774        3
  1893.70489519     1.00002203        3
  1893.74575874     0.99985620        3
  1893.76619036     1.00000339        3
  1893.78662208     1.00005592        3
  1893.80705391     0.99978044        3
  1893.82748554     0.99991559        3
  1893.84791736     0.99997170        3
  1893.86834909     0.99996569        3
  1893.88878081     0.99976745        3
  1893.90921254     0.99993715        3
  1893.92964427     0.99996106        3
  1894.03180300     1.00013552        3
  1894.05223463     0.99993528        3
  1894.07266646     0.99991419        3
  1894.09309819     0.99993216        3
  1894.11352982     0.99994986        3
  1894.13396165     0.99985948        3
  1894.15439338     0.99992467        3
  1894.17482511     0.99995314        3
  1894.19525684     0.99985308        3
  1894.23612030     1.00011665        3
  1894.25655203     0.99974941        3
  1894.27698366     0.99984517        3
  1894.29741549     0.99998402        3
  1894.31784722     1.00003113        3
  1894.33827885     0.99988733        3
  1894.35871068     1.00000040        3
  1894.37914242     0.99990519        3
  1894.39957425     1.00002741        3
  1894.42000588     1.00002582        3
  1894.44043761     1.00000750        3
  1894.48130108     1.00003418        3
  1894.50173281     1.00003550        3
  1894.52216465     1.00006418        3
  1894.54259638     0.99997848        3
  1894.56302812     1.00009845        3
  1894.58345985     1.00018378        3
  1894.60389158     1.00012706        3
  1894.62432332     1.00012521        3
  1894.72648200     0.99999281        3
  1894.74691384     1.00025375        3
  1894.76734547     1.00017711        3
  1894.78777731     1.00000911        3
  1894.80820905     1.00013870        3
  1894.82864068     1.00023793        3
  1894.84907252     1.00015331        3
  1894.86950416     1.00018919        3
  1894.97166295     1.00066043        3
  1894.99209459     1.00023704        3
  1895.01252643     1.00021816        3
  1895.03295817     1.00015776        3
  1895.05338991     1.00028358        3
  1895.07382166     1.00007339        3
  1895.09425340     1.00020241        3
  1895.11468524     1.00018714        3
  1895.13511688     1.00036957        3
  1895.15554862     1.00005491        3
  1895.17598046     1.00016975        3
  1895.21684385     1.00024073        3
  1895.23727569     1.00013025        3
  1895.25770743     1.00020558        3
  1895.27813908     0.99994572        3
  1895.29857092     1.00000035        3
  1895.31900266     1.00016977        3
  1895.33943451     1.00014555        3
  1895.35986615     1.00011563        3
  1895.38029790     1.00007638        3
  1895.40072974     1.00002349        3
  1895.42116139     1.00007396        3
  1895.46202498     1.00018784        3
  1895.48245662     0.99994164        3
  1895.50288847     1.00006138        3
  1895.52332011     0.99999554        3
  1895.54375186     1.00000620        3
  1895.56418371     1.00006798        3
  1895.58461536     0.99999588        3
  1895.60504710     0.99986543        3
  1895.62547895     1.00000048        3
  1895.64591060     1.00004197        3
  1895.66634245     0.99992621        3
  1895.70720594     1.00004054        3
  1895.72763769     0.99995390        3
  1895.74806944     0.99974359        3
  1895.76850119     0.99982750        3
  1895.78893294     0.99998086        3
  1895.80936469     0.99990645        3
  1895.82979644     0.99979433        3
  1895.85022829     0.99993425        3
  1895.87065994     0.99977016        3
  1895.89109179     0.99971606        3
  1895.91152354     0.99986375        3
  1895.97281880     0.99984025        3
  1895.99325045     0.99980985        3
  1896.01368231     0.99963179        3
  1896.03411406     0.99978091        3
  1896.05454591     0.99973010        3
  1896.07497756     0.99969051        3
  1896.09540932     0.99973043        3
  1896.11584107     0.99965992        3
  1896.13627283     0.99984336        3
  1896.15670458     0.99975465        3
  1896.19756809     0.99982327        3
  1896.21799995     0.99989379        3
  1896.23843160     0.99980785        3
  1896.25886336     0.99972934        3
  1896.27929521     0.99968874        3
  1896.29972687     0.99975428        3
  1896.32015863     0.99973175        3
  1896.34059048     0.99991761        3
  1896.36102214     0.99977679        3
  1896.38145390     0.99964720        3
  1896.50404455     0.99990001        3
  1896.52447631     0.99988908        3
  1896.54490807     1.00000446        3
  1896.56533993     0.99985227        3
  1896.58577159     1.00000135        3
  1896.60620345     1.00003253        3
  1896.62663521     0.99994528        3
  1896.64706687     1.00004901        3
  1896.68793049     1.00011198        3
  1896.70836215     1.00000123        3
  1896.72879402     0.99989246        3
  1896.74922578     1.00012036        3
  1896.76965754     1.00006397        3
  1896.79008930     0.99989197        3
  1896.81052107     1.00006904        3
  1896.83095283     0.99992737        3
  1896.85138459     1.00006453        3
  1896.87181636     1.00022222        3
  1896.89224812     1.00015174        3
  1896.93311165     1.00022573        3
  1896.95354342     1.00012360        3
  1896.97397518     1.00028288        3
  1896.99440705     1.00006217        3
  1897.01483871     1.00026381        3
  1897.03527048     1.00043791        3
  1897.05570234     1.00006801        3
  1897.07613411     1.00002145        3
  1897.09656578     1.00016092        3
  1897.11699765     1.00005560        3
  1897.13742941     1.00005488        3
  1897.17829295     1.00004400        3
  1897.19872472     0.99992112        3
  1897.21915659     0.99999166        3
  1897.23958825     0.99998899        3
  1897.26002002     1.00004754        3
  1897.28045189     1.00043640        3
  1897.30088356     1.00005559        3
  1897.32131543     0.99997671        3
  1897.34174720     1.00002591        3
  1897.36217887     1.00003880        3
  1897.38261074     1.00029142        3
  1897.42347419     1.00026312        3
  1897.44390606     1.00010746        3
  1897.46433783     1.00003861        3
  1897.48476970     1.00020803        3
  1897.50520137     1.00009300        3
  1897.52563305     0.99994303        3
  1897.54606492     1.00000950        3
  1897.56649669     1.00001858        3
  1897.58692847     0.99995474        3
  1897.60736024     0.99999091        3
  1897.62779202     1.00005623        3
  1897.75038267     1.00022959        3
  1897.77081454     0.99990067        3
  1897.79124632     1.00006841        3
  1897.81167800     1.00007549        3
  1897.83210987     0.99995243        3
  1897.85254165     0.99998728        3
  1897.87297353     1.00006346        3
  1897.91383698     0.99994541        3
  1897.93426886     0.99997443        3
  1897.95470054     0.99997414        3
  1897.97513232     0.99974507        3
  1897.99556420     0.99980894        3
  1898.01599588     1.00017759        4
  1898.03642776     1.00017112        4
  1898.05685954     1.00023783        4
  1898.07729122     1.00013258        4
  1898.09772310     1.00021783        4
  1898.11815488     1.00000163        4
  1898.15901844     1.00001504        4
  1898.17945012     0.99997260        4
  1898.19988201     0.99999276        4
  1898.22031379     0.99993595        4
  1898.24074547     1.00009118        4
  1898.26117735     1.00020629        4
  1898.28160914     1.00003590        4
  1898.30204092     0.99998525        4
  1898.32247271     0.99995183        4
  1898.34290449     0.99991409        4
  1898.40419984     0.99982350        4
  1898.42463173     0.99972192        4
  1898.44506351     0.99988471        4
  1898.46549520     0.99986869        4
  1898.48592709     0.99992247        4
  1898.50635887     0.99984013        4
  1898.52679056     0.99995995        4
  1898.54722245     0.99992512        4
  1898.56765423     0.99998109        4
  1898.58808612     0.99989929        4
  1898.60851781     0.99987398        4
  1898.64938149     0.99977485        4
  1898.66981317     0.99985564        4
  1898.69024496     0.99997938        4
  1898.71067685     0.99975155        4
  1898.73110854     0.99987458        4
  1898.75154043     0.99997359        4
  1898.77197222     0.99992050        4
  1898.79240391     0.99989589        4
  1898.81283580     0.99993859        4
  1898.83326749     1.00001762        4
  1898.85369929     0.99978276        4
  1898.89456287     0.99991061        4
  1898.91499466     1.00006098        4
  1898.93542655     1.00033654        4
  1898.95585835     1.00002243        4
  1898.97629014     1.00014426        4
  1898.99672193     0.99989397        4
  1899.01715373     1.00010880        4
  1899.03758552     0.99995838        4
  1899.05801732     0.99987303        4
  1899.07844911     0.99994373        4
  1899.09888101     0.99997503        4
  1899.13974460     1.00004744        4
  1899.16017639     1.00028026        4
  1899.18060809     0.99987307        4
  1899.20103998     0.99998075        4
  1899.22147178     1.00013524        4
  1899.24190348     1.00008656        4
  1899.26233537     1.00017304        4
  1899.28276717     1.00012371        4
  1899.30319907     1.00011545        4
  1899.32363077     1.00019817        4
  1899.34406257     0.99999932        4
  1899.38492616     0.99996692        4
  1899.40535796     1.00044219        4
  1899.42578986     1.00013765        4
  1899.44622156     1.00007002        4
  1899.46665346     1.00019557        4
  1899.48708516     1.00004333        4
  1899.50751696     1.00010169        4
  1899.52794887     1.00007769        4
  1899.54838057     1.00008712        4
  1899.56881237     1.00013734        4
  1899.58924427     1.00024809        4
  1899.63010778     1.00009874        4
  1899.65053968     1.00005235        4
  1899.67097148     1.00009420        4
  1899.69140329     1.00014142        4
  1899.71183509     1.00027440        4
  1899.73226689     1.00006744        4
  1899.75269880     1.00015855        4
  1899.77313050     1.00003843        4
  1899.79356231     1.00005697        4
  1899.81399421     1.00000849        4
  1899.83442592     0.99999102        4
  1899.89572134     1.00003855        4
  1899.91615324     1.00010940        4
  1899.93658505     0.99986273        4
  1899.95701676     0.99996332        4
  1899.97744867     0.99995668        4
  1899.99788047     0.99999533        4
  1900.01831238     1.00000875        4
  1900.03874409     1.00005462        4
  1900.05917590     0.99993638        4
  1900.07960771     0.99998142        4
  1900.12047133     0.99984595        4
  1900.14090314     0.99988003        4
  1900.16133495     0.99987233        4
  1900.18176686     1.00000588        4
  1900.20219857     0.99997060        4
  1900.22263038     0.99989454        4
  1900.24306229     1.00003288        4
  1900.26349401     0.99998836        4
  1900.28392582     0.99994602        4
  1900.30435773     0.99998589        4
  1900.32478954     1.00004614        4
  1900.36565317     0.99994871        4
  1900.38608498     0.99981945        4
  1900.40651690     1.00004413        4
  1900.42694861     0.99992153        4
  1900.44738043     1.00001537        4
  1900.46781234     0.99982454        4
  1900.48824406     1.00004989        4
  1900.50867587     1.00004655        4
  1900.52910779     0.99999600        4
  1900.54953951     1.00002193        4
  1900.56997142     1.00001210        4
  1900.61083496     0.99975027        4
  1900.63126687     0.99987673        4
  1900.65169869     1.00000414        4
  1900.67213041     1.00017199        4
  1900.69256233     0.99994273        4
  1900.71299415     1.00001930        4
  1900.85601689     0.99999137        4
  1900.87644871     1.00009205        4
  1900.89688063     1.00060156        4
  1900.91731245     1.00013342        4
  1900.93774417     1.00032642        4
  1900.95817610     0.99995970        4
  1900.97860792     1.00022726        4
  1900.99903964     0.99986506        4
  1901.01947157     0.99989718        4
  1901.03990339     0.99986258        4
  1901.06033511     0.99988198        4
  1901.10119886     0.99991879        4
  1901.12163079     1.00000481        4
  1901.14206251     1.00020695        4
  1901.16249434     0.99999484        4
  1901.18292627     1.00005251        4
  1901.20335799     0.99992711        4
  1901.22378982     0.99981171        4
  1901.24422175     1.00001085        4
  1901.26465347     0.99996505        4
  1901.28508540     1.00003544        4
  1901.30551723     1.00001688        4
  1901.36681271     0.99993054        4
  1901.38724454     1.00028101        4
  1901.40767637     0.99986762        4
  1901.42810820     1.00003009        4
  1901.44854003     0.99990319        4
  1901.46897186     0.99992703        4
  1901.48940369     1.00006110        4
  1901.50983552     1.00003417        4
  1901.53026735     1.00005046        4
  1901.55069919     1.00011802        4
  1901.59156285     1.00009489        4
  1901.61199478     0.99991088        4
  1901.63242662     1.00006184        4
  1901.65285835     1.00000600        4
  1901.67329028     1.00007192        4
  1901.69372212     1.00008650        4
  1901.71415385     0.99998057        4
  1901.73458578     1.00010912        4
  1901.75501762     0.99994942        4
  1901.77544935     0.99995249        4
  1901.79588129     1.00009710        4
  1901.83674506     1.00003303        4
  1901.85717680     1.00000833        4
  1901.87760864     1.00000165        4
  1901.89804057     1.00000000        4
  1901.91847231     0.99991098        4
  1901.93890415     1.00000216        4
  1901.95933609     0.99992295        4
  1901.97976782     1.00000449        4
  1902.00019976     1.00000672        4
  1902.02063160     1.00007805        4
  1902.08192712     1.00000196        4
  1902.10235886     0.99986555        4
  1902.12279080     0.99976482        4
  1902.14322264     0.99977563        4
  1902.16365448     0.99983706        4
  1902.18408632     0.99999674        4
  1902.20451817     1.00003401        4
  1902.22495001     0.99996623        4
  1902.24538185     0.99984950        4
  1902.26581369     0.99991490        4
  1902.28624564     1.00004851        4
  1902.32710922     0.99973688        4
  1902.34754117     0.99980486        4
  1902.36797291     1.00004940        4
  1902.38840486     0.99983921        4
  1902.40883670     1.00003775        4
  1902.42926845     1.00005739        4
  1902.44970039     0.99998371        4
  1902.57229148     0.99993813        4
  1902.59272332     0.99996333        4
  1902.61315527     0.99979555        4
  1902.63358702     0.99982442        4
  1902.65401887     0.99987528        4
  1902.67445082     0.99979956        4
  1902.69488257     1.00007180        4
  1902.71531452     0.99993818        4
  1902.73574637     0.99986150        4
  1902.75617812     0.99982951        4
  1902.77661007     1.00005096        4
  1902.81747377     1.00152614        4
  1902.83790563     1.00031791        4
  1902.85833748     1.00006749        4
  1902.87876923     1.00024633        4
  1902.89920118     1.00030946        4
  1902.91963304     1.00031308        4
  1902.94006499     1.00032989        4
  1902.96049675     1.00028094        4
  1902.98092860     1.00025262        4
  1903.00136055     1.00006012        4
  1903.02179231     1.00014328        4
  1903.22611098     1.00010462        4
  1903.24654284     1.00012376        4
  1903.26697480     1.00030024        4
  1903.30783841     1.00027145        4
  1903.32827037     1.00002816        4
  1903.34870213     1.00021923        4
  1903.36913400     1.00012759        4
  1903.38956596     1.00033101        4
  1903.40999782     1.00008289        4
  1903.43042968     1.00029230        4
  1903.45086144     1.00000442        4
  1903.47129330     1.00009451        4
  1903.49172527     1.00001567        4
  1903.51215713     1.00015708        4
  1903.55302086     0.99996356        4
  1903.57345272     1.00020590        4
  1903.59388448     0.99998875        4
  1903.61431645     0.99995259        4
  1903.63474831     0.99994416        4
  1903.65518028     0.99989228        4
  1903.67561205     0.99997059        4
  1903.69604391     1.00007969        4
  1903.71647588     0.99989782        4
  1903.73690764     1.00002983        4
  1903.75733951     1.00008973        4
  1903.79820325     1.00002485        4
  1903.81863521     1.00013258        4
  1903.83906708     1.00022475        4
  1903.85949885     0.99997106        4
  1903.87993082     0.99992663        4
  1903.90036269     0.99994202        4
  1903.92079446     0.99996364        4
  1903.94122643     0.99986789        4
  1903.96165830     0.99988485        4
  1903.98209027     0.99999251        4
  1904.00252204     0.99996077        4
  1904.04338579     0.99999997        4
  1904.06381776     0.99992917        4
  1904.08424953     0.99986336        4
  1904.10468140     0.99972964        4
  1904.12511328     0.99999517        4
  1904.14554515     0.99997328        4
  1904.16597712     0.99980239        4
  1904.18640890     0.99995869        4
  1904.20684087     0.99989848        4
  1904.22727275     0.99990182        4
  1904.24770452     0.99997391        4
  1904.30900015     0.99996211        4
  1904.32943213     0.99996186        4
  1904.34986400     0.99999454        4
  1904.37029598     0.99996383        4
  1904.39072776     1.00003572        4
  1904.41115964     0.99987494        4
  1904.43159161     1.00003162        4
  1904.45202339     1.00006790        4
  1904.47245527     0.99995240        4
  1904.49288725     0.99996537        4
  1904.61547853     0.99979652        4
  1904.63591042     1.00015007        4
  1904.65634230     0.99989973        4
  1904.67677418     0.99994324        4
  1904.69720606     0.99975657        4
  1904.71763795     0.99997816        4
  1904.73806983     1.00007952        4
  1904.77893360     1.00011134        4
  1904.79936548     1.00013801        4
  1904.81979747     0.99997942        4
  1904.84022925     1.00013390        4
  1904.86066114     1.00012034        4
  1904.88109312     1.00020267        4
  1905.04454822     0.99993199        4
  1905.06498011     0.99998724        4
  1905.08541210     1.00006131        4
  1905.10584389     0.99994871        4
  1905.12627578     1.00007760        4
  1905.14670777     0.99988033        4
  1905.16713956     1.00017287        4
  1905.18757145     1.00012204        4
