  1835.65870279     1.00019323        0
  1835.67913482     0.99953078        0
  1835.80172697     0.99942755        0
  1835.82215909     0.99941940        0
  1835.84259102     1.00002061        0
  1835.86302304     1.00082334        0
  1835.88345516     1.00016465        0
  1835.90388709     1.00074774        0
  1835.92431911     1.00051884        0
  1835.94475123     1.00002377        0
  1835.96518315     1.00033284        0
  1835.98561517     1.00013906        0
  1836.00604729     1.00016961        0
  1836.02647921     0.99997898        0
  1836.04691123     1.00017734        0
  1836.06734335     0.99993955        0
  1836.08777527     1.00000000        0
  1836.10820729     0.99962601        0
  1836.12863940     0.99974232        0
  1836.14907142     0.99989803        0
  1836.16950334     1.00008771        0
  1836.18993545     0.99999810        0
  1836.21036747     0.99925459        0
  1836.23079958     1.00049743        0
  1836.25123150     0.99988541        0
  1836.27166351     0.99951743        0
  1836.31252754     0.99957810        0
  1836.33295956     0.99937069        0
  1836.35339167     0.99997254        0
  1836.37382358     0.99948608        0
  1836.39425559     0.99995795        0
  1836.41468760     0.99998734        0
  1836.43511961     1.00006387        0
  1836.45555162     1.00008007        0
  1836.47598363     1.00003653        0
  1836.49641564     1.00003679        0
  1836.51684765     0.99994622        0
  1836.53727966     1.00011817        0
  1836.55771167     0.99975871        0
  1836.57814368     1.00036515        0
  1836.59857579     1.00035617        0
  1836.61900769     1.00032253        0
  1836.63943970     0.99987052        0
  1836.65987180     0.99993512        0
  1836.68030371     1.00070170        0
  1836.70073572     1.00003077        0
  1836.72116782     1.00066534        0
  1836.74159972     1.00061674        0
  1836.76203173     1.00062795        0
  1836.78246383     1.00049877        0
  1836.80289574     0.99974547        0
  1836.82332784     0.99985548        0
  1836.84375984     1.00002580        0
  1836.86419174     0.99987311        0
  1836.88462384     0.99988293        0
  1836.90505584     1.00012582        0
  1836.92548774     0.99951056        0
  1836.94591984     0.99999197        0
  1836.96635184     0.99960799        0
  1836.98678384     0.99936306        0
  1837.00721584     0.99964805        0
  1837.02764784     0.99910038        0
  1837.08894383     1.00008097        0
  1837.10937583     1.00059075        0
  1837.12980782     0.99987686        0
  1837.15023982     0.99980643        0
  1837.17067181     0.99949520        0
  1837.19110381     0.99987061        0
  1837.21153580     0.99969650        0
  1837.23196780     0.99989808        0
  1837.25239979     0.99994767        0
  1837.27283178     1.00031650        0
  1837.29326368     1.00031774        0
  1837.31369577     1.00003685        0
  1837.33412776     1.00023455        0
  1837.35455975     1.00048971        0
  1837.37499174     0.99979846        0
  1837.39542373     1.00027718        0
  1837.41585572     1.00001280        0
  1837.43628781     1.00018201        0
  1837.45671970     1.00029196        0
  1837.47715179     0.99989160        0
  1837.49758378     0.99955194        0
  1837.51801567     0.99996359        0
  1837.53844775     0.99968773        0
  1837.55887974     0.99995989        0
  1837.57931163     0.99978100        0
  1837.59974371     1.00006192        0
  1837.62017570     0.99938719        0
  1837.64060759     0.99990101        0
  1837.66103967     1.00010280        0
  1837.68147165     0.99949461        0
  1837.70190354     1.00003693        0
  1837.72233562     0.99997846        0
  1837.74276761     0.99969762        0
  1837.76319949     1.00017113        0
  1837.78363157     0.99973702        0
  1837.80406355     0.99948463        0
  1837.82449553     0.99976954        0
  1837.84492751     0.99997933        0
  1837.86535950     1.00041910        0
  1837.88579138     1.00018948        0
  1837.90622346     1.00023485        0
  1837.92665543     1.00021677        0
  1837.94708741     1.00012143        0
  1837.96751939     1.00002655        0
  1837.98795137     1.00014248        0
  1838.00838325     1.00014415        0
  1838.02881532     0.99968147        0
  1838.04924730     1.00008385        0
  1838.06967938     1.00034495        0
  1838.09011125     1.00006231        0
  1838.11054323     0.99971049        0
  1838.13097530     0.99983811        0
  1838.15140718     1.00034572        0
  1838.17183915     1.00016427        0
  1838.19227123     1.00140778        0
  1838.21270310     0.99986353        0
  1838.23313507     0.99995384        0
  1838.27399912     1.00012822        0
  1838.29443099     0.99997562        0
  1838.31486306     0.99972844        0
  1838.33529503     1.00011345        0
  1838.35572690     1.00193202        0
  1838.37615897     1.00000382        0
  1838.39659094     1.00045888        0
  1838.41702281     0.99981319        0
  1838.43745488     0.99985958        0
  1838.45788685     1.00032153        0
  1838.47831872     1.00032301        0
  1838.49875078     0.99981607        0
  1838.51918275     0.99956005        0
  1838.53961462     1.00023540        0
  1838.56004668     0.99966484        0
  1838.58047865     1.00044885        0
  1838.60091052     1.00010169        0
  1838.62134258     0.99996913        0
  1838.64177455     1.00027092        0
  1838.66220641     0.99994219        0
  1838.68263847     0.99992080        0
  1838.70307044     0.99998531        0
  1838.72350240     1.00010139        0
  1838.74393436     1.00016501        0
  1838.76436632     0.99991288        0
  1838.78479829     1.00049678        0
  1838.80523025     1.00001803        0
  1838.82566221     0.99993004        0
  1838.84609427     1.00007172        0
  1838.86652613     0.99985339        0
  1838.88695809     1.00107659        0
  1838.90739015     1.00019701        0
  1838.92782201     1.00015822        0
  1838.94825396     0.99972810        0
  1838.96868602     0.99953608        0
  1838.98911788     0.99934995        0
  1839.07084571     1.00008071        0
  1839.09127776     1.00074946        0
  1839.11170972     1.00009403        0
  1839.13214157     0.99984840        0
  1839.15257363     1.00050347        0
  1839.17300558     1.00007183        0
  1839.19343743     0.99965044        0
  1839.21386949     1.00043764        0
  1839.23430144     0.99989171        0
  1839.25473329     1.00029543        0
  1839.27516534     1.00001657        0
  1839.29559729     1.00000840        0
  1839.31602934     0.99983545        0
  1839.33646120     0.99980804        0
  1839.35689315     0.99981218        0
  1839.37732510     0.99974718        0
  1839.39775704     0.99966752        0
  1839.41818889     0.99964149        0
  1839.43862094     0.99944572        0
  1839.45905289     1.00185054        0
  1839.47948474     0.99995423        0
  1839.49991678     0.99957042        0
  1839.52034873     0.99931570        0
  1839.54078068     0.99982528        0
  1839.56121262     1.00040731        0
  1839.58164457     0.99986404        0
  1839.60207652     0.99986516        0
  1839.62250846     1.00002028        0
  1839.64294040     1.00026006        0
  1839.72466818     1.00048482        0
  1839.74510022     0.99962002        0
  1839.76553206     0.99942809        0
  1839.78596400     1.00055266        0
  1839.80639605     1.00049926        0
  1839.82682789     1.00010511        0
  1839.84725983     0.99980270        0
  1839.86769187     1.00002043        0
  1839.88812371     1.00013111        0
  1839.90855565     1.00017404        0
  1839.92898768     1.00013436        0
  1839.94941962     1.00029831        0
  1839.96985156     1.00018253        0
  1839.99028350     1.00015305        0
  1840.01071543     1.00004227        0
  1840.31719434     1.00000511        0
  1840.33762638     0.99999635        0
  1840.35805831     1.00012465        0
  1840.37849024     0.99993987        0
  1840.39892217     0.99979605        0
  1840.41935409     0.99985116        0
  1840.43978602     0.99959430        0
  1840.46021795     0.99992577        0
  1840.48064988     1.00018208        0
  1840.50108181     1.00016887        0
  1840.52151383     0.99994228        0
  1840.54194566     0.99984028        0
  1840.56237769     1.00002005        0
  1840.58280961     1.00017094        0
  1840.60324144     0.99955356        0
  1840.62367346     1.00040225        0
  1840.64410539     0.99994970        0
  1840.66453721     0.99998352        0
  1840.68496924     1.00024875        0
  1840.70540116     0.99983203        0
  1840.72583298     0.99965417        0
  1840.74626501     1.00044021        0
  1840.76669693     1.00024396        0
  1840.78712885     1.00038768        0
  1840.80756077     0.99993550        0
  1840.82799259     0.99982397        0
  1840.84842462     0.99969035        0
  1840.86885654     0.99988293        0
  1840.88928846     0.99990190        0
  1840.90972028     1.00049883        0
  1840.93015229     1.00003221        0
  1840.95058421     0.99931647        0
  1840.97101603     1.00003012        0
  1840.99144805     0.99987359        0
  1872.00677734     0.99951384        1
  1872.02720893     1.00079827        1
  1872.04764053     0.99993312        1
  1872.06807212     1.00022065        1
  1872.08850372     0.99982541        1
  1872.10893531     1.00018193        1
  1872.12936701     1.00006027        1
  1872.17023010     0.99985170        1
  1872.19066179     1.00022716        1
  1872.21109339     1.00052350        1
  1872.23152488     1.00002226        1
  1872.25195658     0.99987487        1
  1872.27238817     0.99981896        1
  1872.29281967     0.99988166        1
  1872.31325136     1.00002929        1
  1872.33368296     1.00023337        1
  1872.35411445     0.99980927        1
  1872.37454615     0.99958758        1
  1872.41540943     1.00037053        1
  1872.43584093     0.99984119        1
  1872.45627252     1.00000000        1
  1872.47670422     0.99972781        1
  1872.49713571     0.99986864        1
  1872.51756731     0.99965680        1
  1872.53799900     0.99988475        1
  1872.55843050     1.00007348        1
  1872.57886209     0.99973077        1
  1872.59929378     1.00016929        1
  1872.61972528     0.99955417        1
  1872.66058857     0.99991076        1
  1872.68102006     0.99995326        1
  1872.70145176     0.99956979        1
  1872.72188335     0.99976027        1
  1872.74231484     0.99944540        1
  1872.76274654     1.00024789        1
  1872.78317813     1.00009825        1
  1872.80360963     1.00017865        1
  1872.82404132     1.00021466        1
  1872.84447291     0.99931196        1
  1872.86490441     0.99979321        1
  1872.90576770     1.00008616        1
  1872.92619919     0.99987005        1
  1872.94663088     1.00008530        1
  1872.96706248     1.00020664        1
  1872.98749417     1.00020429        1
  1873.00792567     1.00057777        1
  1873.02835726     1.00041980        1
  1873.04878895     1.00039033        1
  1873.06922045     1.00022254        1
  1873.08965204     1.00041742        1
  1873.11008373     1.00048118        1
  1873.15094682     1.00001053        1
  1873.17137852     1.00060524        1
  1873.19181011     1.00033588        1
  1873.21224170     1.00004963        1
  1873.23267330     0.99995147        1
  1873.25310489     1.00002348        1
  1873.27353648     0.99954154        1
  1873.29396808     1.00061797        1
  1873.31439967     0.99996229        1
  1873.33483127     0.99949986        1
  1873.35526286     1.00031692        1
  1873.39612605     0.99870530        1
  1873.41655764     1.00012575        1
  1873.43698913     0.99900409        1
  1873.45742083     1.00008182        1
  1873.47785242     1.00047782        1
  1873.49828411     1.00023786        1
  1873.51871561     1.00025889        1
  1873.53914720     0.99961313        1
  1873.55957889     1.00000599        1
  1873.58001039     0.99956142        1
  1873.60044198     0.99965030        1
  1873.78432642     0.99981859        1
  1873.80475801     0.99991100        1
  1873.82518961     0.99989755        1
  1873.84562130     0.99969090        1
  1873.88648439     0.99954678        1
  1873.90691608     1.00025184        1
  1873.92734757     0.99992584        1
  1873.94777917     0.99964456        1
  1873.96821086     1.00005720        1
  1873.98864235     0.99984552        1
  1874.00907405     0.99968081        1
  1874.02950554     1.00007224        1
  1874.04993713     0.99995417        1
  1874.07036883     1.00018338        1
  1874.09080032     0.99928049        1
  1874.27468476     0.99984791        1
  1874.29511635     1.00002968        1
  1874.31554794     1.00018569        1
  1874.33597954     1.00005221        1
  1874.37684272     0.99958544        1
  1874.39727432     0.99976044        1
  1874.41770601     1.00001919        1
  1874.43813750     0.99949388        1
  1874.45856910     0.99984762        1
  1874.47900079     0.99994041        1
  1874.49943228     0.99989191        1
  1874.51986398     0.99988853        1
  1874.54029557     1.00004012        1
  1874.56072706     1.00004827        1
  1874.58115875     0.99919212        1
  1874.62202184     0.99991954        1
  1874.64245353     0.99978216        1
  1874.66288513     1.00033260        1
  1874.68331672     1.00065599        1
  1874.70374831     0.99974247        1
  1874.72417991     1.00008710        1
  1874.74461140     1.00010335        1
  1874.76504309     1.00016668        1
  1874.78547469     1.00004978        1
  1874.80590628     1.00025203        1
  1874.86720116     1.00021768        1
  1874.88763265     1.00010995        1
  1874.90806424     0.99995172        1
  1874.92849594     0.99999704        1
  1874.94892743     1.00004549        1
  1874.96935902     1.00004981        1
  1874.98979072     1.00010585        1
  1875.01022221     1.00006797        1
  1875.03065390     1.00009133        1
  1875.05108550     1.00026640        1
  1875.11238028     1.00013532        1
  1875.13281177     1.00052417        1
  1875.15324346     1.00050179        1
  1875.17367506     1.00029093        1
  1875.19410665     1.00048840        1
  1875.21453824     1.00023098        1
  1875.23496983     0.99999453        1
  1875.25540153     0.99981971        1
  1875.35755939     0.99878702        1
  1875.37799109     0.99930455        1
  1875.39842258     1.00005885        1
  1875.41885417     0.99984644        1
  1875.43928587     1.00028056        1
  1875.45971736     1.00000240        1
  1875.48014895     1.00043030        1
  1875.50058065     0.99984025        1
  1875.52101214     1.00015763        1
  1875.54144383     0.99986079        1
  1875.56187543     0.99934875        1
  1875.60273861     1.00008257        1
  1875.62317021     0.99955921        1
  1875.64360170     0.99990871        1
  1875.66403339     0.99974280        1
  1875.68446499     0.99995901        1
  1875.70489658     0.99988744        1
  1875.72532817     0.99921697        1
  1875.74575977     0.99932247        1
  1875.76619146     0.99957135        1
  1875.78662296     1.00004753        1
  1875.80705455     0.99994463        1
  1875.84791784     1.00035768        1
  1875.86834933     0.99981424        1
  1875.88878102     1.00015980        1
  1875.90921262     1.00010712        1
  1875.92964411     1.00031231        1
  1875.95007580     0.99933783        1
  1875.97050740     1.00021645        1
  1875.99093909     1.00013533        1
  1876.01137058     0.99961661        1
  1876.03180218     0.99987303        1
  1876.09309696     0.99984998        1
  1876.11352855     1.00009476        1
  1876.13396015     1.00006161        1
  1876.15439164     1.00027288        1
  1876.17482333     0.99987774        1
  1876.19525493     1.00003844        1
  1876.21568652     1.00074039        1
  1876.23611812     0.99993530        1
  1876.25654971     0.99973393        1
  1876.27698140     0.99990013        1
  1876.35870778     0.99999642        1
  1876.37913927     0.99963324        1
  1876.39957097     0.99993236        1
  1876.42000256     1.00014496        1
  1876.44043405     0.99993064        1
  1876.46086575     1.00004037        1
  1876.48129734     0.99986532        1
  1876.50172904     1.00021832        1
  1876.52216053     0.99989146        1
  1876.54259213     0.99958630        1
  1876.58345531     1.00011800        1
  1876.60388691     0.99999053        1
  1876.62431860     0.99986880        1
  1876.64475010     1.00084269        1
  1876.66518169     0.99978333        1
  1876.82863445     0.99977370        1
  1876.84906614     0.99976026        1
  1876.86949763     1.00007511        1
  1876.88992923     0.99977890        1
  1876.91036092     1.00033640        1
  1876.93079252     0.99983039        1
  1876.95122401     0.99975993        1
  1877.07381378     1.00038264        1
  1877.09424528     1.00036392        1
  1877.11467687     1.00033667        1
  1877.13510857     1.00029598        1
  1877.15554006     0.99989859        1
  1877.17597166     0.99989921        1
  1877.19640335     1.00040859        1
  1877.21683485     1.00012784        1
  1877.23726654     1.00027080        1
  1877.25769814     0.99943287        1
  1877.27812963     1.00003711        1
  1877.31899292     1.00061603        1
  1877.33942452     1.00015447        1
  1877.35985611     1.00035665        1
  1877.38028771     1.00003986        1
  1877.40071930     1.00002938        1
  1877.42115090     1.00032570        1
  1877.44158249     1.00001296        1
  1877.46201409     1.00010084        1
  1877.48244568     1.00022976        1
  1877.50287728     1.00004307        1
  1877.52330887     1.00034485        1
  1877.56417207     1.00028158        1
  1877.58460376     0.99976922        1
  1877.60503526     1.00003595        1
  1877.62546685     0.99986328        1
  1877.64589855     0.99993192        1
  1877.66633004     0.99998571        1
  1877.68676174     0.99969316        1
  1877.70719333     1.00002664        1
  1877.72762483     0.99977551        1
  1877.74805653     1.00006126        1
  1877.76848812     0.99983576        1
  1877.80935131     1.00000563        1
  1877.82978291     1.00002225        1
  1877.85021441     0.99959447        1
  1877.87064610     0.99968319        1
  1877.89107770     0.99990459        1
  1877.91150929     0.99987688        1
  1877.93194089     0.99973581        1
  1877.95237249     1.00041090        1
  1877.97280418     0.99972646        1
  1877.99323578     1.00014046        1
  1878.01366728     0.99977493        1
  1878.05453057     0.99989252        1
  1878.07496206     1.00007928        1
  1878.09539376     1.00037236        1
  1878.11582536     1.00006698        1
  1878.13625685     0.99959478        1
  1878.15668855     0.99981060        1
  1878.17712005     0.99975250        1
  1878.19755174     0.99997753        1
  1878.21798334     0.99987986        1
  1878.23841484     0.99978252        1
  1878.25884653     0.99961487        1
  1878.29970963     0.99985956        1
  1878.32014133     1.00055136        1
  1878.34057292     1.00000458        1
  1878.36100442     0.99985538        1
  1878.38143612     1.00001159        1
  1878.40186771     0.99981424        1
  1878.42229941     1.00028938        1
  1878.44273091     0.99938408        1
  1878.46316251     0.99989897        1
  1878.48359420     0.99965062        1
  1878.50402570     0.99957787        1
  1878.54488899     1.00035469        1
  1878.56532059     0.99969379        1
  1878.58575209     1.00017643        1
  1878.60618379     0.99997164        1
  1878.62661538     0.99998578        1
  1878.64704698     1.00075125        1
  1878.66747858     1.00052099        1
  1878.68791018     0.99990294        1
  1878.70834188     1.00034614        1
  1878.72877337     1.00014745        1
  1878.74920497     0.99969553        1
  1878.79006817     0.99997266        1
  1878.81049977     1.00006275        1
  1878.83093136     1.00025377        1
  1878.85136296     0.99980525        1
  1878.87179466     1.00019341        1
  1878.89222616     0.99981644        1
  1878.91265776     0.99981215        1
  1878.93308945     1.00000415        1
  1878.95352095     0.99987687        1
  1878.97395255     0.99981517        1
  1878.99438425     0.99990331        1
  1879.07611064     0.99955030        1
  1879.09654224     0.99981769        1
  1879.11697384     0.99990146        1
  1879.13740544     1.00029830        1
  1879.15783704     0.99994348        1
  1879.17826864     1.00022201        1
  1879.19870024     1.00001926        1
  1879.21913194     0.99998882        1
  1879.23956343     0.99982974        1
  1879.32128993     1.00006203        1
  1879.34172153     1.00046336        1
  1879.36215303     1.00005273        1
  1879.38258473     0.99972503        1
  1879.40301633     1.00016462        1
  1879.42344783     1.00022644        1
  1879.44387953     1.00029877        1
  1879.46431113     0.99998948        1
  1879.48474263     1.00033761        1
  1879.52560583     1.00027794        1
  1879.54603753     1.00016569        1
  1879.56646913     1.00080172        1
  1879.58690073     1.00023813        1
  1879.60733233     1.00030404        1
  1879.62776393     0.99904590        1
  1879.64819553     1.00024748        1
  1879.66862713     0.99995804        1
  1879.68905873     0.99936187        1
  1879.70949033     0.99966142        1
  1879.72992193     0.99943507        1
  1879.77078523     0.99964456        1
  1879.79121683     1.00012535        1
  1879.81164833     1.00006488        1
  1879.83208003     0.99977161        1
  1879.85251163     1.00045141        1
  1879.87294313     1.00013801        1
  1879.89337483     1.00036725        1
  1879.91380643     0.99939518        1
  1879.93423794     0.99973593        1
  1879.95466964     0.99962735        1
  1879.97510124     1.00007982        1
  1880.05682774     1.00014444        2
  1880.07725924     1.00025103        2
  1880.09769085     1.00027009        2
  1880.11812245     0.99998270        2
  1880.13855405     1.00012954        2
  1880.15898565     0.99984254        2
  1880.17941735     1.00003215        2
  1880.19984885     0.99965957        2
  1880.22028056     0.99984321        2
  1880.26114366     0.99980553        2
  1880.28157536     0.99977841        2
  1880.30200696     1.00005360        2
  1880.32243847     1.00011108        2
  1880.34287017     0.99977228        2
  1880.36330177     0.99975328        2
  1880.38373327     0.99960735        2
  1880.40416498     1.00019171        2
  1880.42459658     1.00003058        2
  1880.44502828     1.00035901        2
  1880.46545978     0.99994484        2
  1880.50632309     0.99958235        2
  1880.52675459     1.00000407        2
  1880.54718620     0.99981652        2
  1880.56761790     1.00002049        2
  1880.58804940     1.00009651        2
  1880.60848100     0.99985021        2
  1880.62891271     0.99982603        2
  1880.64934421     1.00014347        2
  1880.66977591     0.99988548        2
  1880.69020752     1.00026603        2
  1880.75150233     1.00037762        2
  1880.77193393     1.00050212        2
  1880.79236554     1.00019116        2
  1880.81279714     0.99956418        2
  1880.83322874     1.00002658        2
  1880.85366035     1.00030062        2
  1880.87409195     1.00034015        2
  1880.89452356     0.99983286        2
  1880.91495516     1.00022758        2
  1880.93538676     0.99968116        2
  1880.95581847     1.00049116        2
  1881.01711328     1.00028611        2
  1881.03754479     0.99981449        2
  1881.05797639     1.00083231        2
  1881.07840810     0.99995250        2
  1881.09883960     0.99971997        2
  1881.11927131     1.00016414        2
  1881.13970291     1.00009595        2
  1881.16013442     0.99992140        2
  1881.18056612     1.00035374        2
  1881.20099773     0.99995523        2
  1881.24186094     0.99983046        2
  1881.26229254     1.00040693        2
  1881.28272415     0.99971395        2
  1881.30315575     0.99961822        2
  1881.32358736     1.00001142        2
  1881.34401906     1.00004734        2
  1881.36445057     0.99985359        2
  1881.38488218     0.99948776        2
  1881.40531388     0.99961037        2
  1881.42574549     0.99990336        2
  1881.44617699     0.99994134        2
  1881.48704021     1.00032125        2
  1881.50747191     0.99985046        2
  1881.52790352     1.00006063        2
  1881.54833513     0.99974402        2
  1881.56876673     1.00005445        2
  1881.58919834     1.00048335        2
  1881.60962985     1.00025882        2
  1881.63006155     1.00021541        2
  1881.65049316     1.00008531        2
  1881.67092467     1.00012066        2
  1881.69135637     1.00031557        2
  1881.73221969     1.00021521        2
  1881.75265120     1.00016861        2
  1881.77308280     0.99994866        2
  1881.79351451     0.99995183        2
  1881.81394602     0.99979938        2
  1881.83437763     0.99973213        2
  1881.85480933     0.99954614        2
  1881.87524084     1.00020680        2
  1881.89567245     0.99979504        2
  1881.91610416     0.99947170        2
  1881.93653577     0.99928976        2
  1881.97739898     1.00005622        2
  1881.99783059     0.99984699        2
  1882.01826220     0.99990695        2
  1882.03869381     0.99974235        2
  1882.05912542     0.99969038        2
  1882.07955712     0.99976827        2
  1882.09998863     0.99949909        2
  1882.12042024     0.99994994        2
  1882.14085195     1.00045402        2
  1882.16128346     0.99963780        2
  1882.18171517     1.00039425        2
  1882.22257829     0.99970906        2
  1882.24301000     1.00028982        2
  1882.26344151     1.00022905        2
  1882.28387312     1.00026801        2
  1882.30430482     1.00018942        2
  1882.32473633     1.00027451        2
  1882.34516804     1.00036668        2
  1882.36559965     1.00041921        2
  1882.38603116     1.00032044        2
  1882.46775770     1.00027844        2
  1882.48818932     0.99967556        2
  1882.50862093     1.00000430        2
  1882.52905254     0.99940063        2
  1882.54948415     1.00039177        2
  1882.56991586     0.99992939        2
  1882.59034747     0.99923093        2
  1882.77423197     1.00006680        2
  1882.79466368     0.99956027        2
  1882.81509519     1.00092122        2
  1882.83552681     0.99999339        2
  1882.85595852     0.99980229        2
  1882.87639003     1.00017990        2
  1882.89682154     1.00029220        2
  1882.91725325     1.00016387        2
  1883.03984293     0.99980966        2
  1883.06027454     0.99988427        2
  1883.08070626     0.99989798        2
  1883.10113787     1.00042883        2
  1883.12156938     0.99956254        2
  1883.14200110     1.00018715        2
  1883.16243271     1.00039444        2
  1883.20329594     0.99942198        2
  1883.22372755     0.99997595        2
  1883.24415926     1.00012840        2
  1883.26459078     0.99973768        2
  1883.28502239     0.99995351        2
  1883.30545411     1.00037278        2
  1883.32588562     0.99980399        2
  1883.34631724     0.99966794        2
  1883.36674895     1.00001276        2
  1883.38718046     1.00023125        2
  1883.40761218     1.00012604        2
  1883.44847531     1.00024557        2
  1883.46890702     1.00049083        2
  1883.48933864     1.00020136        2
  1883.50977015     0.99984587        2
  1883.53020187     1.00035102        2
  1883.55063338     0.99966512        2
  1883.57106510     0.99965099        2
  1883.59149672     0.99950684        2
  1883.61192823     0.99933502        2
  1883.63235995     0.99968614        2
  1883.65279156     0.99982253        2
  1883.73451803     0.99955477        2
  1883.75494964     1.00036104        2
  1883.77538126     1.00014077        2
  1883.79581298     0.99977361        2
  1883.81624459     1.00008861        2
  1883.83667611     1.00034101        2
  1883.85710783     0.99919273        2
  1883.87753944     1.00011748        2
  1883.89797096     1.00022278        2
  1883.97969753     0.99965477        2
  1884.00012915     1.00021375        2
  1884.02056087     1.00003255        2
  1884.04099238     1.00016962        2
  1884.06142400     0.99976203        2
  1884.08185572     0.99946401        2
  1884.10228724     0.99983543        2
  1884.12271886     1.00036571        2
  1884.14315057     1.00024835        2
  1884.20444533     0.99996969        2
  1884.22487695     0.99984738        2
  1884.24530867     0.99995937        2
  1884.26574019     0.99954225        2
  1884.28617181     0.99977931        2
  1884.30660353     0.99994454        2
  1884.32703514     1.00008260        2
  1884.34746666     0.99988260        2
  1884.36789838     0.99995760        2
  1884.38833000     1.00034692        2
  1884.42919324     0.99983074        2
  1884.44962486     1.00001214        2
  1884.47005658     0.99989321        2
  1884.49048810     1.00058920        2
  1884.51091972     0.99999769        2
  1884.53135144     1.00038724        2
  1884.55178296     1.00000000        2
  1884.57221459     1.00760817        2
  1884.59264631     1.00021756        2
  1884.61307783     0.99982489        2
  1884.63350955     0.99991344        2
  1884.67437269     1.00023630        2
  1884.69480441     0.99961097        2
  1884.71523603     0.99983844        2
  1884.73566765     1.00051906        2
  1884.75609928     1.00034010        2
  1884.77653090     0.99992538        2
  1884.79696252     1.00050709        2
  1884.81739414     1.00016860        2
  1884.83782576     0.99949474        2
  1884.85825739     1.00011590        2
  1884.87868901     0.99987577        2
  1884.91955225     0.99989871        2
  1884.93998388     1.00025723        2
  1884.96041550     1.00036412        2
  1884.98084722     1.00030160        2
  1885.00127875     1.00035061        2
  1885.02171047     0.99997377        2
  1885.04214209     1.00005677        2
  1885.06257362     1.00055923        2
  1885.08300534     1.00005623        2
  1885.10343696     1.00024021        2
  1885.12386849     0.99986280        2
  1885.16473184     0.99802481        2
  1885.18516336     1.00027181        2
  1885.20559508     0.99992194        2
  1885.22602671     1.00005767        2
  1885.24645843     1.00025882        2
  1885.26688996     1.00049914        2
  1885.28732158     1.00030052        2
  1885.30775331     1.00165121        2
  1885.32818483     1.00086112        2
  1885.34861646     1.00013949        2
  1885.36904818     1.00000129        2
  1885.43034306     1.00005726        2
  1885.45077468     0.99989781        2
  1885.47120631     0.99980622        2
  1885.49163794     0.99936384        2
  1885.51206956     0.99994694        2
  1885.53250119     0.99990761        2
  1885.55293282     0.99998486        2
  1885.57336434     0.99973498        2
  1885.59379607     0.99957263        2
  1885.61422769     0.99961592        2
  1885.65509095     0.99953173        2
  1885.67552258     1.00017414        2
  1885.69595430     0.99972342        2
  1885.71638583     1.00011222        2
  1885.73681746     0.99961645        2
  1885.75724919     0.99932102        2
  1885.77768071     0.99978211        2
  1885.79811234     0.99982929        2
  1885.81854407     0.99985110        2
  1885.83897560     0.99982398        2
  1885.85940733     0.99928931        2
  1885.90027048     1.00000511        2
  1885.92070221     0.99972349        2
  1885.94113384     0.99990954        2
  1885.96156547     0.99956665        2
  1885.98199710     0.99986240        2
  1886.00242873     0.99980437        2
  1886.02286036     0.99991581        2
  1886.04329199     0.99999511        2
  1886.06372361     1.00011397        2
  1886.08415534     1.00004757        2
  1886.10458697     1.00027994        2
  1886.18631339     1.00008484        2
  1886.20674512     0.99941329        2
  1886.22717666     1.00013797        2
  1886.24760839     1.00011027        2
  1886.26804002     0.99960462        2
  1886.28847155     1.00002536        2
  1886.30890328     0.99978300        2
  1886.32933491     1.00032587        2
  1886.34976644     1.00051449        2
  1886.39062980     1.00133127        2
  1886.41106134     1.00019385        2
  1886.43149307     1.00028631        2
  1886.45192470     1.00001622        2
  1886.47235643     1.00010882        2
  1886.49278796     1.00077953        2
  1886.51321960     1.00002143        2
  1886.53365133     1.00010078        2
  1886.55408286     0.99928406        2
  1886.63580949     1.00002336        2
  1886.65624113     1.00007415        2
  1886.67667276     1.00012241        2
  1886.69710439     1.00017187        2
  1886.71753603     1.00056346        2
  1886.73796766     0.99984622        2
  1886.75839940     0.99977547        2
  1886.88098910     1.00006643        2
  1886.90142074     0.99992035        2
  1886.92185247     0.99975392        2
  1886.94228401     1.00020449        2
  1886.96271564     1.00033947        2
  1886.98314738     0.99975736        2
  1887.00357891     1.00032577        2
  1887.12616883     1.00046901        2
  1887.14660047     1.00037877        2
  1887.16703211     0.99992691        2
  1887.18746374     0.99966969        2
  1887.20789538     0.99975639        2
  1887.22832702     0.99999675        2
  1887.24875875     0.99991654        2
  1887.26919029     0.99958836        2
  1887.28962193     1.00018122        2
  1887.31005367     1.00011576        2
  1887.33048530     0.99995922        2
  1887.37134858     1.00015170        2
  1887.39178022     1.00038013        2
  1887.41221176     0.99990622        2
  1887.43264350     0.99981060        2
  1887.45307513     1.00044037        2
  1887.47350677     0.99979394        2
  1887.49393841     1.00019426        2
  1887.51437005     0.99988742        2
  1887.53480179     0.99974632        2
  1887.55523333     0.99980504        2
  1887.57566497     1.00010698        2
  1887.61652825     0.99994474        2
  1887.63695999     0.99996379        2
  1887.65739153     0.99931082        2
  1887.67782317     0.99997769        2
  1887.69825491     1.00053453        2
  1887.71868645     0.99977799        2
  1887.73911809     1.00020926        2
  1887.75954983     1.00044912        2
  1887.77998138     0.99981191        2
  1887.80041302     0.99964185        2
  1887.86170804     1.00000997        2
  1887.88213968     1.00015885        2
  1887.90257133     0.99965082        2
  1887.92300297     1.00006748        2
  1887.94343461     1.00046957        2
  1887.96386625     0.99997854        2
  1887.98429799     0.99979227        2
  1891.04904690     0.99991089        3
  1891.06947857     1.00018685        3
  1891.08991034     1.00034305        3
  1891.11034191     0.99975543        3
  1891.13077358     1.00007210        3
  1891.15120534     1.00001230        3
  1891.17163691     1.00017609        3
  1891.19206868     0.99969537        3
  1891.21250035     0.99979198        3
  1891.23293192     0.99932114        3
  1891.29422693     1.00007414        3
  1891.31465870     1.00030205        3
  1891.33509037     0.99987932        3
  1891.35552214     1.00005784        3
  1891.37595371     1.00004599        3
  1891.39638538     1.00021479        3
  1891.41681715     1.00035132        3
  1891.43724872     0.99976899        3
  1891.45768039     1.00056692        3
  1891.47811216     1.00029922        3
  1891.49854384     0.99989641        3
  1891.53940718     0.99972251        3
  1891.55983875     1.00003243        3
  1891.58027052     0.99960639        3
  1891.60070220     1.00039013        3
  1891.62113377     0.99996973        3
  1891.64156554     1.00022053        3
  1891.66199722     0.99962172        3
  1891.68242879     1.00008448        3
  1891.70286056     1.00051215        3
  1891.72329224     0.99967069        3
  1891.74372401     1.00031170        3
  1891.78458726     1.00472018        3
  1891.80501903     0.99950301        3
  1891.82545061     0.99956913        3
  1891.84588228     0.99986372        3
  1891.86631406     0.99996078        3
  1891.88674563     0.99959747        3
  1891.90717731     0.99992779        3
  1891.92760908     1.00031829        3
  1891.94804066     1.00005131        3
  1891.96847243     0.99979899        3
  1891.98890411     0.99985878        3
  1892.02976746     1.00038349        3
  1892.05019914     0.99966864        3
  1892.07063082     0.99979422        3
  1892.09106249     0.99970017        3
  1892.11149417     0.99993377        3
  1892.13192595     1.00024535        3
  1892.15235763     1.00011317        3
  1892.17278921     1.00003259        3
  1892.19322098     1.00028308        3
  1892.21365256     1.00042726        3
  1892.23408424     0.99985104        3
  1892.27494760     1.00011113        3
  1892.29537938     1.00063397        3
  1892.31581106     0.99971073        3
  1892.33624263     1.00016196        3
  1892.35667441     1.00089061        3
  1892.37710609     1.00002889        3
  1892.39753767     0.99987907        3
  1892.41796945     1.00027116        3
  1892.43840114     1.00044102        3
  1892.45883272     0.99969718        3
  1892.47926450     0.99992345        3
  1892.52012796     0.99995645        3
  1892.54055954     1.00002924        3
  1892.56099122     0.99972383        3
  1892.58142300     0.99997307        3
  1892.60185459     1.00002676        3
  1892.62228627     1.00049378        3
  1892.64271805     1.00036073        3
  1892.66314973     1.00053568        3
  1892.68358142     0.99996155        3
  1892.84703489     0.99977904        3
  1892.86746667     0.99999763        3
  1892.88789825     0.99998759        3
  1892.90833004     1.00003936        3
  1892.92876162     0.99969742        3
  1892.94919331     0.99973361        3
  1892.96962510     1.00009851        3
  1893.01048837     0.99955411        3
  1893.03092015     1.00059900        3
  1893.05135174     0.99963392        3
  1893.07178353     1.00056137        3
  1893.09221521     1.00006478        3
  1893.11264680     1.00028389        3
  1893.13307859     0.99983853        3
  1893.15351028     0.99973287        3
  1893.17394186     0.99952201        3
  1893.19437365     0.99907664        3
  1893.21480534     0.99975568        3
  1893.33739547     1.00001892        3
  1893.35782726     1.00027286        3
  1893.37825895     0.99960096        3
  1893.39869054     0.99982186        3
  1893.41912233     0.99960934        3
  1893.43955402     1.00019782        3
  1893.45998581     1.00023001        3
  1893.50084909     1.00000000        3
  1893.52128088     0.99963145        3
  1893.54171248     1.00034166        3
  1893.56214407     1.00038242        3
  1893.58257586     1.00018603        3
  1893.60300755     0.99964889        3
  1893.62343934     0.99916381        3
  1893.64387094     0.99995991        3
  1893.66430263     0.99975965        3
  1893.68473442     1.00018267        3
  1893.70516601     0.99991188        3
  1893.74602950     1.00124361        3
  1893.76646109     1.00025737        3
  1893.78689279     1.00041685        3
  1893.80732458     1.00007933        3
  1893.82775618     1.00041299        3
  1893.84818797     0.99976613        3
  1893.86861967     1.00032132        3
  1893.88905136     0.99979323        3
  1893.90948306     0.99996211        3
  1893.92991475     0.99973010        3
  1894.03207333     0.99999757        3
  1894.05250493     0.99995212        3
  1894.07293672     1.00002673        3
  1894.09336842     0.99974321        3
  1894.11380002     1.00007677        3
  1894.13423182     0.99977047        3
  1894.15466351     1.00015512        3
  1894.17509521     1.00011030        3
  1894.19552691     1.00051231        3
  1894.23639031     0.99940960        3
  1894.25682201     1.00019214        3
  1894.27725360     1.00007689        3
  1894.29768540     1.00018433        3
  1894.31811710     0.99988455        3
  1894.33854870     1.00014710        3
  1894.35898050     0.99936876        3
  1894.37941220     1.00027241        3
  1894.39984400     1.00063355        3
  1894.42027560     0.99998903        3
  1894.44070730     1.00030338        3
  1894.48157071     1.00090657        3
  1894.50200241     1.00086917        3
  1894.52243421     1.00026166        3
  1894.54286591     0.99991575        3
  1894.56329761     1.00019705        3
  1894.58372932     0.99995511        3
  1894.60416102     1.00030998        3
  1894.62459272     0.99986250        3
  1894.72675124     1.00011382        3
  1894.74718304     0.99989846        3
  1894.76761465     1.00039810        3
  1894.78804645     1.00008576        3
  1894.80847816     1.00013578        3
  1894.82890976     1.00001765        3
  1894.84934157     1.00017040        3
  1894.86977317     1.00009992        3
  1894.97193180     0.99936023        3
  1894.99236341     0.99976721        3
  1895.01279521     1.00029367        3
  1895.03322692     0.99997043        3
  1895.05365863     0.99989735        3
  1895.07409034     0.99957781        3
  1895.09452204     0.99998736        3
  1895.11495385     1.00013846        3
  1895.13538546     0.99961291        3
  1895.15581717     0.99999828        3
  1895.17624898     0.99999623        3
  1895.21711230     0.99845940        3
  1895.23754410     0.99921587        3
  1895.25797581     0.99977308        3
  1895.27840742     0.99964313        3
  1895.29883923     1.00009526        3
  1895.31927094     0.99981441        3
  1895.33970276     0.99982010        3
  1895.36013437     0.99999953        3
  1895.38056608     1.00003360        3
  1895.40099789     0.99977724        3
  1895.42142950     0.99978378        3
  1895.46229302     1.00020931        3
  1895.48272463     1.00005024        3
  1895.50315645     1.00015467        3
  1895.52358806     0.99970795        3
  1895.54401977     0.99937142        3
  1895.56445159     0.99957325        3
  1895.58488320     0.99952823        3
  1895.60531491     0.99997750        3
  1895.62574673     0.99974981        3
  1895.64617834     0.99972144        3
  1895.66661015     0.99992727        3
  1895.70747358     1.00000737        3
  1895.72790530     1.00015757        3
  1895.74833701     0.99975434        3
  1895.76876873     1.00005055        3
  1895.78920044     1.00071512        3
  1895.80963216     0.99978816        3
  1895.83006388     1.00006102        3
  1895.85049569     1.00051333        3
  1895.87092731     0.99967609        3
  1895.89135912     0.99990126        3
  1895.91179084     1.00015091        3
  1895.97308599     1.00038587        3
  1895.99351761     0.99991905        3
  1896.01394943     1.00023611        3
  1896.03438115     0.99999355        3
  1896.05481297     1.00023703        3
  1896.07524459     1.00014336        3
  1896.09567630     1.00018455        3
  1896.11610802     1.00035626        3
  1896.13653974     1.00021141        3
  1896.15697146     1.00031110        3
  1896.19783490     0.99975383        3
  1896.21826672     1.00032925        3
  1896.23869834     1.00022775        3
  1896.25913007     1.00020987        3
  1896.27956189     1.00016378        3
  1896.29999351     0.99983819        3
  1896.32042523     0.99966376        3
  1896.34085705     0.99999407        3
  1896.36128867     1.00036882        3
  1896.38172040     1.00021699        3
  1896.50431083     1.00019609        3
  1896.52474256     0.99990792        3
  1896.54517428     1.00020416        3
  1896.56560611     1.00033613        3
  1896.58603773     1.00014732        3
  1896.60646956     0.99984156        3
  1896.62690128     0.99980486        3
  1896.64733291     0.99995178        3
  1896.68819646     1.00034872        3
  1896.70862809     0.99989247        3
  1896.72905991     1.00022787        3
  1896.74949164     0.99980256        3
  1896.76992337     1.00016823        3
  1896.79035509     0.99988046        3
  1896.81078682     1.00024749        3
  1896.83121855     0.99970169        3
  1896.85165028     0.99986400        3
  1896.87208200     1.00016562        3
  1896.89251373     0.99988338        3
  1896.93337719     1.00008676        3
  1896.95380892     0.99972954        3
  1896.97424065     0.99999368        3
  1896.99467248     1.00044091        3
  1897.01510411     0.99936450        3
  1897.03553584     0.99869482        3
  1897.05596767     0.99972441        3
  1897.07639940     0.99950891        3
  1897.09683103     1.00009409        3
  1897.11726286     0.99993041        3
  1897.13769459     1.00005652        3
  1897.17855805     0.99984712        3
  1897.19898979     1.00027516        3
  1897.21942162     1.00025067        3
  1897.23985325     1.00001357        3
  1897.26028498     1.00000094        3
  1897.28071682     1.00038017        3
  1897.30114845     1.00007902        3
  1897.32158028     1.00043019        3
  1897.34201202     0.99999186        3
  1897.36244365     0.99952422        3
  1897.38287548     0.99986084        3
  1897.42373885     0.99997282        3
  1897.44417069     1.00009902        3
  1897.46460242     0.99974131        3
  1897.48503426     0.99980762        3
  1897.50546590     0.99962557        3
  1897.52589753     1.00003292        3
  1897.54632937     1.00054013        3
  1897.56676110     0.99953659        3
  1897.58719284     0.99958059        3
  1897.60762458     0.99994368        3
  1897.62805631     1.00015799        3
  1897.75064674     0.99964490        3
  1897.77107858     1.00046779        3
  1897.79151032     0.99977669        3
  1897.81194196     1.00002968        3
  1897.83237380     1.00031619        3
  1897.85280554     0.99985615        3
  1897.87323738     0.99992328        3
  1897.93453260     0.99989216        3
  1897.95496424     1.00050072        3
  1897.97539599     1.00026852        3
  1897.99582783     0.99984835        3
  1898.01625947     1.00005324        4
  1898.03669131     0.99963235        4
  1898.05712305     1.00057332        4
  1898.07755470     1.00022263        4
  1898.09798654     0.99990620        4
  1898.11841828     0.99999164        4
  1898.15928177     1.00012644        4
  1898.17971341     1.00001541        4
  1898.20014526     1.00014709        4
  1898.22057700     1.00010806        4
  1898.24100865     0.99995284        4
  1898.26144049     1.00022226        4
  1898.28187224     0.99980768        4
  1898.30230398     0.99979777        4
  1898.32273573     0.99992718        4
  1898.34316748     0.99997904        4
  1898.40446271     0.99984520        4
  1898.42489456     1.00005488        4
  1898.44532631     0.99972035        4
  1898.46575796     0.99989898        4
  1898.48618980     0.99969926        4
  1898.50662155     1.00039817        4
  1898.52705320     0.99968059        4
  1898.54748505     1.00000624        4
  1898.56791680     0.99976015        4
  1898.58834865     0.99986636        4
  1898.60878030     1.00296971        4
  1898.64964390     1.00031589        4
  1898.67007555     0.99985843        4
  1898.69050730     1.00007544        4
  1898.71093915     0.99997995        4
  1898.73137080     1.00071241        4
  1898.75180265     1.00000033        4
  1898.77223440     1.00081273        4
  1898.79266605     0.99993578        4
  1898.81309791     1.00007450        4
  1898.83352956     0.99993634        4
  1898.85396131     0.99993143        4
  1898.89482482     0.99948720        4
  1898.91525657     1.00007673        4
  1898.93568842     0.99946186        4
  1898.95612018     0.99991136        4
  1898.97655193     1.00040988        4
  1898.99698369     1.00043264        4
  1899.01741544     1.00039649        4
  1899.03784719     0.99986158        4
  1899.05827895     1.00017993        4
  1899.07871071     0.99980363        4
  1899.09914256     1.00019598        4
  1899.14000607     1.00028346        4
  1899.16043783     0.99983713        4
  1899.18086949     0.99974120        4
  1899.20130134     0.99987160        4
  1899.22173310     0.99989822        4
  1899.24216476     0.99950982        4
  1899.26259662     0.99962162        4
  1899.28302837     0.99981538        4
  1899.30346023     1.00020259        4
  1899.32389189     1.00021209        4
  1899.34432365     0.99991160        4
  1899.38518717     0.99999511        4
  1899.40561893     0.99973706        4
  1899.42605079     1.00001067        4
  1899.44648245     1.00045238        4
  1899.46691431     1.00024392        4
  1899.48734597     1.00025802        4
  1899.50777773     0.99985499        4
  1899.52820959     1.00005482        4
  1899.54864125     0.99962627        4
  1899.56907302     0.99975698        4
  1899.58950488     1.00018220        4
  1899.63036830     1.00030384        4
  1899.65080017     1.00000000        4
  1899.67123193     1.00004484        4
  1899.69166369     1.00014524        4
  1899.71209546     0.99958972        4
  1899.73252722     0.99961213        4
  1899.75295908     0.99996625        4
  1899.77339075     0.99959723        4
  1899.79382251     0.99991827        4
  1899.81425438     1.00006769        4
  1899.83468604     0.99947342        4
  1899.89598134     1.00012988        4
  1899.91641321     1.00021877        4
  1899.93684497     0.99998428        4
  1899.95727664     1.00005352        4
  1899.97770851     1.00017138        4
  1899.99814028     1.00016931        4
  1900.01857214     1.00039795        4
  1900.03900381     1.00028189        4
  1900.05943558     1.00012402        4
  1900.07986735     1.00047785        4
  1900.12073089     1.00004123        4
  1900.14116266     1.00100127        4
  1900.16159443     0.99991935        4
  1900.18202630     1.00009208        4
  1900.20245797     1.00011556        4
  1900.22288974     0.99951759        4
  1900.24332161     1.00056896        4
  1900.26375328     0.99989096        4
  1900.28418505     1.00023039        4
  1900.30461692     0.99956752        4
  1900.32504869     1.00020454        4
  1900.36591224     0.99993147        4
  1900.38634401     1.00021140        4
  1900.40677588     1.00008189        4
  1900.42720756     1.00026443        4
  1900.44763933     1.00024005        4
  1900.46807120     1.00060870        4
  1900.48850288     1.00010715        4
  1900.50893465     0.99999916        4
  1900.52936653     1.00001994        4
  1900.54979820     0.99993358        4
  1900.57023008     1.00012969        4
  1900.61109353     0.99960234        4
  1900.63152541     0.99984612        4
  1900.65195718     1.00024028        4
  1900.67238886     0.99978460        4
  1900.69282074     1.00020018        4
  1900.71325251     1.00003492        4
  1900.85627496     1.00051436        4
  1900.87670674     0.99957109        4
  1900.89713862     0.99947112        4
  1900.91757040     0.99973336        4
  1900.93800208     0.99945924        4
  1900.95843396     1.00022896        4
  1900.97886574     0.99932268        4
  1900.99929742     0.99980013        4
  1901.01972930     0.99973303        4
  1901.04016109     0.99997657        4
  1901.06059277     1.00002874        4
  1901.10145643     1.00023538        4
  1901.12188832     0.99993940        4
  1901.14232000     0.99940238        4
  1901.16275178     0.99950780        4
  1901.18318367     1.00031711        4
  1901.20361535     1.00012489        4
  1901.22404713     0.99955736        4
  1901.24447902     0.99934138        4
  1901.26491070     0.99985371        4
  1901.28534259     0.99880850        4
  1901.30577437     1.00011216        4
  1901.36706973     0.99995491        4
  1901.38750152     0.99998579        4
  1901.40793330     1.00015309        4
  1901.42836509     0.99993954        4
  1901.44879688     1.00000449        4
  1901.46922867     0.99954182        4
  1901.48966046     1.00041324        4
  1901.51009224     0.99982790        4
  1901.53052403     0.99996635        4
  1901.55095582     0.99954677        4
  1901.59181940     0.99967749        4
  1901.61225129     0.99984298        4
  1901.63268308     1.00017304        4
  1901.65311477     1.00001076        4
  1901.67354666     1.00030535        4
  1901.69397845     1.00024764        4
  1901.71441014     1.00004624        4
  1901.73484203     0.99944053        4
  1901.75527383     1.00061503        4
  1901.77570552     0.99991468        4
  1901.79613741     0.99991879        4
  1901.83700109     0.99977777        4
  1901.85743279     0.99925100        4
  1901.87786458     0.99968949        4
  1901.89829648     1.00008314        4
  1901.91872817     0.99987508        4
  1901.93915996     1.00069909        4
  1901.95959186     0.99994909        4
  1901.98002355     1.00062953        4
  1902.00045545     1.00028101        4
  1902.02088724     0.99995739        4
  1902.08218263     0.99978372        4
  1902.10261433     0.99975356        4
  1902.12304623     1.00009513        4
  1902.14347802     1.00009700        4
  1902.16390982     1.00030629        4
  1902.18434162     1.00000127        4
  1902.20477342     0.99965558        4
  1902.22520521     0.99988462        4
  1902.24563701     1.00010011        4
  1902.26606881     0.99989676        4
  1902.28650071     0.99992046        4
  1902.32736421     1.00011903        4
  1902.34779611     1.00023631        4
  1902.36822781     1.00015330        4
  1902.38865971     0.99994835        4
  1902.40909151     1.00048862        4
  1902.42952322     1.00006612        4
  1902.44995512     1.00001252        4
  1902.57254593     1.00003519        4
  1902.59297774     1.00042654        4
  1902.61340964     1.00013483        4
  1902.63384135     1.00025728        4
  1902.65427315     1.00014282        4
  1902.67470506     1.00039270        4
  1902.69513676     1.00029398        4
  1902.71556867     1.00009779        4
  1902.73600047     1.00010924        4
  1902.75643218     1.00029230        4
  1902.77686408     0.99963382        4
  1902.81772770     0.99830459        4
  1902.83815951     0.99986858        4
  1902.85859131     1.00036370        4
  1902.87902302     1.00037911        4
  1902.89945493     1.00039304        4
  1902.91988674     1.00004138        4
  1902.94031865     0.99992996        4
  1902.96075036     0.99997885        4
  1902.98118217     1.00026208        4
  1903.00161408     0.99994794        4
  1903.02204579     0.99928100        4
  1903.22636400     1.00012141        4
  1903.24679582     0.99988886        4
  1903.26722773     0.99973119        4
  1903.30809126     0.99969058        4
  1903.32852317     1.00006680        4
  1903.34895489     1.00030962        4
  1903.36938670     1.00000039        4
  1903.38981862     0.99930731        4
  1903.41025043     1.00012940        4
  1903.43068225     0.99945197        4
  1903.45111397     0.99992189        4
  1903.47154578     1.00024720        4
  1903.49197770     1.00006392        4
  1903.51240952     0.99977204        4
  1903.55327315     0.99998038        4
  1903.57370497     1.00003541        4
  1903.59413669     0.99990530        4
  1903.61456861     0.99963025        4
  1903.63500043     1.00005295        4
  1903.65543235     0.99988150        4
  1903.67586407     0.99965662        4
  1903.69629589     0.99974478        4
  1903.71672781     0.99975167        4
  1903.73715953     0.99963994        4
  1903.75759135     0.99991160        4
  1903.79845499     1.00014854        4
  1903.81888692     0.99984034        4
  1903.83931874     0.99971274        4
  1903.85975046     0.99996792        4
  1903.88018238     0.99993483        4
  1903.90061421     0.99993660        4
  1903.92104593     0.99986463        4
  1903.94147785     1.00005803        4
  1903.96190968     0.99988136        4
  1903.98234160     0.99997246        4
  1904.00277333     0.99973882        4
  1904.04363698     0.99976378        4
  1904.06406890     0.99979683        4
  1904.08450063     1.00006927        4
  1904.10493246     1.00070374        4
  1904.12536428     1.00026673        4
  1904.14579611     1.00021096        4
  1904.16622804     1.00019286        4
  1904.18665976     1.00030267        4
  1904.20709169     1.00025746        4
  1904.22752352     1.00047205        4
  1904.24795525     0.99991265        4
  1904.30925074     0.99998815        4
  1904.32968267     1.00013105        4
  1904.35011450     0.99971849        4
  1904.37054643     1.00040220        4
  1904.39097816     1.00006165        4
  1904.41140999     1.00012929        4
  1904.43184192     1.00032224        4
  1904.45227365     0.99987359        4
  1904.47270548     0.99998714        4
  1904.49313742     0.99997481        4
  1904.61572842     1.00024659        4
  1904.63616025     1.00005201        4
  1904.65659209     0.99977823        4
  1904.67702392     1.00003207        4
  1904.69745576     0.99987259        4
  1904.71788759     0.99998714        4
  1904.73831943     0.99967188        4
  1904.77918310     0.99978868        4
  1904.79961494     1.00075903        4
  1904.82004688     0.99989149        4
  1904.84047861     1.00024696        4
  1904.86091045     0.99991659        4
  1904.88134239     1.00005075        4
  1905.04479711     1.00018977        4
  1905.06522895     1.00004733        4
  1905.08566089     1.00009976        4
  1905.10609263     0.99996080        4
  1905.12652447     0.99963134        4
  1905.14695642     0.99979830        4
  1905.16738816     1.00017437        4
  1905.18782000     1.00169178        4
