  1835.65918283     0.99947391        0
  1835.67961501     0.99993373        0
  1835.80220810     0.99761118        0
  1835.82264038     0.99994126        0
  1835.84307246     0.99933402        0
  1835.86350464     1.00061528        0
  1835.88393691     1.00044409        0
  1835.90436899     0.99979369        0
  1835.92480117     1.00070679        0
  1835.94523344     1.00044823        0
  1835.96566552     1.00165193        0
  1835.98609769     1.00007657        0
  1836.00652997     1.00055149        0
  1836.02696204     1.00022213        0
  1836.04739422     1.00052147        0
  1836.06782649     1.00101362        0
  1836.08825856     0.99924312        0
  1836.10869073     1.00021464        0
  1836.12912300     0.99864612        0
  1836.14955518     0.99952901        0
  1836.16998725     0.99953381        0
  1836.19041952     0.99947100        0
  1836.21085169     0.99956969        0
  1836.23128395     0.99941747        0
  1836.25171602     1.00078805        0
  1836.27214819     0.99938688        0
  1836.31301253     1.00040661        0
  1836.33344469     0.99925467        0
  1836.35387696     1.00010388        0
  1836.37430902     0.99962038        0
  1836.39474119     1.00002712        0
  1836.41517335     0.99902211        0
  1836.43560552     1.00100655        0
  1836.45603768     0.99905127        0
  1836.47646984     1.00095928        0
  1836.49690200     0.99841005        0
  1836.51733417     1.00112280        0
  1836.53776633     1.00027112        0
  1836.55819849     1.00026356        0
  1836.57863065     1.00120234        0
  1836.59906291     1.00025331        0
  1836.61949497     0.99951072        0
  1836.63992713     0.99943279        0
  1836.66035939     0.99987997        0
  1836.68079144     0.99979948        0
  1836.70122360     1.00002996        0
  1836.72165586     1.00067897        0
  1836.74208792     1.00031429        0
  1836.76252007     0.99963016        0
  1836.78295233     1.00011797        0
  1836.80338438     0.99940725        0
  1836.82381664     0.99886763        0
  1836.84424879     0.99925637        0
  1836.86468084     0.99993425        0
  1836.88511310     0.99933585        0
  1836.90554525     1.00145194        0
  1836.92597730     1.00050406        0
  1836.94640955     1.00050059        0
  1836.96684170     1.00017499        0
  1836.98727385     0.99923211        0
  1837.00770600     0.99611486        0
  1837.02813815     0.99834697        0
  1837.08943460     1.00022969        0
  1837.10986675     0.99854627        0
  1837.13029889     1.00060571        0
  1837.15073104     1.00125333        0
  1837.17116319     1.00059394        0
  1837.19159533     1.00004736        0
  1837.21202748     1.00034694        0
  1837.23245962     0.99900060        0
  1837.25289176     1.00045146        0
  1837.27332391     0.99988817        0
  1837.29375595     1.00121704        0
  1837.31418819     0.99838368        0
  1837.33462034     0.99964690        0
  1837.35505248     1.00020179        0
  1837.37548462     1.00425792        0
  1837.39591676     1.00246775        0
  1837.41634890     0.99893783        0
  1837.43678114     0.99854489        0
  1837.45721318     0.99995425        0
  1837.47764542     1.00114265        0
  1837.49807755     0.99989534        0
  1837.51850959     0.99887593        0
  1837.53894183     0.99911836        0
  1837.55937397     0.99882140        0
  1837.57980600     1.00011029        0
  1837.60023824     0.99887281        0
  1837.62067037     0.99974073        0
  1837.64110241     0.99999699        0
  1837.66153464     0.99968402        0
  1837.68196678     0.99869677        0
  1837.70239881     1.00005098        0
  1837.72283104     1.00141098        0
  1837.74326317     1.00151016        0
  1837.76369521     1.00038167        0
  1837.78412744     0.99981006        0
  1837.80455957     1.00100859        0
  1837.82499170     1.00033561        0
  1837.84542383     0.99985215        0
  1837.86585596     1.00072465        0
  1837.88628799     0.99958178        0
  1837.90672021     0.99989995        0
  1837.92715234     1.00036490        0
  1837.94758447     1.00070654        0
  1837.96801660     1.00091757        0
  1837.98844872     0.99951324        0
  1838.00888075     0.99917336        0
  1838.02931297     1.00023065        0
  1838.04974510     1.00054946        0
  1838.07017732     1.00040472        0
  1838.09060935     0.99937558        0
  1838.11104147     1.00022196        0
  1838.13147369     1.00018501        0
  1838.15190572     0.99959545        0
  1838.17233784     0.99971696        0
  1838.19277006     0.99971766        0
  1838.21320208     1.00053953        0
  1838.23363420     0.99997692        0
  1838.29493056     0.99983417        0
  1838.31536278     1.00042203        0
  1838.33579490     0.99953036        0
  1838.35622691     1.00086730        0
  1838.37665913     0.99994319        0
  1838.39709125     1.00116321        0
  1838.41752326     0.99920283        0
  1838.43795548     1.00018752        0
  1838.45838759     0.99834294        0
  1838.47881961     1.00056223        0
  1838.49925182     0.99872168        0
  1838.51968394     1.00013548        0
  1838.54011595     1.00027611        0
  1838.56054816     1.00123137        0
  1838.58098028     0.99869449        0
  1838.60141229     1.00094984        0
  1838.62184450     0.99967660        0
  1838.64227661     0.99975717        0
  1838.66270862     0.99985559        0
  1838.68314083     0.99979484        0
  1838.70357294     0.99912192        0
  1838.72400505     0.99916145        0
  1838.74443716     1.00045816        0
  1838.76486927     0.99934065        0
  1838.78530137     1.00085294        0
  1838.80573348     1.00035912        0
  1838.82616559     1.00027775        0
  1838.84659779     0.99911491        0
  1838.86702980     1.00003596        0
  1838.88746190     1.00062826        0
  1838.90789411     1.00005053        0
  1838.92832611     1.00000000        0
  1838.94875822     1.00086987        0
  1838.96919042     0.99642160        0
  1838.98962242     1.00021532        0
  1839.09178303     0.99888825        0
  1839.11221513     1.00092211        0
  1839.13264713     1.00056447        0
  1839.15307933     0.99994114        0
  1839.17351143     0.99910066        0
  1839.19394342     1.00017423        0
  1839.21437562     1.00054544        0
  1839.23480772     1.00001871        0
  1839.25523972     0.99934155        0
  1839.27567191     1.00070156        0
  1839.29610401     1.00012274        0
  1839.31653620     0.99897217        0
  1839.33696820     0.99946672        0
  1839.35740029     1.00017148        0
  1839.37783239     1.00031809        0
  1839.39826448     1.00065359        0
  1839.41869647     0.99953844        0
  1839.43912866     0.99938042        0
  1839.45956076     0.99994791        0
  1839.47999275     1.00058414        0
  1839.50042494     0.99938431        0
  1839.52085703     0.99914361        0
  1839.54128912     1.00319902        0
  1839.56172121     1.00154473        0
  1839.58215330     1.00024205        0
  1839.60258539     0.99938133        0
  1839.62301747     1.00106802        0
  1839.64344956     1.00115305        0
  1839.66388165     0.99965099        0
  1839.72517791     0.99766141        0
  1839.74561009     0.99864782        0
  1839.76604208     1.00084609        0
  1839.78647416     1.00226714        0
  1839.80690635     0.99954519        0
  1839.82733833     1.00050047        0
  1839.84777041     1.00138970        0
  1839.86820259     0.99820066        0
  1839.88863458     0.99948157        0
  1839.90906666     0.99952772        0
  1839.92949884     0.99995439        0
  1839.94993092     0.99905217        0
  1839.97036300     0.99870550        0
  1839.99079508     1.02097470        0
  1840.01122716     0.99944395        0
  1840.27684415     0.99983791        0
  1840.31770819     0.99937989        0
  1840.33814036     0.99961933        0
  1840.35857243     1.00062835        0
  1840.37900450     0.99961870        0
  1840.39943658     0.99915753        0
  1840.41986865     1.00097975        0
  1840.44030071     1.02067689        0
  1840.46073278     1.00062940        0
  1840.48116485     1.00110161        0
  1840.50159692     1.00005127        0
  1840.52202909     1.00097487        0
  1840.54246105     1.00018673        0
  1840.56289322     1.00124215        0
  1840.58332529     0.99960105        0
  1840.60375725     1.00063569        0
  1840.62418942     0.99876678        0
  1840.64462148     1.00111519        0
  1840.66505345     0.99957120        0
  1840.68548561     0.99988461        0
  1840.70591768     0.99848360        0
  1840.72634964     1.00034312        0
  1840.74678180     0.99911062        0
  1840.76721386     0.99966757        0
  1840.78764592     1.00064440        0
  1840.80807799     1.00065085        0
  1840.82850995     1.00024781        0
  1840.84894211     0.99862179        0
  1840.86937417     1.00017657        0
  1840.88980623     1.00160206        0
  1840.91023819     0.99960599        0
  1840.93067034     1.00041875        0
  1840.95110240     0.99919891        0
  1840.97153436     0.99989812        0
  1840.99196652     0.99872681        0
  1872.00742507     0.99987297        1
  1872.02785670     1.00127081        1
  1872.04828832     0.99913887        1
  1872.06871994     0.99967664        1
  1872.08915156     0.99957139        1
  1872.10958319     1.00064327        1
  1872.13001491     1.00040518        1
  1872.17087806     0.99985991        1
  1872.19130978     1.00014855        1
  1872.21174140     0.99950471        1
  1872.23217292     0.99863615        1
  1872.25260465     1.00032832        1
  1872.27303627     0.99969499        1
  1872.29346779     1.00050462        1
  1872.31389951     0.99970266        1
  1872.33433113     0.99993676        1
  1872.35476266     1.00090836        1
  1872.37519438     1.00007387        1
  1872.41605772     0.99927007        1
  1872.43648924     0.99901690        1
  1872.45692086     1.00097600        1
  1872.47735258     0.99845657        1
  1872.49778410     0.99861677        1
  1872.51821573     0.99952996        1
  1872.53864745     1.00394548        1
  1872.55907897     1.00157572        1
  1872.57951059     1.00004410        1
  1872.59994231     1.00046311        1
  1872.62037383     0.99986771        1
  1872.66123717     0.99994516        1
  1872.68166869     0.99933557        1
  1872.70210041     0.99990735        1
  1872.72253203     1.00072888        1
  1872.74296355     0.99979619        1
  1872.76339527     1.00010402        1
  1872.78382689     1.00049956        1
  1872.80425841     1.00057554        1
  1872.82469013     0.99946302        1
  1872.84512175     0.99951802        1
  1872.86555327     1.00127684        1
  1872.90641660     1.00059653        1
  1872.92684812     1.00113082        1
  1872.94727984     1.00077427        1
  1872.96771146     0.99948426        1
  1872.98814318     1.00027278        1
  1873.00857470     1.00021448        1
  1873.02900632     1.00039682        1
  1873.04943803     1.00025391        1
  1873.06986955     1.00044954        1
  1873.09030117     0.99994651        1
  1873.15159603     1.00128033        1
  1873.17202774     1.00006153        1
  1873.19245936     1.00024082        1
  1873.21289098     0.99860347        1
  1873.23332260     1.00137741        1
  1873.25375421     0.99988097        1
  1873.27418583     0.99904276        1
  1873.29461745     0.99919854        1
  1873.31504906     0.99906207        1
  1873.33548068     1.00099341        1
  1873.35591230     1.00061892        1
  1873.39677553     0.99797081        1
  1873.41720715     0.99910017        1
  1873.43763867     0.99934401        1
  1873.45807038     1.00009960        1
  1873.47850200     1.00003667        1
  1873.49893372     1.00020904        1
  1873.51936523     1.00001574        1
  1873.53979685     0.99911267        1
  1873.56022856     0.99940728        1
  1873.58066008     1.00071024        1
  1873.60109170     0.99941812        1
  1873.74411310     1.00068408        1
  1873.76454472     1.00076964        1
  1873.78497633     0.99979795        1
  1873.80540795     0.99835480        1
  1873.82583956     0.99999395        1
  1873.84627128     1.00000891        1
  1873.88713441     1.00047349        1
  1873.90756612     0.99997678        1
  1873.92799764     0.99907067        1
  1873.94842925     1.00155401        1
  1873.96886097     1.00014301        1
  1873.98929248     1.00015385        1
  1874.00972419     0.99988564        1
  1874.03015571     0.99994638        1
  1874.05058732     1.00014606        1
  1874.07101904     0.99911774        1
  1874.09145055     1.00106301        1
  1874.23447184     0.99888360        1
  1874.25490356     0.99971309        1
  1874.27533517     0.99905724        1
  1874.29576678     0.99890240        1
  1874.31619840     0.99986634        1
  1874.33663001     0.99694946        1
  1874.37749324     1.00004823        1
  1874.39792485     0.99964792        1
  1874.41835656     1.00009701        1
  1874.43878807     0.99960345        1
  1874.45921969     1.00117726        1
  1874.47965140     0.99985758        1
  1874.50008291     1.00030847        1
  1874.52051462     0.99911805        1
  1874.54094623     0.99920008        1
  1874.56137775     1.00009899        1
  1874.58180946     1.00011074        1
  1874.62267258     0.99960994        1
  1874.64310429     0.99910791        1
  1874.66353590     0.99881402        1
  1874.68396752     1.00198901        1
  1874.70439913     1.00088811        1
  1874.72483074     0.99954870        1
  1874.74526225     1.00044233        1
  1874.76569396     1.00072024        1
  1874.78612557     1.00008332        1
  1874.80655718     1.00013181        1
  1874.86785212     1.00054369        1
  1874.88828363     0.99940284        1
  1874.90871524     1.00045283        1
  1874.92914695     1.00093726        1
  1874.94957846     0.99971046        1
  1874.97001007     1.00029543        1
  1874.99044178     1.00317929        1
  1875.01087329     0.99968790        1
  1875.03130500     0.99962987        1
  1875.05173661     0.99917744        1
  1875.11303144     0.99915820        1
  1875.13346295     1.00060306        1
  1875.15389466     1.00152531        1
  1875.17432627     1.00006804        1
  1875.19475788     0.99900744        1
  1875.21518949     0.99984503        1
  1875.23562110     0.99967997        1
  1875.35821075     0.99668516        1
  1875.37864246     0.99739250        1
  1875.39907397     1.00063308        1
  1875.41950558     1.00095427        1
  1875.43993729     1.00034600        1
  1875.46036880     0.99985181        1
  1875.48080041     1.00048864        1
  1875.50123212     1.00072461        1
  1875.52166362     1.00000682        1
  1875.54209533     0.99988162        1
  1875.56252694     1.00004484        1
  1875.60339016     0.99985434        1
  1875.62382177     1.00077430        1
  1875.64425327     0.99940334        1
  1875.66468498     0.99986095        1
  1875.68511659     1.00031500        1
  1875.70554820     0.99900742        1
  1875.72597981     1.00006519        1
  1875.74641141     1.00046855        1
  1875.76684312     0.99993944        1
  1875.78727463     1.00013293        1
  1875.80770624     1.00012240        1
  1875.84856955     0.99968617        1
  1875.86900106     1.00002831        1
  1875.88943277     1.00061083        1
  1875.90986437     1.00013660        1
  1875.93029588     1.00071122        1
  1875.95072759     1.00052302        1
  1875.97115920     0.99822048        1
  1875.99159090     1.00108191        1
  1876.01202241     0.99933539        1
  1876.09374884     0.99986564        1
  1876.11418045     1.00083421        1
  1876.13461205     0.99942219        1
  1876.15504356     1.00059903        1
  1876.17547526     1.00099698        1
  1876.19590687     1.00023204        1
  1876.21633848     1.00012858        1
  1876.23677008     0.99981534        1
  1876.25720169     0.99987856        1
  1876.27763340     0.99925202        1
  1876.33892822     1.00057710        1
  1876.35935982     0.99850768        1
  1876.37979133     0.99978363        1
  1876.40022303     1.00042618        1
  1876.42065464     0.99972971        1
  1876.44108615     1.00091929        1
  1876.46151785     0.99998146        1
  1876.48194946     1.00037874        1
  1876.50238116     0.99994042        1
  1876.52281267     1.00140452        1
  1876.54324427     0.99974160        1
  1876.58410748     0.99949362        1
  1876.60453909     0.99944176        1
  1876.62497079     0.99903616        1
  1876.64540230     0.99978708        1
  1876.66583391     1.00026484        1
  1876.82928675     1.00521668        1
  1876.84971845     0.99942873        1
  1876.87014995     1.00005003        1
  1876.89058156     0.99746504        1
  1876.91101326     0.99931539        1
  1876.93144487     1.00057214        1
  1877.07446620     0.99995962        1
  1877.09489770     1.00066795        1
  1877.11532931     0.99996793        1
  1877.13576101     1.00006383        1
  1877.15619252     0.99934038        1
  1877.17662412     0.99974518        1
  1877.19705582     0.99994518        1
  1877.21748733     0.99861500        1
  1877.23791903     0.99949952        1
  1877.25835063     1.00002130        1
  1877.27878214     0.99863356        1
  1877.31964545     1.00101835        1
  1877.34007705     1.00053095        1
  1877.36050865     0.99913559        1
  1877.38094026     1.00025756        1
  1877.40137186     0.99993282        1
  1877.42180346     0.99990641        1
  1877.44223507     1.00025824        1
  1877.46266667     0.99886068        1
  1877.48309827     1.00059980        1
  1877.50352988     1.00344965        1
  1877.52396148     0.99994489        1
  1877.56482469     1.00086504        1
  1877.58525639     1.00033263        1
  1877.60568789     0.99979574        1
  1877.62611949     0.99990966        1
  1877.64655120     1.00054511        1
  1877.66698270     0.99988039        1
  1877.68741440     0.99874783        1
  1877.70784601     0.99953784        1
  1877.72827751     0.99985705        1
  1877.74870921     1.00025966        1
  1877.76914081     1.00034229        1
  1877.81000402     1.00161335        1
  1877.83043562     0.99974219        1
  1877.85086712     1.00002595        1
  1877.87129883     0.99948240        1
  1877.89173043     1.00012305        1
  1877.91216203     1.00025099        1
  1877.93259363     1.00015402        1
  1877.95302524     0.99916641        1
  1877.97345694     1.00003845        1
  1877.99388854     1.00009284        1
  1878.01432004     0.99894099        1
  1878.05518335     0.99979708        1
  1878.07561485     1.00072811        1
  1878.09604655     1.00032723        1
  1878.11647815     0.99988493        1
  1878.13690966     0.99990801        1
  1878.15734136     0.99964354        1
  1878.17777286     1.00012447        1
  1878.19820456     1.00117661        1
  1878.21863616     0.99937005        1
  1878.23906767     1.00047203        1
  1878.25949937     1.00108861        1
  1878.30036247     0.99965789        1
  1878.32079417     0.99882140        1
  1878.34122577     0.99960452        1
  1878.36165728     0.99956326        1
  1878.38208898     1.00044452        1
  1878.40252058     1.00016722        1
  1878.42295228     1.00037416        1
  1878.44338378     0.99879343        1
  1878.46381538     0.99965961        1
  1878.48424708     1.00026134        1
  1878.54554189     0.99901115        1
  1878.56597349     1.00001400        1
  1878.58640499     1.00068715        1
  1878.60683669     1.00041953        1
  1878.62726829     1.00035203        1
  1878.64769989     1.00019034        1
  1878.66813150     1.00029954        1
  1878.68856310     0.99930732        1
  1878.70899480     1.00022630        1
  1878.72942630     1.00069981        1
  1878.74985790     0.99953751        1
  1878.79072110     0.99979494        1
  1878.81115270     0.99985746        1
  1878.83158430     1.00051698        1
  1878.85201590     1.00041427        1
  1878.87244761     0.99950039        1
  1878.89287911     0.99866810        1
  1878.91331071     0.99917883        1
  1878.93374241     1.00009574        1
  1878.95417391     0.99917613        1
  1878.97460551     1.00071269        1
  1878.99503721     1.00052559        1
  1879.07676361     1.00833959        1
  1879.09719521     1.00064476        1
  1879.11762681     1.00029637        1
  1879.13805841     1.00095935        1
  1879.15849001     0.99919119        1
  1879.17892161     1.00048065        1
  1879.19935322     1.00199291        1
  1879.21978492     0.99985225        1
  1879.24021642     0.99822696        1
  1879.32194292     1.00039929        1
  1879.34237452     0.99976333        1
  1879.36280602     0.99920595        1
  1879.38323772     1.00050456        1
  1879.40366932     1.00052414        1
  1879.42410082     1.00024799        1
  1879.44453252     0.99994876        1
  1879.46496412     1.00035570        1
  1879.48539562     1.00060526        1
  1879.52625882     0.99877824        1
  1879.54669052     0.99784854        1
  1879.56712212     0.99961931        1
  1879.58755372     0.99992394        1
  1879.60798532     0.99952969        1
  1879.62841692     1.00000000        1
  1879.64884852     0.99984044        1
  1879.66928012     0.99957660        1
  1879.68971172     0.99901975        1
  1879.71014332     1.00043065        1
  1879.73057492     1.00156422        1
  1879.77143822     0.99941550        1
  1879.79186982     0.99982462        1
  1879.81230132     1.00191678        1
  1879.83273302     1.00081571        1
  1879.85316462     0.99952891        1
  1879.87359612     1.00115281        1
  1879.89402782     1.00115315        1
  1879.91445942     0.99974153        1
  1879.93489092     0.99942917        1
  1879.95532261     0.99786211        1
  1879.97575421     0.99966989        1
  1880.01661741     0.99953409        2
  1880.03704901     1.00079316        2
  1880.05748071     0.99996015        2
  1880.07791221     1.00001812        2
  1880.09834381     1.00032175        2
  1880.11877541     0.99980526        2
  1880.13920701     0.99952822        2
  1880.15963861     0.99901682        2
  1880.18007031     0.99920569        2
  1880.20050181     0.99987799        2
  1880.22093351     0.99952892        2
  1880.26179661     1.00152994        2
  1880.28222831     1.00019393        2
  1880.30265991     1.00122420        2
  1880.32309141     1.00089786        2
  1880.34352311     0.99950089        2
  1880.36395471     1.00075221        2
  1880.38438621     1.00005391        2
  1880.40481790     1.00058043        2
  1880.42524950     1.00029754        2
  1880.44568120     0.99966391        2
  1880.50697600     1.00009081        2
  1880.52740750     1.00087885        2
  1880.54783910     0.99908487        2
  1880.56827080     1.00076414        2
  1880.58870230     0.99856565        2
  1880.60913390     1.00143073        2
  1880.62956560     0.99969411        2
  1880.64999710     1.00046463        2
  1880.67042880     1.00016817        2
  1880.75215519     1.00094866        2
  1880.77258679     1.00004012        2
  1880.79301839     0.99947320        2
  1880.81344999     1.00026632        2
  1880.83388159     1.00015369        2
  1880.85431319     0.99966856        2
  1880.87474479     1.00010377        2
  1880.89517639     0.99958620        2
  1880.91560799     0.99849476        2
  1880.93603959     0.99999135        2
  1880.95647129     0.99851803        2
  1880.99733438     1.00120127        2
  1881.01776608     0.99975450        2
  1881.03819758     1.00061462        2
  1881.05862918     1.00033418        2
  1881.07906088     1.00030655        2
  1881.09949238     1.00010206        2
  1881.11992408     1.00062790        2
  1881.14035568     0.99928657        2
  1881.16078718     0.99951291        2
  1881.18121888     0.99990676        2
  1881.20165048     0.99960262        2
  1881.24251367     0.99960961        2
  1881.26294527     0.99922534        2
  1881.28337687     0.99973301        2
  1881.30380847     0.99969438        2
  1881.32424007     0.99918211        2
  1881.34467177     0.99989745        2
  1881.36510327     0.99939879        2
  1881.38553487     0.99929674        2
  1881.40596657     0.99928987        2
  1881.42639817     1.00228272        2
  1881.44682967     0.99989880        2
  1881.48769286     1.00227240        2
  1881.50812456     1.00019519        2
  1881.52855616     0.99860942        2
  1881.54898776     0.99978976        2
  1881.56941936     0.99938840        2
  1881.58985096     1.00025683        2
  1881.61028246     1.00012074        2
  1881.63071416     0.99991660        2
  1881.65114576     1.00023712        2
  1881.67157726     0.99970904        2
  1881.69200896     0.99951065        2
  1881.73287225     1.00182470        2
  1881.75330375     0.99982842        2
  1881.77373535     0.99925669        2
  1881.79416705     1.00026267        2
  1881.81459855     0.99946444        2
  1881.83503015     0.99941240        2
  1881.85546185     1.00004079        2
  1881.87589335     0.99978544        2
  1881.89632495     1.00049417        2
  1881.91675665     1.00117695        2
  1881.93718825     1.00192417        2
  1881.97805145     1.00301835        2
  1881.99848305     1.00107123        2
  1882.01891464     0.99917900        2
  1882.03934624     0.99990451        2
  1882.05977784     1.00043780        2
  1882.08020954     0.99971192        2
  1882.10064104     1.00051306        2
  1882.12107264     1.00063262        2
  1882.14150434     0.99954246        2
  1882.16193584     1.00042852        2
  1882.22323064     0.99964681        2
  1882.24366234     1.00008913        2
  1882.26409384     1.00006525        2
  1882.28452544     1.00055973        2
  1882.30495714     0.99987295        2
  1882.32538864     1.00000000        2
  1882.34582033     1.00042917        2
  1882.36625193     1.00048096        2
  1882.46840993     1.00062840        2
  1882.48884153     0.99936834        2
  1882.50927313     1.00078624        2
  1882.52970473     1.00031123        2
  1882.55013633     0.99896555        2
  1882.57056803     0.99909956        2
  1882.77488403     1.00065610        2
  1882.79531573     0.99869134        2
  1882.81574723     0.99989862        2
  1882.83617883     1.00037109        2
  1882.85661053     1.00049559        2
  1882.87704203     1.00061994        2
  1882.89747353     1.00050041        2
  1882.91790523     0.99972509        2
  1883.02006333     1.00017527        2
  1883.04049483     0.99989418        2
  1883.06092643     0.99968799        2
  1883.08135813     1.00049511        2
  1883.10178973     0.99990645        2
  1883.12222123     0.99956356        2
  1883.14265293     1.00036308        2
  1883.16308453     1.00015738        2
  1883.20394773     0.99993622        2
  1883.22437933     1.00041520        2
  1883.24481103     0.99991764        2
  1883.26524253     0.99841092        2
  1883.28567413     0.99982055        2
  1883.30610583     1.00050325        2
  1883.32653733     0.99962135        2
  1883.34696893     0.99859591        2
  1883.36740063     0.99916282        2
  1883.38783213     0.99952177        2
  1883.40826383     1.00061664        2
  1883.44912693     1.00038255        2
  1883.46955863     1.00056407        2
  1883.48999023     1.00019252        2
  1883.51042173     0.99963375        2
  1883.53085343     0.99980049        2
  1883.55128493     1.00018027        2
  1883.57171663     0.99957317        2
  1883.59214823     0.99770986        2
  1883.61257974     0.99818924        2
  1883.63301144     0.99962361        2
  1883.65344304     1.00028515        2
  1883.69430624     0.99881359        2
  1883.71473784     0.99967697        2
  1883.73516944     0.99900543        2
  1883.75560104     1.00009860        2
  1883.77603264     0.99947200        2
  1883.79646434     1.00106767        2
  1883.81689594     1.00037839        2
  1883.83732744     1.00052684        2
  1883.85775915     1.00053258        2
  1883.87819075     1.00037046        2
  1883.89862225     1.00044450        2
  1883.95991705     0.99941855        2
  1883.98034875     0.99983632        2
  1884.00078035     0.99935458        2
  1884.02121205     0.99908973        2
  1884.04164356     1.00007891        2
  1884.06207516     1.00085667        2
  1884.08250686     0.99992876        2
  1884.10293836     1.00073213        2
  1884.12336996     1.00034946        2
  1884.14380166     1.00050879        2
  1884.20509637     0.99874883        2
  1884.22552797     1.00014966        2
  1884.24595967     0.99966938        2
  1884.26639117     0.99962267        2
  1884.28682277     1.00024504        2
  1884.30725448     1.00241921        2
  1884.32768608     1.00015590        2
  1884.34811758     0.99936185        2
  1884.36854928     1.00077718        2
  1884.38898088     1.00102247        2
  1884.42984409     1.00072210        2
  1884.45027569     1.00084089        2
  1884.47070739     1.00074383        2
  1884.49113889     0.99928860        2
  1884.51157049     0.99990019        2
  1884.53200220     1.00049808        2
  1884.55243370     1.00016911        2
  1884.57286530     0.99952401        2
  1884.59329700     1.00009460        2
  1884.61372850     1.00027939        2
  1884.63416021     1.00076230        2
  1884.67502331     1.00029471        2
  1884.69545501     1.00039909        2
  1884.71588662     1.00023962        2
  1884.73631822     1.00011361        2
  1884.75674982     0.99994431        2
  1884.77718142     1.00062740        2
  1884.79761303     0.99966320        2
  1884.81804463     1.00052579        2
  1884.83847623     0.99687170        2
  1884.85890783     0.99928492        2
  1884.92020264     0.99988566        2
  1884.94063425     1.00011061        2
  1884.96106585     1.00043294        2
  1884.98149755     0.99981353        2
  1885.00192905     0.99977618        2
  1885.02236076     0.99915335        2
  1885.04279236     0.99972086        2
  1885.06322386     1.00105833        2
  1885.08365557     0.99940027        2
  1885.10408717     0.99994534        2
  1885.12451867     1.00004048        2
  1885.16538198     0.99061783        2
  1885.18581348     0.99989923        2
  1885.20624519     1.00025915        2
  1885.22667679     0.99897542        2
  1885.24710849     0.99954428        2
  1885.26754000     1.00328603        2
  1885.28797160     0.99965561        2
  1885.30840330     1.00359424        2
  1885.32883481     1.00008361        2
  1885.34926641     1.00040079        2
  1885.36969812     0.99950261        2
  1885.41056122     1.00033553        2
  1885.43099293     1.00023754        2
  1885.45142453     0.99966141        2
  1885.47185613     1.00132384        2
  1885.49228774     0.99877007        2
  1885.51271934     0.99977956        2
  1885.53315095     1.00012019        2
  1885.55358255     1.00002536        2
  1885.57401406     1.00012433        2
  1885.59444576     1.00030283        2
  1885.61487736     0.99958825        2
  1885.65574057     0.99945926        2
  1885.67617218     1.00031476        2
  1885.69660388     1.00087304        2
  1885.71703539     1.00072481        2
  1885.73746699     0.99971678        2
  1885.75789870     0.99903617        2
  1885.77833020     1.00065580        2
  1885.79876181     1.00033435        2
  1885.81919351     0.99937718        2
  1885.83962502     1.00093850        2
  1885.86005672     0.99870204        2
  1885.90091983     1.00032959        2
  1885.92135154     1.00112102        2
  1885.94178314     0.99944462        2
  1885.96221475     0.99934079        2
  1885.98264635     0.99977635        2
  1886.00307796     1.00081795        2
  1886.02350956     1.00067091        2
  1886.04394117     0.99927593        2
  1886.06437277     1.00158110        2
  1886.08480448     1.00102013        2
  1886.10523608     0.99908937        2
  1886.16653090     0.99968476        2
  1886.18696241     1.00010144        2
  1886.20739411     0.99977332        2
  1886.22782562     1.00021417        2
  1886.24825732     0.99969875        2
  1886.26868893     1.00072446        2
  1886.28912044     0.99970167        2
  1886.30955214     1.00065863        2
  1886.32998375     0.99982122        2
  1886.35041525     0.99949748        2
  1886.39127857     0.99976267        2
  1886.41171007     0.99952978        2
  1886.43214178     0.99973825        2
  1886.45257339     1.00010279        2
  1886.47300509     0.99909393        2
  1886.49343660     0.99962290        2
  1886.51386821     1.00004437        2
  1886.53429991     1.00040329        2
  1886.63645795     0.99990493        2
  1886.65688956     0.99980154        2
  1886.67732116     1.00485874        2
  1886.69775277     1.00072571        2
  1886.71818438     0.99986906        2
  1886.73861598     0.99990703        2
  1886.88163724     1.00069525        2
  1886.90206885     0.99914782        2
  1886.92250055     1.00036322        2
  1886.94293206     0.99994840        2
  1886.96336367     0.99960650        2
  1886.98379538     1.00054011        2
  1887.00422689     1.00074913        2
  1887.12681664     1.00033198        2
  1887.14724824     1.00087525        2
  1887.16767985     0.99915689        2
  1887.18811146     1.00039540        2
  1887.20854307     1.00008846        2
  1887.22897468     0.99950124        2
  1887.24940639     0.99935036        2
  1887.26983790     0.99832055        2
  1887.29026951     0.99993022        2
  1887.31070122     1.00040457        2
  1887.33113283     0.99922110        2
  1887.37199604     1.00005776        2
  1887.39242765     1.00101707        2
  1887.41285916     1.00003216        2
  1887.43329087     0.99991309        2
  1887.45372248     1.00020223        2
  1887.47415409     0.99987190        2
  1887.49458570     1.00063893        2
  1887.51501731     0.99996246        2
  1887.53544902     0.99938176        2
  1887.55588053     0.99917844        2
  1887.57631214     0.99965108        2
  1887.61717536     1.00012950        2
  1887.63760707     1.00120806        2
  1887.65803858     0.99973632        2
  1887.67847019     0.99983585        2
  1887.69890190     1.00020496        2
  1887.71933341     1.00118410        2
  1887.73976502     0.99980271        2
  1887.76019674     0.99988540        2
  1887.78062825     0.99986151        2
  1887.86235479     0.99988570        2
  1887.88278640     0.99899174        2
  1887.90321801     0.99960493        2
  1887.92364962     1.00021379        2
  1887.94408124     0.99959829        2
  1887.96451285     1.00015129        2
  1887.98494456     1.00001909        2
  1891.04968797     1.00019090        3
  1891.07011959     1.00032357        3
  1891.09055132     1.00058658        3
  1891.11098284     1.00009978        3
  1891.13141447     1.00017475        3
  1891.15184619     1.00036831        3
  1891.17227772     0.99914608        3
  1891.19270945     0.99945884        3
  1891.21314107     0.99951407        3
  1891.29486748     1.00035948        3
  1891.31529921     1.00040603        3
  1891.33573083     0.99975143        3
  1891.35616256     0.99841351        3
  1891.37659409     1.00098179        3
  1891.39702571     0.99909114        3
  1891.41745744     1.00046836        3
  1891.43788897     0.99905531        3
  1891.45832060     1.00022849        3
  1891.47875232     1.00064214        3
  1891.49918395     0.99989737        3
  1891.54004721     1.00059734        3
  1891.56047874     0.99993697        3
  1891.58091046     0.99997634        3
  1891.60134209     1.00019220        3
  1891.62177362     1.00027076        3
  1891.64220535     0.99910869        3
  1891.66263698     0.99907471        3
  1891.68306851     0.99939393        3
  1891.70350024     1.00053298        3
  1891.72393186     0.99998044        3
  1891.74436359     0.99934120        3
  1891.78522675     1.00048522        3
  1891.80565848     1.00152902        3
  1891.82609001     1.00421603        3
  1891.84652164     1.00060011        3
  1891.86695337     0.99995865        3
  1891.88738490     0.99947369        3
  1891.90781653     0.99965234        3
  1891.92824826     1.00036038        3
  1891.94867979     0.99923671        3
  1891.96911152     0.99949078        3
  1891.98954315     1.00002139        3
  1892.03040641     0.99910328        3
  1892.05083805     0.99947541        3
  1892.07126968     1.00020929        3
  1892.09170131     1.00186257        3
  1892.11213294     1.00016098        3
  1892.13256467     0.99999593        3
  1892.15299630     0.99996682        3
  1892.17342783     1.00056550        3
  1892.19385957     0.99914325        3
  1892.21429110     1.00084240        3
  1892.23472273     0.99985943        3
  1892.27558599     1.00042593        3
  1892.29601773     0.99996640        3
  1892.31644936     1.00069208        3
  1892.33688089     0.99969165        3
  1892.35731262     0.99975644        3
  1892.37774426     1.00173010        3
  1892.39817579     1.00078665        3
  1892.41860752     1.00064253        3
  1892.43903916     0.99982542        3
  1892.45947069     0.99939736        3
  1892.52076579     1.00015718        3
  1892.54119732     1.00045941        3
  1892.56162896     1.00155016        3
  1892.58206069     0.99947829        3
  1892.60249223     1.00287652        3
  1892.62292386     1.00243259        3
  1892.64335560     0.99957668        3
  1892.66378723     0.99935716        3
  1892.82724031     0.99980980        3
  1892.84767195     1.00005803        3
  1892.86810368     0.99991146        3
  1892.88853522     1.00062648        3
  1892.90896696     1.00045428        3
  1892.92939849     0.99987546        3
  1892.94983013     1.00093694        3
  1892.97026186     0.99966695        3
  1893.01112504     0.99612718        3
  1893.03155678     1.00005423        3
  1893.05198831     0.99916068        3
  1893.07242005     0.99947443        3
  1893.09285169     0.99951626        3
  1893.11328322     1.00014672        3
  1893.13371496     0.99935936        3
  1893.15414660     0.99974628        3
  1893.17457814     0.99960518        3
  1893.19500988     0.99865926        3
  1893.21544151     1.00033209        3
  1893.31759971     0.99943519        3
  1893.33803135     1.00035160        3
  1893.35846308     1.00070422        3
  1893.37889472     1.00048104        3
  1893.39932626     1.00045798        3
  1893.41975800     0.99948535        3
  1893.44018964     1.00113535        3
  1893.46062138     0.99923428        3
  1893.50148456     1.00002482        3
  1893.52191630     0.99977544        3
  1893.54234784     0.99971517        3
  1893.56277938     0.99981870        3
  1893.58321112     1.00010979        3
  1893.60364276     0.99917337        3
  1893.62407450     1.00086662        3
  1893.64450605     0.99969198        3
  1893.66493769     1.00084305        3
  1893.68536943     0.99999242        3
  1893.70580097     1.00005178        3
  1893.74666435     0.99999627        3
  1893.76709589     1.00120913        3
  1893.78752754     0.99892221        3
  1893.80795928     1.00056705        3
  1893.82839082     0.99989005        3
  1893.84882256     1.00072366        3
  1893.86925420     0.99973340        3
  1893.88968585     1.00366644        3
  1893.91011749     1.00341994        3
  1893.93054913     0.99939361        3
  1894.01227581     0.99997694        3
  1894.03270745     1.00007978        3
  1894.05313899     0.99978499        3
  1894.07357074     1.00035368        3
  1894.09400238     0.99971577        3
  1894.11443392     1.00095570        3
  1894.13486567     0.99995073        3
  1894.15529731     0.99955210        3
  1894.17572896     0.99963953        3
  1894.19616060     0.99950978        3
  1894.23702389     1.00028490        3
  1894.25745554     1.00070044        3
  1894.27788708     1.00038301        3
  1894.29831883     0.99991493        3
  1894.31875047     1.00116010        3
  1894.33918202     0.99902683        3
  1894.35961377     1.00178063        3
  1894.38004541     1.00135129        3
  1894.40047716     1.00021344        3
  1894.42090870     1.00097686        3
  1894.44134035     1.00095874        3
  1894.48220364     1.00006927        3
  1894.50263529     0.99965606        3
  1894.52306704     0.99979925        3
  1894.54349869     0.99984782        3
  1894.56393033     0.99962234        3
  1894.58436198     0.99909155        3
  1894.60479363     1.00000486        3
  1894.72738352     0.99905945        3
  1894.74781526     1.00017891        3
  1894.76824681     0.99935431        3
  1894.78867856     0.99992274        3
  1894.80911021     0.99937231        3
  1894.82954176     0.99991042        3
  1894.84997351     1.00099617        3
  1894.87040506     1.00046904        3
  1894.97256341     0.99714992        3
  1894.99299496     0.99917694        3
  1895.01342671     0.99988975        3
  1895.03385836     0.99878909        3
  1895.05429001     1.00088709        3
  1895.07472166     0.99999861        3
  1895.09515331     1.00137987        3
  1895.11558507     1.00047107        3
  1895.13601662     0.99943219        3
  1895.15644827     1.00046841        3
  1895.17688002     0.99997802        3
  1895.21774323     0.99904871        3
  1895.23817498     0.99923779        3
  1895.25860663     1.00046768        3
  1895.27903818     0.99983332        3
  1895.29946994     0.99999441        3
  1895.31990159     1.00107809        3
  1895.34033334     1.00018058        3
  1895.36076489     0.99918815        3
  1895.38119655     1.00089429        3
  1895.40162830     1.00013741        3
  1895.42205985     1.00115421        3
  1895.46292326     0.99974378        3
  1895.48335482     1.00081892        3
  1895.50378657     0.99877312        3
  1895.52421813     0.99962886        3
  1895.54464978     1.00022742        3
  1895.56508153     0.99984746        3
  1895.58551309     1.00063690        3
  1895.60594474     0.99989975        3
  1895.62637650     1.00001731        3
  1895.64680806     1.00026163        3
  1895.66723981     1.00081098        3
  1895.70810312     0.99998678        3
  1895.72853478     0.99992811        3
  1895.74896643     0.99967661        3
  1895.76939809     0.99980977        3
  1895.78982975     0.99942714        3
  1895.81026140     0.99924112        3
  1895.83069306     1.00010828        3
  1895.85112482     1.00004535        3
  1895.87155638     0.99973723        3
  1895.89198813     1.00054101        3
  1895.91241979     0.99974092        3
  1895.97371476     1.00040209        3
  1895.99414632     0.99999829        3
  1896.01457808     1.00195324        3
  1896.03500974     1.00022866        3
  1896.05544150     1.00112920        3
  1896.07587306     1.00031501        3
  1896.09630471     0.99997807        3
  1896.11673637     0.99975546        3
  1896.13716803     1.00052443        3
  1896.15759969     1.00032333        3
  1896.19846301     0.99912413        3
  1896.21889477     1.00020155        3
  1896.23932633     0.99986787        3
  1896.25975799     1.00003410        3
  1896.28018975     0.99966715        3
  1896.30062131     0.99912545        3
  1896.32105297     1.00001183        3
  1896.34148473     0.99990836        3
  1896.36191630     1.00088779        3
  1896.38234796     0.99837982        3
  1896.50493803     0.99923481        3
  1896.52536969     1.00017493        3
  1896.54580135     0.99958157        3
  1896.56623312     1.00075015        3
  1896.58666468     0.99935235        3
  1896.60709644     1.00175048        3
  1896.62752810     1.00086740        3
  1896.64795967     1.00112800        3
  1896.68882310     1.00295964        3
  1896.70925466     0.99942039        3
  1896.72968642     1.00000000        3
  1896.75011809     0.99968015        3
  1896.77054975     0.99930602        3
  1896.79098142     1.00093371        3
  1896.81141308     0.99995663        3
  1896.83184475     1.00008311        3
  1896.85227641     0.99904288        3
  1896.87270808     0.99913946        3
  1896.89313974     1.00037777        3
  1896.93400307     1.00033103        3
  1896.95443474     1.00013329        3
  1896.97486641     0.99892887        3
  1896.99529817     0.99934286        3
  1897.01572974     1.00092331        3
  1897.03616141     0.99817387        3
  1897.05659317     1.00010499        3
  1897.07702484     1.00128672        3
  1897.09745641     1.00022287        3
  1897.11788817     1.00005931        3
  1897.13831984     1.00042569        3
  1897.17918318     0.99988039        3
  1897.19961484     0.99958486        3
  1897.22004661     1.00495949        3
  1897.24047818     0.99865668        3
  1897.26090985     0.99944286        3
  1897.28134162     0.99954171        3
  1897.30177319     1.00025930        3
  1897.32220496     1.00060895        3
  1897.34263663     1.00098115        3
  1897.36306820     0.99990269        3
  1897.38349996     0.99981176        3
  1897.42436320     1.00054542        3
  1897.44479497     1.00144953        3
  1897.46522664     1.00043215        3
  1897.48565842     0.99989943        3
  1897.50608999     0.99919731        3
  1897.52652156     0.99948153        3
  1897.54695333     1.00160903        3
  1897.56738500     0.99948373        3
  1897.58781667     1.00023642        3
  1897.60824834     1.00079666        3
  1897.62868001     0.99988712        3
  1897.75127005     1.00013609        3
  1897.77170182     1.00042800        3
  1897.79213349     0.99958796        3
  1897.81256507     1.00044670        3
  1897.83299684     1.00055801        3
  1897.85342851     1.00031389        3
  1897.87386029     0.99943071        3
  1897.91472354     1.00167124        3
  1897.93515531     0.99845402        3
  1897.95558689     1.00040547        3
  1897.97601856     0.99952987        3
  1897.99645034     1.00004429        3
  1898.01688191     1.00008838        4
  1898.03731369     0.99994889        4
  1898.05774536     0.99978572        4
  1898.07817694     1.00016530        4
  1898.09860871     0.99962555        4
  1898.11904039     1.00018899        4
  1898.15990374     1.00044573        4
  1898.18033532     1.00016823        4
  1898.20076710     0.99993527        4
  1898.22119877     0.99984931        4
  1898.24163035     0.99976657        4
  1898.26206213     1.00023095        4
  1898.28249381     1.00071999        4
  1898.30292548     0.99987049        4
  1898.32335716     0.99974830        4
  1898.40508387     1.00001628        4
  1898.42551565     0.99889935        4
  1898.44594733     0.99981621        4
  1898.46637891     1.00080089        4
  1898.48681069     1.00066887        4
  1898.50724237     1.00028301        4
  1898.52767395     0.99963213        4
  1898.54810573     1.00086407        4
  1898.56853741     0.99933439        4
  1898.58896919     1.00046408        4
  1898.65026423     1.00041368        4
  1898.67069581     1.00052470        4
  1898.69112750     1.00028958        4
  1898.71155928     1.00035983        4
  1898.73199086     0.99999080        4
  1898.75242264     1.00015404        4
  1898.77285432     0.99973728        4
  1898.79328591     0.99997976        4
  1898.81371769     1.00066160        4
  1898.83414927     0.99902599        4
  1898.85458095     0.99924052        4
  1898.89544432     0.99923193        4
  1898.91587600     0.99918026        4
  1898.93630779     0.99889498        4
  1898.95673947     1.00259222        4
  1898.97717116     0.99988981        4
  1898.99760284     0.99940741        4
  1899.01803452     0.99908869        4
  1899.03846621     0.99949582        4
  1899.05889789     1.00072229        4
  1899.07932958     1.00092145        4
  1899.09976136     1.00072814        4
  1899.14062473     0.99997953        4
  1899.16105642     0.99957339        4
  1899.18148801     1.00047349        4
  1899.20191979     1.00087093        4
  1899.22235148     1.00004219        4
  1899.24278306     0.99974724        4
  1899.26321485     0.99982706        4
  1899.28364654     0.99975252        4
  1899.30407833     1.00000000        4
  1899.32450991     1.00004079        4
  1899.34494160     0.99915127        4
  1899.38580498     0.99935991        4
  1899.40623666     0.99918610        4
  1899.42666845     0.99876696        4
  1899.44710004     1.00041935        4
  1899.46753183     1.00095505        4
  1899.48796342     0.99990681        4
  1899.50839511     0.99933236        4
  1899.52882690     1.00093518        4
  1899.54925849     0.99946020        4
  1899.56969018     1.00155235        4
  1899.59012197     0.99955333        4
  1899.63098525     1.00015255        4
  1899.65141704     1.00007260        4
  1899.67184873     1.00095004        4
  1899.69228042     0.99956048        4
  1899.71271211     0.99981458        4
  1899.73314380     1.00084279        4
  1899.75357559     1.00149104        4
  1899.77400718     1.00069031        4
  1899.79443888     0.99957891        4
  1899.81487067     1.00003080        4
  1899.83530226     0.99966957        4
  1899.87616575     0.99994711        4
  1899.89659734     0.99964291        4
  1899.91702913     0.99922144        4
  1899.93746083     1.00096847        4
  1899.95789242     1.00032461        4
  1899.97832421     1.00077992        4
  1899.99875591     1.00116263        4
  1900.01918770     1.00091246        4
  1900.03961929     0.99929778        4
  1900.06005099     0.99949134        4
  1900.08048268     0.99935309        4
  1900.12134607     1.00057838        4
  1900.14177777     1.00013958        4
  1900.16220947     1.00003223        4
  1900.18264126     0.99982100        4
  1900.20307286     1.00029556        4
  1900.22350455     1.00033525        4
  1900.24393635     1.00063154        4
  1900.26436795     1.00011181        4
  1900.28479964     0.99876380        4
  1900.30523144     1.00024529        4
  1900.32566314     1.00059465        4
  1900.36652653     1.00101764        4
  1900.38695823     0.99955561        4
  1900.40739003     0.99936286        4
  1900.42782163     0.99949786        4
  1900.44825332     1.00000789        4
  1900.46868512     1.00053265        4
  1900.48911672     0.99983585        4
  1900.50954842     1.00120594        4
  1900.52998022     1.00087213        4
  1900.55041182     0.99936103        4
  1900.57084362     0.99994867        4
  1900.61170692     0.99947943        4
  1900.63213872     1.00105369        4
  1900.65257042     1.00089425        4
  1900.67300202     0.99822003        4
  1900.69343382     1.00093552        4
  1900.71386552     1.00136588        4
  1900.85688744     1.00064532        4
  1900.87731914     1.00032014        4
  1900.89775094     0.99870686        4
  1900.91818265     1.00051614        4
  1900.93861425     0.99867246        4
  1900.95904605     0.99979789        4
  1900.97947776     0.99840444        4
  1900.99990936     0.99949925        4
  1901.02034117     1.00008697        4
  1901.04077287     1.00021507        4
  1901.06120448     0.99947852        4
  1901.10206799     1.00088231        4
  1901.12249979     1.00083109        4
  1901.14293140     0.99999700        4
  1901.16336310     0.99958907        4
  1901.18379491     0.99963746        4
  1901.20422652     1.00044640        4
  1901.22465822     0.99946961        4
  1901.24509003     0.99906034        4
  1901.26552164     1.00037814        4
  1901.28595344     1.00061866        4
  1901.30638515     1.00002505        4
  1901.36768027     0.99955096        4
  1901.38811198     0.99965538        4
  1901.40854369     0.99981931        4
  1901.42897540     0.99963660        4
  1901.44940711     1.00031006        4
  1901.46983882     1.00018631        4
  1901.49027053     0.99936821        4
  1901.51070224     0.99952378        4
  1901.53113395     1.00015995        4
  1901.55156566     0.99990342        4
  1901.59242908     0.99937069        4
  1901.61286089     0.99966319        4
  1901.63329260     1.00026309        4
  1901.65372421     1.00015516        4
  1901.67415602     0.99987282        4
  1901.69458773     1.00032889        4
  1901.71501934     0.99969403        4
  1901.73545116     1.00068732        4
  1901.75588287     0.99984513        4
  1901.77631448     0.99866903        4
  1901.79674629     0.99922182        4
  1901.83760982     0.99912427        4
  1901.85804143     0.99960587        4
  1901.87847315     1.00053514        4
  1901.89890496     0.99974797        4
  1901.91933657     1.00047858        4
  1901.93976829     0.99979916        4
  1901.96020010     0.99932141        4
  1901.98063172     1.00067848        4
  1902.00106353     1.00049277        4
  1902.02149525     0.99911528        4
  1902.08279039     1.00084203        4
  1902.10322201     0.99984933        4
  1902.12365382     0.99983694        4
  1902.14408554     1.00051960        4
  1902.16451726     1.00020093        4
  1902.18494897     1.00052353        4
  1902.20538069     1.00096458        4
  1902.22581241     1.00025908        4
  1902.24624413     0.99955853        4
  1902.26667584     1.00013696        4
  1902.28710766     0.99986779        4
  1902.32797100     0.99998148        4
  1902.34840282     1.00003416        4
  1902.36883444     1.00007515        4
  1902.38926626     0.99998595        4
  1902.40969798     0.99959185        4
  1902.43012959     0.99956090        4
  1902.45056141     1.00180419        4
  1902.57315174     0.99992391        4
  1902.59358346     1.00067363        4
  1902.61401528     0.99964984        4
  1902.63444690     0.99992419        4
  1902.65487863     1.00021186        4
  1902.67531045     1.00054353        4
  1902.69574207     1.00067320        4
  1902.71617389     1.00059240        4
  1902.73660562     1.00026940        4
  1902.75703724     0.99986346        4
  1902.77746906     0.99992821        4
  1902.81833251     0.99265161        4
  1902.83876423     0.99934227        4
  1902.85919596     1.00050911        4
  1902.87962758     0.99954899        4
  1902.90005941     1.00072198        4
  1902.92049113     0.99906756        4
  1902.94092296     0.99882526        4
  1902.96135458     0.99967696        4
  1902.98178631     1.00067864        4
  1903.00221814     1.00007178        4
  1903.02264976     0.99865728        4
  1903.20653531     1.00106562        4
  1903.22696714     1.00046463        4
  1903.24739887     1.00067284        4
  1903.26783070     1.00016047        4
  1903.30869406     0.99948805        4
  1903.32912589     1.00125187        4
  1903.34955752     1.00045395        4
  1903.36998925     0.99931257        4
  1903.39042108     0.99903996        4
  1903.41085281     0.99958524        4
  1903.43128454     0.99962795        4
  1903.45171617     1.00056719        4
  1903.47214790     1.00114078        4
  1903.49257973     1.00008335        4
  1903.51301146     0.99990675        4
  1903.55387493     1.00036316        4
  1903.57430666     0.99961139        4
  1903.59473830     1.00095843        4
  1903.61517013     1.00067254        4
  1903.63560186     1.00072017        4
  1903.65603370     1.00027849        4
  1903.67646533     0.99991262        4
  1903.69689706     0.99914229        4
  1903.71732890     1.00000701        4
  1903.73776053     0.99933890        4
  1903.75819227     1.00010936        4
  1903.81948757     1.00029325        4
  1903.83991931     0.99960857        4
  1903.86035094     1.00058938        4
  1903.88078278     0.99984314        4
  1903.90121452     1.00020489        4
  1903.92164615     1.00008070        4
  1903.94207799     1.00040377        4
  1903.96250973     1.00065116        4
  1903.98294157     0.99931806        4
  1904.00337320     0.99992752        4
  1904.04423668     0.99912079        4
  1904.06466852     0.99978003        4
  1904.08510016     0.99996621        4
  1904.10553190     1.00126162        4
  1904.12596364     1.00015126        4
  1904.14639538     1.00016138        4
  1904.16682721     0.99987898        4
  1904.18725885     1.00125646        4
  1904.20769070     0.99973988        4
  1904.22812244     0.99987781        4
  1904.24855408     0.99950246        4
  1904.28941766     1.00018967        4
  1904.30984930     0.99884663        4
  1904.33028114     1.00027678        4
  1904.35071288     0.99986396        4
  1904.37114473     0.99956088        4
  1904.39157637     0.99983511        4
  1904.41200811     0.99939385        4
  1904.43243995     0.99971796        4
  1904.45287160     0.99853663        4
  1904.47330334     1.00034637        4
  1904.49373518     1.00121193        4
  1904.61632565     1.00052969        4
  1904.63675740     0.99932152        4
  1904.65718914     1.00001431        4
  1904.67762089     1.00039305        4
  1904.69805263     1.00031740        4
  1904.71848438     1.00025933        4
  1904.73891613     1.00002647        4
  1904.77977962     0.99960171        4
  1904.80021137     0.99965193        4
  1904.82064322     0.99922926        4
  1904.84107486     0.99974532        4
  1904.86150661     1.00017423        4
  1904.88193846     1.00044206        4
  1905.04539246     1.00078775        4
  1905.06582421     0.99952315        4
  1905.08625606     1.00077434        4
  1905.10668771     0.99944500        4
  1905.12711946     1.00057952        4
  1905.14755131     1.00098600        4
  1905.16798297     0.99978602        4
  1905.18841472     0.99965576        4
