  1835.65865989     0.99791840        0
  1835.67909192     0.99922285        0
  1835.80168406     0.98982394        0
  1835.82211618     0.99961996        0
  1835.84254810     1.00071041        0
  1835.86298013     0.99920909        0
  1835.88341225     1.00031605        0
  1835.90384417     1.00015599        0
  1835.92427619     0.99981937        0
  1835.94470831     1.00010255        0
  1835.96514023     1.00130408        0
  1835.98557224     1.00047311        0
  1836.00600436     1.00012806        0
  1836.02643628     1.00141039        0
  1836.04686830     1.00041092        0
  1836.06730042     0.99999314        0
  1836.08773233     1.00010590        0
  1836.10816435     0.99996351        0
  1836.12859646     0.99994027        0
  1836.14902848     0.99936481        0
  1836.16946039     0.99939421        0
  1836.18989251     1.00019059        0
  1836.21032452     1.00045036        0
  1836.23075664     1.00081906        0
  1836.25118855     0.99885670        0
  1836.27162056     0.99838250        0
  1836.31248459     0.99987033        0
  1836.33291660     1.00041174        0
  1836.35334871     1.00028631        0
  1836.37378062     0.99987728        0
  1836.39421263     1.00006508        0
  1836.41464464     0.99907168        0
  1836.43507665     0.99898973        0
  1836.45550866     0.99771970        0
  1836.47594067     0.99751945        0
  1836.49637267     0.99864052        0
  1836.51680468     0.99971754        0
  1836.53723669     0.99883222        0
  1836.55766869     1.00068089        0
  1836.57810070     0.99919577        0
  1836.59853281     1.00081815        0
  1836.61896471     1.00006662        0
  1836.63939672     0.99976201        0
  1836.65982882     1.00130941        0
  1836.68026072     1.00084713        0
  1836.70069273     1.00060638        0
  1836.72112483     1.00220615        0
  1836.74155673     1.00086020        0
  1836.76198874     1.00028917        0
  1836.78242084     0.99964497        0
  1836.80285274     1.00034747        0
  1836.82328484     0.99927758        0
  1836.84371684     0.99949318        0
  1836.86414874     0.99983261        0
  1836.88458084     1.00017776        0
  1836.90501284     1.00019950        0
  1836.92544474     1.00042781        0
  1836.94587684     0.99955957        0
  1836.96630884     1.00037865        0
  1836.98674083     1.00050092        0
  1837.00717283     1.00059651        0
  1837.02760483     0.99120159        0
  1837.08890081     1.00076764        0
  1837.10933281     1.00053219        0
  1837.12976480     0.99903689        0
  1837.15019680     1.00000000        0
  1837.17062879     0.99968980        0
  1837.19106078     1.00082661        0
  1837.21149278     1.00033725        0
  1837.23192477     0.99927444        0
  1837.25235676     0.99978064        0
  1837.27278875     1.00048126        0
  1837.29322064     0.99994937        0
  1837.31365273     1.00194670        0
  1837.33408473     0.99988008        0
  1837.35451671     0.99900950        0
  1837.37494870     0.99956090        0
  1837.39538069     1.02092151        0
  1837.41581268     0.99910236        0
  1837.43624477     0.99854233        0
  1837.45667666     0.99915156        0
  1837.47710874     0.99976133        0
  1837.49754073     0.99967833        0
  1837.51797262     1.00118666        0
  1837.53840470     1.00053058        0
  1837.55883669     0.99963743        0
  1837.57926858     1.00010636        0
  1837.59970066     1.00053732        0
  1837.62013264     1.00006616        0
  1837.64056453     1.00079588        0
  1837.66099661     0.99911972        0
  1837.68142859     1.00102619        0
  1837.70186048     0.99987342        0
  1837.72229256     0.99985725        0
  1837.74272454     0.99964206        0
  1837.76315642     0.99993763        0
  1837.78358850     0.99959319        0
  1837.80402048     0.99896166        0
  1837.82445246     0.99887109        0
  1837.84488444     1.00010477        0
  1837.86531642     0.99949551        0
  1837.88574830     0.99945503        0
  1837.90618038     0.99941409        0
  1837.92661236     0.99973393        0
  1837.94704434     0.99973729        0
  1837.96747631     0.99980304        0
  1837.98790829     0.99999516        0
  1838.00834017     1.00058369        0
  1838.02877224     1.00096327        0
  1838.04920422     0.99851055        0
  1838.06963629     0.99910390        0
  1838.09006817     1.00087776        0
  1838.11050014     1.00087200        0
  1838.13093221     1.00053554        0
  1838.15136409     0.99962888        0
  1838.17179606     1.00141495        0
  1838.19222813     1.00142302        0
  1838.21266001     0.99954205        0
  1838.23309198     1.00066026        0
  1838.27395602     1.00021729        0
  1838.29438789     1.00079130        0
  1838.31481996     1.00023337        0
  1838.33525193     0.99973069        0
  1838.35568380     1.00002072        0
  1838.37611587     1.00093206        0
  1838.39654784     0.99975688        0
  1838.41697970     1.00024717        0
  1838.43741177     1.00200768        0
  1838.45784374     1.00065090        0
  1838.47827560     0.99960904        0
  1838.49870767     1.00033436        0
  1838.51913964     0.99965569        0
  1838.53957150     1.00065779        0
  1838.56000357     1.00091534        0
  1838.58043553     0.99983727        0
  1838.60086740     0.99932684        0
  1838.62129946     1.00067493        0
  1838.64173142     0.99989419        0
  1838.66216329     1.00097138        0
  1838.68259535     1.00080251        0
  1838.70302731     1.00041295        0
  1838.72345927     1.00108281        0
  1838.74389123     1.00053238        0
  1838.76432320     1.00108637        0
  1838.78475516     1.00040455        0
  1838.80518712     0.99975916        0
  1838.82561908     1.00026093        0
  1838.84605114     0.99946638        0
  1838.86648299     1.00121490        0
  1838.88691495     0.99982839        0
  1838.90734701     0.99995272        0
  1838.92777887     1.00015503        0
  1838.94821083     0.99979340        0
  1838.96864288     1.00173736        0
  1838.98907474     0.98864822        0
  1839.07080256     0.99943417        0
  1839.09123461     0.99893570        0
  1839.11166657     1.00020454        0
  1839.13209842     0.99937469        0
  1839.15253048     1.00066016        0
  1839.17296243     0.99997837        0
  1839.19339428     1.00046272        0
  1839.21382633     1.00045899        0
  1839.23425828     1.00030586        0
  1839.25469014     0.99929821        0
  1839.27512219     0.99958630        0
  1839.29555414     1.00109173        0
  1839.31598619     1.00078581        0
  1839.33641804     1.00066453        0
  1839.35684998     1.00007097        0
  1839.37728193     1.00002166        0
  1839.39771388     0.99989827        0
  1839.41814573     0.99988818        0
  1839.43857778     0.99948640        0
  1839.45900972     1.00008491        0
  1839.47944157     0.99902602        0
  1839.49987362     0.99890193        0
  1839.52030556     0.99986211        0
  1839.54073751     0.99961378        0
  1839.56116945     0.99990568        0
  1839.58160140     0.99958593        0
  1839.60203334     0.99912688        0
  1839.62246529     0.99874067        0
  1839.64289723     0.99933804        0
  1839.72462500     0.99267130        0
  1839.74505704     0.99845127        0
  1839.76548888     1.00027790        0
  1839.78592082     0.99967595        0
  1839.80635286     1.00016951        0
  1839.82678470     0.99979577        0
  1839.84721664     0.99987609        0
  1839.86764868     1.00074320        0
  1839.88808052     0.99937238        0
  1839.90851246     1.00022759        0
  1839.92894450     1.00037477        0
  1839.94937643     1.00081868        0
  1839.96980837     1.00047999        0
  1839.99024031     1.00051430        0
  1840.01067224     1.00008500        0
  1840.31715114     1.00026204        0
  1840.33758317     1.00012641        0
  1840.35801510     1.00038525        0
  1840.37844703     1.00050634        0
  1840.39887896     1.00076208        0
  1840.41931089     1.00259269        0
  1840.43974281     0.99997854        0
  1840.46017474     1.00117411        0
  1840.48060667     1.00022755        0
  1840.50103860     0.99994633        0
  1840.52147062     0.99987944        0
  1840.54190245     1.00103064        0
  1840.56233447     1.00044638        0
  1840.58276640     0.99981572        0
  1840.60319822     0.99946926        0
  1840.62363025     1.00095530        0
  1840.64406217     1.00009994        0
  1840.66449400     1.00040538        0
  1840.68492602     1.00048249        0
  1840.70535794     0.98933404        0
  1840.72578976     0.99969156        0
  1840.74622179     0.99936265        0
  1840.76665371     0.99979936        0
  1840.78708563     1.00176399        0
  1840.80751755     0.99905093        0
  1840.82794937     1.00014966        0
  1840.84838139     0.99980923        0
  1840.86881331     0.99924747        0
  1840.88924523     0.99885789        0
  1840.90967705     0.99989745        0
  1840.93010907     0.99958549        0
  1840.95054099     1.00034707        0
  1840.97097280     1.00018311        0
  1840.99140482     0.99974665        0
  1872.00673813     0.99889135        1
  1872.02716973     1.00044842        1
  1872.04760133     1.00003823        1
  1872.06803293     0.99958346        1
  1872.08846453     1.00025794        1
  1872.10889613     1.00085192        1
  1872.12932783     1.00040511        1
  1872.17019093     1.00192620        1
  1872.19062263     0.99949713        1
  1872.21105423     1.00013322        1
  1872.23148574     0.99924626        1
  1872.25191744     0.99997607        1
  1872.27234904     1.00080537        1
  1872.29278054     0.99931449        1
  1872.31321224     0.99916974        1
  1872.33364384     1.00029187        1
  1872.35407534     0.99937202        1
  1872.37450704     0.99855924        1
  1872.41537034     0.99918531        1
  1872.43580184     0.99931024        1
  1872.45623344     1.00258330        1
  1872.47666514     0.99955584        1
  1872.49709664     1.00143747        1
  1872.51752824     1.00093147        1
  1872.53795994     1.00088511        1
  1872.55839144     1.00019681        1
  1872.57882304     0.99764355        1
  1872.59925474     0.99921381        1
  1872.61968624     0.99910558        1
  1872.66054954     0.99941781        1
  1872.68098104     0.99863049        1
  1872.70141274     0.99813765        1
  1872.72184434     1.00055112        1
  1872.74227584     0.99918569        1
  1872.76270754     0.99837473        1
  1872.78313914     0.99930578        1
  1872.80357064     0.99936456        1
  1872.82400234     0.99920891        1
  1872.84443394     0.99913383        1
  1872.86486544     0.99879658        1
  1872.90572874     0.99936118        1
  1872.92616024     0.99747905        1
  1872.94659194     0.99716554        1
  1872.96702354     0.99627873        1
  1872.98745524     0.99627543        1
  1873.00788674     0.99587297        1
  1873.02831834     0.99560339        1
  1873.04875004     0.99429810        1
  1873.06918154     0.99344769        1
  1873.08961314     0.99396925        1
  1873.11004484     0.99211675        1
  1873.15090794     1.00065341        1
  1873.17133964     1.00292146        1
  1873.19177124     1.00135348        1
  1873.21220284     1.00318405        1
  1873.23263444     1.00354457        1
  1873.25306604     1.00276975        1
  1873.27349764     1.00264110        1
  1873.29392924     1.00312059        1
  1873.31436084     1.00378273        1
  1873.33479244     1.00340639        1
  1873.35522404     1.00192931        1
  1873.39608724     0.98496063        1
  1873.41651884     1.00235948        1
  1873.43695033     0.99354826        1
  1873.45738203     1.00103380        1
  1873.47781363     1.00130415        1
  1873.49824533     1.00043473        1
  1873.51867683     1.00085137        1
  1873.53910843     0.99970838        1
  1873.55954013     1.00124092        1
  1873.57997163     1.00081061        1
  1873.60040323     0.99782854        1
  1873.82515092     0.99827412        1
  1873.84558262     0.99663655        1
  1873.88644572     0.99683219        1
  1873.90687742     0.99907950        1
  1873.92730892     0.99896723        1
  1873.94774052     0.99845302        1
  1873.96817222     0.99915951        1
  1873.98860372     1.00022253        1
  1874.00903542     0.99674690        1
  1874.02946692     1.00140478        1
  1874.04989852     0.99983324        1
  1874.07033022     1.00118378        1
  1874.09076172     1.00137308        1
  1874.27464621     0.99811517        1
  1874.29507781     1.00063557        1
  1874.31550941     1.00097893        1
  1874.33594101     1.00097910        1
  1874.37680421     1.00125456        1
  1874.39723581     1.00114861        1
  1874.41766751     1.00039779        1
  1874.43809901     0.99972543        1
  1874.45853061     0.99997678        1
  1874.47896230     1.00046012        1
  1874.49939380     1.00067399        1
  1874.51982550     1.00015916        1
  1874.54025710     0.99923013        1
  1874.56068860     0.99967901        1
  1874.58112030     1.00024092        1
  1874.62198340     1.00196613        1
  1874.64241510     1.00035778        1
  1874.66284670     1.00115878        1
  1874.68327830     1.00068648        1
  1874.70370990     1.00041415        1
  1874.72414150     0.99801676        1
  1874.74457300     0.99771003        1
  1874.76500470     0.99851575        1
  1874.78543630     0.99809636        1
  1874.80586789     0.99801781        1
  1874.82629949     0.99615003        1
  1874.86716279     1.00086573        1
  1874.88759429     1.00249824        1
  1874.90802589     1.00298104        1
  1874.92845759     1.00127006        1
  1874.94888909     1.00143907        1
  1874.96932069     1.00015371        1
  1874.98975239     0.99891722        1
  1875.01018389     0.99988048        1
  1875.03061559     0.99918396        1
  1875.05104719     0.99751622        1
  1875.07147869     0.99774198        1
  1875.11234199     1.00104937        1
  1875.13277349     1.00249593        1
  1875.15320519     1.00172876        1
  1875.17363679     1.00104420        1
  1875.19406838     0.99897322        1
  1875.21449998     0.99882212        1
  1875.23493158     1.00005879        1
  1875.25536328     0.99908826        1
  1875.27579478     0.99837647        1
  1875.35752118     0.98996493        1
  1875.37795288     0.98960840        1
  1875.39838438     1.00041500        1
  1875.41881598     1.00149129        1
  1875.43924768     1.00138089        1
  1875.45967918     0.99985715        1
  1875.48011078     1.00118089        1
  1875.50054248     1.00056429        1
  1875.52097398     0.99939400        1
  1875.54140568     1.00050880        1
  1875.56183728     1.00114214        1
  1875.60270048     1.00000035        1
  1875.62313208     1.00179345        1
  1875.64356358     1.00055256        1
  1875.66399528     0.99880086        1
  1875.68442688     1.00039518        1
  1875.70485848     0.99788384        1
  1875.72529008     0.99940454        1
  1875.74572168     0.99987009        1
  1875.76615338     1.00129330        1
  1875.78658488     1.00049403        1
  1875.80701648     0.99930083        1
  1875.84787978     1.00069481        1
  1875.86831128     1.00063232        1
  1875.88874298     0.99846770        1
  1875.90917458     0.99732009        1
  1875.92960608     0.99713995        1
  1875.95003778     0.99914872        1
  1875.97046938     0.99901751        1
  1875.99090108     1.00046589        1
  1876.01133258     0.99915467        1
  1876.03176418     0.99992389        1
  1876.09305898     1.00152024        1
  1876.11349058     1.00206809        1
  1876.13392218     1.00022124        1
  1876.15435368     1.00050481        1
  1876.17478538     0.99969737        1
  1876.19521698     0.99993118        1
  1876.21564858     0.99894546        1
  1876.23608018     1.00063038        1
  1876.25651178     1.00162466        1
  1876.27694348     0.99959205        1
  1876.29737498     0.99928324        1
  1876.35866988     0.99970443        1
  1876.37910138     0.99998673        1
  1876.39953309     1.00170493        1
  1876.41996469     1.00057547        1
  1876.44039619     1.00065021        1
  1876.46082789     1.00022154        1
  1876.48125949     0.99946095        1
  1876.50169119     1.00051330        1
  1876.52212269     0.99986886        1
  1876.54255429     0.99980445        1
  1876.58341749     0.99969492        1
  1876.60384909     0.99841900        1
  1876.62428079     1.00002199        1
  1876.64471229     1.00088798        1
  1876.66514390     1.00218120        1
  1876.68557560     1.00287119        1
  1876.82859670     1.00159977        1
  1876.84902840     1.00093458        1
  1876.86945991     1.00154643        1
  1876.88989151     1.00062158        1
  1876.91032321     1.00099249        1
  1876.93075481     1.00228339        1
  1876.95118631     1.00395895        1
  1877.07377612     1.00287574        1
  1877.09420762     1.00063487        1
  1877.11463922     1.00240066        1
  1877.13507092     1.00169014        1
  1877.15550243     1.00208628        1
  1877.17593403     1.00077343        1
  1877.19636573     1.00150989        1
  1877.21679723     1.00133986        1
  1877.23722893     1.00077869        1
  1877.25766053     1.00248866        1
  1877.27809204     1.00412538        1
  1877.31895534     1.00381286        1
  1877.33938694     1.00044064        1
  1877.35981854     0.99973007        1
  1877.38025015     1.00000000        1
  1877.40068175     1.00150832        1
  1877.42111335     0.99898200        1
  1877.44154495     0.99929408        1
  1877.46197655     0.99816932        1
  1877.48240816     0.99991039        1
  1877.50283976     1.00087393        1
  1877.52327136     0.99961809        1
  1877.58456627     0.99707446        1
  1877.60499777     1.00069295        1
  1877.62542937     1.00009643        1
  1877.64586107     0.99846210        1
  1877.66629258     0.99921768        1
  1877.68672428     0.99880144        1
  1877.70715588     0.99896621        1
  1877.72758738     0.99703248        1
  1877.74801909     1.00116907        1
  1877.76845069     1.00171883        1
  1877.80931390     0.99808655        1
  1877.82974550     0.99985619        1
  1877.85017700     0.99562210        1
  1877.87060870     0.99697603        1
  1877.89104031     0.99695990        1
  1877.91147191     0.99941799        1
  1877.93190351     0.99809356        1
  1877.95233512     0.99914589        1
  1877.97276682     0.99921301        1
  1877.99319842     0.99919757        1
  1878.01362993     0.99855523        1
  1878.05449323     0.99807748        1
  1878.07492474     0.99971020        1
  1878.09535644     0.99793609        1
  1878.11578804     0.99853986        1
  1878.13621955     0.99856767        1
  1878.15665125     0.99982684        1
  1878.17708275     0.99897382        1
  1878.19751446     0.99874574        1
  1878.21794606     1.00030977        1
  1878.23837756     1.00259674        1
  1878.25880927     1.00472548        1
  1878.29967237     0.99922854        1
  1878.32010408     0.99946118        1
  1878.34053568     0.99990853        1
  1878.36096719     0.99907470        1
  1878.38139889     0.99949240        1
  1878.40183049     0.99862932        1
  1878.42226220     1.00063241        1
  1878.44269370     1.00198103        1
  1878.46312531     1.00221387        1
  1878.48355701     1.00325671        1
  1878.50398852     1.00586699        1
  1878.54485182     1.00045861        1
  1878.56528343     0.99759514        1
  1878.58571493     0.99892862        1
  1878.60614664     0.99886200        1
  1878.62657824     0.99891795        1
  1878.64700985     0.99933428        1
  1878.66744145     1.00000061        1
  1878.68787306     1.00035911        1
  1878.70830476     1.00043530        1
  1878.72873627     1.00065044        1
  1878.74916787     1.00445881        1
  1878.79003108     1.00189396        1
  1878.81046269     1.00000213        1
  1878.83089429     1.00120330        1
  1878.85132590     1.00076199        1
  1878.87175760     1.00003259        1
  1878.89218911     0.99939817        1
  1878.91262071     1.00000799        1
  1878.93305242     0.99988577        1
  1878.95348392     0.99997709        1
  1878.97391553     1.00139301        1
  1878.99434723     1.00300420        1
  1879.09650526     1.00180317        1
  1879.11693687     1.00117727        1
  1879.13736847     1.00091419        1
  1879.15780008     1.00120621        1
  1879.17823169     0.99992108        1
  1879.19866329     0.99975794        1
  1879.21909500     1.00114008        1
  1879.23952650     1.00107569        1
  1879.34168464     1.00083750        1
  1879.36211614     0.99890793        1
  1879.38254785     0.99762853        1
  1879.40297945     1.00075489        1
  1879.42341096     0.99754809        1
  1879.44384267     0.99861894        1
  1879.46427427     1.00163126        1
  1879.48470578     0.99785191        1
  1879.52556899     0.99817436        1
  1879.54600070     0.99752146        1
  1879.56643231     0.99975709        1
  1879.58686392     0.99711651        1
  1879.60729552     0.99884578        1
  1879.62772713     0.99883470        1
  1879.64815874     1.00066159        1
  1879.66859035     1.00274421        1
  1879.68902195     1.00187133        1
  1879.70945356     1.00479101        1
  1879.72988517     1.00962982        1
  1879.77074848     0.99684598        1
  1879.79118009     0.99967104        1
  1879.81161160     0.99856153        1
  1879.83204331     0.99830794        1
  1879.85247491     1.00125673        1
  1879.87290642     1.00058798        1
  1879.89333813     1.00136635        1
  1879.91376974     1.00051613        1
  1879.93420125     0.99951937        1
  1879.95463296     0.99874622        1
  1879.97506456     1.00566252        1
  1880.05679110     0.99846209        2
  1880.07722261     1.00276241        2
  1880.09765421     1.00176432        2
  1880.11808582     1.00034479        2
  1880.13851743     1.00148314        2
  1880.15894904     1.00025945        2
  1880.17938075     0.99991509        2
  1880.19981226     1.00107472        2
  1880.22024397     1.00110116        2
  1880.26110709     1.00137633        2
  1880.28153880     1.00038457        2
  1880.30197041     1.00022764        2
  1880.32240192     1.00045986        2
  1880.34283362     0.99914617        2
  1880.36326523     0.99919674        2
  1880.38369674     0.99803770        2
  1880.40412845     0.99785903        2
  1880.42456006     0.99718422        2
  1880.44499177     0.99662338        2
  1880.46542328     0.99387764        2
  1880.50628660     1.00037810        2
  1880.52671811     1.00064636        2
  1880.54714972     1.00100753        2
  1880.56758143     0.99848583        2
  1880.58801294     0.99895628        2
  1880.60844455     0.99926798        2
  1880.62887627     0.99799631        2
  1880.64930778     0.99668539        2
  1880.66973949     0.99482953        2
  1880.69017110     0.99493960        2
  1880.71060271     0.99686146        2
  1880.75146593     1.00128892        2
  1880.77189754     1.00078509        2
  1880.79232915     1.00063925        2
  1880.81276076     1.00099995        2
  1880.83319237     1.00152807        2
  1880.85362399     1.00000000        2
  1880.87405560     1.00021791        2
  1880.89448721     0.99889639        2
  1880.91491882     0.99885337        2
  1880.93535043     0.99870086        2
  1880.95578214     0.99861660        2
  1881.01707698     1.00125324        2
  1881.03750849     1.00354712        2
  1881.05794010     1.00303828        2
  1881.07837182     1.00159368        2
  1881.09880333     1.00341477        2
  1881.11923504     1.00168036        2
  1881.13966665     1.00143255        2
  1881.16009816     1.00195842        2
  1881.18052988     1.00058493        2
  1881.20096149     1.00027868        2
  1881.24182472     0.99751147        2
  1881.26225633     1.00110840        2
  1881.28268794     0.99931967        2
  1881.30311955     0.99946692        2
  1881.32355117     1.00109645        2
  1881.34398288     1.00052871        2
  1881.36441439     1.00021976        2
  1881.38484601     1.00068141        2
  1881.40527772     0.99955690        2
  1881.42570933     0.99775863        2
  1881.44614085     1.00671750        2
  1881.48700407     0.99978160        2
  1881.50743579     0.99457675        2
  1881.52786740     0.99579939        2
  1881.54829902     0.99949166        2
  1881.56873063     1.00102496        2
  1881.58916224     0.99771350        2
  1881.60959376     0.99893156        2
  1881.63002547     0.99968545        2
  1881.65045709     1.00076119        2
  1881.67088860     0.99917131        2
  1881.69132032     0.99942527        2
  1881.73218365     0.99874043        2
  1881.75261516     0.99931085        2
  1881.77304678     1.00162527        2
  1881.79347849     1.00120984        2
  1881.81391001     1.00026844        2
  1881.83434162     0.99771880        2
  1881.85477334     1.00012036        2
  1881.87520485     1.00039003        2
  1881.89563647     0.99913654        2
  1881.91606818     1.00015844        2
  1881.93649980     0.99756511        2
  1881.97736303     1.00104831        2
  1881.99779465     1.00040243        2
  1882.01822626     1.00062125        2
  1882.03865788     1.00052166        2
  1882.05908949     1.00116996        2
  1882.07952121     0.99879723        2
  1882.09995273     0.99978968        2
  1882.12038434     0.99946907        2
  1882.14081606     0.99975058        2
  1882.16124758     0.99840028        2
  1882.18167929     1.00050225        2
  1882.22254243     0.99993136        2
  1882.24297414     1.00062697        2
  1882.26340566     1.00031444        2
  1882.28383728     0.99944752        2
  1882.30426899     1.00064293        2
  1882.32470051     0.99965351        2
  1882.34513223     0.99911369        2
  1882.36556385     0.99867135        2
  1882.38599536     0.99637206        2
  1882.40642708     0.99659435        2
  1882.46772193     1.00004041        2
  1882.48815355     0.99896352        2
  1882.50858517     1.00085969        2
  1882.52901679     1.00080791        2
  1882.54944841     1.03120263        2
  1882.56988013     0.99879496        2
  1882.59031174     0.99927633        2
  1882.61074326     0.99758811        2
  1882.79462803     1.00046794        2
  1882.81505955     1.00146388        2
  1882.83549117     1.00078668        2
  1882.85592289     1.00067162        2
  1882.87635441     1.00182184        2
  1882.89678593     1.00138898        2
  1882.91721765     1.00292897        2
  1883.03980737     1.00089989        2
  1883.06023900     1.00238719        2
  1883.08067072     1.00051527        2
  1883.10110234     1.00041328        2
  1883.12153386     1.00047789        2
  1883.14196558     1.00082874        2
  1883.16239720     0.99968587        2
  1883.20326044     0.99707906        2
  1883.22369206     1.00172508        2
  1883.24412379     0.99881188        2
  1883.26455531     0.99904175        2
  1883.28498693     1.00062416        2
  1883.30541865     0.99992110        2
  1883.32585017     0.99876191        2
  1883.34628180     0.99483290        2
  1883.36671352     0.99776190        2
  1883.38714504     1.00057623        2
  1883.40757676     1.00119573        2
  1883.44843991     0.99965084        2
  1883.46887163     1.00011885        2
  1883.48930325     0.99994229        2
  1883.50973478     0.99661657        2
  1883.53016650     0.99821015        2
  1883.55059802     0.99949043        2
  1883.57102975     0.99852724        2
  1883.59146137     0.99793052        2
  1883.61189289     0.99453910        2
  1883.63232462     0.99925225        2
  1883.65275624     1.00200751        2
  1883.73448274     0.99871724        2
  1883.75491436     0.99916175        2
  1883.77534598     1.00435907        2
  1883.79577771     0.99972228        2
  1883.81620933     0.99810041        2
  1883.83664086     1.00009405        2
  1883.85707258     0.99992341        2
  1883.87750421     1.00021064        2
  1883.89793573     1.00117360        2
  1884.00009396     1.00146338        2
  1884.02052568     0.99856398        2
  1884.04095721     0.99914536        2
  1884.06138884     0.99955456        2
  1884.08182056     0.99900093        2
  1884.10225209     0.99934804        2
  1884.12268371     1.00002398        2
  1884.14311544     0.99935608        2
  1884.22484185     0.99951705        2
  1884.24527357     0.99914190        2
  1884.26570510     0.99955048        2
  1884.28613673     0.99972982        2
  1884.30656845     1.00027563        2
  1884.32700008     0.99990106        2
  1884.34743161     0.99960960        2
  1884.36786334     1.00055946        2
  1884.38829496     1.00145005        2
  1884.44958985     0.99938963        2
  1884.47002158     1.00108358        2
  1884.49045310     1.00101983        2
  1884.51088473     0.99860216        2
  1884.53131646     0.99997266        2
  1884.55174799     1.00119845        2
  1884.57217962     0.99971901        2
  1884.59261135     0.99997367        2
  1884.61304288     0.99984058        2
  1884.63347460     1.00049078        2
  1884.67433776     1.00122847        2
  1884.69476949     0.99964885        2
  1884.71520112     0.99948083        2
  1884.73563275     0.99992824        2
  1884.75606438     0.99972532        2
  1884.77649601     0.99872724        2
  1884.79692764     0.99843764        2
  1884.81735927     1.00009175        2
  1884.83779090     1.00036435        2
  1884.85822253     1.00187774        2
  1884.87865416     1.00236255        2
  1884.91951742     1.00106618        2
  1884.93994905     1.00227845        2
  1884.96038068     1.00015130        2
  1884.98081241     1.00124329        2
  1885.00124395     1.00102701        2
  1885.02167568     1.00151182        2
  1885.04210731     1.00133910        2
  1885.06253884     1.00112029        2
  1885.08297057     1.00177058        2
  1885.10340220     1.00270946        2
  1885.12383374     1.00255049        2
  1885.16469710     0.95236864        2
  1885.18512863     0.99815378        2
  1885.20556036     0.99946134        2
  1885.22599200     0.99846326        2
  1885.24642373     0.99846409        2
  1885.26685526     1.00027676        2
  1885.28728689     0.99976902        2
  1885.30771863     0.99925633        2
  1885.32815016     0.99913357        2
  1885.34858179     0.99969558        2
  1885.36901353     1.00068275        2
  1885.43030843     0.99880167        2
  1885.45074006     0.99769895        2
  1885.47117170     1.00211826        2
  1885.49160333     0.99507179        2
  1885.51203496     0.99808962        2
  1885.53246660     1.00029234        2
  1885.55289823     1.00074147        2
  1885.57332977     1.00109196        2
  1885.59376150     1.00055422        2
  1885.61419314     0.99777594        2
  1885.65505641     0.99734629        2
  1885.67548804     1.00042490        2
  1885.69591978     1.00112671        2
  1885.71635131     1.00128810        2
  1885.73678295     0.99983339        2
  1885.75721468     1.00031931        2
  1885.77764622     1.00087216        2
  1885.79807786     1.00002817        2
  1885.81850959     1.00212113        2
  1885.83894113     1.00193316        2
  1885.85937286     0.99871504        2
  1885.92066777     1.00085644        2
  1885.94109941     1.00016076        2
  1885.96153105     0.99840688        2
  1885.98196269     0.99782758        2
  1886.00239432     1.00034776        2
  1886.02282596     0.99963768        2
  1886.04325760     0.99860112        2
  1886.06368924     0.99997497        2
  1886.08412097     0.99990549        2
  1886.10455261     0.99973121        2
  1886.18627906     0.99860023        2
  1886.20671080     0.99954116        2
  1886.22714234     0.99895323        2
  1886.24757408     0.99856628        2
  1886.26800572     0.99780191        2
  1886.28843726     0.99899633        2
  1886.30886900     0.99911135        2
  1886.32930064     0.99920984        2
  1886.34973218     1.00031584        2
  1886.39059556     0.99844953        2
  1886.41102710     0.99895326        2
  1886.43145884     0.99869188        2
  1886.45189048     0.99892289        2
  1886.47232222     0.99920290        2
  1886.49275376     1.00056080        2
  1886.51318540     1.00208060        2
  1886.53361714     1.00139053        2
  1886.55404868     1.00119070        2
  1886.63577535     1.00093131        2
  1886.65620699     1.00174021        2
  1886.67663863     1.00171055        2
  1886.69707027     1.00198200        2
  1886.71750191     1.01043591        2
  1886.73793356     1.00202356        2
  1886.75836530     1.00112248        2
  1886.77879684     1.00426975        2
  1886.88095505     1.00035419        2
  1886.90138670     1.00093081        2
  1886.92181844     1.00081745        2
  1886.94224998     1.00102696        2
  1886.96268163     1.00265717        2
  1886.98311337     1.00334164        2
  1887.00354492     1.00271422        2
  1887.02397656     1.00365694        2
  1887.14656653     1.00029093        2
  1887.16699817     1.00116334        2
  1887.18742982     0.99928581        2
  1887.20786146     0.99962965        2
  1887.22829311     1.00169382        2
  1887.24872486     0.99763159        2
  1887.26915640     0.99599191        2
  1887.28958805     0.99842427        2
  1887.31001979     0.99978173        2
  1887.33045144     0.99957211        2
  1887.37131473     0.99990462        2
  1887.39174638     0.99766395        2
  1887.41217793     0.99700502        2
  1887.43260967     0.99811979        2
  1887.45304132     0.99542337        2
  1887.47347297     1.00005093        2
  1887.49390462     0.99903697        2
  1887.51433626     0.99802417        2
  1887.53476801     0.99847251        2
  1887.55519956     0.99624967        2
  1887.57563121     0.99954930        2
  1887.61649450     1.00032528        2
  1887.63692625     0.99960243        2
  1887.65735780     0.99526110        2
  1887.67778945     0.99987536        2
  1887.69822120     0.99964801        2
  1887.71865275     1.00076802        2
  1887.73908440     1.00057056        2
  1887.75951615     1.00131426        2
  1887.77994770     1.00228184        2
  1887.80037935     1.00269681        2
  1887.82081110     1.00729004        2
  1887.86167440     1.00014056        2
  1887.88210605     1.00012034        2
  1887.90253770     0.99967204        2
  1887.92296935     1.00052182        2
  1887.94340100     1.00019275        2
  1887.96383265     1.00065626        2
  1887.98426440     1.00024580        2
  1891.00815126     1.00037853        3
  1891.04901462     0.99944191        3
  1891.06944629     1.00048578        3
  1891.08987807     1.00000000        3
  1891.11030965     1.00013379        3
  1891.13074132     0.99928555        3
  1891.15117310     0.99854212        3
  1891.17160468     0.99966448        3
  1891.19203646     0.99617201        3
  1891.21246813     0.99916118        3
  1891.23289971     0.99379894        3
  1891.25333149     1.00329234        3
  1891.29419475     1.00237184        3
  1891.31462653     1.00203237        3
  1891.33505821     0.99851790        3
  1891.35548998     0.99895454        3
  1891.37592156     0.99947541        3
  1891.39635324     1.00137647        3
  1891.41678502     1.00146496        3
  1891.43721660     0.99506192        3
  1891.45764828     1.00183723        3
  1891.47808006     1.00156491        3
  1891.49851174     0.99950872        3
  1891.53937511     0.99921410        3
  1891.55980669     0.99961970        3
  1891.58023847     0.99846251        3
  1891.60067015     0.99983001        3
  1891.62110173     1.00048915        3
  1891.64153351     0.99987584        3
  1891.66196520     0.99518018        3
  1891.68239678     0.99983650        3
  1891.70282856     1.00108111        3
  1891.72326024     1.00028629        3
  1891.74369203     1.00101900        3
  1891.78455529     1.00002519        3
  1891.80498708     0.99928659        3
  1891.82541866     0.99899488        3
  1891.84585034     0.99968810        3
  1891.86628213     0.99862786        3
  1891.88671371     1.00050748        3
  1891.90714540     1.00050485        3
  1891.92757718     1.00073682        3
  1891.94800877     0.99957812        3
  1891.96844055     1.00119588        3
  1891.98887224     1.00007518        3
  1892.02973561     1.00011168        3
  1892.05016729     0.99967684        3
  1892.07059898     1.00163354        3
  1892.09103066     1.00066539        3
  1892.11146235     0.99891144        3
  1892.13189414     0.99952841        3
  1892.15232582     1.00094044        3
  1892.17275741     1.00008733        3
  1892.19318920     1.00257819        3
  1892.21362079     0.99959763        3
  1892.23405247     0.99937555        3
  1892.27491585     0.99986944        3
  1892.29534764     0.99830701        3
  1892.31577933     0.99895039        3
  1892.33621091     1.00053748        3
  1892.35664270     0.99847556        3
  1892.37707439     0.99815668        3
  1892.39750598     0.99951888        3
  1892.41793777     1.00038090        3
  1892.43836946     1.00159512        3
  1892.45880105     0.99823568        3
  1892.47923284     0.99959699        3
  1892.52009632     1.00156281        3
  1892.54052791     1.00072019        3
  1892.56095960     1.00026779        3
  1892.58139139     1.00075479        3
  1892.60182298     1.00159105        3
  1892.62225467     1.00233421        3
  1892.64268647     1.00057818        3
  1892.66311816     1.00008920        3
  1892.68354985     0.99936061        3
  1892.84700339     1.00127262        3
  1892.86743519     1.00001389        3
  1892.88786678     0.99959852        3
  1892.90829857     1.00072111        3
  1892.92873017     0.99994736        3
  1892.94916186     1.00164375        3
  1892.96959366     0.99990039        3
  1893.01045695     0.99288595        3
  1893.03088874     1.00053162        3
  1893.05132034     1.00051582        3
  1893.07175214     0.99987398        3
  1893.09218383     0.99633018        3
  1893.11261543     0.99685560        3
  1893.13304722     1.00115554        3
  1893.15347892     0.99228086        3
  1893.17391052     0.99407946        3
  1893.19434231     0.99398639        3
  1893.21477401     1.00057456        3
  1893.35779600     1.00021404        3
  1893.37822770     0.99773740        3
  1893.39865930     1.00040771        3
  1893.41909110     0.99704950        3
  1893.43952280     0.99955573        3
  1893.45995460     0.99897041        3
  1893.50081790     0.99829175        3
  1893.52124970     0.99662473        3
  1893.54168130     0.99952394        3
  1893.56211290     1.00014902        3
  1893.58254470     0.99961004        3
  1893.60297640     0.99763895        3
  1893.62340820     0.99670815        3
  1893.64383980     0.99960998        3
  1893.66427150     0.99995493        3
  1893.68470331     1.00059602        3
  1893.70513491     0.99767984        3
  1893.74599841     1.00034593        3
  1893.76643002     1.00155491        3
  1893.78686172     1.00021909        3
  1893.80729352     1.00271038        3
  1893.82772513     1.00013629        3
  1893.84815693     0.99978684        3
  1893.86858864     1.00141751        3
  1893.88902034     0.99933433        3
  1893.90945204     0.99788470        3
  1893.92988375     0.99865053        3
  1893.95031545     0.99958353        3
  1894.05247398     0.99958781        3
  1894.07290579     1.00098867        3
  1894.09333749     1.00156157        3
  1894.11376910     1.00097937        3
  1894.13420091     1.00014155        3
  1894.15463261     1.00109245        3
  1894.17506432     1.00021644        3
  1894.19549603     1.00105117        3
  1894.23635944     0.99897473        3
  1894.25679115     1.00113191        3
  1894.27722276     1.00061062        3
  1894.29765457     1.00061837        3
  1894.31808628     1.00032898        3
  1894.33851789     1.00065676        3
  1894.35894970     1.00045024        3
  1894.37938141     1.00205530        3
  1894.39981322     1.00108998        3
  1894.42024483     1.00013368        3
  1894.44067654     1.00179635        3
  1894.48153996     1.00081552        3
  1894.50197167     1.00109792        3
  1894.52240348     1.00016919        3
  1894.54283519     0.99985721        3
  1894.56326690     1.00245679        3
  1894.58369861     1.00217833        3
  1894.60413032     1.00077729        3
  1894.62456204     0.99920998        3
  1894.72672060     1.00114959        3
  1894.74715241     1.00100084        3
  1894.76758403     1.00050334        3
  1894.78801584     0.99876634        3
  1894.80844756     1.00020779        3
  1894.82887917     1.00017506        3
  1894.84931098     0.99950079        3
  1894.86974260     1.00149485        3
  1894.89017431     0.99977190        3
  1894.97190128     0.99588317        3
  1894.99233289     1.00146202        3
  1895.01276471     1.00005129        3
  1895.03319643     1.00158415        3
  1895.05362814     1.00089657        3
  1895.07405986     0.99905062        3
  1895.09449158     0.99988740        3
  1895.11492339     0.99976912        3
  1895.13535501     0.99600890        3
  1895.15578673     0.99960749        3
  1895.17621855     0.99827248        3
  1895.21708189     0.98985492        3
  1895.23751370     0.99664160        3
  1895.25794542     0.99811645        3
  1895.27837704     0.99961877        3
  1895.29880886     0.99944100        3
  1895.31924058     0.99975772        3
  1895.33967240     0.99994298        3
  1895.36010402     0.99992256        3
  1895.38053574     1.00021840        3
  1895.40096756     0.99880455        3
  1895.42139918     0.99512382        3
  1895.46226273     0.99617670        3
  1895.48269435     1.00128911        3
  1895.50312617     0.99863756        3
  1895.52355779     0.99764873        3
  1895.54398951     0.99617391        3
  1895.56442134     0.99787779        3
  1895.58485296     0.99883799        3
  1895.60528468     0.99936967        3
  1895.62571651     0.99859560        3
  1895.64614813     0.99622946        3
  1895.66657995     0.99930711        3
  1895.70744340     0.99936951        3
  1895.72787513     1.00071587        3
  1895.74830685     0.99726588        3
  1895.76873858     1.00082760        3
  1895.78917030     0.99951447        3
  1895.80960203     0.99872625        3
  1895.83003375     0.99921517        3
  1895.85046558     1.00120531        3
  1895.87089720     1.00051144        3
  1895.89132903     1.00086379        3
  1895.91176076     1.00050250        3
  1895.97305594     1.00207934        3
  1895.99348756     1.00031970        3
  1896.01391939     1.00027368        3
  1896.03435112     1.00095811        3
  1896.05478295     1.00042644        3
  1896.07521458     1.00025830        3
  1896.09564631     0.99974773        3
  1896.11607803     0.99990477        3
  1896.13650976     1.00041156        3
  1896.15694149     1.00076122        3
  1896.19780495     1.00141363        3
  1896.21823678     1.00050394        3
  1896.23866841     1.00080180        3
  1896.25910014     1.00195793        3
  1896.27953197     1.00153630        3
  1896.29996360     1.00101385        3
  1896.32039534     0.99972201        3
  1896.34082717     0.99964521        3
  1896.36125880     0.99910652        3
  1896.38169053     1.00116125        3
  1896.52471276     1.00120277        3
  1896.54514450     1.00187027        3
  1896.56557633     1.00151228        3
  1896.58600796     1.00212250        3
  1896.60643980     1.00031993        3
  1896.62687153     0.99917565        3
  1896.64730317     1.00131411        3
  1896.68816674     0.99995254        3
  1896.70859838     0.99970582        3
  1896.72903021     0.99908415        3
  1896.74946195     1.00095463        3
  1896.76989368     1.00033915        3
  1896.79032542     1.00019040        3
  1896.81075716     0.99965062        3
  1896.83118890     0.99941755        3
  1896.85162063     0.99941124        3
  1896.87205237     0.99876897        3
  1896.89248411     0.99818411        3
  1896.93334759     0.99897371        3
  1896.95377932     0.99921103        3
  1896.97421106     0.99978916        3
  1896.99464290     0.99905606        3
  1897.01507454     0.99307117        3
  1897.03550628     0.98825744        3
  1897.05593812     0.99264186        3
  1897.07636986     0.99971100        3
  1897.09680150     1.00128010        3
  1897.11723334     0.99851496        3
  1897.13766508     0.99980177        3
  1897.17852857     0.99929466        3
  1897.19896031     1.00029937        3
  1897.21939215     1.00087522        3
  1897.23982379     1.00013167        3
  1897.26025554     1.00158546        3
  1897.28068738     0.99777110        3
  1897.30111902     1.00214479        3
  1897.32155086     1.00227661        3
  1897.34198261     1.00032777        3
  1897.36241425     0.99791165        3
  1897.38284610     0.99695053        3
  1897.42370948     0.99890581        3
  1897.44414133     1.00013426        3
  1897.46457307     1.00113951        3
  1897.48500492     1.00069546        3
  1897.50543656     0.99940292        3
  1897.52586821     0.99904740        3
  1897.54630006     1.00203502        3
  1897.56673180     1.00192189        3
  1897.58716355     1.00048214        3
  1897.60759530     0.99970927        3
  1897.62802704     1.00017300        3
  1897.77104938     1.00036725        3
  1897.79148113     0.99827346        3
  1897.81191278     1.00132489        3
  1897.83234463     0.99965530        3
  1897.85277638     1.00032949        3
  1897.87320823     1.00090803        3
  1897.93450348     0.99939896        3
  1897.95493513     1.00093309        3
  1897.97536688     0.99977639        3
  1897.99579873     1.00055557        3
  1898.01623038     1.00080304        4
  1898.03666224     0.99940626        4
  1898.05709399     1.00014925        4
  1898.07752564     0.99952591        4
  1898.09795749     0.99867318        4
  1898.11838925     1.00058485        4
  1898.15925275     1.00206717        4
  1898.17968441     1.00117594        4
  1898.20011626     1.00098505        4
  1898.22054802     1.00082259        4
  1898.24097967     0.99800020        4
  1898.26141153     0.99769524        4
  1898.28184328     0.99662820        4
  1898.30227504     0.99802987        4
  1898.32270679     1.00077920        4
  1898.34313855     0.99984986        4
  1898.36357030     0.99989043        4
  1898.40443382     1.00226973        4
  1898.42486567     1.00154363        4
  1898.44529743     1.00131434        4
  1898.46572909     1.00030983        4
  1898.48616095     1.00064938        4
  1898.50659270     1.00066586        4
  1898.52702436     0.99876658        4
  1898.54745622     0.99904801        4
  1898.56788798     0.99878112        4
  1898.58831984     0.99770788        4
  1898.60875150     1.00060081        4
  1898.64961512     1.00585838        4
  1898.67004678     1.00419551        4
  1898.69047854     1.00071370        4
  1898.71091040     1.00216043        4
  1898.73134206     1.00137974        4
  1898.75177392     0.99949206        4
  1898.77220568     0.99953824        4
  1898.79263734     0.99972060        4
  1898.81306921     0.99697056        4
  1898.83350087     0.99755311        4
  1898.85393263     0.99840535        4
  1898.89479616     0.99698415        4
  1898.91522792     1.00079324        4
  1898.93565978     0.99692872        4
  1898.95609155     1.00004186        4
  1898.97652331     0.99899910        4
  1898.99695508     0.99997739        4
  1899.01738684     1.00029213        4
  1899.03781861     0.99853221        4
  1899.05825037     0.99860352        4
  1899.07868214     1.00078522        4
  1899.09911400     1.00137821        4
  1899.13997753     1.00037875        4
  1899.16040930     0.99804703        4
  1899.18084097     1.00278867        4
  1899.20127283     1.00163406        4
  1899.22170460     0.99917898        4
  1899.24213627     0.99966781        4
  1899.26256814     0.99789371        4
  1899.28299990     0.99831063        4
  1899.30343177     0.99982690        4
  1899.32386344     1.00034517        4
  1899.34429521     0.99720880        4
  1899.38515875     0.99951928        4
  1899.40559052     0.99490388        4
  1899.42602239     1.00026157        4
  1899.44645406     1.00089537        4
  1899.46688593     1.00153067        4
  1899.48731760     1.00045646        4
  1899.50774937     1.00008826        4
  1899.52818124     0.99824900        4
  1899.54861291     0.99856598        4
  1899.56904469     0.99929280        4
  1899.58947656     1.00200785        4
  1899.63034000     1.00184984        4
  1899.65077188     1.00255992        4
  1899.67120365     1.00165855        4
  1899.69163542     1.00013323        4
  1899.71206720     0.99928397        4
  1899.73249897     0.99850351        4
  1899.75293084     1.00059785        4
  1899.77336252     0.99980473        4
  1899.79379429     0.99759937        4
  1899.81422617     1.00002384        4
  1899.83465784     0.99432840        4
  1899.91638505     1.00326780        4
  1899.93681683     1.00151290        4
  1899.95724850     1.00206578        4
  1899.97768038     1.00014340        4
  1899.99811216     1.00001830        4
  1900.01854404     1.00088229        4
  1900.03897571     1.00154097        4
  1900.05940749     0.99973868        4
  1900.07983927     0.99982166        4
  1900.12070283     1.00084436        4
  1900.14113461     1.00193192        4
  1900.16156639     1.00040797        4
  1900.18199827     0.99819139        4
  1900.20242995     1.00039086        4
  1900.22286173     0.99749643        4
  1900.24329361     0.99966358        4
  1900.26372529     1.00026684        4
  1900.28415707     0.99928832        4
  1900.30458895     0.99945847        4
  1900.32502074     0.99962962        4
  1900.36588430     1.00161986        4
  1900.38631608     1.00090762        4
  1900.40674797     1.00110229        4
  1900.42717965     1.00053215        4
  1900.44761143     1.00029052        4
  1900.46804332     1.00054837        4
  1900.48847500     0.99963647        4
  1900.50890679     0.99980770        4
  1900.52933867     0.99922940        4
  1900.54977036     0.99889985        4
  1900.57020224     1.00093375        4
  1900.61106571     1.00118556        4
  1900.63149760     1.00181947        4
  1900.65192939     1.00224302        4
  1900.67236107     1.00050471        4
  1900.69279296     1.00178715        4
  1900.71322475     1.00123498        4
  1900.73365654     0.99921631        4
  1900.85624727     1.00120653        4
  1900.87667906     0.99892296        4
  1900.89711095     0.99007004        4
  1900.91754274     0.99766263        4
  1900.93797443     0.99318534        4
  1900.95840632     1.00050192        4
  1900.97883811     0.99662521        4
  1900.99926980     0.99882603        4
  1901.01970169     1.00063843        4
  1901.04013348     1.00009995        4
  1901.06056518     0.99954470        4
  1901.10142886     1.00013448        4
  1901.12186075     1.00024587        4
  1901.14229245     0.99749025        4
  1901.16272424     0.99702641        4
  1901.18315614     1.00059901        4
  1901.20358783     1.00030506        4
  1901.22401962     0.99830633        4
  1901.24445152     0.99229116        4
  1901.26488321     0.99764533        4
  1901.28531511     0.99261840        4
  1901.30574691     1.00006411        4
  1901.38747409     0.99686629        4
  1901.40790589     1.00054696        4
  1901.42833768     0.99897753        4
  1901.44876948     0.99842162        4
  1901.46920128     0.99717488        4
  1901.48963308     0.99970326        4
  1901.51006488     0.99944484        4
  1901.53049668     0.99779493        4
  1901.55092847     0.99509044        4
  1901.59179207     0.99725648        4
  1901.61222397     1.00025614        4
  1901.63265577     1.00025298        4
  1901.65308747     0.99860329        4
  1901.67351938     0.99963997        4
  1901.69395118     0.99953642        4
  1901.71438288     0.99827080        4
  1901.73481478     0.99927797        4
  1901.75524658     1.00087300        4
  1901.77567828     0.99965188        4
  1901.79611019     0.99901567        4
  1901.83697389     0.99888442        4
  1901.85740560     0.99951657        4
  1901.87783740     1.00016374        4
  1901.89826930     1.00037360        4
  1901.91870101     0.99961709        4
  1901.93913281     1.00159406        4
  1901.95956472     1.00203206        4
  1901.97999642     1.00219577        4
  1902.00042833     1.00010731        4
  1902.02086013     1.00122212        4
  1902.04129184     0.99766480        4
  1902.08215555     1.00028440        4
  1902.10258726     0.99981300        4
  1902.12301917     1.00139776        4
  1902.14345098     1.00210910        4
  1902.16388278     0.99981893        4
  1902.18431459     0.99998177        4
  1902.20474640     0.99752656        4
  1902.22517821     0.99975779        4
  1902.24561002     0.99939022        4
  1902.26604183     1.00158204        4
  1902.28647374     0.99923241        4
  1902.32733726     1.00210037        4
  1902.34776917     1.00133244        4
  1902.36820088     1.00214100        4
  1902.38863279     1.00108122        4
  1902.40906460     1.00327802        4
  1902.42949631     1.00050470        4
  1902.44992822     1.00005357        4
  1902.47036004     0.99764444        4
  1902.57251910     0.99859272        4
  1902.59295092     1.00066897        4
  1902.61338283     1.00067985        4
  1902.63381455     1.00132762        4
  1902.65424636     1.00179003        4
  1902.67467828     1.00235931        4
  1902.69510999     0.99951620        4
  1902.71554191     1.00117439        4
  1902.73597372     1.00042334        4
  1902.75640544     1.00219955        4
  1902.77683736     0.99919335        4
  1902.81770099     0.97870758        4
  1902.83813281     0.99882853        4
  1902.85856463     1.00166027        4
  1902.87899635     1.00062865        4
  1902.89942827     0.99906122        4
  1902.91986008     1.00008466        4
  1902.94029200     0.99760715        4
  1902.96072372     0.99817877        4
  1902.98115554     1.00009742        4
  1903.00158746     0.99944322        4
  1903.02201918     0.99152697        4
  1903.22633751     1.00254676        4
  1903.24676933     0.99928651        4
  1903.26720125     0.99958778        4
  1903.30806480     0.99624813        4
  1903.32849673     1.00055003        4
  1903.34892845     0.99968077        4
  1903.36936028     1.00017902        4
  1903.38979220     0.99596881        4
  1903.41022403     0.99634878        4
  1903.43065586     0.99010364        4
  1903.45108758     0.99958858        4
  1903.47151941     1.00099607        4
  1903.49195134     0.99952557        4
  1903.51238317     0.99761679        4
  1903.55324682     0.99879958        4
  1903.57367865     0.99733565        4
  1903.59411038     1.00042944        4
  1903.61454231     1.00207771        4
  1903.63497414     1.00278871        4
  1903.65540607     1.00201755        4
  1903.67583780     1.00207552        4
  1903.69626963     1.00175912        4
  1903.71670156     1.00059814        4
  1903.73713329     0.99809203        4
  1903.75756513     1.00138496        4
  1903.81886072     1.00104170        4
  1903.83929255     0.99752250        4
  1903.85972429     1.00012902        4
  1903.88015622     0.99850858        4
  1903.90058805     0.99983360        4
  1903.92101979     1.00071765        4
  1903.94145172     0.99882342        4
  1903.96188356     1.00063957        4
  1903.98231549     0.99817151        4
  1904.00274723     0.99944477        4
  1904.04361090     0.99844412        4
  1904.06404284     0.99853405        4
  1904.08447457     0.99897490        4
  1904.10490641     1.00148768        4
  1904.12533825     1.00089007        4
  1904.14577008     1.00063943        4
  1904.16620202     1.00002313        4
  1904.18663376     1.00001060        4
  1904.20706570     0.99974156        4
  1904.22749754     1.00101077        4
  1904.24792928     1.00109331        4
  1904.30922480     0.99948897        4
  1904.32965674     1.00195436        4
  1904.35008858     0.99761907        4
  1904.37052052     0.99955133        4
  1904.39095226     0.99816445        4
  1904.41138410     1.00043263        4
  1904.43181604     0.99934110        4
  1904.45224778     0.99823308        4
  1904.47267963     0.99918674        4
  1904.49311157     1.00031001        4
  1904.63613448     0.99994320        4
  1904.65656632     0.99817657        4
  1904.67699817     0.99953218        4
  1904.69743002     1.00000000        4
  1904.71786186     1.00070382        4
  1904.73829371     1.00010723        4
  1904.77915740     1.00046801        4
  1904.79958925     1.00050120        4
  1904.82002120     1.00038471        4
  1904.84045295     1.00136211        4
  1904.86088480     1.00013424        4
  1904.88131674     1.00094267        4
  1905.04477155     1.00063027        4
  1905.06520340     0.99905805        4
  1905.08563535     0.99955362        4
  1905.10606710     0.99926186        4
  1905.12649896     0.99914489        4
  1905.14693091     1.00149090        4
  1905.16736266     0.99956709        4
  1905.18779452     0.99987603        4
