  1835.80187596     0.99984853        0
  1835.82230814     0.99993126        0
  1835.84274012     0.99995379        0
  1835.86317220     0.99998416        0
  1835.88360438     0.99990949        0
  1835.90403636     0.99987633        0
  1835.92446844     0.99984064        0
  1835.94490061     0.99986902        0
  1835.96533259     1.00005403        0
  1835.98576467     1.00031400        0
  1836.00619684     0.99998188        0
  1836.02662882     1.00000000        0
  1836.04706089     1.00016408        0
  1836.06749307     1.00011509        0
  1836.08792504     1.00007219        0
  1836.10835712     1.00014343        0
  1836.12878929     1.00015234        0
  1836.14922137     1.00029003        0
  1836.16965334     1.00013530        0
  1836.19008551     1.00018535        0
  1836.21051758     0.99996818        0
  1836.23094975     1.00018732        0
  1836.25138172     1.00004253        0
  1836.27181379     1.00007770        0
  1836.31267793     1.00005602        0
  1836.33311000     1.00008499        0
  1836.35354217     1.00014174        0
  1836.37397414     0.99994896        0
  1836.39440621     1.00000857        0
  1836.41483827     0.99985561        0
  1836.43527034     0.99998137        0
  1836.45570241     0.99996227        0
  1836.47613447     1.00004607        0
  1836.49656654     0.99992949        0
  1836.51699860     0.99984203        0
  1836.53743067     0.99988771        0
  1836.55786273     1.00001123        0
  1836.57829479     0.99991187        0
  1836.59872696     1.00021575        0
  1836.61915892     1.00002359        0
  1836.63959098     1.00002660        0
  1836.66002314     1.00001971        0
  1836.68045510     1.00001351        0
  1836.70088717     0.99992594        0
  1836.72131933     0.99992964        0
  1836.74175129     0.99989561        0
  1836.76218335     0.99986337        0
  1836.78261550     0.99987459        0
  1836.80304746     0.99988263        0
  1836.82347962     1.00011315        0
  1836.84391168     0.99993749        0
  1836.86434363     0.99993308        0
  1836.88477579     0.99997269        0
  1836.90520785     0.99994511        0
  1836.92563980     1.00017826        0
  1836.94607196     0.99997656        0
  1836.96650401     0.99980651        0
  1836.98693607     0.99991737        0
  1837.00736812     1.00016020        0
  1837.02780017     0.99971951        0
  1837.04823223     0.99972453        0
  1837.06866438     0.99982678        0
  1837.08909633     0.99983075        0
  1837.10952838     0.99989552        0
  1837.12996043     1.00009064        0
  1837.15039249     0.99982441        0
  1837.17082454     0.99994871        0
  1837.19125659     1.00022652        0
  1837.21168863     1.00013188        0
  1837.23212068     1.00003575        0
  1837.25255273     1.00016431        0
  1837.27298478     0.99998922        0
  1837.29341673     0.99992695        0
  1837.31384887     0.99995287        0
  1837.33428092     1.00006867        0
  1837.35471297     1.00012932        0
  1837.37514501     0.99984079        0
  1837.39557706     1.00001522        0
  1837.41600910     1.00002470        0
  1837.43644125     1.00020884        0
  1837.45687319     0.99997260        0
  1837.47730533     0.99999307        0
  1837.49773738     1.00014438        0
  1837.51816932     1.00018565        0
  1837.53860146     0.99992276        0
  1837.55903350     1.00014850        0
  1837.57946545     1.00016181        0
  1837.59989759     1.00010848        0
  1837.62032963     1.00014750        0
  1837.64076157     0.99988536        0
  1837.66119371     1.00008347        0
  1837.68162574     0.99991548        0
  1837.70205768     1.00010500        0
  1837.72248982     1.00012017        0
  1837.74292186     0.99990483        0
  1837.76335380     0.99987360        0
  1837.78378593     1.00006446        0
  1837.80421797     1.00003992        0
  1837.82465000     1.00000936        0
  1837.84508204     1.00007938        0
  1837.86551407     1.00009272        0
  1837.88594601     1.00004144        0
  1837.90637814     0.99995617        0
  1837.92681018     1.00013497        0
  1837.94724221     1.00000111        0
  1837.96767424     1.00011778        0
  1837.98810627     0.99995867        0
  1838.00853821     1.00001278        0
  1838.02897034     1.00003371        0
  1838.04940237     0.99999795        0
  1838.06983450     0.99993863        0
  1838.09026643     1.00005524        0
  1838.11069846     1.00007490        0
  1838.13113059     1.00004019        0
  1838.15156252     1.00001306        0
  1838.27415478     0.99992476        0
  1838.29458670     1.00000592        0
  1838.31501883     0.99997405        0
  1838.33545085     1.00016170        0
  1838.35588278     0.99998271        0
  1838.37631490     1.00018392        0
  1838.39674693     1.00006539        0
  1838.41717885     0.99991206        0
  1838.43761097     0.99991845        0
  1838.45804299     0.99992439        0
  1838.47847491     1.00001367        0
  1838.49890704     1.00009824        0
  1838.51933906     1.00001033        0
  1838.53977098     0.99991550        0
  1838.56020310     0.99989555        0
  1838.58063512     0.99990996        0
  1838.60106703     0.99996531        0
  1838.62149915     0.99997831        0
  1838.64193117     0.99988988        0
  1838.66236309     0.99998929        0
  1838.68279521     1.00008897        0
  1838.70322722     0.99997014        0
  1838.72365924     1.00012066        0
  1838.74409126     1.00008499        0
  1838.76452327     1.00015785        0
  1838.78495529     1.00006268        0
  1838.80538730     0.99989625        0
  1838.82581931     0.99982915        0
  1838.84625143     0.99998980        0
  1838.86668334     1.00002279        0
  1838.88711535     0.99999546        0
  1838.90754747     0.99987675        0
  1838.92797938     1.00001368        0
  1838.94841139     1.00014023        0
  1838.96884350     1.00011020        0
  1838.98927541     0.99990235        0
  1839.00970742     0.99995745        0
  1839.03013953     0.99998631        0
  1839.05057144     1.00009115        0
  1839.07100345     1.00015785        0
  1839.09143556     0.99974376        0
  1839.11186757     0.99984505        0
  1839.13229947     0.99998326        0
  1839.15273158     0.99990342        0
  1839.17316359     0.99996513        0
  1839.19359550     1.00014078        0
  1839.21402760     1.00002503        0
  1839.23445961     1.00002822        0
  1839.25489151     0.99995103        0
  1839.27532362     1.00002967        0
  1839.29575562     1.00012264        0
  1839.31618772     1.00011718        0
  1839.33661963     1.00007546        0
  1839.35705163     1.00003734        0
  1839.37748363     0.99999849        0
  1839.39791563     1.00012946        0
  1839.41834754     1.00012577        0
  1839.43877964     0.99998638        0
  1839.45921164     0.99992383        0
  1839.47964354     0.99990797        0
  1839.50007564     0.99999432        0
  1839.52050764     0.99994525        0
  1839.54093964     1.00008032        0
  1839.56137163     0.99993683        0
  1839.58180363     0.99990938        0
  1839.60223563     0.99991025        0
  1839.62266763     0.99989928        0
  1839.72482761     0.99997624        0
  1839.74525970     0.99995271        0
  1839.76569160     1.00010040        0
  1839.78612359     0.99994385        0
  1839.80655568     1.00000713        0
  1839.82698758     1.00011978        0
  1839.84741957     0.99990711        0
  1839.86785166     1.00000298        0
  1839.88828355     1.00013020        0
  1839.90871555     0.99991793        0
  1839.92914764     0.99999587        0
  1839.94957963     1.00015291        0
  1839.97001162     1.00006935        0
  1839.99044361     1.00004361        0
  1840.23562745     1.00011730        0
  1840.25605933     1.00018903        0
  1840.29692340     1.00011126        0
  1840.31735528     0.99999204        0
  1840.33778737     0.99998452        0
  1840.35821935     1.00009887        0
  1840.37865133     1.00019187        0
  1840.39908331     1.00010964        0
  1840.41951529     0.99999846        0
  1840.43994727     1.00017193        0
  1840.46037925     1.00011972        0
  1840.48081123     1.00004331        0
  1840.50124321     0.99996961        0
  1840.52167529     0.99989481        0
  1840.54210717     0.99985690        0
  1840.56253924     0.99978440        0
  1840.58297122     1.00003920        0
  1840.60340310     0.99988710        0
  1840.62383518     0.99985034        0
  1840.64426715     0.99989478        0
  1840.66469903     0.99983033        0
  1840.68513110     0.99997132        0
  1840.70556308     0.99995768        0
  1840.72599495     1.00003463        0
  1840.74642703     1.00012155        0
  1840.76685900     1.00008059        0
  1840.78729097     0.99996047        0
  1840.80772295     1.00001804        0
  1840.82815482     0.99993540        0
  1840.84858689     1.00018466        0
  1840.86901886     0.99999851        0
  1840.88945083     0.99999450        0
  1840.90988270     0.99999686        0
  1840.93031477     0.99995946        0
  1840.95074674     1.00001179        0
  1840.97117861     1.00006106        0
  1840.99161068     1.00006387        0
  1872.00698923     1.00023224        1
  1872.02742083     1.00003837        1
  1872.04785244     1.00009087        1
  1872.06828405     0.99992373        1
  1872.08871566     1.00009046        1
  1872.10914726     1.00020581        1
  1872.12957897     1.00017984        1
  1872.17044209     0.99998769        1
  1872.19087379     0.99992912        1
  1872.21130540     1.00009847        1
  1872.23173691     0.99992717        1
  1872.25216862     1.00007696        1
  1872.27260022     0.99995580        1
  1872.29303173     1.00010979        1
  1872.31346344     0.99998638        1
  1872.33389504     0.99989186        1
  1872.35432655     0.99989181        1
  1872.37475826     0.99987113        1
  1872.41562157     1.00041350        1
  1872.43605308     1.00025773        1
  1872.45648468     0.99976452        1
  1872.47691639     0.99997953        1
  1872.49734790     0.99995533        1
  1872.51777950     0.99999542        1
  1872.53821121     1.00000839        1
  1872.55864272     0.99991395        1
  1872.57907432     1.00000090        1
  1872.59950603     0.99978751        1
  1872.61993754     1.00000327        1
  1872.66080085     0.99996762        1
  1872.68123235     0.99990870        1
  1872.70166406     0.99994860        1
  1872.72209567     0.99993271        1
  1872.74252717     0.99995125        1
  1872.76295888     1.00019685        1
  1872.78339048     0.99990332        1
  1872.80382199     1.00009052        1
  1872.82425370     1.00002106        1
  1872.84468530     0.99993136        1
  1872.86511681     0.99985809        1
  1872.90598012     0.99979075        1
  1872.92641162     1.00001062        1
  1872.94684333     0.99971776        1
  1872.96727493     0.99963165        1
  1872.98770664     0.99978397        1
  1873.00813814     0.99985958        1
  1873.02856975     0.99996428        1
  1873.04900146     0.99997202        1
  1873.06943296     0.99997101        1
  1873.15115938     1.00012567        1
  1873.17159109     1.00020537        1
  1873.19202269     1.00019796        1
  1873.21245430     1.00003552        1
  1873.23288590     0.99993792        1
  1873.25331751     1.00008929        1
  1873.27374911     0.99997063        1
  1873.29418071     1.00013553        1
  1873.31461232     0.99987412        1
  1873.33504392     0.99998668        1
  1873.35547553     0.99981656        1
  1873.39633874     1.00023757        1
  1873.41677034     1.00020055        1
  1873.43720185     1.00037161        1
  1873.45763355     1.00009690        1
  1873.47806516     1.00003583        1
  1873.49849686     1.00017851        1
  1873.51892836     1.00016047        1
  1873.53935997     1.00027252        1
  1873.55979167     1.00014238        1
  1873.58022318     1.00009532        1
  1873.60065478     1.00035852        1
  1873.68238130     1.00005011        1
  1873.72324440     1.00016700        1
  1873.74367611     1.00013594        1
  1873.76410771     1.00029212        1
  1873.78453932     1.00016501        1
  1873.80497092     1.00009639        1
  1873.82540252     1.00022495        1
  1873.84583423     1.00002316        1
  1873.88669733     1.00021068        1
  1873.90712904     1.00014205        1
  1873.92756054     1.00000000        1
  1873.94799214     1.00016141        1
  1873.96842385     1.00020240        1
  1873.98885535     1.00026992        1
  1874.00928705     1.00033021        1
  1874.02971856     1.00021315        1
  1874.05015016     1.00011023        1
  1874.07058186     0.99999390        1
  1874.09101337     1.00003812        1
  1874.21360309     0.99981643        1
  1874.23403459     0.99988277        1
  1874.25446629     1.00008000        1
  1874.27489789     0.99998448        1
  1874.29532950     1.00019514        1
  1874.31576110     0.99999612        1
  1874.33619270     0.99987969        1
  1874.37705591     0.99984298        1
  1874.39748751     0.99976112        1
  1874.41791921     0.99992326        1
  1874.43835072     0.99979900        1
  1874.45878232     0.99997363        1
  1874.47921402     0.99994132        1
  1874.49964553     0.99993821        1
  1874.52007723     0.99994889        1
  1874.54050883     0.99989944        1
  1874.56094033     0.99992977        1
  1874.58137204     0.99986484        1
  1874.62223514     0.99998834        1
  1874.64266684     0.99990716        1
  1874.66309845     1.00010474        1
  1874.68353005     0.99987049        1
  1874.70396165     0.99979225        1
  1874.72439325     0.99986511        1
  1874.74482475     1.00000489        1
  1874.76525646     0.99981613        1
  1874.78568806     0.99981189        1
  1874.86741457     0.99980752        1
  1874.88784607     0.99962707        1
  1874.90827767     0.99971868        1
  1874.92870937     0.99999485        1
  1874.94914088     0.99968152        1
  1874.96957248     0.99971591        1
  1874.99000418     0.99981170        1
  1875.01043568     0.99986720        1
  1875.03086738     1.00021915        1
  1875.11259379     0.99993818        1
  1875.13302529     0.99995680        1
  1875.15345700     0.99997655        1
  1875.17388860     1.00002250        1
  1875.19432020     0.99985755        1
  1875.21475180     0.99996008        1
  1875.23518340     0.99997561        1
  1875.35777301     1.00039924        1
  1875.37820471     1.00042623        1
  1875.39863622     1.00004557        1
  1875.41906782     1.00008532        1
  1875.43949952     1.00016582        1
  1875.45993102     1.00019379        1
  1875.48036262     1.00022717        1
  1875.50079432     1.00025287        1
  1875.52122582     1.00004041        1
  1875.54165753     1.00008146        1
  1875.56208913     1.00017841        1
  1875.60295233     1.00016684        1
  1875.62338393     1.00031834        1
  1875.64381543     1.00016534        1
  1875.66424713     1.00022591        1
  1875.68467874     1.00009198        1
  1875.70511034     1.00039407        1
  1875.72554194     1.00008563        1
  1875.74597354     1.00013552        1
  1875.76640524     1.00019727        1
  1875.78683674     1.00021429        1
  1875.80726834     1.00019763        1
  1875.84813165     1.00012013        1
  1875.86856315     1.00005181        1
  1875.88899485     1.00035190        1
  1875.90942645     1.00015987        1
  1875.92985795     1.00021408        1
  1875.95028965     1.00039106        1
  1875.97072125     1.00024905        1
  1875.99115295     1.00028169        1
  1876.09331086     0.99983632        1
  1876.11374246     0.99987436        1
  1876.13417406     1.00010264        1
  1876.15460556     1.00014815        1
  1876.17503726     1.00017548        1
  1876.19546887     0.99998018        1
  1876.21590047     1.00012170        1
  1876.23633207     1.00005423        1
  1876.25676367     1.00008337        1
  1876.33849017     0.99982431        1
  1876.35892177     0.99990379        1
  1876.37935327     0.99994788        1
  1876.39978498     0.99990870        1
  1876.42021658     0.99967556        1
  1876.44064808     0.99994318        1
  1876.46107978     0.99986537        1
  1876.48151138     0.99988024        1
  1876.50194308     0.99973628        1
  1876.52237458     0.99984034        1
  1876.54280618     0.99986593        1
  1876.58366938     0.99983669        1
  1876.60410099     0.99992373        1
  1876.62453269     0.99986997        1
  1876.64496419     0.99992400        1
  1876.66539579     0.99980551        1
  1876.82884860     0.99971951        1
  1876.84928030     0.99967599        1
  1876.86971180     0.99980739        1
  1876.89014340     0.99981392        1
  1876.91057510     0.99950523        1
  1877.07402801     0.99966200        1
  1877.09445951     0.99957321        1
  1877.11489111     0.99960699        1
  1877.13532281     0.99988799        1
  1877.15575431     0.99978590        1
  1877.17618591     0.99986065        1
  1877.19661761     0.99973906        1
  1877.21704911     0.99975504        1
  1877.23748081     0.99983467        1
  1877.25791241     0.99963231        1
  1877.27834392     0.99976708        1
  1877.31920722     0.99977903        1
  1877.33963882     0.99987745        1
  1877.36007042     0.99982910        1
  1877.38050202     0.99991934        1
  1877.40093362     0.99983742        1
  1877.42136522     1.00021177        1
  1877.44179682     1.00001409        1
  1877.46222842     1.00006322        1
  1877.48266002     1.00008490        1
  1877.50309163     0.99983111        1
  1877.52352323     1.00008134        1
  1877.56438643     1.00017942        1
  1877.58481813     0.99999165        1
  1877.60524963     0.99998717        1
  1877.62568123     1.00012046        1
  1877.64611293     1.00004487        1
  1877.66654443     1.00014935        1
  1877.68697613     0.99999523        1
  1877.70740774     1.00009205        1
  1877.72783924     1.00016992        1
  1877.74827094     1.00021425        1
  1877.76870254     1.00012385        1
  1877.80956574     0.99994989        1
  1877.82999734     0.99995974        1
  1877.85042884     1.00010212        1
  1877.87086054     1.00007989        1
  1877.89129215     1.00022669        1
  1877.91172375     1.00019655        1
  1877.93215535     1.00026708        1
  1877.95258695     1.00023732        1
  1877.97301865     1.00030012        1
  1877.99345025     1.00016892        1
  1878.01388175     1.00035580        1
  1878.05474505     1.00021287        1
  1878.07517656     1.00016298        1
  1878.09560826     1.00049513        1
  1878.11603986     1.00028334        1
  1878.13647136     1.00030292        1
  1878.15690306     1.00043316        1
  1878.17733456     1.00036359        1
  1878.19776626     1.00022712        1
  1878.21819787     1.00019875        1
  1878.23862937     1.00043842        1
  1878.25906107     1.00026513        1
  1878.29992417     1.00005002        1
  1878.32035587     1.00019484        1
  1878.34078747     1.00016387        1
  1878.36121898     1.00012511        1
  1878.38165068     1.00034399        1
  1878.40208228     1.00027295        1
  1878.42251398     1.00015741        1
  1878.44294548     1.00033553        1
  1878.46337708     1.00023382        1
  1878.48380878     1.00010819        1
  1878.54510359     1.00013117        1
  1878.56553519     0.99978908        1
  1878.58596669     0.99978462        1
  1878.60639839     0.99997665        1
  1878.62683000     0.99995628        1
  1878.64726160     0.99994853        1
  1878.66769320     1.00006722        1
  1878.68812480     0.99988524        1
  1878.70855650     1.00013666        1
  1878.72898800     1.00027857        1
  1878.74941961     1.00014634        1
  1878.79028281     1.00012585        1
  1878.81071441     0.99966652        1
  1878.83114601     0.99977313        1
  1878.85157761     0.99986233        1
  1878.87200932     0.99982197        1
  1878.89244082     0.99994874        1
  1878.91287242     0.99988578        1
  1878.93330412     0.99980115        1
  1878.95373562     0.99987198        1
  1878.97416723     0.99979683        1
  1878.99459893     1.00011267        1
  1879.05589374     0.99992578        1
  1879.07632534     0.99986409        1
  1879.09675694     0.99988567        1
  1879.11718854     0.99981131        1
  1879.13762014     0.99963033        1
  1879.15805175     0.99961791        1
  1879.17848335     0.99972310        1
  1879.19891495     0.99982089        1
  1879.21934665     0.99987934        1
  1879.23977816     0.99989751        1
  1879.28064146     0.99990308        1
  1879.30107296     0.99970607        1
  1879.32150466     0.99968483        1
  1879.34193627     0.99987188        1
  1879.36236777     1.00008863        1
  1879.38279947     1.00007044        1
  1879.40323107     0.99988503        1
  1879.42366258     0.99986927        1
  1879.44409428     0.99981363        1
  1879.46452588     0.99983328        1
  1879.48495739     1.00009089        1
  1879.52582059     1.00019657        1
  1879.54625229     0.99998674        1
  1879.56668390     0.99993293        1
  1879.58711550     1.00024423        1
  1879.60754710     1.00009357        1
  1879.62797870     1.00017509        1
  1879.64841031     1.00007839        1
  1879.66884191     0.99998941        1
  1879.68927351     1.00019959        1
  1879.70970512     1.00041014        1
  1879.73013672     1.00004361        1
  1879.77100003     0.99994218        1
  1879.79143163     0.99992958        1
  1879.81186313     1.00004534        1
  1879.83229483     1.00004916        1
  1879.85272644     0.99998935        1
  1879.87315794     0.99984918        1
  1879.89358964     1.00003503        1
  1879.91402125     1.00024479        1
  1879.93445275     1.00016284        1
  1879.95488445     1.00041126        1
  1879.97531606     0.99996365        1
  1880.01617926     0.99979160        2
  1880.03661087     0.99996423        2
  1880.05704257     1.00010253        2
  1880.07747408     0.99996237        2
  1880.09790568     0.99999073        2
  1880.11833728     1.00008702        2
  1880.13876889     0.99988219        2
  1880.15920049     1.00012280        2
  1880.17963219     1.00010937        2
  1880.20006370     1.00012598        2
  1880.22049540     1.00005076        2
  1880.26135851     1.00016218        2
  1880.28179021     1.00015643        2
  1880.30222182     1.00003513        2
  1880.32265332     1.00001449        2
  1880.34308503     0.99991695        2
  1880.36351663     1.00002231        2
  1880.38394813     0.99999099        2
  1880.40437984     0.99983274        2
  1880.42481144     1.00000774        2
  1880.50653796     1.00028531        2
  1880.52696946     1.00010644        2
  1880.54740107     1.00002991        2
  1880.56783277     1.00009429        2
  1880.58826428     1.00012659        2
  1880.60869588     1.00001361        2
  1880.62912759     1.00006037        2
  1880.64955909     0.99987685        2
  1880.66999080     0.99987815        2
  1880.75171722     0.99988881        2
  1880.77214882     0.99988049        2
  1880.79258043     0.99996076        2
  1880.81301203     0.99997641        2
  1880.83344364     0.99977057        2
  1880.85387524     0.99972236        2
  1880.87430685     0.99990365        2
  1880.89473845     0.99972220        2
  1880.91517006     0.99997289        2
  1880.93560166     0.99971818        2
  1880.99689648     0.99975516        2
  1881.01732818     0.99978686        2
  1881.03775969     0.99974677        2
  1881.05819129     0.99979199        2
  1881.07862300     1.00002764        2
  1881.09905451     0.99974242        2
  1881.11948621     0.99960392        2
  1881.13991782     0.99986409        2
  1881.16034932     0.99978525        2
  1881.18078103     0.99982915        2
  1881.20121263     0.99983268        2
  1881.24207585     1.00009213        2
  1881.26250745     0.99999893        2
  1881.28293906     0.99999570        2
  1881.30337067     1.00008041        2
  1881.32380227     0.99987045        2
  1881.34423398     0.99987772        2
  1881.36466548     1.00006212        2
  1881.38509709     1.00008976        2
  1881.40552880     1.00015380        2
  1881.42596040     1.00001870        2
  1881.44639191     1.00004444        2
  1881.48725512     1.00021797        2
  1881.50768683     1.00035724        2
  1881.52811844     1.00021001        2
  1881.54855004     0.99995141        2
  1881.56898165     1.00009919        2
  1881.58941326     1.00007606        2
  1881.60984476     1.00016920        2
  1881.63027647     1.00024915        2
  1881.65070808     0.99998984        2
  1881.67113958     0.99998660        2
  1881.69157129     1.00021799        2
  1881.73243461     1.00005535        2
  1881.75286611     0.99996722        2
  1881.77329772     1.00004067        2
  1881.79372943     0.99992989        2
  1881.81416094     1.00005455        2
  1881.83459254     1.00012770        2
  1881.85502425     0.99991695        2
  1881.87545576     0.99988263        2
  1881.89588737     0.99981591        2
  1881.91631907     0.99972425        2
  1881.93675068     1.00000562        2
  1881.97761390     0.99997292        2
  1881.99804551     1.00006790        2
  1882.01847711     0.99999504        2
  1882.03890872     1.00006705        2
  1882.05934033     0.99982437        2
  1882.07977204     1.00000000        2
  1882.10020355     1.00008799        2
  1882.12063515     0.99988197        2
  1882.14106686     1.00003256        2
  1882.16149837     1.00002307        2
  1882.22279320     1.00010368        2
  1882.24322491     1.00012576        2
  1882.26365641     1.00008760        2
  1882.28408802     1.00000313        2
  1882.30451973     1.00010790        2
  1882.32495124     1.00002929        2
  1882.34538295     1.00012894        2
  1882.36581456     1.00012543        2
  1882.46797260     1.00022426        2
  1882.48840421     1.00021403        2
  1882.50883582     1.00006991        2
  1882.52926743     1.00013886        2
  1882.54969904     1.00039702        2
  1882.57013075     1.00009686        2
  1882.75401524     1.00002016        2
  1882.77444685     1.00007694        2
  1882.79487856     1.00034219        2
  1882.81531007     1.00008504        2
  1882.83574168     1.00002880        2
  1882.85617339     1.00000199        2
  1882.87660490     1.00004031        2
  1882.89703642     0.99997630        2
  1882.91746813     1.00001455        2
  1882.99919457     1.00005429        2
  1883.01962628     0.99999727        2
  1883.04005779     0.99984021        2
  1883.06048940     0.99978631        2
  1883.08092111     0.99984068        2
  1883.10135273     0.99971078        2
  1883.12178424     0.99982245        2
  1883.14221595     0.99985210        2
  1883.16264756     0.99984832        2
  1883.20351078     0.99996827        2
  1883.22394240     0.99965947        2
  1883.24437411     0.99980677        2
  1883.26480562     0.99975550        2
  1883.28523723     0.99963441        2
  1883.30566894     0.99985850        2
  1883.32610046     0.99994511        2
  1883.34653207     1.00073651        2
  1883.36696378     0.99975252        2
  1883.38739529     0.99970709        2
  1883.40782701     0.99976076        2
  1883.44869013     0.99976143        2
  1883.46912184     0.99986555        2
  1883.48955346     1.00002849        2
  1883.50998497     0.99995912        2
  1883.53041668     0.99984006        2
  1883.55084819     0.99995402        2
  1883.57127991     0.99981853        2
  1883.59171152     1.00012381        2
  1883.61214303     1.00005653        2
  1883.63257475     1.00008161        2
  1883.65300636     1.00007280        2
  1883.69386959     0.99981898        2
  1883.71430120     1.00019368        2
  1883.73473281     0.99993408        2
  1883.75516443     0.99994516        2
  1883.77559604     0.99990527        2
  1883.79602776     0.99989063        2
  1883.81645937     0.99986156        2
  1883.83689088     0.99987483        2
  1883.85732260     0.99983018        2
  1883.87775421     0.99986918        2
  1883.89818573     0.99990959        2
  1883.95948057     0.99991902        2
  1883.97991228     1.00001119        2
  1884.00034390     0.99981926        2
  1884.02077561     0.99982697        2
  1884.04120713     0.99990449        2
  1884.06163874     0.99993892        2
  1884.08207046     0.99996051        2
  1884.10250197     1.00003687        2
  1884.12293359     1.00004820        2
  1884.14336530     1.00007162        2
  1884.18422844     1.00011246        2
  1884.20466005     1.00020494        2
  1884.22509167     1.00004208        2
  1884.24552338     1.00026960        2
  1884.26595490     1.00026663        2
  1884.28638651     1.00019259        2
  1884.30681823     1.00008243        2
  1884.32724985     1.00022708        2
  1884.34768136     1.00030603        2
  1884.36811308     1.00024669        2
  1884.38854469     1.00009441        2
  1884.42940793     1.00021186        2
  1884.44983954     1.00016881        2
  1884.47027126     1.00017707        2
  1884.49070278     1.00009241        2
  1884.51113439     1.00002070        2
  1884.53156611     1.00010220        2
  1884.55199763     0.99995005        2
  1884.57242924     1.00035420        2
  1884.59286096     1.00025520        2
  1884.61329248     1.00019206        2
  1884.63372419     1.00021084        2
  1884.67458733     1.00002963        2
  1884.69501905     1.00021259        2
  1884.71545066     1.00000709        2
  1884.73588228     1.00012770        2
  1884.75631390     1.00006004        2
  1884.77674552     1.00005001        2
  1884.79717714     1.00008214        2
  1884.81760875     0.99985499        2
  1884.83804037     1.00004939        2
  1884.85847199     1.00013938        2
  1884.91976685     1.00008787        2
  1884.94019846     0.99992435        2
  1884.96063008     0.99992872        2
  1884.98106180     1.00002182        2
  1885.00149332     1.00003269        2
  1885.02192504     1.00004060        2
  1885.04235666     0.99988847        2
  1885.06278818     0.99992057        2
  1885.08321990     0.99995485        2
  1885.10365152     0.99999167        2
  1885.12408304     0.99974193        2
  1885.16494637     1.00058370        2
  1885.18537789     0.99989014        2
  1885.20580961     0.99987067        2
  1885.22624123     1.00019036        2
  1885.24667295     1.00008145        2
  1885.26710447     0.99987131        2
  1885.28753609     0.99995572        2
  1885.30796781     0.99994067        2
  1885.32839933     0.99982432        2
  1885.34883095     0.99987738        2
  1885.36926268     0.99989804        2
  1885.41012582     0.99996667        2
  1885.43055754     0.99982776        2
  1885.45098916     1.00001956        2
  1885.47142078     0.99991003        2
  1885.49185240     1.00021435        2
  1885.51228402     0.99984336        2
  1885.53271564     0.99974607        2
  1885.55314726     0.99983161        2
  1885.57357879     0.99986416        2
  1885.59401051     0.99990522        2
  1885.61444213     0.99996423        2
  1885.65530537     0.99994587        2
  1885.67573699     0.99992669        2
  1885.69616872     0.99978813        2
  1885.71660024     0.99982215        2
  1885.73703186     0.99989162        2
  1885.75746358     0.99992861        2
  1885.77789511     0.99982861        2
  1885.79832673     0.99978901        2
  1885.81875845     1.00002953        2
  1885.83918997     0.99997596        2
  1885.85962170     1.00033403        2
  1885.90048484     0.99996569        2
  1885.92091657     0.99979393        2
  1885.94134819     0.99996236        2
  1885.96177981     0.99985937        2
  1885.98221144     0.99969416        2
  1886.00264306     0.99980966        2
  1886.02307468     0.99976505        2
  1886.04350631     0.99998345        2
  1886.06393793     1.00009423        2
  1886.08436965     0.99993948        2
  1886.10480128     0.99996670        2
  1886.14566453     0.99978252        2
  1886.16609615     1.00009599        2
  1886.18652768     0.99976811        2
  1886.20695940     1.00005176        2
  1886.22739093     1.00023601        2
  1886.24782265     1.00022585        2
  1886.26825427     1.00010591        2
  1886.28868580     1.00020177        2
  1886.30911752     1.00021449        2
  1886.32954915     1.00011409        2
  1886.34998068     1.00009105        2
  1886.39084403     1.00017400        2
  1886.41127555     1.00027762        2
  1886.43170728     1.00038111        2
  1886.45213890     1.00033100        2
  1886.47257063     1.00024142        2
  1886.49300216     1.00025746        2
  1886.51343378     1.00006095        2
  1886.63602364     1.00013198        2
  1886.65645527     1.00020987        2
  1886.67688689     1.00003614        2
  1886.69731852     0.99998178        2
  1886.71775015     1.00004149        2
  1886.73818178     0.99984338        2
  1886.88120317     1.00003204        2
  1886.90163480     1.00001036        2
  1886.92206653     0.99973585        2
  1886.94249806     0.99991425        2
  1886.96292968     0.99986724        2
  1886.98336141     1.00001319        2
  1887.12638282     1.00006276        2
  1887.14681445     0.99980797        2
  1887.16724608     0.99982649        2
  1887.18767771     1.00006006        2
  1887.20810934     0.99994026        2
  1887.22854097     0.99988167        2
  1887.24897270     1.00006890        2
  1887.26940423     0.99999559        2
  1887.28983586     1.00006081        2
  1887.31026759     1.00001822        2
  1887.33069922     1.00000250        2
  1887.37156248     0.99981932        2
  1887.39199411     1.00017208        2
  1887.41242564     0.99992717        2
  1887.43285737     0.99999074        2
  1887.45328901     1.00027023        2
  1887.47372064     0.99985224        2
  1887.49415227     0.99993050        2
  1887.51458390     1.00003501        2
  1887.53501563     0.99991702        2
  1887.55544716     0.99986286        2
  1887.57587880     0.99990676        2
  1887.61674206     0.99983723        2
  1887.63717379     0.99997929        2
  1887.65760533     1.00002075        2
  1887.67803696     0.99977211        2
  1887.69846869     0.99988520        2
  1887.71890022     0.99976291        2
  1887.73933186     0.99982388        2
  1887.75976359     0.99982295        2
  1887.78019512     0.99983144        2
  1887.86192176     1.00010206        2
  1887.88235339     1.00000128        2
  1887.90278503     1.00005134        2
  1887.92321666     1.00007375        2
  1887.94364829     1.00010663        2
  1887.96407993     1.00018902        2
  1887.98451166     1.00022664        2
  1891.04925906     0.99974873        3
  1891.06969071     1.00005171        3
  1891.09012247     0.99993516        3
  1891.11055403     0.99984450        3
  1891.13098568     0.99992918        3
  1891.15141744     1.00002800        3
  1891.17184899     1.00000366        3
  1891.19228075     1.00024053        3
  1891.21271241     0.99998665        3
  1891.23314396     1.00035979        3
  1891.29443894     0.99981872        3
  1891.31487069     0.99993522        3
  1891.33530235     1.00009187        3
  1891.35573411     1.00010140        3
  1891.37616567     1.00002908        3
  1891.39659733     1.00008558        3
  1891.41702908     1.00010342        3
  1891.43746064     1.00014033        3
  1891.45789230     1.00014448        3
  1891.47832406     1.00009972        3
  1891.49875572     1.00007723        3
  1891.53961904     0.99987764        3
  1891.56005060     1.00003381        3
  1891.58048236     0.99998829        3
  1891.60091402     0.99991540        3
  1891.62134558     1.00000946        3
  1891.64177734     0.99992267        3
  1891.66220900     1.00014905        3
  1891.68264056     1.00008474        3
  1891.70307232     0.99996282        3
  1891.72350398     0.99998007        3
  1891.74393574     1.00009338        3
  1891.78479896     0.99989375        3
  1891.80523072     0.99993479        3
  1891.82566228     0.99997220        3
  1891.84609395     1.00024648        3
  1891.86652571     0.99999287        3
  1891.88695727     0.99999064        3
  1891.90738893     0.99986143        3
  1891.92782069     1.00000649        3
  1891.94825226     1.00013027        3
  1891.96868402     1.00012298        3
  1891.98911568     0.99996985        3
  1892.02997901     0.99998740        3
  1892.05041067     1.00007424        3
  1892.07084234     1.00003849        3
  1892.09127400     0.99995513        3
  1892.11170566     1.00014866        3
  1892.13213743     0.99999704        3
  1892.15256909     0.99982663        3
  1892.17300066     0.99985459        3
  1892.19343242     1.00000088        3
  1892.21386399     0.99978992        3
  1892.23429565     0.99981420        3
  1892.27515898     0.99991610        3
  1892.29559075     0.99969131        3
  1892.31602241     0.99994516        3
  1892.33645398     0.99985007        3
  1892.35688574     0.99993115        3
  1892.37731741     0.99986796        3
  1892.39774898     0.99992198        3
  1892.41818074     0.99971301        3
  1892.43861241     1.00001310        3
  1892.45904398     0.99988990        3
  1892.52033918     0.99995827        3
  1892.54077074     0.99991515        3
  1892.56120241     0.99982848        3
  1892.58163418     0.99982737        3
  1892.60206575     0.99976154        3
  1892.62249742     0.99985826        3
  1892.64292918     0.99981106        3
  1892.82681421     1.00017364        3
  1892.84724588     1.00020449        3
  1892.86767765     1.00011018        3
  1892.88810922     1.00006006        3
  1892.90854099     1.00007135        3
  1892.92897256     1.00003614        3
  1892.94940423     0.99999615        3
  1892.96983600     0.99994409        3
  1893.01069924     1.00046053        3
  1893.03113102     0.99997702        3
  1893.05156259     1.00022393        3
  1893.07199436     0.99999260        3
  1893.09242603     1.00025302        3
  1893.11285760     1.00012896        3
  1893.13328938     1.00009655        3
  1893.15372105     1.00071588        3
  1893.17415262     1.00039207        3
  1893.19458440     1.00055541        3
  1893.21501607     1.00019368        3
  1893.29674286     1.00014512        3
  1893.31717444     1.00015006        3
  1893.33760611     1.00015016        3
  1893.35803789     1.00012666        3
  1893.37846956     1.00009137        3
  1893.39890114     1.00004669        3
  1893.41933291     1.00032101        3
  1893.43976459     1.00038762        3
  1893.46019636     1.00037089        3
  1893.50105961     1.00011614        3
  1893.52149139     1.00047693        3
  1893.54192297     1.00013225        3
  1893.56235454     1.00012216        3
  1893.58278632     1.00010829        3
  1893.60321800     1.00026935        3
  1893.62364977     1.00042311        3
  1893.64408135     1.00028248        3
  1893.66451303     1.00018600        3
  1893.68494480     1.00002812        3
  1893.70537638     1.00001372        3
  1893.74623984     1.00016217        3
  1893.76667142     1.00021600        3
  1893.78710309     0.99999357        3
  1893.80753487     0.99997141        3
  1893.82796645     0.99995438        3
  1893.84839823     0.99982877        3
  1893.86882991     0.99977543        3
  1893.88926159     1.00005500        3
  1893.90969327     1.00015335        3
  1893.93012495     0.99989195        3
  1893.99141999     0.99990482        3
  1894.01185177     0.99978176        3
  1894.03228345     0.99992013        3
  1894.05271503     0.99991884        3
  1894.07314681     0.99971061        3
  1894.09357849     0.99975176        3
  1894.11401007     0.99985312        3
  1894.13444185     0.99994868        3
  1894.15487354     0.99967417        3
  1894.17530522     0.99953123        3
  1894.19573690     0.99983115        3
  1894.23660027     0.99971971        3
  1894.25703195     0.99968334        3
  1894.27746353     0.99957793        3
  1894.29789531     0.99996749        3
  1894.31832700     0.99955381        3
  1894.33875858     0.99954869        3
  1894.35919036     0.99996985        3
  1894.37962205     0.99957121        3
  1894.40005383     0.99970394        3
  1894.42048542     0.99960432        3
  1894.48178047     0.99951886        3
  1894.50221216     0.99957986        3
  1894.52264394     0.99961312        3
  1894.54307563     0.99988347        3
  1894.56350731     0.99974618        3
  1894.58393900     0.99977094        3
  1894.60437068     0.99971363        3
  1894.72696080     0.99933178        3
  1894.74739259     0.99952670        3
  1894.76782418     0.99955451        3
  1894.78825597     0.99962979        3
  1894.80868765     0.99949383        3
  1894.82911924     0.99967944        3
  1894.84955103     0.99982638        3
  1894.97214116     1.00012622        3
  1894.99257275     0.99983934        3
  1895.01300454     1.00007054        3
  1895.03343623     1.00015468        3
  1895.05386792     1.00002274        3
  1895.07429961     1.00002439        3
  1895.09473130     1.00007735        3
  1895.11516310     1.00033468        3
  1895.13559469     1.00050496        3
  1895.15602638     1.00022727        3
  1895.17645817     1.00028341        3
  1895.21732145     1.00072991        3
  1895.23775324     1.00036500        3
  1895.25818494     1.00044780        3
  1895.27861653     1.00025765        3
  1895.29904832     1.00027403        3
  1895.31948001     1.00042142        3
  1895.33991181     1.00019161        3
  1895.36034340     1.00034164        3
  1895.38077509     1.00030908        3
  1895.40120689     1.00087702        3
  1895.42163848     1.00028395        3
  1895.46250197     1.00035142        3
  1895.48293356     1.00020556        3
  1895.50336536     1.00053717        3
  1895.52379695     1.00046786        3
  1895.54422865     1.00064590        3
  1895.56466044     1.00053813        3
  1895.58509204     1.00033518        3
  1895.60552374     1.00020576        3
  1895.62595553     1.00031490        3
  1895.64638713     1.00037646        3
  1895.66681892     1.00046052        3
  1895.70768232     1.00022765        3
  1895.72811401     1.00031001        3
  1895.74854571     1.00033150        3
  1895.76897741     1.00006991        3
  1895.78940911     1.00001286        3
  1895.80984080     1.00022394        3
  1895.83027250     1.00020393        3
  1895.85070430     1.00005110        3
  1895.87113590     0.99999457        3
  1895.89156770     0.99987232        3
  1895.91199940     0.99993785        3
  1895.95286279     1.00029731        3
  1895.97329449     1.00005077        3
  1895.99372609     0.99990730        3
  1896.01415789     0.99986292        3
  1896.03458959     0.99995807        3
  1896.05502139     0.99992538        3
  1896.07545299     1.00001687        3
  1896.09588469     1.00009744        3
  1896.11631640     0.99984819        3
  1896.13674810     0.99978902        3
  1896.15717980     0.99995327        3
  1896.19804320     0.99982768        3
  1896.21847500     0.99989469        3
  1896.23890660     0.99985670        3
  1896.25933831     0.99981544        3
  1896.27977011     0.99987151        3
  1896.30020171     0.99976989        3
  1896.32063342     0.99968384        3
  1896.34106522     0.99981115        3
  1896.36149682     0.99977913        3
  1896.48408715     0.99986867        3
  1896.50451885     0.99965409        3
  1896.52495056     0.99965825        3
  1896.54538226     0.99976956        3
  1896.56581407     0.99978867        3
  1896.58624567     0.99958440        3
  1896.60667748     1.00000528        3
  1896.62710919     0.99981066        3
  1896.64754079     0.99973786        3
  1896.68840430     0.99979471        3
  1896.70883591     0.99971401        3
  1896.72926772     0.99983572        3
  1896.74969943     0.99978815        3
  1896.77013113     0.99967544        3
  1896.79056284     0.99948088        3
  1896.81099455     0.99986744        3
  1896.83142626     0.99976733        3
  1896.85185797     0.99962604        3
  1896.87228968     0.99988342        3
  1896.89272138     0.99999227        3
  1896.93358480     0.99986266        3
  1896.95401651     1.00000629        3
  1896.97444822     0.99996366        3
  1896.99488003     1.00000292        3
  1897.01531164     1.00032516        3
  1897.03574335     1.00055757        3
  1897.05617516     1.00043294        3
  1897.07660688     1.00002264        3
  1897.09703849     1.00011166        3
  1897.11747030     1.00001820        3
  1897.17876543     1.00014264        3
  1897.19919715     0.99995158        3
  1897.21962896     1.00001205        3
  1897.24006057     1.00008750        3
  1897.26049228     1.00014803        3
  1897.28092410     1.00027209        3
  1897.30135571     1.00007352        3
  1897.32178752     0.99997383        3
  1897.34221924     1.00022446        3
  1897.36265085     1.00020307        3
  1897.38308267     1.00044238        3
  1897.42394599     1.00021624        3
  1897.44437781     1.00092903        3
  1897.46480952     1.00010887        3
  1897.48524134     1.00010031        3
  1897.50567296     1.00027100        3
  1897.52610457     1.00030951        3
  1897.54653639     0.99993937        3
  1897.56696810     1.00009486        3
  1897.58739982     0.99994575        3
  1897.60783154     1.00020960        3
  1897.62826325     1.00023363        3
  1897.75085356     0.99991008        3
  1897.77128538     1.00005427        3
  1897.79171710     1.00004281        3
  1897.81214872     1.00000000        3
  1897.83258054     0.99997518        3
  1897.85301225     1.00013142        3
  1897.87344407     0.99997654        3
  1897.91430741     0.99999494        3
  1897.93473923     0.99992637        3
  1897.95517085     0.99983772        3
  1897.97560258     0.99970861        3
  1897.99603440     0.99968332        3
  1898.01646602     1.00006082        4
  1898.03689784     0.99997450        4
  1898.05732956     1.00011382        4
  1898.07776118     1.00008686        4
  1898.09819300     1.00017092        4
  1898.11862473     1.00011017        4
  1898.15948817     1.00007248        4
  1898.17991980     1.00006232        4
  1898.20035162     0.99980743        4
  1898.22078334     0.99995685        4
  1898.24121497     1.00004799        4
  1898.26164679     1.00016068        4
  1898.28207851     1.00026579        4
  1898.30251024     1.00003924        4
  1898.32294196     1.00002337        4
  1898.40466886     0.99996059        4
  1898.42510069     0.99988915        4
  1898.44553242     0.99980167        4
  1898.46596404     0.99989226        4
  1898.48639587     0.99985416        4
  1898.50682760     0.99995471        4
  1898.52725922     1.00012751        4
  1898.54769105     0.99997393        4
  1898.56812278     0.99994830        4
  1898.58855461     0.99999574        4
  1898.64984979     0.99975099        4
  1898.67028142     0.99987622        4
  1898.69071315     0.99993490        4
  1898.71114498     0.99985782        4
  1898.73157661     0.99985515        4
  1898.75200844     0.99988844        4
  1898.77244017     0.99979121        4
  1898.79287180     0.99974121        4
  1898.81330363     1.00009646        4
  1898.83373526     0.99979029        4
  1898.85416699     0.99982780        4
  1898.89503045     0.99998610        4
  1898.91546218     0.99983597        4
  1898.93589401     1.00083141        4
  1898.95632574     0.99989946        4
  1898.97675748     0.99991726        4
  1898.99718921     0.99983779        4
  1899.01762094     0.99994797        4
  1899.03805267     1.00011584        4
  1899.05848441     1.00004261        4
  1899.07891614     0.99980906        4
  1899.09934797     0.99981196        4
  1899.14021144     0.99994021        4
  1899.16064318     1.00002581        4
  1899.18107481     1.00002954        4
  1899.20150665     1.00008482        4
  1899.22193838     1.00010507        4
  1899.24237002     1.00012646        4
  1899.26280185     1.00014415        4
  1899.28323359     1.00040135        4
  1899.30366542     1.00010826        4
  1899.32409706     1.00013188        4
  1899.34452880     1.00013755        4
  1899.38539227     0.99996013        4
  1899.40582401     1.00028296        4
  1899.42625585     1.00011963        4
  1899.44668748     1.00010916        4
  1899.46711932     1.00010118        4
  1899.48755096     1.00003803        4
  1899.50798270     1.00010720        4
  1899.52841454     1.00034481        4
  1899.54884617     1.00018211        4
  1899.56927791     1.00013105        4
  1899.58970975     1.00029213        4
  1899.63057313     1.00017095        4
  1899.65100497     0.99998116        4
  1899.67143671     1.00007448        4
  1899.69186845     1.00028889        4
  1899.71230020     1.00045513        4
  1899.73273194     1.00040189        4
  1899.75316378     1.00014858        4
  1899.77359542     0.99994704        4
  1899.79402716     1.00020643        4
  1899.81445900     1.00022229        4
  1899.83489065     1.00017776        4
  1899.87575423     0.99999957        4
  1899.89618587     1.00024625        4
  1899.91661772     1.00024135        4
  1899.93704946     1.00009776        4
  1899.95748111     1.00008772        4
  1899.97791295     1.00010912        4
  1899.99834469     1.00008905        4
  1900.01877654     0.99998802        4
  1900.03920818     0.99991509        4
  1900.05963993     1.00003444        4
  1900.08007167     1.00005141        4
  1900.12093516     1.00008209        4
  1900.14136691     0.99986532        4
  1900.16179866     1.00011432        4
  1900.18223050     1.00002247        4
  1900.20266215     0.99979351        4
  1900.22309390     1.00014513        4
  1900.24352575     1.00001414        4
  1900.26395739     0.99983973        4
  1900.28438914     1.00008855        4
  1900.30482099     0.99992846        4
  1900.32525274     0.99983123        4
  1900.36611623     0.99986051        4
  1900.38654798     0.99978469        4
  1900.40697983     0.99968506        4
  1900.42741148     0.99986762        4
  1900.44784323     0.99992446        4
  1900.46827508     0.99967182        4
  1900.48870673     0.99961693        4
  1900.50913848     0.99976175        4
  1900.52957033     0.99977105        4
  1900.55000199     0.99998255        4
  1900.57043384     0.99973273        4
  1900.61129724     0.99970705        4
  1900.63172909     0.99958766        4
  1900.65216085     0.99974513        4
  1900.67259250     0.99983716        4
  1900.69302435     0.99966821        4
  1900.85647838     0.99964294        4
  1900.87691014     0.99991738        4
  1900.89734199     1.00000537        4
  1900.91777375     0.99995382        4
  1900.93820541     1.00001726        4
  1900.95863726     0.99987247        4
  1900.97906902     1.00004750        4
  1900.99950068     0.99993475        4
  1901.01993253     0.99983347        4
  1901.04036429     0.99976327        4
  1901.06079595     0.99974680        4
  1901.10165956     0.99985672        4
  1901.12209142     0.99981358        4
  1901.14252308     1.00003251        4
  1901.16295484     0.99981277        4
  1901.18338670     0.99977913        4
  1901.20381836     0.99971504        4
  1901.22425012     0.99985566        4
  1901.24468198     1.00003540        4
  1901.26511364     0.99990802        4
  1901.28554550     0.99999931        4
  1901.30597726     1.00011820        4
  1901.34684078     0.99977621        4
  1901.36727254     0.99987077        4
  1901.38770430     1.00032085        4
  1901.40813606     0.99998245        4
  1901.42856783     1.00013204        4
  1901.44899959     0.99995437        4
  1901.46943135     1.00013076        4
  1901.48986311     1.00000013        4
  1901.51029488     1.00009137        4
  1901.53072664     1.00006424        4
  1901.55115841     1.00014174        4
  1901.59202193     1.00011980        4
  1901.61245380     0.99998736        4
  1901.63288556     1.00005504        4
  1901.65331723     1.00005092        4
  1901.67374909     1.00047664        4
  1901.69418086     1.00019081        4
  1901.71461253     1.00024248        4
  1901.73504439     1.00024055        4
  1901.75547616     1.00026417        4
  1901.77590782     1.00021456        4
  1901.79633969     1.00022321        4
  1901.83720333     1.00033779        4
  1901.85763499     1.00049604        4
  1901.87806676     1.00035542        4
  1901.89849863     1.00029036        4
  1901.91893030     1.00024874        4
  1901.93936207     1.00037887        4
  1901.95979394     1.00020603        4
  1901.98022561     1.00020399        4
  1902.00065748     1.00032592        4
  1902.08238456     1.00039143        4
  1902.10281623     1.00048380        4
  1902.12324810     1.00020784        4
  1902.14367987     1.00012264        4
  1902.16411164     1.00042804        4
  1902.18454341     0.99999588        4
  1902.20497519     1.00029264        4
  1902.22540696     0.99999555        4
  1902.24583873     1.00001994        4
  1902.26627051     1.00007179        4
  1902.32756583     0.99982042        4
  1902.34799770     1.00016739        4
  1902.36842938     0.99999881        4
  1902.38886125     0.99972814        4
  1902.40929303     0.99981582        4
  1902.42972470     0.99990892        4
  1902.57274724     0.99993155        4
  1902.59317901     0.99984729        4
  1902.61361089     1.00006632        4
  1902.63404257     0.99996433        4
  1902.65447435     0.99963275        4
  1902.67490623     0.99969502        4
  1902.69533790     0.99982466        4
  1902.71576978     0.99982376        4
  1902.73620156     0.99974189        4
  1902.75663324     0.99979766        4
  1902.77706512     0.99999643        4
  1902.81792868     1.00048133        4
  1902.83836046     0.99997358        4
  1902.85879225     0.99983151        4
  1902.87922393     0.99988706        4
  1902.89965581     0.99981983        4
  1902.92008759     1.00003120        4
  1902.94051947     1.00013631        4
  1902.96095115     0.99997858        4
  1902.98138294     0.99985564        4
  1903.00181482     0.99978628        4
  1903.02224650     1.00000417        4
  1903.18570088     0.99990098        4
  1903.20613257     0.99993405        4
  1903.22656445     0.99997507        4
  1903.24699624     0.99980565        4
  1903.26742812     0.99976762        4
  1903.30829160     1.00004166        4
  1903.32872349     0.99984490        4
  1903.34915517     0.99992415        4
  1903.36958696     0.99994496        4
  1903.39001885     1.00021570        4
  1903.41045064     0.99979453        4
  1903.43088243     1.00042942        4
  1903.45131412     0.99993393        4
  1903.47174591     0.99993224        4
  1903.49217780     0.99981639        4
  1903.51260959     0.99998127        4
  1903.55347317     0.99991792        4
  1903.57390496     1.00016556        4
  1903.59433665     0.99982831        4
  1903.61476854     0.99992180        4
  1903.63520033     1.00001373        4
  1903.65563222     0.99998858        4
  1903.67606392     0.99995090        4
  1903.69649571     1.00003901        4
  1903.71692760     1.00008904        4
  1903.73735929     1.00012619        4
  1903.75779109     0.99998781        4
  1903.79865468     1.00004445        4
  1903.81908657     1.00014009        4
  1903.83951836     1.00011501        4
  1903.85995006     1.00002749        4
  1903.88038195     1.00007371        4
  1903.90081375     0.99992646        4
  1903.92124545     1.00004901        4
  1903.94167734     1.00013200        4
  1903.96210914     0.99991851        4
  1903.98254103     1.00006942        4
  1904.00297273     0.99987223        4
  1904.04383633     1.00009581        4
  1904.06426822     0.99999474        4
  1904.08469992     1.00012908        4
  1904.10513172     0.99981720        4
  1904.12556352     1.00005693        4
  1904.14599532     0.99998473        4
  1904.16642722     0.99999618        4
  1904.18685892     1.00015569        4
  1904.20729081     1.00013341        4
  1904.22772261     1.00019813        4
  1904.24815432     1.00015032        4
  1904.28901802     1.00021013        4
  1904.30944972     1.00020849        4
  1904.32988162     1.00007958        4
  1904.35031342     0.99999152        4
  1904.37074532     1.00018725        4
  1904.39117703     1.00012724        4
  1904.41160883     1.00013870        4
  1904.43204073     1.00007597        4
  1904.45247243     1.00050145        4
  1904.47290424     0.99996100        4
  1904.49333614     1.00000000        4
  1904.59549516     0.99995998        4
  1904.61592697     0.99995059        4
  1904.63635878     1.00008746        4
  1904.65679058     0.99989494        4
  1904.67722239     0.99979842        4
  1904.69765419     0.99974533        4
  1904.71808600     1.00001846        4
  1904.73851781     0.99995202        4
  1904.77938142     0.99980290        4
  1904.79981323     0.99994446        4
  1904.82024514     0.99974461        4
  1904.84067685     0.99970105        4
  1904.86110866     0.99974773        4
  1905.02456314     1.00005528        4
  1905.04499505     0.99999305        4
  1905.06542687     1.00009620        4
  1905.08585878     1.00001690        4
  1905.10629049     1.00013695        4
  1905.12672230     0.99995400        4
  1905.14715422     0.99993854        4
  1905.16758593     1.00010067        4
  1905.18801774     1.00018542        4
