  1835.65839915     0.99884283        0
  1835.67883110     0.99977897        0
  1835.80142275     0.99896793        0
  1835.82185479     0.99965048        0
  1835.84228663     1.00150310        0
  1835.86271857     1.00033599        0
  1835.88315061     1.00050445        0
  1835.90358245     1.00145543        0
  1835.92401439     1.01421122        0
  1835.94444643     0.99984471        0
  1835.96487827     1.00078623        0
  1835.98531021     0.99894656        0
  1836.00574224     0.99899352        0
  1836.02617408     0.99977590        0
  1836.04660602     0.99928685        0
  1836.06703805     0.99947557        0
  1836.08746989     1.00525020        0
  1836.10790182     1.00703935        0
  1836.12833386     1.00418320        0
  1836.14876579     1.00199200        0
  1836.16919763     1.00089741        0
  1836.18962966     1.00107975        0
  1836.21006159     1.00048930        0
  1836.23049363     0.99963534        0
  1836.25092546     1.00002266        0
  1836.27135739     1.00092864        0
  1836.31222125     0.99924508        0
  1836.33265318     1.00017391        0
  1836.35308521     0.99859586        0
  1836.37351704     0.99929644        0
  1836.39394897     0.99978124        0
  1836.41438090     0.99981522        0
  1836.43481283     1.00009779        0
  1836.45524476     0.99937521        0
  1836.47567669     0.99979806        0
  1836.49610862     1.00002794        0
  1836.51654054     0.99879844        0
  1836.53697247     1.00069925        0
  1836.55740440     0.99916929        0
  1836.57783632     0.99841485        0
  1836.59826835     0.99925595        0
  1836.61870017     0.99939736        0
  1836.63913210     0.99970894        0
  1836.65956412     0.99989529        0
  1836.67999595     0.99943609        0
  1836.70042787     1.00080329        0
  1836.72085989     1.00018646        0
  1836.74129171     0.99960132        0
  1836.76172364     1.00446969        0
  1836.78215566     0.99956702        0
  1836.80258748     0.99937489        0
  1836.82301950     1.00085587        0
  1836.84345142     1.00099328        0
  1836.86388324     0.99842784        0
  1836.88431526     1.00243303        0
  1836.90474718     0.99836372        0
  1836.92517900     0.99905294        0
  1836.94561102     0.99803750        0
  1836.96604294     0.99861707        0
  1836.98647486     0.99871109        0
  1837.00690677     0.99985822        0
  1837.02733869     0.99733259        0
  1837.10906636     0.99917895        0
  1837.12949827     1.00020710        0
  1837.14993019     0.99933549        0
  1837.17036210     0.99942324        0
  1837.19079401     1.00032559        0
  1837.21122593     1.00095517        0
  1837.23165784     0.99984101        0
  1837.25208975     0.99985296        0
  1837.27252167     1.00038136        0
  1837.29295348     0.99976192        0
  1837.31338549     1.00181413        0
  1837.33381740     1.00094372        0
  1837.35424931     1.00198815        0
  1837.37468122     1.00098191        0
  1837.39511313     1.00078456        0
  1837.41554504     1.00011046        0
  1837.43597705     1.00072948        0
  1837.45640886     0.99902694        0
  1837.47684087     1.00124067        0
  1837.49727278     0.99961344        0
  1837.51770458     0.99943678        0
  1837.53813659     0.99999191        0
  1837.55856850     0.99951127        0
  1837.57900030     1.00059838        0
  1837.59943231     1.00015435        0
  1837.61986422     1.00035267        0
  1837.64029602     0.99980835        0
  1837.66072803     0.99929620        0
  1837.68115993     1.00013857        0
  1837.70159173     1.00054067        0
  1837.72202374     0.99922111        0
  1837.74245564     1.00018533        0
  1837.76288745     0.99816498        0
  1837.78331945     0.99938488        0
  1837.80375135     0.99988605        0
  1837.82418325     0.99990562        0
  1837.84461515     0.99864522        0
  1837.86504705     1.00013614        0
  1837.88547885     0.99964478        0
  1837.90591086     1.00218874        0
  1837.92634275     0.99858227        0
  1837.94677465     0.99982439        0
  1837.96720655     1.00259402        0
  1837.98763845     1.00114357        0
  1838.00807025     1.00026976        0
  1838.02850225     0.99972691        0
  1838.04893415     1.00005753        0
  1838.06936614     1.00030314        0
  1838.08979794     1.00045075        0
  1838.11022984     1.00061027        0
  1838.13066183     0.99949676        0
  1838.15109363     0.99971527        0
  1838.17152552     1.00140327        0
  1838.19195752     1.00028526        0
  1838.21238931     1.00012762        0
  1838.23282121     0.99980345        0
  1838.27368509     1.00165622        0
  1838.29411689     1.00067408        0
  1838.31454888     0.99967887        0
  1838.33498077     0.99993156        0
  1838.35541256     1.00040103        0
  1838.37584456     1.00060526        0
  1838.39627645     0.99989076        0
  1838.41670824     0.99997285        0
  1838.43714023     0.99994525        0
  1838.45757212     0.99946002        0
  1838.47800391     0.99989962        0
  1838.49843590     0.99992182        0
  1838.51886778     0.99907292        0
  1838.53929957     1.00034758        0
  1838.55973156     0.99834978        0
  1838.58016345     1.00036754        0
  1838.60059524     0.99802681        0
  1838.62102722     1.00108621        0
  1838.64145911     0.99944061        0
  1838.66189089     1.00021884        0
  1838.68232288     0.99879790        0
  1838.70275477     0.99990694        0
  1838.72318665     0.99895266        0
  1838.74361854     1.00100711        0
  1838.76405042     0.99905684        0
  1838.78448230     1.00020690        0
  1838.80491419     0.99970637        0
  1838.82534607     1.00026550        0
  1838.84577805     1.00992394        0
  1838.86620984     0.99986502        0
  1838.88664172     0.99830734        0
  1838.90707370     1.00055180        0
  1838.92750548     0.99922971        0
  1838.94793736     1.00058250        0
  1838.96836934     1.00098818        0
  1838.98880112     0.99948571        0
  1839.07052864     1.00078885        0
  1839.09096062     1.00067385        0
  1839.11139249     0.99960813        0
  1839.13182427     0.99935773        0
  1839.15225625     1.00007874        0
  1839.17268812     0.99972469        0
  1839.19311990     1.00006826        0
  1839.21355188     1.00069850        0
  1839.23398375     1.00030040        0
  1839.25441553     1.00147617        0
  1839.27484750     1.00030223        0
  1839.29527938     1.00041856        0
  1839.31571135     0.99933349        0
  1839.33614313     1.00112726        0
  1839.35657500     0.99959895        0
  1839.37700687     1.00005444        0
  1839.39743874     1.00011052        0
  1839.41787052     0.99975099        0
  1839.43830249     1.00114465        0
  1839.45873436     1.00006508        0
  1839.47916613     1.00006714        0
  1839.49959810     0.99934353        0
  1839.52002997     1.00001018        0
  1839.54046184     0.99937864        0
  1839.56089371     0.99857940        0
  1839.58132558     1.00033992        0
  1839.60175745     0.99933818        0
  1839.62218932     1.00042263        0
  1839.64262119     0.99960368        0
  1839.66305305     0.99937406        0
  1839.72434866     0.99888600        0
  1839.74478062     1.00050860        0
  1839.76521239     1.00125331        0
  1839.78564425     1.00015415        0
  1839.80607622     1.00009550        0
  1839.82650798     1.00000000        0
  1839.84693985     1.00099297        0
  1839.86737181     1.00199837        0
  1839.88780358     1.00126493        0
  1839.90823544     1.00036980        0
  1839.92866740     0.99959158        0
  1839.94909927     0.99944433        0
  1839.96953113     1.00007892        0
  1839.98996299     1.00033712        0
  1840.01039485     1.00059886        0
  1840.31687263     0.99974982        0
  1840.33730459     1.00069018        0
  1840.35773644     0.99937474        0
  1840.37816830     1.00052965        0
  1840.39860015     0.99936922        0
  1840.41903201     0.99911297        0
  1840.43946386     0.99921419        0
  1840.45989571     0.99950867        0
  1840.48032757     1.00008618        0
  1840.50075942     1.00043600        0
  1840.52119137     1.00026799        0
  1840.54162313     1.00359091        0
  1840.56205508     1.00032473        0
  1840.58248693     1.00042003        0
  1840.60291868     1.00059478        0
  1840.62335063     1.00028730        0
  1840.64378248     0.99872434        0
  1840.66421423     1.00124356        0
  1840.68464618     0.99951319        0
  1840.70507803     0.99608995        0
  1840.72550978     0.99965330        0
  1840.74594173     0.99940307        0
  1840.76637358     0.99870692        0
  1840.78680542     0.99866535        0
  1840.80723727     1.00048660        0
  1840.82766902     1.00008038        0
  1840.84810097     1.00039078        0
  1840.86853281     0.99968773        0
  1840.88896466     1.00020691        0
  1840.90939640     0.99963035        0
  1840.92982835     0.99850361        0
  1840.95026020     1.00018173        0
  1840.97069194     0.99908038        0
  1840.99112388     1.00064307        0
  1872.00638940     1.00106676        1
  1872.02682098     1.00104059        1
  1872.04725257     1.00016986        1
  1872.06768416     0.99971912        1
  1872.08811574     0.99922399        1
  1872.10854733     0.99945007        1
  1872.12897902     0.99971062        1
  1872.16984209     0.99869816        1
  1872.19027377     0.99897250        1
  1872.21070536     1.00043102        1
  1872.23113685     0.99940752        1
  1872.25156853     0.99976692        1
  1872.27200012     0.99946708        1
  1872.29243161     0.99947239        1
  1872.31286329     0.99953506        1
  1872.33329488     1.00005654        1
  1872.35372636     1.00031061        1
  1872.37415805     0.99956334        1
  1872.41502132     1.00021500        1
  1872.43545281     1.00011879        1
  1872.45588440     1.00043278        1
  1872.47631608     1.00068693        1
  1872.49674757     0.99998516        1
  1872.51717916     1.00053775        1
  1872.53761084     1.00088116        1
  1872.55804233     1.00081323        1
  1872.57847392     0.99976317        1
  1872.59890560     0.99938087        1
  1872.61933709     0.99932351        1
  1872.66020036     0.99987939        1
  1872.68063185     0.99969271        1
  1872.70106354     0.99964404        1
  1872.72149512     0.99974442        1
  1872.74192661     1.00842928        1
  1872.76235830     0.99975210        1
  1872.78278988     1.00038211        1
  1872.80322137     1.00043582        1
  1872.82365306     1.00006202        1
  1872.84408464     1.00068772        1
  1872.86451613     1.00082525        1
  1872.90537940     1.00032990        1
  1872.92581089     0.99926028        1
  1872.94624258     1.00029113        1
  1872.96667416     1.00052156        1
  1872.98710585     0.99989927        1
  1873.00753734     0.99918394        1
  1873.02796893     1.00009108        1
  1873.04840061     0.99970636        1
  1873.06883210     0.99926652        1
  1873.08926369     0.99969122        1
  1873.15055845     1.00101241        1
  1873.17099014     1.00240300        1
  1873.19142172     1.00162807        1
  1873.21185331     1.00335040        1
  1873.23228490     1.00258880        1
  1873.25271649     1.00153209        1
  1873.27314807     1.00141613        1
  1873.29357966     1.00128859        1
  1873.31401125     1.00029062        1
  1873.33444284     0.99978046        1
  1873.35487442     1.00055245        1
  1873.39573760     0.99741213        1
  1873.41616919     0.99974043        1
  1873.43660067     0.99962518        1
  1873.45703236     1.00109892        1
  1873.47746395     0.99999556        1
  1873.49789564     1.00050295        1
  1873.51832712     0.99975176        1
  1873.53875871     1.00038818        1
  1873.55919040     1.00003116        1
  1873.57962189     0.99968710        1
  1873.60005348     1.00144706        1
  1873.74307469     0.99963596        1
  1873.76350628     0.99979542        1
  1873.78393787     0.99926157        1
  1873.80436946     0.99988382        1
  1873.82480104     1.00002838        1
  1873.84523273     1.00023151        1
  1873.88609581     0.99914084        1
  1873.90652750     0.99979702        1
  1873.92695899     0.99934790        1
  1873.94739057     0.99933044        1
  1873.96782226     1.00165217        1
  1873.98825375     1.00097383        1
  1874.00868544     0.99991113        1
  1874.02911693     1.00101672        1
  1874.04954852     0.99904077        1
  1874.06998021     0.99902806        1
  1874.09041169     0.99962634        1
  1874.25386451     0.99942686        1
  1874.27429610     0.99953687        1
  1874.29472768     0.99853663        1
  1874.31515927     0.99943404        1
  1874.33559086     0.99941948        1
  1874.37645404     0.99993635        1
  1874.39688563     1.00055890        1
  1874.41731732     0.99875837        1
  1874.43774881     0.99990925        1
  1874.45818040     0.99973514        1
  1874.47861209     0.99915088        1
  1874.49904358     0.99954500        1
  1874.51947527     1.00040085        1
  1874.53990686     0.99929462        1
  1874.56033835     1.00033088        1
  1874.58077004     0.99875793        1
  1874.62163312     1.00046829        1
  1874.64206481     0.99985144        1
  1874.66249640     1.00005870        1
  1874.68292799     1.00044289        1
  1874.70335958     0.99982562        1
  1874.72379117     0.99975023        1
  1874.74422266     0.99897324        1
  1874.76465435     1.00014729        1
  1874.78508594     0.99927095        1
  1874.80551753     0.99916640        1
  1874.86681240     1.00110383        1
  1874.88724389     1.00073178        1
  1874.90767548     1.00034949        1
  1874.92810717     1.00069457        1
  1874.94853866     1.00002905        1
  1874.96897025     1.00018808        1
  1874.98940194     1.00019289        1
  1875.00983343     0.99897011        1
  1875.03026512     0.99919737        1
  1875.05069671     0.99970707        1
  1875.11199148     1.00456347        1
  1875.13242298     1.00032838        1
  1875.15285467     0.99954868        1
  1875.17328626     1.00039082        1
  1875.19371785     1.00004899        1
  1875.21414944     1.00085235        1
  1875.23458103     1.00019551        1
  1875.25501272     1.00015970        1
  1875.35717058     0.99951299        1
  1875.37760227     0.99892874        1
  1875.39803376     0.99988594        1
  1875.41846535     1.00000717        1
  1875.43889705     1.00069511        1
  1875.45932854     1.00008110        1
  1875.47976013     1.00029560        1
  1875.50019182     0.99975765        1
  1875.52062331     0.99923902        1
  1875.54105501     0.99923123        1
  1875.56148660     0.99961572        1
  1875.60234978     1.00010735        1
  1875.62278137     0.99990813        1
  1875.64321287     0.99868813        1
  1875.66364456     1.00014769        1
  1875.68407615     0.99992159        1
  1875.70450774     0.99960933        1
  1875.72493934     1.00086372        1
  1875.74537093     0.99968257        1
  1875.76580262     1.00033326        1
  1875.78623411     0.99910852        1
  1875.80666571     1.00020505        1
  1875.84752899     1.00065729        1
  1875.86796049     1.00045525        1
  1875.88839218     1.00061816        1
  1875.90882377     1.00037203        1
  1875.92925526     0.99983607        1
  1875.94968696     1.00086337        1
  1875.97011855     0.99984400        1
  1875.99055024     1.00029478        1
  1876.01098174     1.00070567        1
  1876.09270811     0.99981257        1
  1876.11313971     1.00043127        1
  1876.13357130     1.00089644        1
  1876.15400279     1.00200782        1
  1876.17443449     0.99999409        1
  1876.19486608     1.00033837        1
  1876.21529767     1.00087124        1
  1876.23572927     0.99950787        1
  1876.25616086     0.99985454        1
  1876.27659256     1.00068138        1
  1876.33788734     1.00043891        1
  1876.35831893     0.99974344        1
  1876.37875043     0.99953359        1
  1876.39918212     0.99955350        1
  1876.41961372     1.00061026        1
  1876.44004521     1.00062628        1
  1876.46047691     1.00000909        1
  1876.48090850     1.01199540        1
  1876.50134020     1.01303064        1
  1876.52177169     1.00946195        1
  1876.54220329     1.00589212        1
  1876.58306648     1.00355565        1
  1876.60349807     1.00207938        1
  1876.62392977     1.00268725        1
  1876.64436126     1.00164607        1
  1876.66479286     1.00124997        1
  1876.82824562     1.00014452        1
  1876.84867732     0.99952679        1
  1876.86910882     1.00870987        1
  1876.88954041     1.00038263        1
  1876.90997211     1.00118180        1
  1876.93040370     0.99957837        1
  1877.07342498     1.00099501        1
  1877.09385648     0.99939029        1
  1877.11428807     1.00043199        1
  1877.13471977     1.00019263        1
  1877.15515127     0.99872226        1
  1877.17558286     0.99922821        1
  1877.19601456     1.00011085        1
  1877.21644606     0.99990634        1
  1877.23687776     0.99937243        1
  1877.25730935     1.00057159        1
  1877.27774085     0.99898626        1
  1877.31860415     0.99760695        1
  1877.33903574     0.99967558        1
  1877.35946734     0.99870141        1
  1877.37989894     0.99930306        1
  1877.40033054     1.00066281        1
  1877.42076214     1.00115498        1
  1877.44119373     1.00056888        1
  1877.46162533     1.00306417        1
  1877.48205693     1.00105625        1
  1877.50248853     1.00095159        1
  1877.52292013     1.00063179        1
  1877.56378332     1.00033716        1
  1877.58421502     0.99949411        1
  1877.60464652     1.00047382        1
  1877.62507812     0.99934706        1
  1877.64550982     1.00030060        1
  1877.66594132     0.99957291        1
  1877.68637302     0.99938161        1
  1877.70680462     1.00017863        1
  1877.72723612     0.99882231        1
  1877.74766781     0.99887367        1
  1877.76809941     0.99995925        1
  1877.80896261     0.99917279        1
  1877.82939421     0.99868328        1
  1877.84982571     0.99868989        1
  1877.87025741     0.99977680        1
  1877.89068901     1.00028088        1
  1877.91112061     0.99982163        1
  1877.93155221     0.99921789        1
  1877.95198381     0.99976828        1
  1877.97241551     0.99965800        1
  1877.99284711     0.99981725        1
  1878.01327861     0.99881609        1
  1878.05414191     0.99852252        1
  1878.07457341     0.99963804        1
  1878.09500511     1.00002690        1
  1878.11543672     0.99966005        1
  1878.13586822     0.99968000        1
  1878.15629992     1.00052201        1
  1878.17673142     1.00118872        1
  1878.19716312     0.99970754        1
  1878.21759472     0.99983615        1
  1878.23802622     0.99974503        1
  1878.25845792     0.99922146        1
  1878.29932103     1.00005437        1
  1878.31975273     0.99952891        1
  1878.34018433     0.99980322        1
  1878.36061583     0.99999731        1
  1878.38104753     0.99971366        1
  1878.40147913     1.00017169        1
  1878.42191084     0.99989440        1
  1878.44234234     0.99868549        1
  1878.46277394     1.00074650        1
  1878.48320564     1.00012653        1
  1878.54450045     0.99931983        1
  1878.56493205     0.99955303        1
  1878.58536356     0.99971809        1
  1878.60579526     1.00152859        1
  1878.62622686     0.99945470        1
  1878.64665847     0.99936633        1
  1878.66709007     1.00006194        1
  1878.68752167     1.00115518        1
  1878.70795337     1.00040339        1
  1878.72838488     0.99993531        1
  1878.74881648     1.00000000        1
  1878.78967969     1.00074351        1
  1878.81011129     1.00016833        1
  1878.83054290     1.00098493        1
  1878.85097450     1.00052621        1
  1878.87140620     1.00047081        1
  1878.89183771     1.00008487        1
  1878.91226931     0.99971246        1
  1878.93270102     0.99881254        1
  1878.95313252     1.00067373        1
  1878.97356413     1.00042924        1
  1878.99399583     1.00110497        1
  1879.07572225     1.00243444        1
  1879.09615385     0.99995791        1
  1879.11658546     1.00140914        1
  1879.13701706     0.99997701        1
  1879.15744867     0.99931336        1
  1879.17788028     1.00014469        1
  1879.19831188     1.00019930        1
  1879.21874359     1.00035190        1
  1879.23917509     1.00091889        1
  1879.32090162     1.00063710        1
  1879.34133322     1.00003717        1
  1879.36176473     1.00029800        1
  1879.38219643     0.99988257        1
  1879.40262804     1.00049716        1
  1879.42305955     1.00056050        1
  1879.44349125     1.00058279        1
  1879.46392286     0.99980802        1
  1879.48435437     1.00017224        1
  1879.52521758     1.00014124        1
  1879.54564929     0.99973057        1
  1879.56608090     0.99984774        1
  1879.58651250     0.99928096        1
  1879.60694411     0.99954647        1
  1879.62737572     1.00076364        1
  1879.64780733     1.00101946        1
  1879.66823893     1.00036162        1
  1879.68867054     1.00023413        1
  1879.70910215     0.99982482        1
  1879.72953376     0.99930427        1
  1879.77039707     0.99994127        1
  1879.79082868     0.99965414        1
  1879.81126019     0.99896442        1
  1879.83169190     1.00016378        1
  1879.85212351     0.99948367        1
  1879.87255502     1.00028670        1
  1879.89298673     0.99908661        1
  1879.91341834     0.99987607        1
  1879.93384984     1.00015839        1
  1879.95428155     0.99975023        1
  1879.97471316     0.99937337        1
  1880.01557638     1.00002237        2
  1880.03600799     1.00033292        2
  1880.05643970     0.99990140        2
  1880.07687121     0.99967775        2
  1880.09730282     1.00042990        2
  1880.11773443     1.00000870        2
  1880.13816604     1.00053426        2
  1880.15859765     1.00048563        2
  1880.17902936     0.99955879        2
  1880.19946087     0.99941926        2
  1880.21989258     1.00088112        2
  1880.26075570     0.99945888        2
  1880.28118742     1.00106430        2
  1880.30161903     1.00053415        2
  1880.32205054     0.99966029        2
  1880.34248225     1.00020998        2
  1880.36291386     1.00027861        2
  1880.38334537     1.00012239        2
  1880.40377708     1.00036725        2
  1880.42420870     1.00032796        2
  1880.44464041     0.99922261        2
  1880.50593524     1.00000304        2
  1880.52636676     0.99999386        2
  1880.54679837     1.00051245        2
  1880.56723008     1.00013009        2
  1880.58766159     0.99899252        2
  1880.60809321     0.99955072        2
  1880.62852492     1.00044217        2
  1880.64895643     0.99909108        2
  1880.66938814     0.99940316        2
  1880.75111460     1.00078568        2
  1880.77154621     0.99974479        2
  1880.79197782     1.00017617        2
  1880.81240944     0.99963971        2
  1880.83284105     1.00035318        2
  1880.85327267     0.99929303        2
  1880.87370428     1.00042235        2
  1880.89413590     1.00537804        2
  1880.91456751     1.00083857        2
  1880.93499912     1.00158997        2
  1880.95543084     1.00370066        2
  1880.99629397     1.00119062        2
  1881.01672568     1.00088292        2
  1881.03715720     1.00185601        2
  1881.05758881     1.00049097        2
  1881.07802053     1.00064413        2
  1881.09845204     1.00012036        2
  1881.11888376     0.99955229        2
  1881.13931538     0.99923145        2
  1881.15974689     0.99994800        2
  1881.18017861     0.99948543        2
  1881.20061022     0.99940913        2
  1881.24147346     0.99955243        2
  1881.26190507     0.99995934        2
  1881.28233669     0.99989441        2
  1881.30276831     0.99970267        2
  1881.32319992     1.00051962        2
  1881.34363164     0.99965534        2
  1881.36406316     1.00019113        2
  1881.38449477     1.00013203        2
  1881.40492649     1.00124316        2
  1881.42535811     1.00005636        2
  1881.44578963     0.99931582        2
  1881.48665286     0.99987277        2
  1881.50708458     1.00089215        2
  1881.52751620     0.99944924        2
  1881.54794781     0.99962714        2
  1881.56837943     0.99990739        2
  1881.58881105     0.99944276        2
  1881.60924257     1.00046582        2
  1881.62967429     0.99956270        2
  1881.65010591     0.99985910        2
  1881.67053743     0.99963134        2
  1881.69096914     0.99890371        2
  1881.73183248     0.99970020        2
  1881.75226400     0.99951886        2
  1881.77269562     0.99874137        2
  1881.79312734     0.99953952        2
  1881.81355886     0.99887316        2
  1881.83399048     1.00003786        2
  1881.85442220     0.99991278        2
  1881.87485372     0.99948524        2
  1881.89528534     0.99852686        2
  1881.91571706     1.00000720        2
  1881.93614868     0.99805808        2
  1881.97701192     1.00095075        2
  1881.99744354     0.99991592        2
  1882.01787516     1.00043413        2
  1882.03830679     0.99988891        2
  1882.05873841     0.99994463        2
  1882.07917013     0.99953186        2
  1882.09960165     0.99934165        2
  1882.12003327     1.00071887        2
  1882.14046499     0.99996716        2
  1882.16089651     0.99982406        2
  1882.22219138     0.99959846        2
  1882.24262310     1.00083002        2
  1882.26305463     1.00057918        2
  1882.28348625     0.99952102        2
  1882.30391797     0.99968521        2
  1882.32434949     0.99971342        2
  1882.34478122     0.99945998        2
  1882.36521284     0.99977137        2
  1882.38564436     1.00047963        2
  1882.46737096     1.00050592        2
  1882.48780258     1.00055102        2
  1882.50823421     1.00006464        2
  1882.52866583     0.99937118        2
  1882.54909745     0.99977038        2
  1882.56952918     0.99974576        2
  1882.77384543     1.00062007        2
  1882.79427716     1.00000000        2
  1882.81470868     0.99974737        2
  1882.83514031     1.00056212        2
  1882.85557204     1.00103842        2
  1882.87600356     1.00048847        2
  1882.89643509     0.99996058        2
  1882.91686682     1.00037978        2
  1883.01902505     1.00092179        2
  1883.03945658     1.00175508        2
  1883.05988821     1.00226489        2
  1883.08031994     1.00150500        2
  1883.10075156     1.00045560        2
  1883.12118309     1.00025606        2
  1883.14161482     1.00093384        2
  1883.16204645     1.00117118        2
  1883.20290971     1.00011328        2
  1883.22334133     1.00080066        2
  1883.24377306     0.99881490        2
  1883.26420459     0.99984500        2
  1883.28463622     1.00001801        2
  1883.30506795     0.99973760        2
  1883.32549948     0.99949440        2
  1883.34593111     1.00000790        2
  1883.36636284     0.99965034        2
  1883.38679437     1.00050751        2
  1883.40722610     0.99941781        2
  1883.44808926     0.99960493        2
  1883.46852099     0.99990589        2
  1883.48895262     1.00091868        2
  1883.50938415     1.00131995        2
  1883.52981588     1.00089976        2
  1883.55024742     1.00010398        2
  1883.57067915     1.00081546        2
  1883.59111078     0.99945118        2
  1883.61154231     1.00018420        2
  1883.63197404     0.99954068        2
  1883.65240567     0.99904334        2
  1883.69326894     0.99946343        2
  1883.71370057     0.99947561        2
  1883.73413220     1.00037852        2
  1883.75456384     1.00045201        2
  1883.77499547     1.00038741        2
  1883.79542720     0.99926881        2
  1883.81585883     0.99977428        2
  1883.83629037     1.00055347        2
  1883.85672210     0.99990181        2
  1883.87715373     1.00014734        2
  1883.89758527     0.99956898        2
  1883.97931190     1.00226009        2
  1883.99974354     0.99999718        2
  1884.02017527     1.00044282        2
  1884.04060681     1.00032719        2
  1884.06103844     1.00060298        2
  1884.08147018     1.00048139        2
  1884.10190171     0.99963356        2
  1884.12233335     0.99934012        2
  1884.14276508     0.99989071        2
  1884.20405989     0.99953069        2
  1884.22449153     0.99973019        2
  1884.24492326     0.99958232        2
  1884.26535480     0.99901508        2
  1884.28578644     1.00024907        2
  1884.30621817     1.00049913        2
  1884.32664981     0.99982459        2
  1884.34708135     1.00058221        2
  1884.36751308     1.00011907        2
  1884.38794472     1.00024748        2
  1884.42880800     0.99961906        2
  1884.44923963     0.99960163        2
  1884.46967137     0.99980651        2
  1884.49010291     0.99960471        2
  1884.51053455     1.00014610        2
  1884.53096629     0.99903619        2
  1884.55139782     0.99915549        2
  1884.57182946     0.99853954        2
  1884.59226120     1.00013033        2
  1884.61269274     1.00026046        2
  1884.63312448     0.99980869        2
  1884.67398766     0.99971834        2
  1884.69441940     1.00039992        2
  1884.71485104     1.00051481        2
  1884.73528268     1.00098319        2
  1884.75571432     0.99943876        2
  1884.77614596     1.00003025        2
  1884.79657760     1.00357010        2
  1884.81700924     1.00325987        2
  1884.83744088     1.00087992        2
  1884.85787252     1.00084201        2
  1884.91916744     0.99917623        2
  1884.93959909     1.00033980        2
  1884.96003073     0.99974454        2
  1884.98046247     0.99950025        2
  1885.00089401     0.99990177        2
  1885.02132575     1.00131770        2
  1885.04175740     1.00056116        2
  1885.06218894     0.99956183        2
  1885.08262068     0.99954849        2
  1885.10305232     0.99899530        2
  1885.12348387     1.00038181        2
  1885.16434725     0.98934342        2
  1885.18477880     1.00038155        2
  1885.20521054     1.00047865        2
  1885.22564218     0.99975573        2
  1885.24607393     0.99971045        2
  1885.26650547     1.00048047        2
  1885.28693712     1.00037051        2
  1885.30736886     1.00009097        2
  1885.32780040     0.99841197        2
  1885.34823205     0.99991537        2
  1885.36866379     0.99995075        2
  1885.40952698     0.99921458        2
  1885.42995873     0.99902474        2
  1885.45039038     0.99932063        2
  1885.47082202     0.99960538        2
  1885.49125367     1.00010247        2
  1885.51168531     0.99999018        2
  1885.53211696     1.00116069        2
  1885.55254861     1.00073702        2
  1885.57298015     1.00046617        2
  1885.59341190     0.99994361        2
  1885.61384355     1.00067028        2
  1885.65470684     1.00101075        2
  1885.67513849     1.00060007        2
  1885.69557023     1.00020416        2
  1885.71600178     0.99966723        2
  1885.73643343     1.00109952        2
  1885.75686518     1.00132079        2
  1885.77729673     0.99992443        2
  1885.79772837     1.00101340        2
  1885.81816012     1.00053704        2
  1885.83859167     0.99942176        2
  1885.85902342     0.99931370        2
  1885.89988662     0.99905897        2
  1885.92031837     0.99916844        2
  1885.94075002     0.99988388        2
  1885.96118167     1.00019094        2
  1885.98161332     1.00004728        2
  1886.00204497     1.01652967        2
  1886.02247662     0.99936575        2
  1886.04290827     0.99931358        2
  1886.06333992     1.00046400        2
  1886.08377167     1.00076636        2
  1886.10420332     1.00115520        2
  1886.16549827     1.00020568        2
  1886.18592983     1.00033800        2
  1886.20636158     1.00010664        2
  1886.22679313     0.99978025        2
  1886.24722488     1.00015293        2
  1886.26765653     0.99933930        2
  1886.28808809     1.00089079        2
  1886.30851984     1.00100374        2
  1886.32895149     1.00011345        2
  1886.34938305     0.99970689        2
  1886.39024645     0.99993763        2
  1886.41067801     0.99926053        2
  1886.43110976     0.99920719        2
  1886.45154141     1.00051321        2
  1886.47197317     0.99988391        2
  1886.49240472     0.99980001        2
  1886.51283638     1.00028899        2
  1886.53326813     1.00044971        2
  1886.63542641     1.00029273        2
  1886.65585806     1.00018713        2
  1886.67628972     1.00005391        2
  1886.69672137     1.00042990        2
  1886.71715303     0.99983262        2
  1886.73758469     1.00024103        2
  1886.88060629     0.99981590        2
  1886.90103794     1.00021695        2
  1886.92146970     1.00096252        2
  1886.94190126     1.00016298        2
  1886.96233292     1.00041885        2
  1886.98276468     1.00036327        2
  1887.00319624     0.99991799        2
  1887.12578629     0.99994381        2
  1887.14621795     0.99998461        2
  1887.16664961     0.99958374        2
  1887.18708127     0.99942677        2
  1887.20751293     0.99930971        2
  1887.22794459     0.99946897        2
  1887.24837635     0.99930197        2
  1887.26880792     1.00255217        2
  1887.28923958     1.00513629        2
  1887.30967134     1.00239242        2
  1887.33010300     1.00040601        2
  1887.37096632     1.00053206        2
  1887.39139799     0.99929146        2
  1887.41182955     0.99997189        2
  1887.43226131     1.00017217        2
  1887.45269297     0.99904830        2
  1887.47312464     0.99958921        2
  1887.49355630     0.99955743        2
  1887.51398796     0.99959206        2
  1887.53441973     0.99933308        2
  1887.55485129     0.99947777        2
  1887.57528295     0.99937048        2
  1887.61614628     0.99896866        2
  1887.63657805     0.99887193        2
  1887.65700961     0.99962177        2
  1887.67744128     0.99969713        2
  1887.69787304     1.00122769        2
  1887.71830461     1.00061307        2
  1887.73873627     1.00046085        2
  1887.75916804     1.00070321        2
  1887.77959960     1.00058261        2
  1887.86132637     0.99889702        2
  1887.88175804     1.00092199        2
  1887.90218970     0.99970489        2
  1887.92262137     1.00027272        2
  1887.94305304     0.99942842        2
  1887.96348470     0.99978268        2
  1887.98391647     1.00050327        2
  1891.04866962     0.99986039        3
  1891.06910132     1.00008387        3
  1891.08953312     1.00074900        3
  1891.10996472     1.00036955        3
  1891.13039642     0.99955595        3
  1891.15082822     0.99993751        3
  1891.17125982     1.00089235        3
  1891.19169162     1.00018154        3
  1891.21212332     0.99996954        3
  1891.23255492     0.99871358        3
  1891.29385003     0.99971074        3
  1891.31428183     1.00046348        3
  1891.33471353     0.99936578        3
  1891.35514533     0.99959383        3
  1891.37557694     0.99979729        3
  1891.39600864     1.00004363        3
  1891.41644044     0.99986218        3
  1891.43687204     0.99927325        3
  1891.45730375     1.00011537        3
  1891.47773555     1.00035121        3
  1891.49816726     0.99984183        3
  1891.53903066     0.99929662        3
  1891.55946227     1.00030447        3
  1891.57989407     1.00082416        3
  1891.60032578     1.00069471        3
  1891.62075738     1.00086178        3
  1891.64118919     0.99940966        3
  1891.66162089     0.99920228        3
  1891.68205250     1.00078694        3
  1891.70248431     1.00566388        3
  1891.72291601     1.00054945        3
  1891.74334782     0.99951779        3
  1891.78421113     1.00020745        3
  1891.80464294     0.99968845        3
  1891.82507455     0.99955105        3
  1891.84550626     1.00004993        3
  1891.86593806     0.99942969        3
  1891.88636967     1.00086747        3
  1891.90680138     0.99940925        3
  1891.92723319     0.99958927        3
  1891.94766480     0.99958149        3
  1891.96809661     1.00048965        3
  1891.98852832     1.00007468        3
  1892.02939174     0.99989944        3
  1892.04982345     1.00019564        3
  1892.07025516     0.99998701        3
  1892.09068687     0.99970499        3
  1892.11111858     1.00102216        3
  1892.13155039     0.99971200        3
  1892.15198210     0.99970950        3
  1892.17241371     0.99944343        3
  1892.19284553     1.00027798        3
  1892.21327714     1.00057662        3
  1892.23370885     1.00036835        3
  1892.27457227     1.00017474        3
  1892.29500409     1.00058408        3
  1892.31543580     0.99977490        3
  1892.33586741     1.00038746        3
  1892.35629923     0.99985480        3
  1892.37673094     0.99968948        3
  1892.39716256     1.00009186        3
  1892.41759437     0.99985183        3
  1892.43802608     1.00094744        3
  1892.45845770     1.00108647        3
  1892.51975305     0.99990126        3
  1892.54018466     1.00036608        3
  1892.56061638     1.00085377        3
  1892.58104819     1.00000000        3
  1892.60147981     1.00063684        3
  1892.62191153     0.99981761        3
  1892.64234334     1.00054172        3
  1892.66277506     0.99981783        3
  1892.82622881     0.99987010        3
  1892.84666053     0.99934778        3
  1892.86709235     0.99948700        3
  1892.88752397     1.00039533        3
  1892.90795579     1.00005579        3
  1892.92838741     1.00248007        3
  1892.94881913     1.00077006        3
  1892.96925095     0.99966995        3
  1893.01011429     0.99718208        3
  1893.03054611     0.99963292        3
  1893.05097774     0.99908540        3
  1893.07140956     1.00025021        3
  1893.09184128     0.99962309        3
  1893.11227290     0.99956116        3
  1893.13270473     0.99950568        3
  1893.15313645     0.99826952        3
  1893.17356807     0.99844480        3
  1893.19399990     1.00423728        3
  1893.21443162     0.99946576        3
  1893.31659024     0.99943666        3
  1893.33702197     1.00033620        3
  1893.35745379     1.00159427        3
  1893.37788552     1.00048252        3
  1893.39831714     0.99954389        3
  1893.41874897     0.99939103        3
  1893.43918070     1.00291591        3
  1893.45961252     1.00124163        3
  1893.50047588     1.00002518        3
  1893.52090771     0.99976805        3
  1893.54133933     0.99904836        3
  1893.56177096     0.99961472        3
  1893.58220279     0.99917665        3
  1893.60263452     1.00057764        3
  1893.62306635     1.00025640        3
  1893.64349798     1.00032393        3
  1893.66392971     0.99960889        3
  1893.68436154     0.99989310        3
  1893.70479316     0.99987741        3
  1893.74565673     0.99944294        3
  1893.76608836     0.99966506        3
  1893.78652009     0.99982684        3
  1893.80695192     1.00030782        3
  1893.82738355     1.00060369        3
  1893.84781538     1.00014163        3
  1893.86824711     1.00039249        3
  1893.88867884     0.99994232        3
  1893.90911058     0.99882499        3
  1893.92954231     0.99927907        3
  1894.03170108     1.00046801        3
  1894.05213271     1.00126253        3
  1894.07256454     1.00019298        3
  1894.09299628     1.00009728        3
  1894.11342791     0.99998467        3
  1894.13385975     1.00033661        3
  1894.15429148     1.00167396        3
  1894.17472322     0.99990832        3
  1894.19515496     1.00026039        3
  1894.23601843     1.00013661        3
  1894.25645016     0.99998700        3
  1894.27688180     1.00064081        3
  1894.29731364     0.99907501        3
  1894.31774538     0.99999932        3
  1894.33817701     1.00031829        3
  1894.35860885     1.00054388        3
  1894.37904059     1.00017013        3
  1894.39947243     1.00038654        3
  1894.41990407     0.99987616        3
  1894.44033581     0.99971099        3
  1894.48119928     1.00063849        3
  1894.50163102     0.99966898        3
  1894.52206286     0.99963575        3
  1894.54249460     0.99933672        3
  1894.56292635     0.99986929        3
  1894.58335809     0.99864205        3
  1894.60378983     1.00016214        3
  1894.62422157     1.00119704        3
  1894.72638028     1.00099598        3
  1894.74681212     0.99996245        3
  1894.76724376     1.00148437        3
  1894.78767561     1.00030885        3
  1894.80810735     1.00034010        3
  1894.82853900     0.99984043        3
  1894.84897084     1.00183883        3
  1894.97156131     0.99710559        3
  1894.99199296     0.99939034        3
  1895.01242480     0.99931450        3
  1895.03285655     0.99938598        3
  1895.05328830     0.99937637        3
  1895.07372004     0.99962824        3
  1895.09415179     0.99928518        3
  1895.11458364     1.00055429        3
  1895.13501529     0.99882318        3
  1895.15544703     1.00072837        3
  1895.17587888     1.00324349        3
  1895.21674228     0.99982554        3
  1895.23717413     1.00046249        3
  1895.25760588     1.00042653        3
  1895.27803753     1.00101303        3
  1895.29846938     1.00138784        3
  1895.31890113     1.00068545        3
  1895.33933298     0.99985968        3
  1895.35976463     1.00078031        3
  1895.38019638     1.00009119        3
  1895.40062823     1.00002535        3
  1895.42105988     0.99985490        3
  1895.46192349     0.99911366        3
  1895.48235514     1.00049657        3
  1895.50278699     1.00059506        3
  1895.52321865     1.00021854        3
  1895.54365040     1.00102667        3
  1895.56408225     0.99995635        3
  1895.58451391     0.99898857        3
  1895.60494566     1.00010980        3
  1895.62537751     1.00001909        3
  1895.64580917     0.99872008        3
  1895.66624102     0.99981567        3
  1895.70710453     0.99937316        3
  1895.72753629     0.99917556        3
  1895.74796805     1.00016896        3
  1895.76839980     1.00049559        3
  1895.78883156     1.00003729        3
  1895.80926331     1.00008873        3
  1895.82969507     0.99997560        3
  1895.85012693     0.99951878        3
  1895.87055859     0.99992856        3
  1895.89099044     0.99982915        3
  1895.91142220     1.00018327        3
  1895.97271748     1.00030146        3
  1895.99314914     0.99942057        3
  1896.01358100     1.00010967        3
  1896.03401276     0.99947836        3
  1896.05444462     0.99975421        3
  1896.07487628     0.99970390        3
  1896.09530804     1.00027049        3
  1896.11573980     0.99958682        3
  1896.13617156     0.99879100        3
  1896.15660332     1.00050955        3
  1896.19746684     0.99965636        3
  1896.21789871     1.00035843        3
  1896.23833037     1.00013093        3
  1896.25876213     0.99978753        3
  1896.27919399     0.99982638        3
  1896.29962566     0.99911640        3
  1896.32005742     1.00066897        3
  1896.34048929     0.99939594        3
  1896.36092095     1.00021756        3
  1896.38135271     0.99681423        3
  1896.50394341     0.99962999        3
  1896.52437517     0.99968631        3
  1896.54480694     0.99989157        3
  1896.56523881     1.00073104        3
  1896.58567047     1.00001426        3
  1896.60610234     0.99930145        3
  1896.62653411     1.00004173        3
  1896.64696578     0.99930358        3
  1896.68782941     1.00057135        3
  1896.70826108     1.00018023        3
  1896.72869295     1.00052950        3
  1896.74912472     1.00056436        3
  1896.76955649     1.00113541        3
  1896.78998826     0.99920561        3
  1896.81042003     1.00048349        3
  1896.83085180     1.00009177        3
  1896.85128357     1.00025115        3
  1896.87171534     1.00171545        3
  1896.89214711     0.99995241        3
  1896.93301066     1.00025237        3
  1896.95344243     0.99941660        3
  1896.97387420     0.99947810        3
  1896.99430608     1.00175048        3
  1897.01473775     1.00371768        3
  1897.03516952     1.00035000        3
  1897.05560140     1.00033257        3
  1897.07603317     1.00098211        3
  1897.09646484     0.99974496        3
  1897.11689672     1.00055843        3
  1897.13732849     0.99956221        3
  1897.17819204     0.99995320        3
  1897.19862382     1.00066975        3
  1897.21905570     1.00019598        3
  1897.23948737     0.99982869        3
  1897.25991915     0.99973449        3
  1897.28035102     0.99965364        3
  1897.30078270     0.99938067        3
  1897.32121458     1.00000376        3
  1897.34164636     1.00117583        3
  1897.36207803     1.00055550        3
  1897.38250991     0.99935675        3
  1897.42337337     1.00013508        3
  1897.44380525     0.99970933        3
  1897.46423703     0.99973221        3
  1897.48466891     0.99978260        3
  1897.50510059     1.00065047        3
  1897.52553227     0.99895596        3
  1897.54596415     1.00001602        3
  1897.56639593     1.00036666        3
  1897.58682771     0.99960154        3
  1897.60725949     0.99941446        3
  1897.62769127     0.99948790        3
  1897.75028197     1.00024930        3
  1897.77071385     0.99930366        3
  1897.79114564     1.00098626        3
  1897.81157732     1.00017217        3
  1897.83200921     0.99985847        3
  1897.85244099     1.00018601        3
  1897.87287288     1.00003576        3
  1897.91373635     1.00056624        3
  1897.93416823     0.99994477        3
  1897.95459992     1.00007630        3
  1897.97503171     0.99995892        3
  1897.99546359     0.99954026        3
  1898.01589528     0.99855741        4
  1898.03632717     0.99881625        4
  1898.05675896     1.00052170        4
  1898.07719065     0.99954987        4
  1898.09762253     1.00576277        4
  1898.11805432     0.99989665        4
  1898.15891790     1.00008732        4
  1898.17934959     0.99979742        4
  1898.19978148     0.99963196        4
  1898.22021327     1.00048154        4
  1898.24064496     1.00007935        4
  1898.26107685     0.99904610        4
  1898.28150864     0.99913688        4
  1898.30194043     0.99990421        4
  1898.32237223     0.99993618        4
  1898.40409940     1.00012669        4
  1898.42453129     0.99982476        4
  1898.44496308     0.99978923        4
  1898.46539478     1.00055970        4
  1898.48582667     1.00063015        4
  1898.50625846     1.00119368        4
  1898.52669016     1.00440520        4
  1898.54712205     1.00358144        4
  1898.56755385     1.00110845        4
  1898.58798574     1.00061870        4
  1898.64928113     1.00092060        4
  1898.66971283     1.00043069        4
  1898.69014463     1.00049834        4
  1898.71057652     1.00063571        4
  1898.73100822     1.00082210        4
  1898.75144012     1.00051956        4
  1898.77187192     1.00013705        4
  1898.79230362     1.00104235        4
  1898.81273551     0.99988629        4
  1898.83316721     0.99985823        4
  1898.85359901     1.00052896        4
  1898.89446261     1.00043566        4
  1898.91489441     0.99926717        4
  1898.93532631     0.99823396        4
  1898.95575811     0.99998964        4
  1898.97618992     0.99987390        4
  1898.99662172     0.99896666        4
  1899.01705352     1.00032271        4
  1899.03748532     0.99988972        4
  1899.05791712     0.99983305        4
  1899.07834893     0.99965550        4
  1899.09878083     0.99942239        4
  1899.13964444     0.99903112        4
  1899.16007624     0.99876593        4
  1899.18050794     0.99954314        4
  1899.20093985     0.99978621        4
  1899.22137165     1.00006413        4
  1899.24180336     0.99897955        4
  1899.26223526     0.99953794        4
  1899.28266707     0.99898293        4
  1899.30309898     1.00023312        4
  1899.32353068     1.00184538        4
  1899.34396249     1.00064705        4
  1899.38482610     1.00034661        4
  1899.40525791     1.00269925        4
  1899.42568982     1.00383487        4
  1899.44612153     1.00444864        4
  1899.46655344     1.00348248        4
  1899.48698515     1.00261453        4
  1899.50741695     1.00174462        4
  1899.52784886     1.00079734        4
  1899.54828057     1.00217723        4
  1899.56871238     1.00065448        4
  1899.58914429     1.00015153        4
  1899.63000782     1.00041187        4
  1899.65043973     1.00006433        4
  1899.67087154     0.99931772        4
  1899.69130335     0.99963557        4
  1899.71173516     0.99982296        4
  1899.73216698     0.99969087        4
  1899.75259889     0.99947354        4
  1899.77303060     0.99991608        4
  1899.79346241     0.99866173        4
  1899.81389433     0.99973902        4
  1899.83432604     0.99916843        4
  1899.89562149     0.99973418        4
  1899.91605340     0.99915792        4
  1899.93648522     0.99916501        4
  1899.95691693     1.00028494        4
  1899.97734885     0.99978786        4
  1899.99778067     0.99931881        4
  1900.01821258     0.99964140        4
  1900.03864430     0.99909039        4
  1900.05907612     1.00020915        4
  1900.07950794     1.00028241        4
  1900.12037157     1.00052738        4
  1900.14080339     0.99981482        4
  1900.16123521     1.00010419        4
  1900.18166713     0.99817523        4
  1900.20209885     1.00072605        4
  1900.22253067     0.99979518        4
  1900.24296259     0.99994394        4
  1900.26339431     1.00014000        4
  1900.28382613     0.99916981        4
  1900.30425805     1.00006886        4
  1900.32468987     0.99982144        4
  1900.36555352     0.99999148        4
  1900.38598534     1.00012295        4
  1900.40641726     0.99892249        4
  1900.42684899     0.99978386        4
  1900.44728081     0.99942437        4
  1900.46771274     1.00026701        4
  1900.48814446     0.99985675        4
  1900.50857628     1.00070402        4
  1900.52900821     0.99946245        4
  1900.54943993     0.99928697        4
  1900.56987186     0.99970763        4
  1900.61073541     0.99999463        4
  1900.63116734     0.99986082        4
  1900.65159916     1.00235785        4
  1900.67203089     1.00230213        4
  1900.69246282     1.00078719        4
  1900.71289465     1.00051323        4
  1900.85591745     1.00012149        4
  1900.87634928     0.99953122        4
  1900.89678121     0.99915076        4
  1900.91721304     0.99942363        4
  1900.93764477     0.99879141        4
  1900.95807670     1.00035436        4
  1900.97850853     0.99891903        4
  1900.99894027     1.00123892        4
  1901.01937220     1.00032019        4
  1901.03980403     1.00138968        4
  1901.06023576     0.99983524        4
  1901.10109953     1.00080037        4
  1901.12153147     1.00054751        4
  1901.14196320     1.00175925        4
  1901.16239503     1.00042361        4
  1901.18282697     1.00079201        4
  1901.20325871     1.00079968        4
  1901.22369054     1.00009971        4
  1901.24412248     0.99960488        4
  1901.26455421     1.00019433        4
  1901.28498615     0.99962983        4
  1901.30541799     1.00004839        4
  1901.36671350     1.00064826        4
  1901.38714534     0.99781819        4
  1901.40757718     0.99975707        4
  1901.42800902     0.99856453        4
  1901.44844085     1.00005642        4
  1901.46887269     1.00030262        4
  1901.48930453     1.00103423        4
  1901.50973637     0.99994551        4
  1901.53016821     0.99919410        4
  1901.55060006     1.00000000        4
  1901.59146374     0.99933018        4
  1901.61189568     1.00026201        4
  1901.63232752     0.99951126        4
  1901.65275926     1.00101461        4
  1901.67319121     1.00003999        4
  1901.69362305     1.00001280        4
  1901.71405479     1.00051512        4
  1901.73448674     1.00029206        4
  1901.75491858     1.00049120        4
  1901.77535033     0.99916719        4
  1901.79578227     0.99947729        4
  1901.83664606     0.99957524        4
  1901.85707781     1.00007353        4
  1901.87750965     0.99999458        4
  1901.89794160     1.00042409        4
  1901.91837335     0.99979989        4
  1901.93880519     1.00094925        4
  1901.95923714     1.00013010        4
  1901.97966889     1.00034147        4
  1902.00010084     1.00005953        4
  1902.02053269     0.99981069        4
  1902.08182823     0.99964699        4
  1902.10225998     1.00107844        4
  1902.12269193     1.00037140        4
  1902.14312378     1.00066251        4
  1902.16355563     0.99976274        4
  1902.18398748     1.00060283        4
  1902.20441934     0.99914067        4
  1902.22485119     0.99989385        4
  1902.24528304     1.00023045        4
  1902.26571489     0.99976240        4
  1902.28614684     0.99864621        4
  1902.32701045     0.99984991        4
  1902.34744241     1.00077403        4
  1902.36787416     1.00007229        4
  1902.38830611     0.99996761        4
  1902.40873797     1.00038457        4
  1902.42916972     1.00010038        4
  1902.44960168     1.00082071        4
  1902.57219282     1.00017742        4
  1902.59262468     1.00004300        4
  1902.61305663     0.99975674        4
  1902.63348839     0.99975099        4
  1902.65392025     0.99963224        4
  1902.67435221     0.99978555        4
  1902.69478397     1.00029453        4
  1902.71521593     1.00000654        4
  1902.73564779     1.00053096        4
  1902.75607955     1.00008362        4
  1902.77651151     0.99829531        4
  1902.81737523     0.99238131        4
  1902.83780710     0.99958850        4
  1902.85823896     0.99961575        4
  1902.87867072     1.00082294        4
  1902.89910268     0.99964009        4
  1902.91953455     0.99926018        4
  1902.93996651     0.99942521        4
  1902.96039827     0.99974399        4
  1902.98083014     0.99920870        4
  1903.00126210     0.99881381        4
  1903.02169387     0.99886978        4
  1903.20558067     1.00001244        4
  1903.22601263     1.00011774        4
  1903.24644450     1.00005111        4
  1903.26687647     1.00211065        4
  1903.30774011     0.99907869        4
  1903.32817208     1.00098964        4
  1903.34860385     1.00036673        4
  1903.36903572     0.99996937        4
  1903.38946769     0.99948985        4
  1903.40989956     1.00000062        4
  1903.43033144     0.99946624        4
  1903.45076321     0.99951574        4
  1903.47119508     0.99947356        4
  1903.49162705     0.99980251        4
  1903.51205893     0.99911765        4
  1903.55292267     0.99977768        4
  1903.57335455     1.00017968        4
  1903.59378632     1.00037265        4
  1903.61421830     0.99976599        4
  1903.63465017     1.00017253        4
  1903.65508215     1.00082492        4
  1903.67551392     0.99964993        4
  1903.69594580     1.00017232        4
  1903.71637777     0.99940380        4
  1903.73680955     0.99938221        4
  1903.75724143     0.99921165        4
  1903.79810518     0.99982598        4
  1903.81853716     0.99962763        4
  1903.83896904     0.99952240        4
  1903.85940082     1.00028248        4
  1903.87983280     1.00024257        4
  1903.90026468     1.00060093        4
  1903.92069646     1.00054297        4
  1903.94112844     1.00071242        4
  1903.96156032     1.00074931        4
  1903.98199230     0.99987267        4
  1904.00242408     0.99938426        4
  1904.04328785     1.00054832        4
  1904.06371983     1.00028499        4
  1904.08415161     1.00188792        4
  1904.10458349     1.00031495        4
  1904.12501538     0.99973535        4
  1904.14544726     1.00094944        4
  1904.16587925     0.99997416        4
  1904.18631103     1.00038492        4
  1904.20674302     0.99985854        4
  1904.22717490     0.99882125        4
  1904.24760669     0.99908286        4
  1904.28847056     1.00026540        4
  1904.30890234     1.00050328        4
  1904.32933433     1.00071167        4
  1904.34976622     1.00092008        4
  1904.37019821     1.00001558        4
  1904.39062999     0.99993484        4
  1904.41106188     0.99972467        4
  1904.43149387     1.00005462        4
  1904.45192566     0.99938932        4
  1904.47235755     1.00044226        4
  1904.49278954     0.99983915        4
  1904.61538089     1.00034779        4
  1904.63581278     0.99966498        4
  1904.65624467     1.00076430        4
  1904.67667656     1.00066218        4
  1904.69710846     1.00058425        4
  1904.71754035     1.00028303        4
  1904.73797225     0.99911893        4
  1904.77883603     0.99926625        4
  1904.79926793     0.99992278        4
  1904.81969992     1.00032692        4
  1904.84013172     1.00096907        4
  1904.86056362     1.00035877        4
  1904.88099561     1.00057266        4
  1905.04445080     1.00000514        4
  1905.06488270     0.99962913        4
  1905.08531470     0.99981517        4
  1905.10574650     0.99969690        4
  1905.12617840     0.99986271        4
  1905.14661040     0.99994316        4
  1905.16704220     0.99957134        4
  1905.18747410     0.99950440        4
