  1835.65851210     0.99993008        0
  1835.67894409     0.99973292        0
  1835.80153599     0.99623529        0
  1835.82196808     1.00084419        0
  1835.84239996     0.99980486        0
  1835.86283194     1.00044647        0
  1835.88326402     0.99915987        0
  1835.90369590     0.99999060        0
  1835.92412788     0.99931621        0
  1835.94455996     1.00078432        0
  1835.96499184     1.00000511        0
  1835.98542382     1.00008710        0
  1836.00585590     1.00019028        0
  1836.02628778     0.99968363        0
  1836.04671976     0.99929239        0
  1836.06715183     1.00013919        0
  1836.08758371     0.99971184        0
  1836.10801569     1.00090000        0
  1836.12844776     1.00150407        0
  1836.14887974     1.00097919        0
  1836.16931161     0.99917526        0
  1836.18974369     1.00115251        0
  1836.21017566     0.99913066        0
  1836.23060774     0.99884391        0
  1836.25103961     0.99908905        0
  1836.27147159     0.99997610        0
  1836.31233553     0.99869754        0
  1836.33276750     1.00452496        0
  1836.35319957     1.00070405        0
  1836.37363145     0.99953284        0
  1836.39406342     1.00019059        0
  1836.41449539     0.99956396        0
  1836.43492736     0.99948394        0
  1836.45535933     1.00181067        0
  1836.47579130     0.99891554        0
  1836.49622326     0.99980859        0
  1836.51665523     0.99884782        0
  1836.53708720     1.00401216        0
  1836.55751917     0.99973716        0
  1836.57795113     1.00077001        0
  1836.59838320     0.99938428        0
  1836.61881507     1.00020185        0
  1836.63924703     0.99902891        0
  1836.65967910     1.00100675        0
  1836.68011096     0.99995000        0
  1836.70054293     0.99995693        0
  1836.72097499     0.99972551        0
  1836.74140686     1.00059933        0
  1836.76183882     1.00127500        0
  1836.78227088     1.00065833        0
  1836.80270274     0.99950817        0
  1836.82313481     1.00051813        0
  1836.84356677     1.00086466        0
  1836.86399863     0.99878902        0
  1836.88443069     0.99995436        0
  1836.90486265     1.00016351        0
  1836.92529451     1.00186238        0
  1836.94572657     0.99865670        0
  1836.96615853     1.00036844        0
  1836.98659049     0.99993384        0
  1837.00702245     0.99972907        0
  1837.02745440     0.99240496        0
  1837.08875028     1.00048107        0
  1837.10918223     0.99979301        0
  1837.12961419     0.99958455        0
  1837.15004614     0.99931979        0
  1837.17047810     1.00014691        0
  1837.19091005     1.00256013        0
  1837.21134201     1.00135191        0
  1837.23177396     1.00042115        0
  1837.25220591     1.03338949        0
  1837.27263787     0.99992739        0
  1837.29306972     0.99881950        0
  1837.31350177     0.99831310        0
  1837.33393372     1.00010530        0
  1837.35436567     0.99979324        0
  1837.37479763     0.99951579        0
  1837.39522958     1.00055726        0
  1837.41566153     1.00040076        0
  1837.43609358     0.99978778        0
  1837.45652543     0.99942181        0
  1837.47695747     1.00014186        0
  1837.49738942     0.99970626        0
  1837.51782127     0.99995576        0
  1837.53825332     0.99923315        0
  1837.55868527     0.99988880        0
  1837.57911711     0.99977949        0
  1837.59954916     0.99961624        0
  1837.61998111     1.00062955        0
  1837.64041295     1.00333592        0
  1837.66084500     1.00032265        0
  1837.68127694     1.00100409        0
  1837.70170879     1.00097559        0
  1837.72214083     1.00144493        0
  1837.74257277     0.99951525        0
  1837.76300462     0.99985474        0
  1837.78343666     0.99969766        0
  1837.80386860     0.99866880        0
  1837.82430055     1.00014470        0
  1837.84473249     0.99884020        0
  1837.86516443     0.99922587        0
  1837.88559627     1.00002650        0
  1837.90602831     0.99936415        0
  1837.92646025     0.99894733        0
  1837.94689219     1.00106505        0
  1837.96732413     0.99971623        0
  1837.98775607     0.99998603        0
  1838.00818791     1.00051479        0
  1838.02861994     1.00160402        0
  1838.04905188     1.00038402        0
  1838.06948392     1.00061515        0
  1838.08991576     1.00086050        0
  1838.11034769     1.00024976        0
  1838.13077973     1.00086434        0
  1838.15121156     1.00051453        0
  1838.17164350     1.00005135        0
  1838.19207553     0.99924988        0
  1838.21250737     0.99995841        0
  1838.23293930     1.00155291        0
  1838.27380327     1.00087347        0
  1838.29423510     1.00000176        0
  1838.31466714     1.00056718        0
  1838.33509907     1.00020818        0
  1838.35553090     0.99966700        0
  1838.37596293     1.00034060        0
  1838.39639486     0.99974017        0
  1838.41682669     0.99901645        0
  1838.43725872     0.99906608        0
  1838.45769065     0.99988387        0
  1838.47812248     1.00039249        0
  1838.49855451     1.00086829        0
  1838.51898644     0.99887005        0
  1838.53941827     1.00050668        0
  1838.55985029     1.00138721        0
  1838.58028222     1.00010373        0
  1838.60071405     0.99887929        0
  1838.62114608     0.99915271        0
  1838.64157800     1.00040740        0
  1838.66200983     1.00011517        0
  1838.68244185     1.00020699        0
  1838.70287378     1.00110857        0
  1838.72330570     1.00099569        0
  1838.74373763     1.00087218        0
  1838.76416955     0.99931921        0
  1838.78460147     1.00007304        0
  1838.80503340     1.00006592        0
  1838.82546532     0.99990012        0
  1838.84589734     0.99961203        0
  1838.86632916     1.00074129        0
  1838.88676108     1.00028063        0
  1838.90719311     0.99965652        0
  1838.92762493     1.00041634        0
  1838.94805685     0.99877220        0
  1838.96848887     0.99792510        0
  1838.98892069     0.98854314        0
  1839.07064836     0.99987813        0
  1839.09108038     0.99970058        0
  1839.11151230     0.99965625        0
  1839.13194411     0.99933060        0
  1839.15237613     1.00097625        0
  1839.17280804     0.99915055        0
  1839.19323986     1.00106739        0
  1839.21367188     1.00067227        0
  1839.23410379     0.99988552        0
  1839.25453561     1.00045373        0
  1839.27496762     1.00011742        0
  1839.29539953     1.00042559        0
  1839.31583155     0.99972493        0
  1839.33626336     1.00105295        0
  1839.35669527     1.00070258        0
  1839.37712718     0.99995251        0
  1839.39755910     1.00010340        0
  1839.41799091     0.99994704        0
  1839.43842292     0.99988036        0
  1839.45885483     1.00103795        0
  1839.47928664     1.00105220        0
  1839.49971865     1.00023014        0
  1839.52015056     0.99942947        0
  1839.54058247     1.00388092        0
  1839.56101438     1.00064121        0
  1839.58144628     0.99925530        0
  1839.60187819     1.00044110        0
  1839.62231010     1.00043893        0
  1839.64274201     0.99915942        0
  1839.72446963     0.99815041        0
  1839.74490164     1.00009087        0
  1839.76533344     0.99978952        0
  1839.78576535     0.99970043        0
  1839.80619735     0.99992673        0
  1839.82662915     0.99991027        0
  1839.84706106     1.00032767        0
  1839.86749306     0.99924788        0
  1839.88792486     0.99959037        0
  1839.90835677     1.00038955        0
  1839.92878877     1.00008420        0
  1839.94922067     0.99957945        0
  1839.96965257     0.99969454        0
  1839.99008447     1.00044879        0
  1840.01051637     1.00032846        0
  1840.31699473     0.99956581        0
  1840.33742673     0.99995844        0
  1840.35785862     0.99977457        0
  1840.37829051     0.99918770        0
  1840.39872241     0.99715856        0
  1840.41915430     1.00088962        0
  1840.43958619     1.00070350        0
  1840.46001808     1.00114482        0
  1840.48044998     1.01137025        0
  1840.50088187     1.00002939        0
  1840.52131386     1.00039062        0
  1840.54174565     0.99939492        0
  1840.56217764     0.99979190        0
  1840.58260953     1.00019663        0
  1840.60304132     1.00103271        0
  1840.62347331     0.99990539        0
  1840.64390520     0.99966834        0
  1840.66433698     1.00108103        0
  1840.68476897     0.99856877        0
  1840.70520086     0.99032139        0
  1840.72563265     1.00053733        0
  1840.74606463     1.00039085        0
  1840.76649652     1.00053682        0
  1840.78692841     1.00072120        0
  1840.80736029     1.00019359        0
  1840.82779208     1.00091943        0
  1840.84822406     1.00102259        0
  1840.86865595     0.99974523        0
  1840.88908783     1.00000000        0
  1840.90951962     0.99951193        0
  1840.92995160     0.99984458        0
  1840.95038348     1.00030156        0
  1840.97081527     0.99911284        0
  1840.99124725     0.99880158        0
  1872.00655177     0.99989283        1
  1872.02698337     1.00005111        1
  1872.04741497     1.00214544        1
  1872.06784657     0.99915014        1
  1872.08827817     0.99853870        1
  1872.10870976     0.99836144        1
  1872.12914146     0.99998804        1
  1872.17000456     0.99924133        1
  1872.19043626     0.99942806        1
  1872.21086786     1.00008246        1
  1872.23129936     1.00080136        1
  1872.25173105     1.00048125        1
  1872.27216265     0.99969083        1
  1872.29259415     0.99996927        1
  1872.31302585     1.00052596        1
  1872.33345745     1.00131409        1
  1872.35388895     1.00055348        1
  1872.37432064     0.99924750        1
  1872.41518394     0.99969145        1
  1872.43561544     0.99944180        1
  1872.45604704     1.00061516        1
  1872.47647874     1.00010573        1
  1872.49691023     0.99930946        1
  1872.51734183     1.00082906        1
  1872.53777353     0.99968537        1
  1872.55820503     0.99941348        1
  1872.57863663     1.00153514        1
  1872.59906833     1.00027216        1
  1872.61949983     1.00102272        1
  1872.66036312     1.00022489        1
  1872.68079462     1.00114999        1
  1872.70122632     0.99954307        1
  1872.72165792     0.99997903        1
  1872.74208942     1.00007221        1
  1872.76252111     0.99970134        1
  1872.78295271     0.99966081        1
  1872.80338421     1.00000758        1
  1872.82381591     1.00017385        1
  1872.84424751     0.99896062        1
  1872.86467901     1.00100465        1
  1872.90554230     0.99949422        1
  1872.92597380     1.00007189        1
  1872.94640550     0.99963243        1
  1872.96683710     1.00056320        1
  1872.98726880     0.99989042        1
  1873.00770030     1.00050612        1
  1873.02813190     1.00014671        1
  1873.04856359     0.99971704        1
  1873.06899509     1.00090600        1
  1873.08942669     1.00013404        1
  1873.15072149     0.99943532        1
  1873.17115319     0.99988640        1
  1873.19158478     1.00119156        1
  1873.21201638     0.99967649        1
  1873.23244798     1.00015749        1
  1873.25287958     0.99969933        1
  1873.27331118     1.00101199        1
  1873.29374278     1.00026931        1
  1873.31417438     1.00034630        1
  1873.33460597     0.99923951        1
  1873.35503757     0.99976184        1
  1873.39590077     0.99390059        1
  1873.41633237     1.00045423        1
  1873.43676387     1.00000584        1
  1873.45719557     1.00106857        1
  1873.47762717     1.00000496        1
  1873.49805886     1.00000000        1
  1873.51849036     1.00000758        1
  1873.53892196     0.99943578        1
  1873.55935366     0.99964260        1
  1873.57978516     0.99992718        1
  1873.60021676     0.99978329        1
  1873.74323805     1.00065821        1
  1873.76366965     1.00002585        1
  1873.78410125     0.99963845        1
  1873.80453285     0.99951811        1
  1873.82496445     0.99981547        1
  1873.84539615     1.00033986        1
  1873.88625924     1.00014675        1
  1873.90669094     0.99976752        1
  1873.92712244     1.00075237        1
  1873.94755404     1.00014672        1
  1873.96798574     1.00256407        1
  1873.98841724     1.00257186        1
  1874.00884894     0.99967732        1
  1874.02928044     1.00009846        1
  1874.04971204     0.99881885        1
  1874.07014374     1.00048826        1
  1874.09057524     0.99950877        1
  1874.25402813     0.99949366        1
  1874.27445973     0.99966978        1
  1874.29489133     0.99966513        1
  1874.31532293     0.99984534        1
  1874.33575453     1.00056366        1
  1874.37661773     0.99960104        1
  1874.39704933     1.00091069        1
  1874.41748103     1.00079576        1
  1874.43791253     1.00189560        1
  1874.45834413     0.99894731        1
  1874.47877582     0.99924135        1
  1874.49920732     0.99988897        1
  1874.51963902     0.99990730        1
  1874.54007062     0.99949517        1
  1874.56050212     1.00013623        1
  1874.58093382     0.99890109        1
  1874.62179692     1.00008348        1
  1874.64222862     0.99946681        1
  1874.66266022     0.99940741        1
  1874.68309182     1.00014697        1
  1874.70352342     1.00007949        1
  1874.72395502     0.99974326        1
  1874.74438652     0.99922402        1
  1874.76481822     0.99939261        1
  1874.78524982     0.99971485        1
  1874.80568142     0.99896165        1
  1874.86697632     1.00027133        1
  1874.88740782     0.99927281        1
  1874.90783942     0.99913685        1
  1874.92827112     1.00032092        1
  1874.94870262     0.99935512        1
  1874.96913422     0.99981479        1
  1874.98956592     1.00049228        1
  1875.00999742     0.99798274        1
  1875.03042912     1.00053439        1
  1875.05086073     0.99988396        1
  1875.11215553     1.00032145        1
  1875.13258703     1.00051862        1
  1875.15301873     0.99968940        1
  1875.17345033     0.99973512        1
  1875.19388193     1.00005826        1
  1875.21431353     1.00003718        1
  1875.23474513     1.00006512        1
  1875.35733474     0.99646212        1
  1875.37776644     0.99925735        1
  1875.39819794     1.00020992        1
  1875.41862954     1.00032149        1
  1875.43906124     1.00002466        1
  1875.45949274     1.00053080        1
  1875.47992434     0.99932383        1
  1875.50035604     1.00061436        1
  1875.52078754     0.99919532        1
  1875.54121924     1.00154411        1
  1875.56165085     1.00062505        1
  1875.60251405     0.99861212        1
  1875.62294565     1.00088603        1
  1875.64337715     0.99979901        1
  1875.66380885     1.00058414        1
  1875.68424045     1.00145712        1
  1875.70467206     1.00066815        1
  1875.72510366     1.00020544        1
  1875.74553526     1.00003787        1
  1875.76596696     0.99983395        1
  1875.78639846     1.00114293        1
  1875.80683006     1.00155198        1
  1875.84769337     0.99932328        1
  1875.86812487     1.00025430        1
  1875.88855657     1.00041931        1
  1875.90898817     0.99973053        1
  1875.92941967     1.00049012        1
  1875.94985138     1.00008371        1
  1875.97028298     0.99990700        1
  1875.99071468     1.00082254        1
  1876.01114618     0.99982812        1
  1876.09287259     0.99972987        1
  1876.11330419     1.00022747        1
  1876.13373580     1.00112206        1
  1876.15416730     1.00101147        1
  1876.17459900     1.00013992        1
  1876.19503060     1.00041272        1
  1876.21546221     0.99949748        1
  1876.23589381     0.99947863        1
  1876.25632541     0.99925143        1
  1876.27675711     1.00040987        1
  1876.33805192     1.00013666        1
  1876.35848353     0.99833922        1
  1876.37891503     0.99974646        1
  1876.39934673     1.00028151        1
  1876.41977833     0.99957176        1
  1876.44020984     0.99950713        1
  1876.46064154     1.00035667        1
  1876.48107314     1.00068349        1
  1876.50150485     0.99941133        1
  1876.52193635     0.99908158        1
  1876.54236795     1.00179521        1
  1876.58323116     1.00036999        1
  1876.60366276     0.99961197        1
  1876.62409447     1.00004137        1
  1876.64452597     1.00026207        1
  1876.66495757     1.00091091        1
  1876.82841040     1.00101381        1
  1876.84884211     0.99888065        1
  1876.86927361     0.99919293        1
  1876.88970522     0.99947988        1
  1876.91013692     0.99944084        1
  1876.93056852     0.99987840        1
  1877.07358985     1.00070383        1
  1877.09402136     1.00026367        1
  1877.11445296     0.99977050        1
  1877.13488467     0.99955397        1
  1877.15531617     1.00067934        1
  1877.17574778     0.99935730        1
  1877.19617948     0.99993564        1
  1877.21661099     0.99932534        1
  1877.23704269     0.99978443        1
  1877.25747430     0.99935819        1
  1877.27790580     1.00030211        1
  1877.31876911     1.00078352        1
  1877.33920072     1.00012690        1
  1877.35963232     1.00054630        1
  1877.38006393     1.00003674        1
  1877.40049554     0.99968537        1
  1877.42092714     0.99945051        1
  1877.44135875     1.00038855        1
  1877.46179035     1.00116249        1
  1877.48222196     1.00028223        1
  1877.50265356     1.00009278        1
  1877.52308517     0.99981980        1
  1877.56394838     1.00064957        1
  1877.58438009     0.99965003        1
  1877.60481159     0.99953384        1
  1877.62524320     0.99911156        1
  1877.64567491     1.00028904        1
  1877.66610641     0.99965908        1
  1877.68653812     0.99927252        1
  1877.70696972     1.00104400        1
  1877.72740123     0.99952114        1
  1877.74783294     1.00014693        1
  1877.76826454     1.00005739        1
  1877.80912776     1.00042271        1
  1877.82955936     0.99933766        1
  1877.84999087     0.99968572        1
  1877.87042258     0.99814672        1
  1877.89085418     1.00019882        1
  1877.91128579     0.99997533        1
  1877.93171740     0.99993207        1
  1877.95214901     1.00039223        1
  1877.97258071     1.00082377        1
  1877.99301232     0.99961242        1
  1878.01344383     1.00089110        1
  1878.05430714     0.99886482        1
  1878.07473865     0.99828247        1
  1878.09517036     0.99880921        1
  1878.11560196     1.00029717        1
  1878.13603347     0.99960115        1
  1878.15646518     1.00010644        1
  1878.17689669     1.12788859        1
  1878.19732840     0.99997543        1
  1878.21776000     0.99936792        1
  1878.23819151     1.00095857        1
  1878.25862322     0.99882478        1
  1878.29948634     1.00107081        1
  1878.31991804     1.00073877        1
  1878.34034965     0.99932825        1
  1878.36078116     0.99962319        1
  1878.38121287     1.00120668        1
  1878.40164448     1.00086841        1
  1878.42207619     0.99972579        1
  1878.44250769     1.00040849        1
  1878.46293930     1.00193085        1
  1878.48337101     0.99964702        1
  1878.54466584     0.99991998        1
  1878.56509745     0.99932132        1
  1878.58552896     0.99823271        1
  1878.60596067     0.99987545        1
  1878.62639228     0.99963305        1
  1878.64682389     0.99903015        1
  1878.66725550     0.99984033        1
  1878.68768710     0.99976391        1
  1878.70811881     1.00055325        1
  1878.72855032     1.00029940        1
  1878.74898193     0.99954669        1
  1878.78984515     1.00061875        1
  1878.81027676     0.99936964        1
  1878.83070837     0.99828094        1
  1878.85113998     0.99967527        1
  1878.87157169     1.00152863        1
  1878.89200320     1.00037145        1
  1878.91243481     1.00014505        1
  1878.93286652     1.00015341        1
  1878.95329804     0.99926432        1
  1878.97372965     1.00009271        1
  1878.99416136     1.00040637        1
  1879.07588780     0.99953133        1
  1879.09631941     0.99989248        1
  1879.11675102     1.00080283        1
  1879.13718263     1.00130033        1
  1879.15761424     0.99956718        1
  1879.17804586     1.00075288        1
  1879.19847747     1.00178669        1
  1879.21890918     1.00019503        1
  1879.23934069     1.00061839        1
  1879.30063552     1.00025175        1
  1879.32106724     1.00113570        1
  1879.34149885     1.00133489        1
  1879.36193036     0.99965778        1
  1879.38236207     0.99954430        1
  1879.40279368     1.00056206        1
  1879.42322520     0.99968662        1
  1879.44365691     0.99939825        1
  1879.46408852     0.99959906        1
  1879.48452003     0.99994472        1
  1879.52538326     0.99842900        1
  1879.54581497     1.00095473        1
  1879.56624658     1.00060924        1
  1879.58667820     1.00019583        1
  1879.60710981     0.99875896        1
  1879.62754142     0.99986059        1
  1879.64797304     0.99934518        1
  1879.66840465     1.00083709        1
  1879.68883626     0.99878818        1
  1879.70926788     1.00063639        1
  1879.72969949     1.00077868        1
  1879.77056282     0.99872824        1
  1879.79099443     1.00021440        1
  1879.81142594     0.99938290        1
  1879.83185766     0.99919556        1
  1879.85228927     0.99904826        1
  1879.87272079     0.99896263        1
  1879.89315250     1.00063047        1
  1879.91358412     0.99918203        1
  1879.93401563     1.00040954        1
  1879.95444734     1.00021474        1
  1879.97487896     1.00047612        1
  1880.01574219     0.99947676        2
  1880.03617380     0.99871130        2
  1880.05660552     1.00078242        2
  1880.07703703     0.99985267        2
  1880.09746865     0.99922638        2
  1880.11790026     1.00012225        2
  1880.13833188     1.00027667        2
  1880.15876349     1.00080911        2
  1880.17919521     1.00117991        2
  1880.19962672     1.00032840        2
  1880.22005844     1.00017891        2
  1880.26092157     1.00106677        2
  1880.28135329     0.99982032        2
  1880.30178490     1.00104467        2
  1880.32221642     1.00138688        2
  1880.34264813     0.99927228        2
  1880.36307975     1.00011081        2
  1880.38351127     1.00144005        2
  1880.40394298     1.00034289        2
  1880.42437460     0.99892585        2
  1880.44480632     0.99946525        2
  1880.50610117     1.00038219        2
  1880.52653268     1.00067569        2
  1880.54696430     1.00036536        2
  1880.56739602     0.99924179        2
  1880.58782753     1.00011876        2
  1880.60825915     1.00029583        2
  1880.62869087     0.99828445        2
  1880.64912239     0.99992990        2
  1880.66955410     0.99927277        2
  1880.75128058     0.99973095        2
  1880.77171219     0.99948463        2
  1880.79214381     0.99852432        2
  1880.81257543     1.00040063        2
  1880.83300705     0.99946928        2
  1880.85343867     1.00109711        2
  1880.87387029     1.00092220        2
  1880.89430190     1.00023795        2
  1880.91473352     0.99996887        2
  1880.93516514     1.00070837        2
  1880.95559686     0.99968164        2
  1881.01689172     0.99873482        2
  1881.03732324     0.99873282        2
  1881.05775486     0.99903941        2
  1881.07818658     0.99975251        2
  1881.09861810     1.00168416        2
  1881.11904982     1.00116160        2
  1881.13948144     1.00027072        2
  1881.15991296     0.99973977        2
  1881.18034468     1.00104339        2
  1881.20077630     1.00117870        2
  1881.24163954     1.00052120        2
  1881.26207116     0.99933533        2
  1881.28250278     1.00267771        2
  1881.30293440     1.00042579        2
  1881.32336602     1.00097483        2
  1881.34379774     0.99994065        2
  1881.36422926     0.99937531        2
  1881.38466088     0.99943317        2
  1881.40509260     1.00103531        2
  1881.42552422     0.99940721        2
  1881.44595574     0.99928927        2
  1881.48681899     0.99947773        2
  1881.50725071     0.99832732        2
  1881.52768233     0.99743795        2
  1881.54811395     0.99902248        2
  1881.56854557     0.99975766        2
  1881.58897720     0.99939772        2
  1881.60940872     0.99963178        2
  1881.62984044     0.99996645        2
  1881.65027206     1.00009952        2
  1881.67070359     0.99796585        2
  1881.69113531     1.00084000        2
  1881.73199865     0.99940671        2
  1881.75243018     0.99985904        2
  1881.77286180     0.99987301        2
  1881.79329352     0.99946373        2
  1881.81372505     0.99963602        2
  1881.83415667     1.00025606        2
  1881.85458839     1.00029884        2
  1881.87501992     1.00163197        2
  1881.89545154     0.99967605        2
  1881.91588326     1.00154590        2
  1881.93631489     0.99970957        2
  1881.97717813     1.00046833        2
  1881.99760976     1.00055651        2
  1882.01804138     0.99959744        2
  1882.03847301     1.00030513        2
  1882.05890463     1.00084633        2
  1882.07933636     1.00080953        2
  1882.09976788     1.00061385        2
  1882.12019951     1.00149128        2
  1882.14063123     1.00081042        2
  1882.16106276     0.99877067        2
  1882.22235763     0.99870431        2
  1882.24278936     1.00038298        2
  1882.26322088     1.00053908        2
  1882.28365251     1.00021378        2
  1882.30408423     0.99928139        2
  1882.32451576     1.00150053        2
  1882.34494749     0.99929671        2
  1882.36537911     0.99956549        2
  1882.38581064     0.99996007        2
  1882.46753725     1.00008152        2
  1882.48796887     1.00212609        2
  1882.50840050     1.00146926        2
  1882.52883213     0.99960230        2
  1882.54926375     0.99920644        2
  1882.56969548     1.00112610        2
  1882.77401176     1.00035899        2
  1882.79444349     0.99905219        2
  1882.81487502     1.00001507        2
  1882.83530665     0.99960198        2
  1882.85573838     1.00080056        2
  1882.87616990     0.99951058        2
  1882.89660143     0.99882269        2
  1882.91703316     1.00003966        2
  1883.01919141     1.00231549        2
  1883.03962294     0.99936667        2
  1883.06005457     0.99962125        2
  1883.08048630     0.99989807        2
  1883.10091793     1.00115141        2
  1883.12134946     0.99960047        2
  1883.14178119     0.99956070        2
  1883.16221282     0.99989406        2
  1883.20307609     0.99995735        2
  1883.22350772     0.99963078        2
  1883.24393945     0.99941278        2
  1883.26437098     0.99920303        2
  1883.28480261     1.00050745        2
  1883.30523434     1.00066689        2
  1883.32566587     1.00137260        2
  1883.34609751     0.99835066        2
  1883.36652924     1.00067288        2
  1883.38696077     1.00032175        2
  1883.40739250     1.00059767        2
  1883.44825567     1.00221342        2
  1883.46868740     0.99923242        2
  1883.48911903     0.99966916        2
  1883.50955057     0.99987481        2
  1883.52998230     0.99865373        2
  1883.55041383     0.99974921        2
  1883.57084556     1.00089286        2
  1883.59127720     0.99944858        2
  1883.61170873     0.99923837        2
  1883.63214046     0.99939632        2
  1883.65257210     0.99916129        2
  1883.69343537     1.00069174        2
  1883.71386700     0.99915644        2
  1883.73429863     1.00013533        2
  1883.75473027     1.00178638        2
  1883.77516190     1.00073086        2
  1883.79559364     1.00088384        2
  1883.81602527     1.00149444        2
  1883.83645681     1.00123224        2
  1883.85688854     0.99914015        2
  1883.87732018     0.99992914        2
  1883.89775171     0.99935121        2
  1883.97947836     0.99958704        2
  1883.99990999     0.99979312        2
  1884.02034173     0.99964430        2
  1884.04077326     0.99992340        2
  1884.06120490     0.99955456        2
  1884.08163664     1.00195611        2
  1884.10206817     1.00025457        2
  1884.12249981     0.99955977        2
  1884.14293155     0.99883980        2
  1884.20422636     1.00017526        2
  1884.22465800     1.00021889        2
  1884.24508973     1.00044541        2
  1884.26552127     1.00104563        2
  1884.28595291     0.99994764        2
  1884.30638465     1.00155705        2
  1884.32681628     1.00077746        2
  1884.34724782     0.99980938        2
  1884.36767956     1.00042224        2
  1884.38811120     1.00075296        2
  1884.42897448     1.00093954        2
  1884.44940611     1.00074187        2
  1884.46983785     1.00015278        2
  1884.49026939     0.99973555        2
  1884.51070103     1.00268424        2
  1884.53113277     1.00065369        2
  1884.55156431     0.99960766        2
  1884.57199595     0.99980150        2
  1884.59242769     1.00260808        2
  1884.61285923     0.99972018        2
  1884.63329097     1.00012996        2
  1884.67415415     0.99989127        2
  1884.69458589     1.00180958        2
  1884.71501753     0.99986904        2
  1884.73544917     0.99941779        2
  1884.75588081     1.00054966        2
  1884.77631246     0.99943542        2
  1884.79674410     1.00043940        2
  1884.81717574     1.00103330        2
  1884.83760738     0.99882595        2
  1884.85803902     1.00163525        2
  1884.91933395     0.99914538        2
  1884.93976559     1.00011341        2
  1884.96019723     0.99993161        2
  1884.98062897     1.00100138        2
  1885.00106052     1.00002990        2
  1885.02149226     0.99959769        2
  1885.04192390     1.00082049        2
  1885.06235544     1.00065993        2
  1885.08278719     1.00013335        2
  1885.10321883     0.99980863        2
  1885.12365037     1.00108093        2
  1885.16451376     0.98307533        2
  1885.18494531     1.00020146        2
  1885.20537705     1.00011921        2
  1885.22580869     1.00021682        2
  1885.24624044     0.99935091        2
  1885.26667198     0.99998687        2
  1885.28710363     1.00095998        2
  1885.30753537     0.99959640        2
  1885.32796692     0.99998203        2
  1885.34839856     1.00004541        2
  1885.36883031     0.99996410        2
  1885.40969350     1.00038486        2
  1885.43012524     0.99975384        2
  1885.45055689     0.99893425        2
  1885.47098853     1.00146804        2
  1885.49142018     1.00068383        2
  1885.51185183     0.99983014        2
  1885.53228347     1.00129502        2
  1885.55271512     1.00163584        2
  1885.57314667     0.99873862        2
  1885.59357841     0.99972262        2
  1885.61401006     0.99860500        2
  1885.65487335     0.99992002        2
  1885.67530500     1.00119031        2
  1885.69573675     0.99968300        2
  1885.71616830     0.99819052        2
  1885.73659995     0.99967909        2
  1885.75703169     0.99793306        2
  1885.77746324     0.99930964        2
  1885.79789489     1.00513831        2
  1885.81832664     1.00146634        2
  1885.83875819     0.99965412        2
  1885.85918994     0.99844509        2
  1885.90005313     1.00066008        2
  1885.92048488     0.99972193        2
  1885.94091653     0.99997398        2
  1885.96134818     1.00084124        2
  1885.98177983     1.00014649        2
  1886.00221148     0.99987887        2
  1886.02264313     1.00023240        2
  1886.04307478     0.99911173        2
  1886.06350643     0.99846906        2
  1886.08393818     0.99953895        2
  1886.10436983     0.99990902        2
  1886.16566478     1.00089597        2
  1886.18609634     1.00013784        2
  1886.20652809     1.00096894        2
  1886.22695964     1.00161386        2
  1886.24739139     0.99974957        2
  1886.26782304     1.00017015        2
  1886.28825459     0.99944348        2
  1886.30868635     1.00085242        2
  1886.32911800     1.00043557        2
  1886.34954955     1.00000000        2
  1886.39041296     1.00090752        2
  1886.41084451     0.99907157        2
  1886.43127626     1.00008601        2
  1886.45170792     1.00018981        2
  1886.47213967     0.99943630        2
  1886.49257122     0.99958448        2
  1886.51300288     0.99990264        2
  1886.53343463     1.00056184        2
  1886.63559290     1.00002684        2
  1886.65602456     1.00006322        2
  1886.67645621     0.99955719        2
  1886.69688787     1.00059006        2
  1886.71731952     1.00042702        2
  1886.73775118     0.99948139        2
  1886.75818293     1.00155324        2
  1886.88077277     0.99855783        2
  1886.90120443     1.00179921        2
  1886.92163618     1.00006459        2
  1886.94206774     0.99887485        2
  1886.96249940     1.00004895        2
  1886.98293115     0.99991055        2
  1887.00336271     1.00127694        2
  1887.12595276     0.99979369        2
  1887.14638442     1.00150778        2
  1887.16681608     1.00015674        2
  1887.18724774     0.99972407        2
  1887.20767940     1.00112475        2
  1887.22811106     0.99982024        2
  1887.24854282     0.99915201        2
  1887.26897438     0.99976556        2
  1887.28940603     0.99982209        2
  1887.30983779     0.99982919        2
  1887.33026946     1.00069770        2
  1887.37113278     1.00060397        2
  1887.39156444     0.99948396        2
  1887.41199600     0.99974808        2
  1887.43242776     1.00033607        2
  1887.45285942     0.99833938        2
  1887.47329108     1.00119349        2
  1887.49372274     1.00243340        2
  1887.51415440     0.99970005        2
  1887.53458617     1.00032559        2
  1887.55501773     0.99847025        2
  1887.57544939     1.00118297        2
  1887.61631272     0.99973148        2
  1887.63674448     1.00045853        2
  1887.65717604     1.00023696        2
  1887.67760770     1.00010930        2
  1887.69803947     0.99857503        2
  1887.71847103     1.00006590        2
  1887.73890269     1.00152759        2
  1887.75933446     1.00070955        2
  1887.77976602     0.99963028        2
  1887.86149278     0.99885930        2
  1887.88192444     0.99973422        2
  1887.90235611     1.00036263        2
  1887.92278777     0.99922999        2
  1887.94321944     1.00002704        2
  1887.96365110     0.99920368        2
  1887.98408287     1.00054960        2
  1891.04883550     1.00020048        3
  1891.06926720     0.99983394        3
  1891.08969899     1.00103082        3
  1891.11013059     0.99956879        3
  1891.13056228     1.00014553        3
  1891.15099408     1.00002617        3
  1891.17142567     0.99963180        3
  1891.19185747     0.99979026        3
  1891.21228916     1.00005390        3
  1891.23272076     0.99909603        3
  1891.29401585     1.00033181        3
  1891.31444765     1.00112472        3
  1891.33487934     0.99992192        3
  1891.35531114     0.99989935        3
  1891.37574274     1.00048858        3
  1891.39617443     0.99970607        3
  1891.41660623     1.00007660        3
  1891.43703783     0.99841775        3
  1891.45746953     1.00023134        3
  1891.47790133     1.00072949        3
  1891.49833303     1.00022184        3
  1891.53919642     0.99997981        3
  1891.55962802     1.00021144        3
  1891.58005982     0.99927256        3
  1891.60049152     0.99956201        3
  1891.62092312     0.99949517        3
  1891.64135492     0.99939012        3
  1891.66178662     0.99883932        3
  1891.68221822     1.00007486        3
  1891.70265002     0.99947606        3
  1891.72308173     0.99991434        3
  1891.74351353     0.99965524        3
  1891.78437683     1.00053813        3
  1891.80480863     0.99922973        3
  1891.82524023     1.00021708        3
  1891.84567194     1.00028159        3
  1891.86610374     1.00006899        3
  1891.88653534     0.99878376        3
  1891.90696704     1.00410072        3
  1891.92739885     1.00041901        3
  1891.94783045     1.00034267        3
  1891.96826225     1.00145745        3
  1891.98869396     1.00102985        3
  1892.02955737     0.99898083        3
  1892.04998907     0.99980807        3
  1892.07042078     0.99900755        3
  1892.09085248     0.99950588        3
  1892.11128419     1.00107795        3
  1892.13171599     1.00117562        3
  1892.15214770     0.99974794        3
  1892.17257930     0.99994925        3
  1892.19301111     1.00105408        3
  1892.21344271     1.00052030        3
  1892.23387442     1.00007660        3
  1892.27473783     0.99936756        3
  1892.29516964     0.99953403        3
  1892.31560135     1.00044768        3
  1892.33603296     0.99945344        3
  1892.35646476     1.00036723        3
  1892.37689647     1.00094609        3
  1892.39732808     1.00030719        3
  1892.41775989     1.00088236        3
  1892.43819160     1.00103928        3
  1892.45862321     0.99915350        3
  1892.51991853     1.01128722        3
  1892.54035014     0.99971408        3
  1892.56078185     1.00004738        3
  1892.58121366     1.00056252        3
  1892.60164527     1.00135440        3
  1892.62207698     1.00000748        3
  1892.64250879     1.00010301        3
  1892.66294051     1.00020928        3
  1892.82639420     1.00019342        3
  1892.84682591     0.99861892        3
  1892.86725773     1.00014097        3
  1892.88768934     0.99935553        3
  1892.90812115     1.00065171        3
  1892.92855277     1.00013246        3
  1892.94898448     0.99979820        3
  1892.96941630     1.00036789        3
  1893.01027963     0.99788212        3
  1893.03071144     1.00003331        3
  1893.05114306     0.99974733        3
  1893.07157487     0.99974636        3
  1893.09200659     0.99814150        3
  1893.11243820     0.99974588        3
  1893.13287002     0.99965471        3
  1893.15330174     0.99973443        3
  1893.17373335     0.99967850        3
  1893.19416517     0.99891261        3
  1893.21459689     1.00020926        3
  1893.33718719     0.99940971        3
  1893.35761901     0.99988946        3
  1893.37805073     0.99921745        3
  1893.39848235     0.99950936        3
  1893.41891417     0.99910974        3
  1893.43934589     0.99980201        3
  1893.45977771     1.00036289        3
  1893.50064105     0.99984904        3
  1893.52107287     1.00009078        3
  1893.54150449     0.99978967        3
  1893.56193611     0.99992861        3
  1893.58236793     1.00006535        3
  1893.60279966     0.99973653        3
  1893.62323148     0.99893952        3
  1893.64366310     1.00025851        3
  1893.66409482     1.00050573        3
  1893.68452664     1.00043050        3
  1893.70495827     0.99972452        3
  1893.74582181     0.99989294        3
  1893.76625344     1.00019175        3
  1893.78668516     1.00078423        3
  1893.80711698     0.99924045        3
  1893.82754861     0.99963430        3
  1893.84798043     1.00159778        3
  1893.86841216     0.99991761        3
  1893.88884388     1.00004704        3
  1893.90927561     0.99947804        3
  1893.92970733     1.00076892        3
  1894.03186606     1.00066768        3
  1894.05229769     0.99928493        3
  1894.07272951     1.00087853        3
  1894.09316124     1.00030353        3
  1894.11359287     1.00046941        3
  1894.13402470     1.00025298        3
  1894.15445642     0.99972942        3
  1894.17488815     1.00054172        3
  1894.19531988     0.99990285        3
  1894.23618334     0.99976322        3
  1894.25661507     1.00195984        3
  1894.27704670     1.00035753        3
  1894.29747852     0.99953129        3
  1894.31791025     1.00012776        3
  1894.33834188     1.00035598        3
  1894.35877371     0.99994969        3
  1894.37920545     0.99999603        3
  1894.39963728     1.00048675        3
  1894.42006891     0.99864952        3
  1894.44050064     1.00040648        3
  1894.48136410     1.00076222        3
  1894.50179583     0.99940527        3
  1894.52222766     0.99935962        3
  1894.54265940     1.00007355        3
  1894.56309113     1.00078260        3
  1894.58352286     1.00004601        3
  1894.60395460     1.00061592        3
  1894.62438633     0.99831493        3
  1894.72654500     1.00126853        3
  1894.74697683     1.00035063        3
  1894.76740847     0.99917765        3
  1894.78784030     0.99908463        3
  1894.80827204     0.99914532        3
  1894.82870368     1.00082901        3
  1894.84913551     1.00029858        3
  1894.86956715     1.00012795        3
  1894.97172593     0.99673597        3
  1894.99215757     1.00023299        3
  1895.01258941     0.99962003        3
  1895.03302115     1.00005397        3
  1895.05345288     1.00002415        3
  1895.07388462     0.99948386        3
  1895.09431636     1.00085482        3
  1895.11474820     1.00026727        3
  1895.13517984     0.99797607        3
  1895.15561158     0.99964931        3
  1895.17604342     0.99994873        3
  1895.21690680     0.99824152        3
  1895.23733864     0.99931919        3
  1895.25777038     0.99891422        3
  1895.27820202     1.00040492        3
  1895.29863387     1.00025952        3
  1895.31906561     0.99988512        3
  1895.33949745     1.00031523        3
  1895.35992909     0.99918498        3
  1895.38036083     1.00096696        3
  1895.40079268     1.00043534        3
  1895.42122432     0.99986468        3
  1895.46208791     1.00214086        3
  1895.48251955     1.00047054        3
  1895.50295139     1.00050632        3
  1895.52338304     1.00061790        3
  1895.54381478     0.99976421        3
  1895.56424663     0.99957684        3
  1895.58467827     0.99933140        3
  1895.60511002     1.00042204        3
  1895.62554186     1.00063627        3
  1895.64597351     1.00016648        3
  1895.66640535     0.99875272        3
  1895.70726885     0.99920145        3
  1895.72770059     1.00164860        3
  1895.74813234     0.99963696        3
  1895.76856409     0.99925173        3
  1895.78899583     0.99949165        3
  1895.80942758     0.99950873        3
  1895.82985933     0.99955089        3
  1895.85029118     1.00174225        3
  1895.87072283     1.00061716        3
  1895.89115468     0.99945277        3
  1895.91158642     0.99938788        3
  1895.97288167     0.99967483        3
  1895.99331332     1.00126214        3
  1896.01374517     1.00046744        3
  1896.03417692     1.00009555        3
  1896.05460877     0.99910347        3
  1896.07504043     1.00171422        3
  1896.09547218     1.00020561        3
  1896.11590393     1.00002485        3
  1896.13633568     1.00217117        3
  1896.15676743     0.99922734        3
  1896.19763094     0.99904178        3
  1896.21806279     0.99935155        3
  1896.23849444     0.99971419        3
  1896.25892620     0.99960181        3
  1896.27935805     0.99998763        3
  1896.29978970     1.00127140        3
  1896.32022146     0.99938154        3
  1896.34065331     0.99926114        3
  1896.36108497     0.99919065        3
  1896.38151672     0.99926800        3
  1896.50410736     0.99949904        3
  1896.52453911     1.00142785        3
  1896.54497087     0.99913899        3
  1896.56540273     0.99979319        3
  1896.58583439     1.00122094        3
  1896.60626624     1.00036548        3
  1896.62669800     1.00054469        3
  1896.64712966     0.99949765        3
  1896.68799328     1.00017197        3
  1896.70842494     1.00130242        3
  1896.72885680     1.00029742        3
  1896.74928855     1.00127912        3
  1896.76972031     1.00159909        3
  1896.79015207     1.00038631        3
  1896.81058384     1.00035458        3
  1896.83101560     0.99962124        3
  1896.85144736     0.99963436        3
  1896.87187912     1.00031005        3
  1896.89231088     0.99878790        3
  1896.93317440     1.00016354        3
  1896.95360617     0.99925996        3
  1896.97403793     1.00076696        3
  1896.99446979     0.99997601        3
  1897.01490145     0.99851554        3
  1897.03533322     0.99928419        3
  1897.05576508     0.99842513        3
  1897.07619684     1.00035227        3
  1897.09662851     0.99922561        3
  1897.11706037     1.00053363        3
  1897.13749214     1.00058011        3
  1897.17835567     0.99989311        3
  1897.19878743     1.00013214        3
  1897.21921930     0.99998189        3
  1897.23965096     0.99944722        3
  1897.26008273     0.99999991        3
  1897.28051460     0.99943098        3
  1897.30094626     1.00051022        3
  1897.32137813     1.00046016        3
  1897.34180990     0.99982367        3
  1897.36224157     0.99977256        3
  1897.38267343     0.99954293        3
  1897.42353687     0.99944879        3
  1897.44396874     0.99826653        3
  1897.46440051     1.00030476        3
  1897.48483238     1.00045452        3
  1897.50526405     0.99993885        3
  1897.52569572     1.00084810        3
  1897.54612759     1.00017866        3
  1897.56655936     1.00058280        3
  1897.58699113     0.99957146        3
  1897.60742290     0.99955183        3
  1897.62785467     0.99854579        3
  1897.75044530     1.00086089        3
  1897.77087717     1.00001966        3
  1897.79130895     1.00000000        3
  1897.81174062     1.00098750        3
  1897.83217250     1.00171146        3
  1897.85260427     1.00150783        3
  1897.87303614     1.00011695        3
  1897.91389959     0.99940352        3
  1897.93433147     1.00019388        3
  1897.95476314     0.99851345        3
  1897.97519492     0.99894207        3
  1897.99562680     0.99980817        3
  1898.01605847     0.99908570        4
  1898.03649035     1.00022274        4
  1898.05692213     1.00040364        4
  1898.07735380     1.00010193        4
  1898.09778568     1.00016205        4
  1898.11821746     0.99936987        4
  1898.15908101     0.99946817        4
  1898.17951269     0.99984846        4
  1898.19994457     0.99979676        4
  1898.22037635     0.99946623        4
  1898.24080803     1.00132874        4
  1898.26123991     0.99970020        4
  1898.28167169     1.00112704        4
  1898.30210347     1.00143561        4
  1898.32253525     0.99956126        4
  1898.34296703     1.00024233        4
  1898.40426237     0.99970155        4
  1898.42469426     1.00060672        4
  1898.44512604     1.00073930        4
  1898.46555772     0.99985037        4
  1898.48598960     1.00010283        4
  1898.50642139     0.99961620        4
  1898.52685307     0.99956752        4
  1898.54728495     1.00153684        4
  1898.56771674     1.00036738        4
  1898.58814862     1.00274084        4
  1898.60858031     1.00012895        4
  1898.64944398     1.00120499        4
  1898.66987566     0.99953903        4
  1898.69030745     1.00085336        4
  1898.71073933     1.00046919        4
  1898.73117102     1.00087520        4
  1898.75160290     0.99902074        4
  1898.77203469     0.99916938        4
  1898.79246638     0.99978010        4
  1898.81289827     0.99947761        4
  1898.83332995     0.99938924        4
  1898.85376174     1.00079396        4
  1898.89462532     0.99905809        4
  1898.91505711     0.99978716        4
  1898.93548899     0.99725813        4
  1898.95592078     1.00069408        4
  1898.97635257     0.99913924        4
  1898.99678436     0.99962897        4
  1899.01721615     1.00004348        4
  1899.03764794     0.99972661        4
  1899.05807973     0.99961389        4
  1899.07851152     1.00023771        4
  1899.09894342     1.00028854        4
  1899.13980700     1.00046643        4
  1899.16023879     0.99835678        4
  1899.18067048     0.99921378        4
  1899.20110238     0.99935035        4
  1899.22153417     1.00004072        4
  1899.24196586     0.99956883        4
  1899.26239776     0.99930219        4
  1899.28282955     1.00126034        4
  1899.30326144     1.00063472        4
  1899.32369314     0.99964854        4
  1899.34412493     1.00013118        4
  1899.38498852     0.99987144        4
  1899.40542032     0.99868367        4
  1899.42585221     0.99902677        4
  1899.44628391     1.00019128        4
  1899.46671581     1.00146717        4
  1899.48714750     0.99986725        4
  1899.50757930     0.99983684        4
  1899.52801120     1.00041170        4
  1899.54844289     1.00078643        4
  1899.56887469     1.00046488        4
  1899.58930659     1.00063214        4
  1899.63017009     1.00033501        4
  1899.65060199     1.00052965        4
  1899.67103379     1.00083684        4
  1899.69146559     1.00057445        4
  1899.71189739     0.99973542        4
  1899.73232919     1.00013657        4
  1899.75276109     0.99975029        4
  1899.77319279     0.99968657        4
  1899.79362459     1.00041102        4
  1899.81405649     1.00028923        4
  1899.83448819     1.00076236        4
  1899.89578360     1.00204803        4
  1899.91621550     1.00058444        4
  1899.93664730     1.00026044        4
  1899.95707901     0.99955552        4
  1899.97751091     0.99925688        4
  1899.99794271     0.99955198        4
  1900.01837462     0.99936376        4
  1900.03880632     1.00047636        4
  1900.05923813     0.99981537        4
  1900.07966993     1.00008430        4
  1900.12053354     1.00054415        4
  1900.14096535     1.00010072        4
  1900.16139716     1.00159784        4
  1900.18182906     0.99993258        4
  1900.20226077     0.99930268        4
  1900.22269258     0.99995720        4
  1900.24312448     0.99949807        4
  1900.26355619     1.00032316        4
  1900.28398800     0.99926509        4
  1900.30441991     1.00086844        4
  1900.32485172     1.00055828        4
  1900.36571534     1.00246635        4
  1900.38614715     0.99999483        4
  1900.40657906     0.99953082        4
  1900.42701077     1.00012834        4
  1900.44744258     0.99990724        4
  1900.46787449     0.99908276        4
  1900.48830620     0.99958073        4
  1900.50873801     1.00072940        4
  1900.52916992     1.00025194        4
  1900.54960163     0.99994623        4
  1900.57003355     0.99808529        4
  1900.61089707     0.99910333        4
  1900.63132898     1.00020236        4
  1900.65176080     1.00190019        4
  1900.67219251     1.00109230        4
  1900.69262443     1.00065742        4
  1900.71305624     1.00010786        4
  1900.85607895     1.00020294        4
  1900.87651077     1.00013816        4
  1900.89694268     0.99809954        4
  1900.91737450     0.99879058        4
  1900.93780622     0.99771828        4
  1900.95823814     1.00003663        4
  1900.97866995     0.99877075        4
  1900.99910167     1.00049746        4
  1901.01953359     1.00087677        4
  1901.03996541     0.99931588        4
  1901.06039713     0.99973622        4
  1901.10126087     0.99936558        4
  1901.12169279     0.99984901        4
  1901.14212451     0.99999966        4
  1901.16255633     0.99907406        4
  1901.18298825     0.99964785        4
  1901.20341998     0.99999644        4
  1901.22385180     0.99977545        4
  1901.24428372     0.99920241        4
  1901.26471544     1.00073679        4
  1901.28514737     1.00012887        4
  1901.30557919     0.99983688        4
  1901.36687466     0.99997184        4
  1901.38730648     0.99928281        4
  1901.40773831     1.00008412        4
  1901.42817013     0.99972011        4
  1901.44860196     1.00013975        4
  1901.46903379     0.99922126        4
  1901.48946561     1.00080718        4
  1901.50989744     0.99986892        4
  1901.53032926     1.00075437        4
  1901.55076109     0.99891533        4
  1901.59162475     1.00151565        4
  1901.61205667     1.00039347        4
  1901.63248850     1.00124845        4
  1901.65292023     1.00063107        4
  1901.67335216     1.00118295        4
  1901.69378399     1.00028304        4
  1901.71421572     0.99981053        4
  1901.73464765     0.99932447        4
  1901.75507948     1.00093705        4
  1901.77551121     1.00161801        4
  1901.79594314     0.99982457        4
  1901.83680690     1.00084164        4
  1901.85723863     1.00001209        4
  1901.87767046     1.00061800        4
  1901.89810240     1.00004273        4
  1901.91853413     0.99979098        4
  1901.93896596     0.99930276        4
  1901.95939789     0.99998379        4
  1901.97982963     0.99922979        4
  1902.00026156     0.99935416        4
  1902.02069340     1.00035578        4
  1902.08198890     1.00147002        4
  1902.10242064     1.00055318        4
  1902.12285257     1.00055628        4
  1902.14328441     1.00047916        4
  1902.16371624     0.99891138        4
  1902.18414808     1.00097548        4
  1902.20457992     1.00209260        4
  1902.22501175     0.99939879        4
  1902.24544359     1.00034371        4
  1902.26587543     1.00018976        4
  1902.28630737     1.00007946        4
  1902.32717094     0.99996818        4
  1902.34760288     1.00011234        4
  1902.36803462     0.99857822        4
  1902.38846656     0.99980008        4
  1902.40889840     1.00059858        4
  1902.42933014     0.99969622        4
  1902.44976208     0.99930785        4
  1902.57235313     1.00021658        4
  1902.59278498     1.00050795        4
  1902.61321692     0.99959771        4
  1902.63364866     1.00058605        4
  1902.65408051     1.00097854        4
  1902.67451245     0.99958543        4
  1902.69494420     1.00057963        4
  1902.71537614     0.99928415        4
  1902.73580799     0.99987191        4
  1902.75623973     0.99965687        4
  1902.77667168     1.00481705        4
  1902.81753537     0.99338400        4
  1902.83796722     0.99879107        4
  1902.85839906     1.00051260        4
  1902.87883081     1.00065144        4
  1902.89926276     0.99941938        4
  1902.91969461     1.00051175        4
  1902.94012656     1.00004011        4
  1902.96055830     0.99959056        4
  1902.98099015     0.99995392        4
  1903.00142210     0.99974106        4
  1903.02185385     0.99917716        4
  1903.20574051     1.00028714        4
  1903.22617247     0.99960460        4
  1903.24660432     0.99959959        4
  1903.26703627     1.00071657        4
  1903.30789988     0.99902347        4
  1903.32833184     1.00120700        4
  1903.34876359     1.00067118        4
  1903.36919545     1.00075395        4
  1903.38962740     0.99956442        4
  1903.41005926     0.99984476        4
  1903.43049111     0.99821199        4
  1903.45092287     0.99988640        4
  1903.47135473     0.99970538        4
  1903.49178668     0.99949986        4
  1903.51221854     1.00000000        4
  1903.55308226     1.00046916        4
  1903.57351412     0.99949000        4
  1903.59394587     1.00141976        4
  1903.61437783     0.99960594        4
  1903.63480969     1.00136620        4
  1903.65524165     1.00129258        4
  1903.67567341     0.99979133        4
  1903.69610527     0.99933702        4
  1903.71653723     0.99990481        4
  1903.73696899     0.99942629        4
  1903.75740086     1.00022899        4
  1903.79826458     0.99950794        4
  1903.81869654     0.99861054        4
  1903.83912840     1.00031003        4
  1903.85956017     1.00035731        4
  1903.87999213     1.00007070        4
  1903.90042399     1.00023811        4
  1903.92085576     1.00004122        4
  1903.94128772     0.99968139        4
  1903.96171959     1.00020670        4
  1903.98215155     1.00141267        4
  1904.00258332     0.99968824        4
  1904.04344705     0.99960928        4
  1904.06387902     1.00138695        4
  1904.08431078     0.99983406        4
  1904.10474265     1.00093785        4
  1904.12517452     1.00112136        4
  1904.14560639     0.99995992        4
  1904.16603835     1.00143490        4
  1904.18647012     0.99963618        4
  1904.20690209     0.99908680        4
  1904.22733396     0.99882296        4
  1904.24776573     0.99859607        4
  1904.30906134     0.99979174        4
  1904.32949331     1.00057486        4
  1904.34992518     1.00017694        4
  1904.37035715     0.99862729        4
  1904.39078892     1.00005744        4
  1904.41122080     1.00082852        4
  1904.43165277     1.00052721        4
  1904.45208454     0.99969718        4
  1904.47251641     0.99994119        4
  1904.49294839     1.00007376        4
  1904.61553963     1.00061360        4
  1904.63597151     0.99987370        4
  1904.65640339     1.00092821        4
  1904.67683526     1.00000181        4
  1904.69726714     0.99952446        4
  1904.71769902     1.00003905        4
  1904.73813089     1.00153200        4
  1904.77899465     1.00036339        4
  1904.79942653     1.00100182        4
  1904.81985851     0.99984060        4
  1904.84029029     0.99945325        4
  1904.86072216     0.99924127        4
  1905.04460919     0.99974732        4
  1905.06504108     0.99927686        4
  1905.08547306     0.99966317        4
  1905.10590484     0.99980678        4
  1905.12633673     1.00032865        4
  1905.14676871     0.99974310        4
  1905.16720050     1.00030174        4
  1905.18763238     1.00067783        4
