  1835.65908714     0.99981003        0
  1835.67951931     0.99939043        0
  1835.80211230     0.99750129        0
  1835.82254456     0.99971207        0
  1835.84297662     0.99952152        0
  1835.86340878     0.99981406        0
  1835.88384104     1.00002882        0
  1835.90427310     1.00000769        0
  1835.92470527     0.99974188        0
  1835.94513752     0.99978775        0
  1835.96556958     0.99924268        0
  1835.98600174     1.00052910        0
  1836.00643400     0.99989245        0
  1836.02686606     1.00019595        0
  1836.04729822     1.00010281        0
  1836.06773047     1.00018978        0
  1836.08816253     1.00028700        0
  1836.10859469     1.00035714        0
  1836.12902694     1.00103536        0
  1836.14945910     1.00024822        0
  1836.16989115     0.99974535        0
  1836.19032340     1.00068166        0
  1836.21075556     1.00004661        0
  1836.23118781     1.00055549        0
  1836.25161986     1.00025703        0
  1836.27205201     1.00014590        0
  1836.31291632     1.00101930        0
  1836.33334847     1.00122981        0
  1836.35378072     1.00151175        0
  1836.37421277     1.00169917        0
  1836.39464492     1.00093686        0
  1836.41507706     1.00077210        0
  1836.43550921     1.00051403        0
  1836.45594136     1.00065481        0
  1836.47637351     0.99993306        0
  1836.49680565     0.99972781        0
  1836.51723780     0.99889964        0
  1836.53766994     1.00124457        0
  1836.55810209     1.00016369        0
  1836.57853423     0.99922342        0
  1836.59896648     1.00035686        0
  1836.61939852     0.99985586        0
  1836.63983066     0.99961172        0
  1836.66026291     0.99958193        0
  1836.68069495     0.99922847        0
  1836.70112709     0.99941548        0
  1836.72155933     1.00037341        0
  1836.74199137     1.00001187        0
  1836.76242351     0.99974688        0
  1836.78285575     1.00033977        0
  1836.80328779     1.00018354        0
  1836.82372003     0.99955155        0
  1836.84415217     0.99943101        0
  1836.86458421     0.99954842        0
  1836.88501644     0.99920388        0
  1836.90544858     0.99961093        0
  1836.92588062     1.00024449        0
  1836.94631285     0.99939968        0
  1836.96674499     0.99992654        0
  1836.98717712     0.99970959        0
  1837.00760926     0.99992086        0
  1837.02804139     0.99653457        0
  1837.08933779     1.00009163        0
  1837.10976992     0.99980246        0
  1837.13020205     0.99984623        0
  1837.15063418     0.99932770        0
  1837.17106632     0.99982273        0
  1837.19149844     0.99995176        0
  1837.21193057     0.99864160        0
  1837.23236270     0.99951342        0
  1837.25279483     0.99997351        0
  1837.27322696     0.99936537        0
  1837.29365899     0.99913470        0
  1837.31409122     1.00024141        0
  1837.33452334     0.99946385        0
  1837.35495547     1.00706713        0
  1837.37538759     1.00074506        0
  1837.39581972     0.99902691        0
  1837.41625184     0.99946079        0
  1837.43668407     0.99996500        0
  1837.45711609     1.00009403        0
  1837.47754831     0.99970113        0
  1837.49798044     0.99916125        0
  1837.51841246     0.99963079        0
  1837.53884468     0.99978567        0
  1837.55927680     1.00011500        0
  1837.57970882     1.00056496        0
  1837.60014104     1.00060051        0
  1837.62057316     1.00053024        0
  1837.64100518     1.00011754        0
  1837.66143740     1.00011864        0
  1837.68186952     0.99955752        0
  1837.70230154     0.99986642        0
  1837.72273376     0.99992546        0
  1837.74316587     1.00045072        0
  1837.76359789     1.00037937        0
  1837.78403011     1.00000002        0
  1837.80446222     0.99960009        0
  1837.82489434     1.00068347        0
  1837.84532645     1.00075831        0
  1837.86575857     0.99939011        0
  1837.88619058     1.00038126        0
  1837.90662279     1.00023174        0
  1837.92705491     1.00145759        0
  1837.94748702     1.00043029        0
  1837.96791913     0.99886790        0
  1837.98835124     1.00033529        0
  1838.00878325     0.99962355        0
  1838.02921546     1.00148677        0
  1838.04964757     1.00072805        0
  1838.07007978     0.99986366        0
  1838.09051179     1.00039706        0
  1838.11094390     1.00102500        0
  1838.13137611     1.00108164        0
  1838.15180812     1.00067405        0
  1838.17224022     0.99835235        0
  1838.19267243     0.99214610        0
  1838.21310444     0.98593834        0
  1838.23353654     0.97925220        0
  1838.31526506     0.97927167        0
  1838.33569716     0.98484248        0
  1838.35612917     0.99102591        0
  1838.37656137     0.99708620        0
  1838.39699347     1.00011232        0
  1838.41742547     0.99895849        0
  1838.43785767     0.99967345        0
  1838.45828977     0.99981589        0
  1838.47872177     1.00015248        0
  1838.49915397     1.00028261        0
  1838.51958607     1.00132136        0
  1838.54001807     1.00096082        0
  1838.56045027     1.00013857        0
  1838.58088237     1.00061235        0
  1838.60131436     1.00277130        0
  1838.62174656     1.00093739        0
  1838.64217866     1.00012618        0
  1838.66261065     1.00042046        0
  1838.68304285     1.00056447        0
  1838.70347494     1.00108031        0
  1838.72390704     1.00028654        0
  1838.74433913     1.00075687        0
  1838.76477122     1.00001160        0
  1838.78520332     1.00088077        0
  1838.80563541     0.99955805        0
  1838.82606750     1.00126319        0
  1838.84649969     1.00008105        0
  1838.86693168     0.99929286        0
  1838.88736378     1.00000127        0
  1838.90779597     0.99832123        0
  1838.92822796     1.00019989        0
  1838.94866004     1.00007585        0
  1838.96909223     0.99952265        0
  1838.98952422     0.99691288        0
  1839.07125257     1.00002252        0
  1839.09168476     1.00068157        0
  1839.11211684     0.99983540        0
  1839.13254883     0.99905212        0
  1839.15298101     0.99985452        0
  1839.17341310     0.99922411        0
  1839.19384508     1.00026297        0
  1839.21427726     0.99981028        0
  1839.23470935     0.99946321        0
  1839.25514133     0.99957991        0
  1839.27557351     0.99974297        0
  1839.29600559     0.99994731        0
  1839.31643777     0.99983324        0
  1839.33686975     1.00028233        0
  1839.35730183     0.99986366        0
  1839.37773391     1.00028339        0
  1839.39816599     0.99966583        0
  1839.41859797     1.00000000        0
  1839.43903015     0.99960137        0
  1839.45946223     0.99990176        0
  1839.47989420     0.99975100        0
  1839.50032638     0.99997147        0
  1839.52075846     1.00013838        0
  1839.54119053     0.99945986        0
  1839.56162261     0.99951956        0
  1839.58205468     0.99865216        0
  1839.60248676     0.99902060        0
  1839.62291883     0.99948803        0
  1839.64335091     1.00082852        0
  1839.66378298     0.99922095        0
  1839.72507920     0.99803264        0
  1839.74551137     0.99929808        0
  1839.76594334     1.00005690        0
  1839.78637541     1.00016132        0
  1839.80680758     0.99950143        0
  1839.82723955     0.99990514        0
  1839.84767162     0.99931348        0
  1839.86810379     0.99926050        0
  1839.88853575     1.00057939        0
  1839.90896782     1.00031953        0
  1839.92939999     1.00034023        0
  1839.94983206     0.99945727        0
  1839.97026412     1.00001794        0
  1839.99069619     1.00139356        0
  1840.01112825     1.00099050        0
  1840.29717712     1.00116434        0
  1840.31760908     1.00011123        0
  1840.33804124     1.00004939        0
  1840.35847330     1.00049217        0
  1840.37890535     1.00036675        0
  1840.39933741     1.00001153        0
  1840.41976947     0.99977793        0
  1840.44020152     1.00030680        0
  1840.46063358     1.00055476        0
  1840.48106563     0.99964824        0
  1840.50149769     1.00041795        0
  1840.52192984     1.00008403        0
  1840.54236179     1.00035323        0
  1840.56279395     0.99999359        0
  1840.58322600     1.00019548        0
  1840.60365795     1.00102658        0
  1840.62409010     1.00091248        0
  1840.64452216     0.99977422        0
  1840.66495411     1.00015140        0
  1840.68538626     0.99974733        0
  1840.70581831     0.99802967        0
  1840.72625026     1.00087539        0
  1840.74668241     1.00008712        0
  1840.76711446     1.00006815        0
  1840.78754650     1.00113182        0
  1840.80797855     0.99984466        0
  1840.82841050     1.00006074        0
  1840.84884265     0.99993363        0
  1840.86927469     1.00016183        0
  1840.88970674     0.99985557        0
  1840.91013868     0.99992834        0
  1840.93057083     0.99979201        0
  1840.95100287     0.99933550        0
  1840.97143482     0.99948529        0
  1840.99186696     0.99914714        0
  1872.00732024     0.99876778        1
  1872.02775187     0.99943372        1
  1872.04818350     0.99934071        1
  1872.06861513     0.99977644        1
  1872.08904676     1.00006985        1
  1872.10947839     1.00011293        1
  1872.12991012     1.00031894        1
  1872.17077327     1.00056923        1
  1872.19120500     1.00042005        1
  1872.21163663     1.00048711        1
  1872.23206816     1.00078104        1
  1872.25249989     1.00053646        1
  1872.27293152     1.00052713        1
  1872.29336305     1.00041429        1
  1872.31379477     1.00015897        1
  1872.33422640     1.00008745        1
  1872.35465793     0.99969861        1
  1872.37508966     0.99844488        1
  1872.41595301     0.99795861        1
  1872.43638454     0.99778954        1
  1872.45681617     0.99767226        1
  1872.47724790     0.99807126        1
  1872.49767942     0.99771495        1
  1872.51811105     0.99560657        1
  1872.53854278     0.98897692        1
  1872.55897431     0.98305462        1
  1872.57940593     0.97603227        1
  1872.59983766     0.97166403        1
  1872.62026919     0.97033320        1
  1872.66113254     0.97654112        1
  1872.68156407     0.98266862        1
  1872.70199580     0.98963326        1
  1872.72242742     0.99513597        1
  1872.74285895     1.00018774        1
  1872.76329068     0.99959839        1
  1872.78372230     1.00076862        1
  1872.80415383     0.99966358        1
  1872.82458555     1.00000539        1
  1872.84501718     1.00005601        1
  1872.86544871     1.00001803        1
  1872.90631206     1.00023976        1
  1872.92674358     1.00137497        1
  1872.94717531     1.00008600        1
  1872.96760693     0.99951292        1
  1872.98803866     1.00019106        1
  1873.00847019     0.99995510        1
  1873.02890181     0.99950394        1
  1873.04933354     1.00035282        1
  1873.06976506     1.00007907        1
  1873.09019669     0.99906796        1
  1873.11062841     1.00015056        1
  1873.15149156     0.99899265        1
  1873.17192329     0.99972359        1
  1873.19235491     0.99978650        1
  1873.21278653     0.99970895        1
  1873.23321816     0.99981000        1
  1873.25364978     1.00122706        1
  1873.27408141     1.00058065        1
  1873.29451303     1.00023646        1
  1873.31494466     1.00054431        1
  1873.33537628     0.99995892        1
  1873.35580790     1.00001502        1
  1873.39667115     0.99838841        1
  1873.41710278     0.99916326        1
  1873.43753430     0.99958005        1
  1873.45796602     0.99958314        1
  1873.47839765     1.00067382        1
  1873.49882937     1.00037030        1
  1873.51926089     1.00053098        1
  1873.53969252     1.00046396        1
  1873.56012424     1.00084736        1
  1873.58055576     1.00010925        1
  1873.60098739     1.00079093        1
  1873.74400884     1.00001003        1
  1873.76444047     1.00088870        1
  1873.78487209     1.00013602        1
  1873.80530371     1.00015136        1
  1873.82573533     1.00010475        1
  1873.84616706     1.00029749        1
  1873.88703020     0.99987057        1
  1873.90746192     1.00080878        1
  1873.92789344     1.00024583        1
  1873.94832507     0.99987971        1
  1873.96875679     1.00006569        1
  1873.98918831     1.00038011        1
  1874.00962003     1.00067819        1
  1874.03005155     1.00048153        1
  1874.05048317     1.00042657        1
  1874.07091490     1.00100514        1
  1874.09134642     1.00111566        1
  1874.25479948     0.99933985        1
  1874.27523111     0.99951074        1
  1874.29566273     0.99970330        1
  1874.31609435     1.00016030        1
  1874.33652597     1.00061974        1
  1874.37738921     1.00019306        1
  1874.39782083     1.00107858        1
  1874.41825255     1.00039558        1
  1874.43868407     1.00119828        1
  1874.45911569     1.00066006        1
  1874.47954741     0.99962542        1
  1874.49997893     0.99989566        1
  1874.52041065     0.99983446        1
  1874.54084227     0.99992388        1
  1874.56127379     0.99985726        1
  1874.58170551     0.99925190        1
  1874.62256865     0.99987101        1
  1874.64300037     0.99958945        1
  1874.66343198     0.99972263        1
  1874.68386360     0.99964795        1
  1874.70429522     0.99936046        1
  1874.72472684     0.99977122        1
  1874.74515836     0.99932108        1
  1874.76559008     1.00000056        1
  1874.78602170     0.99923178        1
  1874.80645332     1.00009468        1
  1874.86774828     0.99952708        1
  1874.88817979     0.99991227        1
  1874.90861141     1.00000314        1
  1874.92904313     1.00001005        1
  1874.94947465     0.99899463        1
  1874.96990627     0.99995702        1
  1874.99033799     0.99966389        1
  1875.01076950     1.00061733        1
  1875.03120122     1.00008994        1
  1875.05163284     0.99965305        1
  1875.11292770     0.99988006        1
  1875.13335921     0.99986145        1
  1875.15379093     0.99967669        1
  1875.17422255     0.99931176        1
  1875.19465417     0.99975307        1
  1875.21508579     0.99971340        1
  1875.23551740     0.99964982        1
  1875.35810711     0.99910389        1
  1875.37853882     0.99769100        1
  1875.39897034     0.99446055        1
  1875.41940196     0.99045076        1
  1875.43983368     0.98668772        1
  1875.46026519     0.98355517        1
  1875.48069681     0.98342901        1
  1875.50112853     0.98305664        1
  1875.52156004     0.98391471        1
  1875.54199176     0.98806941        1
  1875.56242338     0.99148941        1
  1875.60328661     0.99914152        1
  1875.62371823     0.99987560        1
  1875.64414974     1.00415971        1
  1875.66458146     0.99956672        1
  1875.68501308     1.00014660        1
  1875.70544469     0.99947289        1
  1875.72587631     0.99973085        1
  1875.74630793     0.99941996        1
  1875.76673964     1.00035044        1
  1875.78717116     1.00007516        1
  1875.80760278     1.00014891        1
  1875.84846611     1.00043004        1
  1875.86889762     1.00031123        1
  1875.88932934     1.00054959        1
  1875.90976096     0.99997815        1
  1875.93019247     0.99987985        1
  1875.95062419     0.99921110        1
  1875.97105580     1.00053761        1
  1875.99148752     0.99952810        1
  1876.01191903     1.00027900        1
  1876.09364550     1.00102789        1
  1876.11407711     1.00066564        1
  1876.13450873     1.00062887        1
  1876.15494024     0.99993749        1
  1876.17537196     1.00039514        1
  1876.19580357     1.00070356        1
  1876.21623519     1.00093492        1
  1876.23666680     1.00048726        1
  1876.25709842     1.00039183        1
  1876.27753013     1.00061340        1
  1876.33882498     1.00039366        1
  1876.35925659     1.00003870        1
  1876.37968811     1.00079407        1
  1876.40011982     1.00087469        1
  1876.42055144     1.00032018        1
  1876.44098295     0.99992861        1
  1876.46141467     1.00045079        1
  1876.48184628     1.00068017        1
  1876.50227800     1.00082369        1
  1876.52270951     1.00060443        1
  1876.54314113     1.00060374        1
  1876.58400435     1.00064839        1
  1876.60443597     1.00048835        1
  1876.62486768     1.00077120        1
  1876.64529920     1.00077252        1
  1876.66573081     1.00041211        1
  1876.82918372     1.00057771        1
  1876.84961544     1.00022953        1
  1876.87004695     1.00042804        1
  1876.89047857     1.00057871        1
  1876.91091028     1.00036902        1
  1876.93134189     0.99950303        1
  1877.07436329     1.00047928        1
  1877.09479480     1.00036322        1
  1877.11522641     1.00033584        1
  1877.13565813     1.00024760        1
  1877.15608964     1.00022633        1
  1877.17652125     1.00000000        1
  1877.19695297     1.00000170        1
  1877.21738448     1.00043999        1
  1877.23781619     0.99976343        1
  1877.25824781     0.99973618        1
  1877.27867932     0.99967443        1
  1877.31954265     1.00048866        1
  1877.33997426     1.00034201        1
  1877.36040587     0.99916605        1
  1877.38083749     0.99970142        1
  1877.40126910     0.99993673        1
  1877.42170071     0.99976321        1
  1877.44213232     1.00003974        1
  1877.46256394     0.99956794        1
  1877.48299555     0.99973143        1
  1877.50342716     0.99943670        1
  1877.52385878     0.99971842        1
  1877.56472200     0.99954829        1
  1877.58515371     0.99964826        1
  1877.60558523     0.99947684        1
  1877.62601684     1.00070139        1
  1877.64644855     1.00048362        1
  1877.66688006     0.99929479        1
  1877.68731178     0.99907391        1
  1877.70774339     1.00011849        1
  1877.72817490     0.99973492        1
  1877.74860661     0.99932075        1
  1877.76903823     0.99982957        1
  1877.80990145     1.00027661        1
  1877.83033306     0.99893062        1
  1877.85076457     0.99983266        1
  1877.87119629     0.99959674        1
  1877.89162790     0.99951542        1
  1877.91205951     0.99968726        1
  1877.93249112     0.99941714        1
  1877.95292274     1.00007043        1
  1877.97335445     0.99980583        1
  1877.99378606     0.99970945        1
  1878.01421757     1.00026257        1
  1878.05508090     1.00008026        1
  1878.07551241     0.99966327        1
  1878.09594412     0.99951100        1
  1878.11637573     1.00019877        1
  1878.13680724     0.99991224        1
  1878.15723895     0.99989108        1
  1878.17767047     0.99973620        1
  1878.19810218     0.99973692        1
  1878.21853379     1.00060851        1
  1878.23896530     0.99824907        1
  1878.25939701     0.99329296        1
  1878.30026014     0.97925514        1
  1878.32069185     0.97426097        1
  1878.34112346     0.97238138        1
  1878.36155497     0.97264144        1
  1878.38198668     0.97605981        1
  1878.40241830     0.98210720        1
  1878.42285001     0.98980487        1
  1878.44328152     0.99563731        1
  1878.46371313     0.99968336        1
  1878.48414484     1.00091847        1
  1878.54543968     0.99988446        1
  1878.56587129     0.99974051        1
  1878.58630280     1.00063909        1
  1878.60673451     0.99919958        1
  1878.62716612     0.99947404        1
  1878.64759773     0.99997521        1
  1878.66802934     0.99969143        1
  1878.68846096     1.00038709        1
  1878.70889267     0.99974058        1
  1878.72932418     0.99969715        1
  1878.74975579     1.00044515        1
  1878.79061901     1.00095418        1
  1878.81105062     1.00079492        1
  1878.83148223     1.00117130        1
  1878.85191385     1.00039820        1
  1878.87234556     1.00026340        1
  1878.89277707     1.00073329        1
  1878.91320868     0.99973106        1
  1878.93364039     0.99960048        1
  1878.95407190     1.00008369        1
  1878.97450351     0.99998801        1
  1878.99493522     1.00021117        1
  1879.07666167     1.00085429        1
  1879.09709328     1.00033902        1
  1879.11752489     1.00034809        1
  1879.13795650     1.00054426        1
  1879.15838811     1.00063070        1
  1879.17881972     1.00021402        1
  1879.19925133     1.00036145        1
  1879.21968304     1.00000783        1
  1879.24011455     1.00111336        1
  1879.32184110     0.99977145        1
  1879.34227271     1.00026096        1
  1879.36270422     1.00021070        1
  1879.38313593     1.00050409        1
  1879.40356754     1.00074455        1
  1879.42399905     1.00011727        1
  1879.44443076     1.00035836        1
  1879.46486237     1.00008038        1
  1879.48529388     1.00003916        1
  1879.52615711     1.00015591        1
  1879.54658882     0.99950757        1
  1879.56702043     1.00020869        1
  1879.58745204     1.00004366        1
  1879.60788365     0.99989561        1
  1879.62831526     0.99976145        1
  1879.64874687     1.00059155        1
  1879.66917848     1.00064139        1
  1879.68961009     1.01741840        1
  1879.71004170     1.00012810        1
  1879.73047331     1.00028523        1
  1879.77133663     1.00025546        1
  1879.79176824     0.99979153        1
  1879.81219976     0.99988932        1
  1879.83263147     0.99979320        1
  1879.85306308     0.99926994        1
  1879.87349459     0.99917088        1
  1879.89392630     1.00084227        1
  1879.91435791     0.99979927        1
  1879.93478942     0.99967366        1
  1879.95522113     0.99993951        1
  1879.97565274     0.99938374        1
  1880.01651596     1.00098899        2
  1880.03694757     1.00038296        2
  1880.05737928     1.00059081        2
  1880.07781079     1.00034773        2
  1880.09824240     1.00024515        2
  1880.11867402     0.99975669        2
  1880.13910563     0.99981099        2
  1880.15953724     1.00012676        2
  1880.17996895     1.00011249        2
  1880.20040046     1.00037372        2
  1880.22083217     1.00011910        2
  1880.26169529     1.00013720        2
  1880.28212700     0.99997590        2
  1880.30255861     0.99935493        2
  1880.32299012     1.00012600        2
  1880.34342183     0.99955373        2
  1880.36385344     0.99946934        2
  1880.38428495     1.00002091        2
  1880.40471666     0.99979893        2
  1880.42514827     1.00031693        2
  1880.44557998     0.99992118        2
  1880.50687482     1.00059368        2
  1880.52730633     1.00076582        2
  1880.54773794     1.00068468        2
  1880.56816965     1.00067175        2
  1880.58860116     1.00049472        2
  1880.60903277     0.99972928        2
  1880.62946448     0.99964570        2
  1880.64989599     0.99979554        2
  1880.67032770     0.99986639        2
  1880.75205414     1.00040319        2
  1880.77248576     0.99903597        2
  1880.79291737     0.99989128        2
  1880.81334898     0.99943354        2
  1880.83378059     0.99916511        2
  1880.85421220     0.99867617        2
  1880.87464381     1.00010062        2
  1880.89507542     0.99934968        2
  1880.91550703     0.99942771        2
  1880.93593864     0.99991077        2
  1880.95637035     0.99947869        2
  1881.01766518     0.99984475        2
  1881.03809669     1.00023072        2
  1881.05852831     0.99983941        2
  1881.07896002     0.99991712        2
  1881.09939153     0.99960027        2
  1881.11982324     0.99585233        2
  1881.14025485     0.99120772        2
  1881.16068636     0.98721077        2
  1881.18111807     0.98457875        2
  1881.20154968     0.98331779        2
  1881.24241290     0.98442226        2
  1881.26284451     0.98775301        2
  1881.28327612     0.99224412        2
  1881.30370774     0.99578628        2
  1881.32413935     0.99958206        2
  1881.34457106     1.00043472        2
  1881.36500257     1.00083004        2
  1881.38543418     1.00005347        2
  1881.40586589     0.99981527        2
  1881.42629750     0.99996149        2
  1881.44672901     1.00082032        2
  1881.48759223     0.99964467        2
  1881.50802395     1.00014702        2
  1881.52845556     1.00023436        2
  1881.54888717     1.00004081        2
  1881.56931878     1.00040338        2
  1881.58975039     1.00020523        2
  1881.61018190     1.00072530        2
  1881.63061361     0.99987898        2
  1881.65104522     0.99993699        2
  1881.67147673     1.00030904        2
  1881.69190845     1.00000759        2
  1881.73277177     1.00030299        2
  1881.75320328     1.00020914        2
  1881.77363489     1.00005841        2
  1881.79406660     0.99985690        2
  1881.81449811     1.00056623        2
  1881.83492972     1.00023183        2
  1881.85536144     1.00078241        2
  1881.87579295     1.00032319        2
  1881.89622456     1.00064892        2
  1881.91665627     1.00011146        2
  1881.93708788     1.00030220        2
  1881.97795110     1.00081850        2
  1881.99838272     1.00054817        2
  1882.01881433     1.00045966        2
  1882.03924594     1.00015630        2
  1882.05967755     1.00012764        2
  1882.08010926     1.00025646        2
  1882.10054077     1.00020454        2
  1882.12097238     0.99978091        2
  1882.14140410     1.00022044        2
  1882.16183561     1.00042892        2
  1882.22313044     1.00015533        2
  1882.24356215     1.00006268        2
  1882.26399367     1.00015912        2
  1882.28442528     1.00009988        2
  1882.30485699     0.99970940        2
  1882.32528850     0.99998637        2
  1882.34572021     1.00042633        2
  1882.36615182     1.00023508        2
  1882.38658334     0.99980529        2
  1882.46830988     1.00124224        2
  1882.48874150     1.00174990        2
  1882.50917311     1.00116559        2
  1882.52960472     1.00169643        2
  1882.55003633     1.00139014        2
  1882.57046804     1.00122760        2
  1882.59089966     1.00106856        2
  1882.77478417     0.99962042        2
  1882.79521588     0.99967007        2
  1882.81564739     1.00001998        2
  1882.83607900     0.99982258        2
  1882.85651072     0.99953973        2
  1882.87694223     1.00016603        2
  1882.89737374     0.99905771        2
  1882.91780545     0.99970220        2
  1883.01996362     0.99997721        2
  1883.04039513     0.99965477        2
  1883.06082674     0.99954239        2
  1883.08125846     0.99945351        2
  1883.10169007     0.99970746        2
  1883.12212158     1.00037868        2
  1883.14255329     0.99989983        2
  1883.16298491     0.99929014        2
  1883.20384813     0.99948295        2
  1883.22427975     0.99931051        2
  1883.24471146     0.99930377        2
  1883.26514297     0.99935724        2
  1883.28557459     0.99949729        2
  1883.30600630     0.99987124        2
  1883.32643781     0.99993285        2
  1883.34686942     1.00024600        2
  1883.36730114     0.99992247        2
  1883.38773265     1.00059097        2
  1883.40816436     1.00044359        2
  1883.44902749     1.00175104        2
  1883.46945921     1.00117772        2
  1883.48989082     1.00001873        2
  1883.51032233     0.99939337        2
  1883.53075405     0.99928631        2
  1883.55118556     0.99934306        2
  1883.57161727     0.99881211        2
  1883.59204889     0.99934224        2
  1883.61248040     0.99933818        2
  1883.63291211     0.99981644        2
  1883.65334373     0.99993059        2
  1883.71463857     0.99989109        2
  1883.73507018     0.99930551        2
  1883.75550180     0.99979702        2
  1883.77593341     0.99948008        2
  1883.79636513     0.99960195        2
  1883.81679674     1.00001667        2
  1883.83722825     1.00017200        2
  1883.85765997     1.00066952        2
  1883.87809158     1.00027951        2
  1883.89852310     1.00056279        2
  1883.98024965     0.99517002        2
  1884.00068127     0.98862372        2
  1884.02111298     0.98189893        2
  1884.04154450     0.97544512        2
  1884.06197611     0.97349813        2
  1884.08240783     0.97280631        2
  1884.10283934     0.97511186        2
  1884.12327096     0.98115446        2
  1884.14370267     0.98749068        2
  1884.20499742     1.00023550        2
  1884.22542903     1.00038912        2
  1884.24586075     0.99995751        2
  1884.26629226     1.00016240        2
  1884.28672388     1.00052574        2
  1884.30715559     1.00108852        2
  1884.32758721     0.99930525        2
  1884.34801872     0.99964718        2
  1884.36845044     1.00025507        2
  1884.38888205     1.00046383        2
  1884.42974528     1.00058716        2
  1884.45017690     1.00088601        2
  1884.47060861     1.00095051        2
  1884.49104013     1.00062595        2
  1884.51147174     1.00123775        2
  1884.53190346     1.00102224        2
  1884.55233498     1.00096685        2
  1884.57276659     1.00041764        2
  1884.59319831     1.00636180        2
  1884.61362982     1.00056603        2
  1884.63406154     0.99962135        2
  1884.67492467     1.00043419        2
  1884.69535639     1.00048395        2
  1884.71578800     1.00000857        2
  1884.73621962     0.99977465        2
  1884.75665124     0.99966723        2
  1884.77708285     0.99994617        2
  1884.79751447     0.99988631        2
  1884.81794608     0.99998610        2
  1884.83837770     0.99962625        2
  1884.85880932     1.00001825        2
  1884.92010417     0.99988306        2
  1884.94053578     1.00020067        2
  1884.96096740     1.00047281        2
  1884.98139912     1.00075445        2
  1885.00183063     1.00042210        2
  1885.02226235     1.00070421        2
  1885.04269397     1.00112809        2
  1885.06312548     1.00050527        2
  1885.08355720     1.00118565        2
  1885.10398882     1.00074031        2
  1885.12442034     1.00010838        2
  1885.16528367     0.99729623        2
  1885.18571519     0.99995021        2
  1885.20614690     0.99936275        2
  1885.22657852     0.99958875        2
  1885.24701024     0.99960932        2
  1885.26744176     0.99915299        2
  1885.28787337     0.99992008        2
  1885.30830509     0.99948493        2
  1885.32873661     0.99941729        2
  1885.34916823     0.99950229        2
  1885.36959995     0.99937124        2
  1885.41046308     1.00016199        2
  1885.43089480     1.00008133        2
  1885.45132642     1.00052652        2
  1885.47175804     1.00076304        2
  1885.49218965     1.00094416        2
  1885.51262127     1.00062415        2
  1885.53305289     1.00074074        2
  1885.55348451     1.00028359        2
  1885.57391603     0.99988111        2
  1885.59434775     0.99965594        2
  1885.61477936     0.99936757        2
  1885.65564260     0.99966781        2
  1885.67607422     0.99992412        2
  1885.69650594     0.99976277        2
  1885.71693746     0.99986918        2
  1885.73736908     0.99967328        2
  1885.75780079     0.99957765        2
  1885.77823231     1.00011652        2
  1885.79866393     0.99982946        2
  1885.81909565     1.00000000        2
  1885.83952717     0.99995681        2
  1885.85995889     0.99953683        2
  1885.90082203     0.99955477        2
  1885.92125375     1.00007173        2
  1885.94168537     0.99987459        2
  1885.96211699     1.00043913        2
  1885.98254861     1.00021876        2
  1886.00298023     1.00009851        2
  1886.02341185     0.99953409        2
  1886.04384347     0.99986717        2
  1886.06427509     1.00027300        2
  1886.08470681     1.00035475        2
  1886.10513843     1.00120288        2
  1886.16643329     0.99980526        2
  1886.18686481     1.00078043        2
  1886.20729653     1.00105602        2
  1886.22772805     0.99989430        2
  1886.24815977     1.00029589        2
  1886.26859139     1.00061670        2
  1886.28902291     1.00015960        2
  1886.30945463     0.99943012        2
  1886.32988625     1.00112111        2
  1886.35031777     0.99967581        2
  1886.39118111     1.00005443        2
  1886.41161263     0.99980089        2
  1886.43204436     0.99941875        2
  1886.45247598     0.99977977        2
  1886.47290770     1.00030887        2
  1886.49333922     1.00054865        2
  1886.51377084     1.00033312        2
  1886.53420256     1.00102959        2
  1886.63636067     1.00024011        2
  1886.65679229     1.00336890        2
  1886.67722391     1.00048675        2
  1886.69765554     0.99984954        2
  1886.71808716     0.99978915        2
  1886.73851878     0.99985379        2
  1886.75895050     1.00007428        2
  1886.88154014     0.98811748        2
  1886.90197176     0.98513565        2
  1886.92240348     0.98428860        2
  1886.94283501     0.98308968        2
  1886.96326663     0.98446125        2
  1886.98369835     0.98753272        2
  1887.12671972     0.99992273        2
  1887.14715134     0.99970934        2
  1887.16758296     0.99954956        2
  1887.18801459     1.00061237        2
  1887.20844621     1.00004319        2
  1887.22887783     1.00000897        2
  1887.24930956     1.00009645        2
  1887.26974108     0.99999442        2
  1887.29017271     0.99978251        2
  1887.31060443     0.99996897        2
  1887.33103606     1.00014159        2
  1887.37189930     1.00059668        2
  1887.39233093     0.99953021        2
  1887.41276245     1.00024232        2
  1887.43319418     1.00014252        2
  1887.45362580     0.99923577        2
  1887.47405743     1.00004412        2
  1887.49448905     0.99996043        2
  1887.51492068     0.99997579        2
  1887.53535240     1.00019276        2
  1887.55578393     1.00050808        2
  1887.57621555     0.99981478        2
  1887.61707881     0.99986097        2
  1887.63751053     0.99987859        2
  1887.65794206     0.99989457        2
  1887.67837368     1.00066860        2
  1887.69880541     1.00040607        2
  1887.71923693     1.00021343        2
  1887.73966856     1.00030421        2
  1887.76010029     0.99982660        2
  1887.78053181     0.99973673        2
  1887.80096344     0.99955446        2
  1887.86225842     1.00028658        2
  1887.88269004     1.00003552        2
  1887.90312167     1.00024058        2
  1887.92355330     1.00075048        2
  1887.94398492     0.99969561        2
  1887.96441655     1.00052392        2
  1887.98484828     0.99970950        2
  1891.04959413     0.99995464        3
  1891.07002578     0.99972018        3
  1891.09045752     1.00058914        3
  1891.11088906     0.99979871        3
  1891.13132070     0.99946647        3
  1891.15175245     0.99984999        3
  1891.17218399     0.99960181        3
  1891.19261573     0.99981409        3
  1891.21304738     0.99971949        3
  1891.23347892     0.99971953        3
  1891.29477385     0.99992419        3
  1891.31520560     0.99953425        3
  1891.33563724     0.99955011        3
  1891.35606898     1.00005549        3
  1891.37650053     0.99999333        3
  1891.39693217     1.00031352        3
  1891.41736392     1.00018722        3
  1891.43779546     0.99975987        3
  1891.45822711     1.00008681        3
  1891.47865885     1.00038125        3
  1891.49909050     1.00021981        3
  1891.53995379     1.00016351        3
  1891.56038533     1.00005980        3
  1891.58081708     1.00040847        3
  1891.60124873     1.00055258        3
  1891.62168027     1.00129383        3
  1891.64211202     1.00029294        3
  1891.66254366     1.00039597        3
  1891.68297521     1.00001423        3
  1891.70340696     0.99993329        3
  1891.72383860     1.00046281        3
  1891.74427035     1.00065487        3
  1891.78513354     0.99935519        3
  1891.80556529     0.99960793        3
  1891.82599684     1.00052699        3
  1891.84642848     0.99999267        3
  1891.86686023     1.00000063        3
  1891.88729178     1.00025187        3
  1891.90772343     1.00045332        3
  1891.92815517     0.99990640        3
  1891.94858672     0.99998498        3
  1891.96901847     1.00046589        3
  1891.98945012     1.00033338        3
  1892.03031342     1.00055207        3
  1892.05074506     0.99992433        3
  1892.07117671     1.00014207        3
  1892.09160836     1.00021440        3
  1892.11204001     1.00018363        3
  1892.13247176     1.00003456        3
  1892.15290341     1.00030296        3
  1892.17333496     1.00069203        3
  1892.19376671     1.00016050        3
  1892.21419826     1.00039881        3
  1892.23462991     1.00012229        3
  1892.27549321     1.00021088        3
  1892.29592496     0.99996276        3
  1892.31635661     1.00048868        3
  1892.33678816     0.99987510        3
  1892.35721991     0.99998057        3
  1892.37765156     1.00007791        3
  1892.39808311     0.99974918        3
  1892.41851486     1.00013794        3
  1892.43894651     0.99969996        3
  1892.45937806     0.99980356        3
  1892.52067322     0.99994230        3
  1892.54110477     0.99960522        3
  1892.56153642     0.99682525        3
  1892.58196817     0.99318802        3
  1892.60239973     0.98827132        3
  1892.62283138     0.98558418        3
  1892.64326313     0.98339035        3
  1892.82714801     0.99986046        3
  1892.84757966     0.99907947        3
  1892.86801142     0.99993217        3
  1892.88844297     0.99938968        3
  1892.90887473     0.99959126        3
  1892.92930628     0.99967464        3
  1892.94973793     0.99994595        3
  1892.97016969     0.99861771        3
  1893.01103290     0.99862230        3
  1893.03146465     1.00133335        3
  1893.05189621     0.99911194        3
  1893.07232796     0.99889447        3
  1893.09275962     0.99951930        3
  1893.11319118     0.99975609        3
  1893.13362293     0.99921415        3
  1893.15405459     0.99943469        3
  1893.17448614     0.99868148        3
  1893.19491790     0.99906549        3
  1893.21534956     1.00004386        3
  1893.33793950     0.99917868        3
  1893.35837125     0.99971787        3
  1893.37880291     0.99972001        3
  1893.39923447     1.00001718        3
  1893.41966623     0.99973960        3
  1893.44009789     0.99999277        3
  1893.46052964     0.99948038        3
  1893.50139286     0.99907435        3
  1893.52182462     0.99926978        3
  1893.54225618     0.99961502        3
  1893.56268774     0.99973225        3
  1893.58311949     0.99979293        3
  1893.60355115     0.99971180        3
  1893.62398291     1.00008554        3
  1893.64441447     1.00012237        3
  1893.66484613     1.00012925        3
  1893.68527789     1.00004095        3
  1893.70570945     0.99990470        3
  1893.74657287     0.99984038        3
  1893.76700443     1.00017957        3
  1893.78743609     1.00005281        3
  1893.80786785     1.00054131        3
  1893.82829941     1.00107652        3
  1893.84873118     1.00103421        3
  1893.86916284     0.99990757        3
  1893.88959450     1.00047849        3
  1893.91002616     0.99994156        3
  1893.93045782     0.99990714        3
  1894.03261623     1.00309228        3
  1894.05304779     1.00077841        3
  1894.07347955     1.00048852        3
  1894.09391122     1.00054885        3
  1894.11434278     1.00064410        3
  1894.13477454     1.00015223        3
  1894.15520621     1.00022456        3
  1894.17563787     1.00076705        3
  1894.19606953     1.00053192        3
  1894.23693286     1.00013000        3
  1894.25736452     1.00063781        3
  1894.27779609     1.00084947        3
  1894.29822785     1.00050813        3
  1894.31865952     0.99975768        3
  1894.33909108     1.00075365        3
  1894.35952285     1.00064185        3
  1894.37995451     1.00043344        3
  1894.40038628     1.00016879        3
  1894.42081784     1.00025046        3
  1894.44124951     1.00050130        3
  1894.48211284     1.00059416        3
  1894.50254450     1.00038067        3
  1894.52297627     1.00029106        3
  1894.54340794     1.00040534        3
  1894.56383960     1.00049046        3
  1894.58427127     1.00054837        3
  1894.60470294     0.99979273        3
  1894.62513460     1.00048849        3
  1894.72729294     1.00133747        3
  1894.74772471     1.00073752        3
  1894.76815627     1.00040914        3
  1894.78858804     1.00075164        3
  1894.80901971     1.00015477        3
  1894.82945128     1.00017022        3
  1894.84988305     0.99984596        3
  1894.87031462     0.99932432        3
  1894.97247306     0.99958181        3
  1894.99290463     1.00028479        3
  1895.01333640     1.00054949        3
  1895.03376807     1.00036658        3
  1895.05419974     1.00057163        3
  1895.07463141     0.99975578        3
  1895.09506308     1.00007937        3
  1895.11549485     1.00008269        3
  1895.13592642     0.99981662        3
  1895.15635809     0.99976960        3
  1895.17678986     0.99984744        3
  1895.21765311     0.99918153        3
  1895.23808488     0.99929635        3
  1895.25851655     0.99999024        3
  1895.27894812     1.00022421        3
  1895.29937989     0.99998758        3
  1895.31981157     0.99995237        3
  1895.34024334     0.99990032        3
  1895.36067491     1.00026158        3
  1895.38110658     0.99990464        3
  1895.40153836     0.99944676        3
  1895.42196993     0.99616590        3
  1895.46283338     0.98280511        3
  1895.48326495     0.97681187        3
  1895.50369672     0.97231923        3
  1895.52412830     0.97184810        3
  1895.54455997     0.97391087        3
  1895.56499175     0.97730046        3
  1895.58542332     0.98487550        3
  1895.60585499     0.99186443        3
  1895.62628677     0.99733386        3
  1895.64671834     0.99934691        3
  1895.66715012     0.99957777        3
  1895.70801347     0.99918259        3
  1895.72844515     0.99977203        3
  1895.74887682     0.99944371        3
  1895.76930850     0.99902699        3
  1895.78974017     0.99962780        3
  1895.81017185     0.99921208        3
  1895.83060353     1.00184050        3
  1895.85103530     0.99962971        3
  1895.87146688     0.99981325        3
  1895.89189866     0.99989324        3
  1895.91233033     0.99961296        3
  1895.95319369     0.99981998        3
  1895.97362537     0.99931207        3
  1895.99405694     1.00017239        3
  1896.01448872     0.99965466        3
  1896.03492040     1.00020499        3
  1896.05535218     0.99987345        3
  1896.07578376     0.99945529        3
  1896.09621543     0.99929224        3
  1896.11664711     0.99949026        3
  1896.13707879     0.99995778        3
  1896.15751047     0.99920022        3
  1896.19837383     1.00005028        3
  1896.21880561     0.99974272        3
  1896.23923719     0.99944111        3
  1896.25966887     1.00010069        3
  1896.28010065     1.00001791        3
  1896.30053223     0.99999840        3
  1896.32096391     0.99974276        3
  1896.34139569     0.99984345        3
  1896.36182727     1.00011930        3
  1896.48441746     1.00092657        3
  1896.50484914     1.00014082        3
  1896.52528083     1.00006505        3
  1896.54571251     0.99992155        3
  1896.56614429     0.99977283        3
  1896.58657587     1.00016855        3
  1896.60700766     1.00017675        3
  1896.62743934     1.00063149        3
  1896.64787092     1.00057089        3
  1896.68873439     1.00084525        3
  1896.70916598     1.00136848        3
  1896.72959776     1.00110463        3
  1896.75002944     1.00065563        3
  1896.77046113     1.00020018        3
  1896.79089281     1.00005305        3
  1896.81132450     1.00247853        3
  1896.83175618     1.00008386        3
  1896.85218787     1.00042909        3
  1896.87261955     1.00023097        3
  1896.89305124     0.99977043        3
  1896.93391461     1.00010773        3
  1896.95434630     0.99993375        3
  1896.97477798     1.00036459        3
  1896.99520977     0.99996949        3
  1897.01564136     0.99959834        3
  1897.03607304     1.00005485        3
  1897.05650483     0.99977895        3
  1897.07693652     1.00007064        3
  1897.09736810     1.00031211        3
  1897.11779989     1.00012862        3
  1897.13823158     1.00006915        3
  1897.17909496     1.00043122        3
  1897.19952664     1.00053522        3
  1897.21995843     1.00093194        3
  1897.24039002     1.00013393        3
  1897.26082171     1.00076878        3
  1897.28125350     0.99972182        3
  1897.30168509     1.00032972        3
  1897.32211688     0.99999263        3
  1897.34254857     0.99968965        3
  1897.36298016     0.99985762        3
  1897.38341195     1.00001809        3
  1897.42427523     1.00025277        3
  1897.44470702     1.00066660        3
  1897.46513871     1.00017850        3
  1897.48557050     1.00019111        3
  1897.50600209     0.99953767        3
  1897.52643368     1.00011001        3
  1897.54686547     0.99945777        3
  1897.56729716     1.00010566        3
  1897.58772886     1.00056198        3
  1897.60816055     1.00000000        3
  1897.62859224     0.99986249        3
  1897.75118240     1.00021782        3
  1897.77161419     0.99995071        3
  1897.79204589     1.00025948        3
  1897.81247748     1.00008559        3
  1897.83290927     0.99977334        3
  1897.85334097     0.99947125        3
  1897.87377276     0.99944122        3
  1897.91463605     0.99984386        3
  1897.93506785     0.99965260        3
  1897.95549944     1.00044844        3
  1897.97593114     1.00060396        3
  1897.99636293     1.00016382        3
  1898.01679453     1.00032368        4
  1898.03722633     1.00001777        4
  1898.05765802     1.00035011        4
  1898.07808962     1.00053463        4
  1898.09852141     1.00060265        4
  1898.11895311     1.00049907        4
  1898.15981651     0.99941324        4
  1898.18024810     1.00022328        4
  1898.20067990     1.00296680        4
  1898.22111160     0.99955448        4
  1898.24154320     1.00045239        4
  1898.26197499     0.99925293        4
  1898.28240669     0.99785530        4
  1898.30283839     0.99328236        4
  1898.32327009     0.98971555        4
  1898.40499689     0.98330706        4
  1898.42542869     0.98533780        4
  1898.44586039     0.98984093        4
  1898.46629199     0.99406034        4
  1898.48672379     0.99761990        4
  1898.50715549     0.99958095        4
  1898.52758709     1.00048664        4
  1898.54801889     1.00029567        4
  1898.56845059     0.99969956        4
  1898.58888239     0.99953924        4
  1898.60931399     0.99977947        4
  1898.65017750     0.99981694        4
  1898.67060910     0.99968961        4
  1898.69104080     0.99910927        4
  1898.71147260     0.99939884        4
  1898.73190421     0.99964460        4
  1898.75233601     0.99947432        4
  1898.77276771     0.99962543        4
  1898.79319932     1.00005961        4
  1898.81363112     0.99963678        4
  1898.83406272     1.00058473        4
  1898.85449443     0.99990729        4
  1898.89535784     0.99927819        4
  1898.91578954     1.00005073        4
  1898.93622135     0.99962067        4
  1898.95665305     1.00003020        4
  1898.97708476     1.00015286        4
  1898.99751646     1.00008227        4
  1899.01794817     1.00075424        4
  1899.03837987     1.00042380        4
  1899.05881158     0.99960743        4
  1899.07924328     0.99933610        4
  1899.09967509     1.00034479        4
  1899.14053850     0.99951031        4
  1899.16097021     0.99967536        4
  1899.18140182     0.99985364        4
  1899.20183363     1.00025397        4
  1899.22226533     1.00013839        4
  1899.24269694     1.00002872        4
  1899.26312875     1.00025734        4
  1899.28356046     1.00048391        4
  1899.30399227     1.00075368        4
  1899.32442387     1.00073985        4
  1899.34485558     1.00015707        4
  1899.38571900     1.00059095        4
  1899.40615071     1.00052238        4
  1899.42658252     1.00077082        4
  1899.44701413     1.00044266        4
  1899.46744594     1.00045751        4
  1899.48787755     1.00063782        4
  1899.50830926     1.00069446        4
  1899.52874107     1.00041297        4
  1899.54917268     0.99981442        4
  1899.56960439     0.99946173        4
  1899.59003620     1.00106556        4
  1899.63089953     1.00041196        4
  1899.65133134     1.00024246        4
  1899.67176305     0.99996734        4
  1899.69219476     1.00058161        4
  1899.71262648     1.00062960        4
  1899.73305819     1.00052370        4
  1899.75349000     1.00008798        4
  1899.77392162     1.00077388        4
  1899.79435333     0.99997628        4
  1899.81478514     1.00061318        4
  1899.83521676     1.00025632        4
  1899.89651190     1.00040067        4
  1899.91694371     1.00126265        4
  1899.93737543     1.00006238        4
  1899.95780704     1.00017237        4
  1899.97823886     1.00018303        4
  1899.99867058     0.99981798        4
  1900.01910239     1.00001570        4
  1900.03953401     0.99941490        4
  1900.05996572     0.99977738        4
  1900.08039744     1.00004717        4
  1900.12126087     1.00002257        4
  1900.14169259     1.00027320        4
  1900.16212431     0.99990925        4
  1900.18255612     1.00022109        4
  1900.20298774     0.99979869        4
  1900.22341946     0.99998541        4
  1900.24385128     1.00044705        4
  1900.26428290     0.99988286        4
  1900.28471462     0.99909778        4
  1900.30514643     0.99993374        4
  1900.32557815     0.99899709        4
  1900.36644159     1.00144660        4
  1900.38687331     1.00000362        4
  1900.40730513     0.99987054        4
  1900.42773675     1.00012463        4
  1900.44816847     0.99941253        4
  1900.46860029     0.99936217        4
  1900.48903191     1.00007050        4
  1900.50946363     0.99969931        4
  1900.52989545     0.99942906        4
  1900.55032708     0.99946794        4
  1900.57075890     1.00007377        4
  1900.61162224     0.99923498        4
  1900.63205406     1.00012740        4
  1900.65248579     0.99954469        4
  1900.67291741     0.99977559        4
  1900.69334923     0.99957229        4
  1900.71378095     0.99970041        4
  1900.85680302     1.00017336        4
  1900.87723475     0.99948254        4
  1900.89766657     0.99940866        4
  1900.91809830     0.99959085        4
  1900.93852992     0.99942353        4
  1900.95896175     0.99922529        4
  1900.97939348     0.99955620        4
  1900.99982510     0.99982057        4
  1901.02025693     0.99954169        4
  1901.04068865     0.99957744        4
  1901.06112028     1.00009826        4
  1901.10198384     1.00055400        4
  1901.12241566     0.99978362        4
  1901.14284729     0.99703387        4
  1901.16327902     0.99061158        4
  1901.18371085     0.98491770        4
  1901.20414248     0.97795264        4
  1901.22457421     0.97423761        4
  1901.24500603     0.97250840        4
  1901.26543766     0.97354902        4
  1901.28586949     0.97756216        4
  1901.30630122     0.98394737        4
  1901.36759641     0.99982715        4
  1901.38802814     0.99931607        4
  1901.40845987     0.99905333        4
  1901.42889160     0.99970342        4
  1901.44932334     1.00029075        4
  1901.46975507     1.00021428        4
  1901.49018680     1.00000141        4
  1901.51061853     0.99974193        4
  1901.53105026     0.99965788        4
  1901.55148199     1.00009072        4
  1901.59234546     1.00008152        4
  1901.61277729     0.99977859        4
  1901.63320903     0.99985317        4
  1901.65364066     1.00038911        4
  1901.67407249     1.00073037        4
  1901.69450423     1.00033983        4
  1901.71493586     1.00025375        4
  1901.73536770     0.99943027        4
  1901.75579943     1.00001505        4
  1901.77623107     1.00007019        4
  1901.79666290     1.00046325        4
  1901.83752647     0.99998406        4
  1901.85795811     1.00080314        4
  1901.87838984     1.00079047        4
  1901.89882168     1.00031804        4
  1901.91925332     1.00014158        4
  1901.93968505     1.00068609        4
  1901.96011689     1.00068963        4
  1901.98054853     1.00016180        4
  1902.00098036     1.00017657        4
  1902.02141210     1.00084214        4
  1902.08270732     1.00058435        4
  1902.10313895     1.00039817        4
  1902.12357079     1.00036518        4
  1902.14400253     1.00000264        4
  1902.16443427     1.00033536        4
  1902.18486601     1.00072332        4
  1902.20529775     1.00056041        4
  1902.22572949     1.00066402        4
  1902.24616123     0.99999518        4
  1902.26659297     0.99990171        4
  1902.28702481     0.99987414        4
  1902.32788819     0.99999111        4
  1902.34832004     1.00040852        4
  1902.36875168     1.00047255        4
  1902.38918352     1.00094525        4
  1902.40961526     1.00011184        4
  1902.43004690     1.00015020        4
  1902.45047875     1.00049274        4
  1902.57306921     1.00092232        4
  1902.59350095     1.00006313        4
  1902.61393280     1.00018842        4
  1902.63436444     1.00021309        4
  1902.65479618     1.00014095        4
  1902.67522803     0.99993253        4
  1902.69565968     1.00030027        4
  1902.71609152     1.00015879        4
  1902.73652327     1.00009110        4
  1902.75695491     0.99999436        4
  1902.77738676     1.00012421        4
  1902.81825025     0.99817486        4
  1902.83868200     0.99978684        4
  1902.85911375     1.00020524        4
  1902.87954540     1.00039984        4
  1902.89997724     1.00017905        4
  1902.92040899     1.00015537        4
  1902.94084084     1.00032557        4
  1902.96127249     1.00006053        4
  1902.98170424     1.00012838        4
  1903.00213609     1.00023189        4
  1903.02256774     0.99925532        4
  1903.20645349     0.99982221        4
  1903.22688534     0.99977949        4
  1903.24731709     0.99959613        4
  1903.26774895     0.99980825        4
  1903.30861235     0.99971091        4
  1903.32904420     0.99995249        4
  1903.34947586     0.99933347        4
  1903.36990761     0.99960212        4
  1903.39033946     1.00013262        4
  1903.41077122     0.99976996        4
  1903.43120297     0.99940458        4
  1903.45163463     0.99996272        4
  1903.47206638     0.99960147        4
  1903.49249824     0.99930145        4
  1903.51292999     1.00007515        4
  1903.55379350     0.99952513        4
  1903.57422526     0.99984303        4
  1903.59465692     0.99959712        4
  1903.61508877     0.99973714        4
  1903.63552053     1.00004290        4
  1903.65595239     0.99974724        4
  1903.67638404     0.99868440        4
  1903.69681580     0.99975007        4
  1903.71724766     0.99901177        4
  1903.73767932     0.99979859        4
  1903.75811107     0.99964918        4
  1903.79897459     1.00007508        4
  1903.81940645     1.00006209        4
  1903.83983821     0.99989975        4
  1903.86026987     1.00041450        4
  1903.88070173     1.00001706        4
  1903.90113349     1.00001190        4
  1903.92156515     0.99975109        4
  1903.94199701     0.99971276        4
  1903.96242877     0.99978489        4
  1903.98286063     0.99965592        4
  1904.00329229     0.99816412        4
  1904.04415581     0.99030014        4
  1904.06458768     0.98639527        4
  1904.08501934     0.98401396        4
  1904.10545110     0.98409652        4
  1904.12588286     0.98410127        4
  1904.14631463     0.98583719        4
  1904.16674649     0.98911693        4
  1904.18717815     0.99334517        4
  1904.20761002     0.99737222        4
  1904.22804178     0.99972070        4
  1904.24847345     0.99996556        4
  1904.28933708     1.00073503        4
  1904.30976874     1.00035773        4
  1904.33020061     1.00091204        4
  1904.35063237     1.00060173        4
  1904.37106424     1.00022627        4
  1904.39149590     1.00022334        4
  1904.41192767     1.00006088        4
  1904.43235954     1.00089798        4
  1904.45279120     0.99995595        4
  1904.47322297     1.00094480        4
  1904.49365484     1.00026564        4
  1904.61624545     1.00067001        4
  1904.63667722     1.00111744        4
  1904.65710898     1.00080587        4
  1904.67754075     1.00105384        4
  1904.69797252     1.00071879        4
  1904.71840429     1.00035373        4
  1904.73883606     0.99991666        4
  1904.77969961     1.00040787        4
  1904.80013138     0.99998972        4
  1904.82056325     0.99987482        4
  1904.84099492     0.99966445        4
  1904.86142669     1.00000000        4
  1905.04531275     0.99983767        4
  1905.06574453     0.99940728        4
  1905.08617640     1.00039735        4
  1905.10660808     0.99944356        4
  1905.12703985     0.99979349        4
  1905.14747173     1.00009735        4
  1905.16790340     0.99974306        4
  1905.18833518     0.99948433        4
