  1835.65876609     1.00201294        0
  1835.80179048     0.99754249        0
  1835.82222264     0.99854276        0
  1835.84265459     1.00074939        0
  1835.86308665     1.00138572        0
  1835.88351880     1.00173547        0
  1835.90395075     1.00181848        0
  1835.92438280     1.00053033        0
  1835.94481496     0.99953853        0
  1835.96524691     0.99786687        0
  1835.98567896     1.00001182        0
  1836.00611111     1.00104310        0
  1836.02654306     0.99873045        0
  1836.04697511     0.99979473        0
  1836.06740726     0.99980838        0
  1836.08783921     0.99743905        0
  1836.10827126     0.99821704        0
  1836.12870340     0.99924869        0
  1836.14913545     0.99975932        0
  1836.16956740     0.99913164        0
  1836.18999955     1.00071329        0
  1836.21043159     0.99941195        0
  1836.23086374     1.00010849        0
  1836.25129568     1.00463329        0
  1836.27172773     1.00097343        0
  1836.31259182     1.00053137        0
  1836.33302386     0.99976505        0
  1836.35345600     1.00078431        0
  1836.37388795     1.00198422        0
  1836.39431999     1.00137070        0
  1836.41475203     0.99975801        0
  1836.43518407     0.99931654        0
  1836.45561611     0.99740910        0
  1836.47604815     0.99984868        0
  1836.49648019     1.00178745        0
  1836.51691223     1.00077716        0
  1836.53734427     1.00109963        0
  1836.55777631     0.99975323        0
  1836.57820835     0.99855551        0
  1836.59864048     1.00221437        0
  1836.61907242     1.00135075        0
  1836.63950446     0.99978451        0
  1836.65993659     1.00038478        0
  1836.68036853     0.99923977        0
  1836.70080057     1.00125390        0
  1836.72123270     1.00059024        0
  1836.74166464     1.00293974        0
  1836.76209667     0.99969028        0
  1836.78252880     0.99980135        0
  1836.80296074     0.99792708        0
  1836.82339287     0.99817923        0
  1836.84382490     0.99831199        0
  1836.86425683     0.99943010        0
  1836.88468897     1.00568879        0
  1836.90512100     0.99973236        0
  1836.92555293     0.99991405        0
  1836.94598506     1.00221215        0
  1836.96641709     0.99928805        0
  1836.98684912     1.00393359        0
  1837.00728114     1.00925000        0
  1837.02771317     0.99567568        0
  1837.08900926     1.00097228        0
  1837.10944128     1.00122076        0
  1837.12987331     0.99840873        0
  1837.15030533     0.99972335        0
  1837.17073736     1.00009954        0
  1837.19116938     0.99913987        0
  1837.21160141     1.00193940        0
  1837.23203343     0.99947933        0
  1837.25246546     1.00108821        0
  1837.27289748     1.00034403        0
  1837.29332940     0.99794423        0
  1837.31376152     0.99886538        0
  1837.33419355     1.00047589        0
  1837.35462557     1.00035550        0
  1837.37505759     1.00187695        0
  1837.39548961     1.00257412        0
  1837.41592163     0.99874320        0
  1837.43635375     0.99696813        0
  1837.45678567     1.00018479        0
  1837.47721779     1.00054612        0
  1837.49764980     1.00064337        0
  1837.51808172     1.00010543        0
  1837.53851384     0.99863114        0
  1837.55894586     0.99849557        0
  1837.57937777     1.00046837        0
  1837.59980989     1.00155106        0
  1837.62024190     1.00043873        0
  1837.64067382     0.99978807        0
  1837.66110593     0.99896458        0
  1837.68153795     1.00026997        0
  1837.70196986     1.00212561        0
  1837.72240198     1.00280561        0
  1837.74283399     1.00257641        0
  1837.76326590     0.99762763        0
  1837.78369801     1.00057649        0
  1837.80413003     1.00057377        0
  1837.82456204     0.99982279        0
  1837.84499405     0.99950659        0
  1837.86542606     1.00050240        0
  1837.88585797     0.99958315        0
  1837.90629008     0.99881141        0
  1837.92672209     0.99934946        0
  1837.94715410     1.00199007        0
  1837.96758610     1.00045606        0
  1837.98801811     1.00155369        0
  1838.00845002     1.00149810        0
  1838.02888213     0.99909625        0
  1838.04931413     0.99929060        0
  1838.06974624     0.99837979        0
  1838.09017814     0.99946422        0
  1838.11061015     0.99896201        0
  1838.13104225     0.99927233        0
  1838.15147416     0.99798317        0
  1838.17190616     0.99977735        0
  1838.19233827     0.99980984        0
  1838.21277017     1.00190451        0
  1838.23320217     1.00319697        0
  1838.27406628     0.99749917        0
  1838.29449818     0.99933391        0
  1838.31493028     1.00007988        0
  1838.33536228     1.00098960        0
  1838.35579418     1.00296037        0
  1838.37622628     0.99932470        0
  1838.39665828     1.00000000        0
  1838.41709018     0.99928290        0
  1838.43752228     0.99855382        0
  1838.45795427     0.99879569        0
  1838.47838617     1.00131048        0
  1838.49881827     0.99929968        0
  1838.51925026     0.99727066        0
  1838.53968216     0.99709624        0
  1838.56011426     0.99897244        0
  1838.58054625     1.00116090        0
  1838.60097815     1.00051451        0
  1838.62141024     0.99849923        0
  1838.64184224     1.00097778        0
  1838.66227413     0.99828601        0
  1838.68270622     1.00148483        0
  1838.70313822     1.00204374        0
  1838.72357021     1.00185717        0
  1838.74400220     0.99873559        0
  1838.76443419     1.00031421        0
  1838.78486618     0.99894847        0
  1838.80529817     1.00338078        0
  1838.82573016     1.00079516        0
  1838.84616225     0.99994413        0
  1838.86659414     1.00428697        0
  1838.88702613     0.99965360        0
  1838.90745822     1.00191763        0
  1838.92789011     1.00249916        0
  1838.94832210     0.99980649        0
  1838.96875419     1.00213716        0
  1838.98918607     0.99430702        0
  1839.07091402     1.00072026        0
  1839.09134610     1.00343834        0
  1839.11177809     1.00034398        0
  1839.13220997     1.00067466        0
  1839.15264205     0.99834217        0
  1839.17307404     1.00305565        0
  1839.19350592     1.00059057        0
  1839.21393800     0.99981016        0
  1839.23436998     0.99876769        0
  1839.25480187     1.00045641        0
  1839.27523395     1.00039217        0
  1839.29566593     1.00126620        0
  1839.31609801     0.99945490        0
  1839.33652989     0.99902661        0
  1839.35696187     0.99690396        0
  1839.37739385     1.00024015        0
  1839.39782582     0.99883815        0
  1839.41825770     0.99942325        0
  1839.43868978     0.99908505        0
  1839.45912176     1.00133272        0
  1839.47955363     1.00260539        0
  1839.49998571     1.00110910        0
  1839.52041769     0.99724704        0
  1839.54084966     0.99994353        0
  1839.56128164     0.99979091        0
  1839.58171361     0.99918024        0
  1839.60214559     0.99851325        0
  1839.62257756     1.00073681        0
  1839.64300953     0.99954642        0
  1839.72473743     0.99737868        0
  1839.74516950     0.99948726        0
  1839.76560137     1.00438582        0
  1839.78603334     1.00130558        0
  1839.80646541     1.00062594        0
  1839.82689728     1.00028230        0
  1839.84732925     0.99769577        0
  1839.86776132     1.00038391        0
  1839.88819319     1.00076090        0
  1839.90862515     1.00009199        0
  1839.92905722     1.00295088        0
  1839.94948919     1.00185561        0
  1839.96992116     0.99861698        0
  1839.99035312     0.99912750        0
  1840.01078509     0.99960469        0
  1840.29683257     0.99970289        0
  1840.31726443     0.99948550        0
  1840.33769649     0.99963799        0
  1840.35812845     0.99949261        0
  1840.37856041     0.99921439        0
  1840.39899237     1.00221933        0
  1840.41942433     1.00080531        0
  1840.43985629     1.00037282        0
  1840.46028824     0.99840067        0
  1840.48072020     0.99793667        0
  1840.50115216     0.99893815        0
  1840.52158421     1.00063319        0
  1840.54201607     1.00065306        0
  1840.56244812     1.00237770        0
  1840.58288008     1.00125912        0
  1840.60331193     0.99944000        0
  1840.62374399     0.99711580        0
  1840.64417594     1.00090862        0
  1840.66460779     1.00150347        0
  1840.68503985     1.00169088        0
  1840.70547180     0.99436988        0
  1840.72590365     0.99879840        0
  1840.74633570     0.99903756        0
  1840.76676765     1.00246254        0
  1840.78719960     1.00198511        0
  1840.80763155     0.99967650        0
  1840.82806340     0.99974531        0
  1840.84849545     1.00041858        0
  1840.86892740     1.00062143        0
  1840.88935935     1.00060611        0
  1840.90979120     1.00146270        0
  1840.93022325     1.00347476        0
  1840.95065519     0.99572273        0
  1840.97108704     0.99831281        0
  1840.99151909     0.99877968        0
  1872.00688103     1.00014798        1
  1872.02731264     1.00048350        1
  1872.04774424     1.00072088        1
  1872.06817585     0.99926548        1
  1872.08860746     1.00164396        1
  1872.10903907     1.00053244        1
  1872.12947078     1.00018435        1
  1872.17033389     0.99893382        1
  1872.19076560     0.99953092        1
  1872.21119721     1.00074912        1
  1872.23162872     1.00277824        1
  1872.25206043     1.00071956        1
  1872.27249204     0.99733453        1
  1872.29292354     0.99785801        1
  1872.31335525     0.99977202        1
  1872.33378686     0.99959448        1
  1872.35421837     1.00019359        1
  1872.37465008     1.00012009        1
  1872.41551339     0.99671937        1
  1872.43594490     1.00168433        1
  1872.45637651     1.00098241        1
  1872.47680821     1.00074781        1
  1872.49723972     0.99903538        1
  1872.51767133     0.99747608        1
  1872.53810304     0.99912226        1
  1872.55853454     0.99942360        1
  1872.57896615     1.00186921        1
  1872.59939786     0.99952786        1
  1872.61982937     0.99929621        1
  1872.66069268     0.99534934        1
  1872.68112419     0.99948071        1
  1872.70155590     1.00190529        1
  1872.72198750     1.00237274        1
  1872.74241901     0.99796093        1
  1872.76285072     1.00021256        1
  1872.78328232     1.00099766        1
  1872.80371383     0.99920172        1
  1872.82414554     1.00069764        1
  1872.84457715     0.99999382        1
  1872.86500865     0.99865215        1
  1872.90587197     0.99786177        1
  1872.92630347     0.99839403        1
  1872.94673518     1.00144110        1
  1872.96716679     1.00133504        1
  1872.98759849     0.99927549        1
  1873.00803000     0.99841183        1
  1873.02846161     0.99840389        1
  1873.04889331     1.00058153        1
  1873.06932482     0.99975985        1
  1873.08975643     0.99926946        1
  1873.11018813     1.00005337        1
  1873.15105125     1.00097426        1
  1873.17148295     0.99937527        1
  1873.19191456     1.00057723        1
  1873.21234617     1.00204949        1
  1873.23277777     1.00123664        1
  1873.25320938     0.99827642        1
  1873.27364099     0.99973863        1
  1873.29407259     0.99921646        1
  1873.31450420     1.00022236        1
  1873.33493581     0.99968684        1
  1873.35536741     1.00027615        1
  1873.39623062     0.99490341        1
  1873.41666223     0.99827593        1
  1873.43709374     0.99998443        1
  1873.45752544     1.00003851        1
  1873.47795705     1.00043798        1
  1873.49838876     0.99901224        1
  1873.51882026     0.99944202        1
  1873.53925187     0.99818102        1
  1873.55968357     1.00046019        1
  1873.58011508     1.00046188        1
  1873.60054669     0.99858072        1
  1873.74356803     0.99946578        1
  1873.76399963     0.99582412        1
  1873.78443124     0.99865628        1
  1873.80486284     1.00125898        1
  1873.82529445     1.00145766        1
  1873.84572616     1.00157024        1
  1873.88658927     0.99844222        1
  1873.90702097     0.99983312        1
  1873.92745248     1.00138254        1
  1873.94788408     0.99718314        1
  1873.96831579     1.00008792        1
  1873.98874730     0.99965716        1
  1874.00917900     1.00044954        1
  1874.02961051     1.00068962        1
  1874.05004211     1.00107340        1
  1874.07047382     1.00233118        1
  1874.09090532     1.00178025        1
  1874.25435827     0.99770383        1
  1874.27478987     1.00105546        1
  1874.29522148     1.00071008        1
  1874.31565308     1.00023813        1
  1874.33608469     0.99943502        1
  1874.37694790     0.99843732        1
  1874.39737950     1.00011103        1
  1874.41781121     1.00238983        1
  1874.43824272     1.00249145        1
  1874.45867432     0.99997729        1
  1874.47910603     0.99769878        1
  1874.49953753     0.99846477        1
  1874.51996924     1.00274975        1
  1874.54040084     1.00169102        1
  1874.56083235     1.00010635        1
  1874.58126405     0.99935219        1
  1874.62212716     1.00165283        1
  1874.64255887     1.00087102        1
  1874.66299047     1.00000979        1
  1874.68342208     1.00070888        1
  1874.70385368     0.99991513        1
  1874.72428529     1.00115668        1
  1874.74471679     0.99809539        1
  1874.76514850     0.99815467        1
  1874.78558010     0.99946647        1
  1874.80601171     0.99816215        1
  1874.86730662     0.99906820        1
  1874.88773813     1.00033073        1
  1874.90816973     1.00079974        1
  1874.92860144     1.00126960        1
  1874.94903294     0.99946985        1
  1874.96946455     0.99777205        1
  1874.98989625     1.00004616        1
  1875.01032776     1.00152367        1
  1875.03075946     1.00055332        1
  1875.05119107     1.00133996        1
  1875.11248588     1.00128638        1
  1875.13291739     1.00036859        1
  1875.15334909     1.00023753        1
  1875.17378070     1.00138054        1
  1875.19421230     1.00116011        1
  1875.21464391     0.99964696        1
  1875.23507551     1.00058238        1
  1875.25550722     1.00067231        1
  1875.35766514     0.99569940        1
  1875.37809685     0.99829153        1
  1875.39852835     1.00148105        1
  1875.41895996     1.00164417        1
  1875.43939166     1.00138664        1
  1875.45982317     0.99788538        1
  1875.48025477     0.99733686        1
  1875.50068647     0.99936346        1
  1875.52111798     0.99983568        1
  1875.54154968     1.00186393        1
  1875.56198129     0.99697717        1
  1875.60284450     1.00027416        1
  1875.62327610     1.00153033        1
  1875.64370761     1.00149623        1
  1875.66413931     1.00019066        1
  1875.68457092     0.99925847        1
  1875.70500252     0.99756582        1
  1875.72543413     0.99792728        1
  1875.74586573     1.00127818        1
  1875.76629744     1.00259350        1
  1875.78672894     1.00204229        1
  1875.80716055     0.99831229        1
  1875.84802386     0.99999021        1
  1875.86845536     0.99835121        1
  1875.88888707     1.00078792        1
  1875.90931867     0.99971220        1
  1875.92975018     0.99890313        1
  1875.95018188     0.99978179        1
  1875.97061349     1.00042715        1
  1875.99104519     1.00540181        1
  1876.01147670     1.00211660        1
  1876.09320312     0.99851531        1
  1876.11363472     0.99877483        1
  1876.13406633     1.00000000        1
  1876.15449783     1.00030811        1
  1876.17492954     0.99782832        1
  1876.19536114     0.99924095        1
  1876.21579275     0.99936784        1
  1876.23622435     0.99921292        1
  1876.25665596     0.99969702        1
  1876.27708766     0.99961468        1
  1876.35881408     1.00042162        1
  1876.37924558     1.00224721        1
  1876.39967729     1.00010316        1
  1876.42010890     0.99751603        1
  1876.44054040     0.99783442        1
  1876.46097211     0.99892304        1
  1876.48140371     0.99865940        1
  1876.50183542     1.00202221        1
  1876.52226692     1.00097158        1
  1876.54269853     1.00198833        1
  1876.58356174     0.99850247        1
  1876.60399334     1.00049070        1
  1876.62442505     1.00121102        1
  1876.64485655     1.00014991        1
  1876.66528816     0.99982179        1
  1876.82874100     0.99664615        1
  1876.84917270     0.99879992        1
  1876.86960421     0.99795908        1
  1876.89003581     0.99883058        1
  1876.91046752     0.99833695        1
  1876.93089912     0.99691122        1
  1877.07392046     0.99781252        1
  1877.09435197     1.00096020        1
  1877.11478357     1.00344664        1
  1877.13521528     0.99977440        1
  1877.15564678     1.00224202        1
  1877.17607839     0.99907997        1
  1877.19651009     0.99872196        1
  1877.21694160     1.00168848        1
  1877.23737331     1.00158325        1
  1877.25780491     1.00468951        1
  1877.27823642     1.00151360        1
  1877.31909973     0.99924717        1
  1877.33953133     0.99943781        1
  1877.35996294     0.99939891        1
  1877.38039454     0.99951793        1
  1877.40082615     0.99984923        1
  1877.42125776     1.00216954        1
  1877.44168936     0.99899759        1
  1877.46212097     1.00114684        1
  1877.48255257     1.00037675        1
  1877.50298418     1.00037254        1
  1877.52341579     0.99862757        1
  1877.56427900     1.00005219        1
  1877.58471070     1.00065705        1
  1877.60514221     1.00200554        1
  1877.62557381     1.00307365        1
  1877.64600552     1.00141374        1
  1877.66643703     0.99830124        1
  1877.68686873     0.99794670        1
  1877.70730034     1.00158244        1
  1877.72773184     1.00249035        1
  1877.74816355     1.00158529        1
  1877.76859516     1.00049898        1
  1877.80945837     1.00075142        1
  1877.82988998     1.00050644        1
  1877.85032148     1.00023609        1
  1877.87075319     1.00194385        1
  1877.89118479     0.99928804        1
  1877.91161640     0.99938785        1
  1877.93204801     1.00058445        1
  1877.95247961     1.00136204        1
  1877.97291132     1.00001887        1
  1877.99334293     1.00070086        1
  1878.01377443     0.99896702        1
  1878.05463775     0.99966911        1
  1878.07506925     0.99963444        1
  1878.09550096     1.00137400        1
  1878.11593256     1.00155424        1
  1878.13636407     1.00016180        1
  1878.15679578     0.99818208        1
  1878.17722728     0.99948093        1
  1878.19765899     0.99925966        1
  1878.21809060     0.99962114        1
  1878.23852210     1.00385449        1
  1878.25895381     0.99863285        1
  1878.29981693     0.99997785        1
  1878.32024863     0.99879148        1
  1878.34068024     1.00100677        1
  1878.36111175     1.00112082        1
  1878.38154345     0.99648647        1
  1878.40197506     0.99621873        1
  1878.42240677     0.99707117        1
  1878.44283827     1.00024755        1
  1878.46326988     1.00111073        1
  1878.48370159     1.00096807        1
  1878.50413310     0.99736674        1
  1878.54499641     0.99980142        1
  1878.56542802     1.00060510        1
  1878.58585952     1.00028058        1
  1878.60629123     0.99923526        1
  1878.62672284     1.00064293        1
  1878.64715445     0.99825845        1
  1878.66758605     0.99824149        1
  1878.68801766     1.00058370        1
  1878.70844937     1.00205283        1
  1878.72888088     0.99946467        1
  1878.74931248     1.00049606        1
  1878.79017570     1.00863035        1
  1878.81060731     0.99913440        1
  1878.83103891     1.00065042        1
  1878.85147052     0.99965722        1
  1878.87190223     0.99935808        1
  1878.89233374     0.99712399        1
  1878.91276535     0.99802195        1
  1878.93319705     0.99889382        1
  1878.95362856     1.00140922        1
  1878.97406017     0.99942712        1
  1878.99449188     0.99988083        1
  1879.07621831     1.00522032        1
  1879.09664992     1.14527978        1
  1879.11708153     0.99808543        1
  1879.13751313     0.99790905        1
  1879.15794474     0.99803545        1
  1879.17837635     1.00230118        1
  1879.19880796     1.00215007        1
  1879.21923967     1.00195754        1
  1879.23967118     1.00080501        1
  1879.34182932     0.99892871        1
  1879.36226083     0.99849957        1
  1879.38269254     1.00154343        1
  1879.40312414     0.99978937        1
  1879.42355565     1.00094587        1
  1879.44398736     0.99958152        1
  1879.46441897     0.99944047        1
  1879.48485048     0.99730852        1
  1879.52571370     1.00030509        1
  1879.54614541     1.00456044        1
  1879.56657702     0.99876454        1
  1879.58700863     0.99938171        1
  1879.60744023     0.99809948        1
  1879.62787184     0.99927593        1
  1879.64830345     0.99876217        1
  1879.66873506     0.99949616        1
  1879.68916667     1.00154638        1
  1879.70959828     1.00198482        1
  1879.73002989     1.00184279        1
  1879.77089321     0.99719740        1
  1879.79132482     0.99978429        1
  1879.81175633     1.00021088        1
  1879.83218804     0.99963217        1
  1879.85261965     0.99919641        1
  1879.87305116     0.99962712        1
  1879.89348287     0.99933621        1
  1879.91391448     1.00129435        1
  1879.93434599     1.00212889        1
  1879.95477770     1.00038738        1
  1879.97520931     1.00506631        1
  1880.01607253     0.99689382        2
  1880.03650414     0.99999719        2
  1880.05693585     1.00076584        2
  1880.07736736     1.00167271        2
  1880.09779897     1.00042538        2
  1880.11823058     0.99814468        2
  1880.13866219     0.99887749        2
  1880.15909380     0.99981653        2
  1880.17952551     0.99942845        2
  1880.19995702     1.00129098        2
  1880.22038873     0.99684944        2
  1880.26125186     0.99939954        2
  1880.28168357     1.00141335        2
  1880.30211518     0.99979951        2
  1880.32254669     0.99957247        2
  1880.34297840     0.99964262        2
  1880.36341001     0.99791659        2
  1880.38384152     0.99954721        2
  1880.40427323     1.00096149        2
  1880.42470484     1.00040890        2
  1880.44513656     0.99805767        2
  1880.46556807     0.99721730        2
  1880.50643139     1.00078840        2
  1880.52686290     1.00112956        2
  1880.54729451     1.00200776        2
  1880.56772622     1.00050805        2
  1880.58815774     0.99990192        2
  1880.60858935     0.99809560        2
  1880.62902106     1.00046571        2
  1880.64945257     1.00104540        2
  1880.66988428     1.00074966        2
  1880.75161073     0.99963228        2
  1880.77204234     1.00129773        2
  1880.79247396     1.00275830        2
  1880.81290557     1.00041915        2
  1880.83333718     1.00115529        2
  1880.85376879     0.99896774        2
  1880.87420041     0.99884443        2
  1880.89463202     0.99955257        2
  1880.91506363     0.99885061        2
  1880.93549524     1.00136887        2
  1880.95592696     0.99911572        2
  1881.01722179     1.00233830        2
  1881.03765331     1.00227124        2
  1881.05808492     0.99881708        2
  1881.07851663     0.99964560        2
  1881.09894815     0.99539600        2
  1881.11937986     0.99875302        2
  1881.13981147     1.00207961        2
  1881.16024299     1.00191290        2
  1881.18067470     1.00200297        2
  1881.20110631     0.99927249        2
  1881.24196954     0.99781416        2
  1881.26240115     1.00005021        2
  1881.28283277     1.00209620        2
  1881.30326438     0.99973125        2
  1881.32369600     1.00037786        2
  1881.34412771     0.99927729        2
  1881.36455922     0.99872263        2
  1881.38499084     1.00188082        2
  1881.40542255     1.00037190        2
  1881.42585417     1.00009415        2
  1881.44628568     0.99948277        2
  1881.48714891     1.00087497        2
  1881.50758062     1.00067749        2
  1881.52801224     0.99948609        2
  1881.54844385     1.00038845        2
  1881.56887547     0.99809773        2
  1881.58930708     0.99844560        2
  1881.60973860     0.99948385        2
  1881.63017031     1.00026303        2
  1881.65060193     0.99981399        2
  1881.67103344     1.00006067        2
  1881.69146516     1.00320629        2
  1881.73232849     0.99986916        2
  1881.75276000     1.00024979        2
  1881.77319162     1.00040095        2
  1881.79362333     1.00017708        2
  1881.81405485     0.99953204        2
  1881.83448646     1.00240600        2
  1881.85491818     0.99973595        2
  1881.87534969     1.00185150        2
  1881.89578131     1.00253142        2
  1881.91621303     1.00119596        2
  1881.93664464     0.99828226        2
  1881.97750787     0.99804250        2
  1881.99793949     1.00107246        2
  1882.01837111     1.00079724        2
  1882.03880272     1.00028501        2
  1882.05923434     0.99972872        2
  1882.07966606     0.99789889        2
  1882.10009757     0.99916461        2
  1882.12052919     1.00110297        2
  1882.14096091     1.00060325        2
  1882.16139242     1.00037786        2
  1882.22268727     1.00080331        2
  1882.24311899     1.00094449        2
  1882.26355051     1.00241605        2
  1882.28398212     0.99950297        2
  1882.30441384     0.99810173        2
  1882.32484536     0.99861363        2
  1882.34527708     0.99942542        2
  1882.36570869     1.00047413        2
  1882.38614021     0.99893713        2
  1882.46786678     0.99914398        2
  1882.48829840     1.00213410        2
  1882.50873002     1.00310621        2
  1882.52916164     0.99987999        2
  1882.54959325     0.99672466        2
  1882.57002497     0.99917746        2
  1882.59045659     1.00054054        2
  1882.77434116     0.99946200        2
  1882.79477288     1.00078721        2
  1882.81520440     1.00146069        2
  1882.83563602     1.00047536        2
  1882.85606773     1.00124377        2
  1882.87649925     1.00086566        2
  1882.89693077     0.99707068        2
  1882.91736249     0.99858770        2
  1883.03995221     0.99986469        2
  1883.06038383     0.99599663        2
  1883.08081555     1.00018060        2
  1883.10124717     1.00046187        2
  1883.12167869     1.00079925        2
  1883.14211041     1.00064130        2
  1883.16254203     1.00032696        2
  1883.20340528     0.99829449        2
  1883.22383690     0.99918679        2
  1883.24426862     1.00169570        2
  1883.26470014     1.00025592        2
  1883.28513176     0.99957814        2
  1883.30556348     0.99806659        2
  1883.32599500     0.99907394        2
  1883.34642662     1.00006076        2
  1883.36685835     1.00035142        2
  1883.38728987     0.99867234        2
  1883.40772159     0.99803705        2
  1883.44858473     0.99854444        2
  1883.46901645     0.99946553        2
  1883.48944808     1.00046575        2
  1883.50987960     1.00057885        2
  1883.53031132     0.99982667        2
  1883.55074284     0.99961733        2
  1883.57117456     1.00043440        2
  1883.59160619     1.00017695        2
  1883.61203771     0.99932455        2
  1883.63246943     1.00163530        2
  1883.65290105     1.00249902        2
  1883.71419592     1.00156870        2
  1883.73462755     0.99891202        2
  1883.75505917     0.99976632        2
  1883.77549079     1.00038248        2
  1883.79592252     0.99888197        2
  1883.81635414     0.99890102        2
  1883.83678566     1.00162942        2
  1883.85721739     1.00230811        2
  1883.87764901     1.00044982        2
  1883.89808053     1.00305972        2
  1883.97980713     0.99998225        2
  1884.00023875     0.99780229        2
  1884.02067048     0.99971483        2
  1884.04110200     0.99918745        2
  1884.06153363     0.99870364        2
  1884.08196535     1.00016032        2
  1884.10239688     0.99925314        2
  1884.12282850     0.99946322        2
  1884.14326023     1.00533214        2
  1884.20455500     0.99898383        2
  1884.22498663     1.00034150        2
  1884.24541835     1.00080626        2
  1884.26584988     0.99895872        2
  1884.28628150     0.99857527        2
  1884.30671323     0.99827502        2
  1884.32714486     1.00191007        2
  1884.34757638     1.00065449        2
  1884.36800811     0.99965939        2
  1884.38843973     1.00605328        2
  1884.42930299     0.99885071        2
  1884.44973461     1.00084436        2
  1884.47016634     0.99948274        2
  1884.49059787     0.99859718        2
  1884.51102949     0.99889095        2
  1884.53146122     0.99900426        2
  1884.55189275     1.00148399        2
  1884.57232437     0.99994114        2
  1884.59275610     1.00061945        2
  1884.61318763     1.00012590        2
  1884.63361935     0.99769410        2
  1884.67448251     1.00091780        2
  1884.69491424     1.00033942        2
  1884.71534586     1.00003529        2
  1884.73577749     0.99901991        2
  1884.75620912     0.99835785        2
  1884.77664075     0.99824257        2
  1884.79707238     0.99804270        2
  1884.81750401     1.00205154        2
  1884.83793563     1.00069199        2
  1884.85836726     0.99856263        2
  1884.91966215     1.00264965        2
  1884.94009378     0.99999665        2
  1884.96052541     1.00065055        2
  1884.98095713     1.00018377        2
  1885.00138866     0.99950928        2
  1885.02182039     0.99949164        2
  1885.04225202     0.99993348        2
  1885.06268355     1.00067891        2
  1885.08311528     1.00137370        2
  1885.10354691     0.99963078        2
  1885.12397844     0.99981902        2
  1885.16484180     0.98799721        2
  1885.18527333     1.00149841        2
  1885.20570506     1.00034044        2
  1885.22613669     1.00001710        2
  1885.24656842     0.99838545        2
  1885.26699995     1.00074968        2
  1885.28743158     1.00060319        2
  1885.30786331     1.00126019        2
  1885.32829484     1.00455596        2
  1885.34872648     0.99952920        2
  1885.36915821     0.99920314        2
  1885.41002137     0.99829190        2
  1885.43045310     1.00000000        2
  1885.45088473     0.99998695        2
  1885.47131636     0.99971618        2
  1885.49174800     0.99888400        2
  1885.51217963     0.99900336        2
  1885.53261126     1.00111912        2
  1885.55304289     1.00019211        2
  1885.57347442     0.99976593        2
  1885.59390616     1.00000854        2
  1885.61433779     0.99875882        2
  1885.65520105     0.99988417        2
  1885.67563269     1.00144260        2
  1885.69606442     1.00104038        2
  1885.71649595     0.99881611        2
  1885.73692759     0.99918807        2
  1885.75735932     0.99814757        2
  1885.77779085     1.00021530        2
  1885.79822249     1.00183232        2
  1885.81865422     1.00329992        2
  1885.83908575     1.00041313        2
  1885.85951749     1.00061170        2
  1885.90038065     0.99885025        2
  1885.92081239     1.00107312        2
  1885.94124402     0.99813871        2
  1885.96167566     1.00013207        2
  1885.98210729     0.99812283        2
  1886.00253893     0.99867137        2
  1886.02297056     1.00046707        2
  1886.04340220     0.99862992        2
  1886.06383383     1.00202364        2
  1886.08426557     0.99844006        2
  1886.10469720     0.99830264        2
  1886.18642364     1.00187904        2
  1886.20685538     0.99928194        2
  1886.22728691     0.99842381        2
  1886.24771865     0.99899940        2
  1886.26815029     0.99983718        2
  1886.28858182     0.99959200        2
  1886.30901356     0.99998949        2
  1886.32944520     0.99799322        2
  1886.34987673     0.99612880        2
  1886.39074011     1.00142074        2
  1886.41117164     1.00081979        2
  1886.43160338     0.99931019        2
  1886.45203502     0.99931966        2
  1886.47246675     0.99810236        2
  1886.49289829     1.00032676        2
  1886.51332993     0.99982298        2
  1886.53376167     1.00101168        2
  1886.63591986     1.00018374        2
  1886.65635150     1.00050792        2
  1886.67678313     1.00066374        2
  1886.69721477     1.00007012        2
  1886.71764641     0.99930447        2
  1886.73807805     0.99861802        2
  1886.75850979     1.00088390        2
  1886.88109953     1.00209527        2
  1886.90153117     1.00197424        2
  1886.92196291     1.00293351        2
  1886.94239445     1.00054257        2
  1886.96282609     0.99887597        2
  1886.98325783     1.00087512        2
  1887.00368937     1.00039007        2
  1887.12627931     1.00095504        2
  1887.14671095     1.00131881        2
  1887.16714260     0.99952182        2
  1887.18757424     0.99916028        2
  1887.20800588     1.00056635        2
  1887.22843752     1.00051604        2
  1887.24886926     1.00053840        2
  1887.26930081     1.00299595        2
  1887.28973245     1.00040828        2
  1887.31016419     1.00043375        2
  1887.33059583     1.00166038        2
  1887.37145912     1.00071906        2
  1887.39189076     1.00073509        2
  1887.41232231     0.99967746        2
  1887.43275405     0.99987704        2
  1887.45318569     0.99904847        2
  1887.47361734     0.99898025        2
  1887.49404898     1.00026117        2
  1887.51448062     1.00095394        2
  1887.53491237     0.99855093        2
  1887.55534391     0.99861361        2
  1887.57577556     0.99860645        2
  1887.61663884     1.00066909        2
  1887.63707059     0.99992309        2
  1887.65750213     0.99930417        2
  1887.67793378     0.99950196        2
  1887.69836552     0.99862854        2
  1887.71879707     0.99782029        2
  1887.73922871     1.00152969        2
  1887.75966046     1.00208701        2
  1887.78009200     1.00170499        2
  1887.80052365     0.99965790        2
  1887.86181869     1.00113833        2
  1887.88225033     0.99936873        2
  1887.90268198     1.00027267        2
  1887.92311363     0.99877821        2
  1887.94354527     0.99882414        2
  1887.96397692     1.00293021        2
  1887.98440867     1.00213375        2
  1891.04915809     1.00027156        3
  1891.06958976     1.00243056        3
  1891.09002153     1.00018270        3
  1891.11045310     0.99950283        3
  1891.13088477     0.99792857        3
  1891.15131654     1.00150725        3
  1891.17174811     1.00032061        3
  1891.19217989     1.00150045        3
  1891.21261156     1.00048700        3
  1891.23304313     0.99733196        3
  1891.29433814     0.99812869        3
  1891.31476992     1.00046143        3
  1891.33520159     0.99845908        3
  1891.35563336     1.00015416        3
  1891.37606493     1.00007002        3
  1891.39649661     1.00094580        3
  1891.41692838     1.00197014        3
  1891.43735995     1.00013661        3
  1891.45779163     0.99854637        3
  1891.47822340     0.99930227        3
  1891.49865507     0.99854760        3
  1891.53951842     1.00025478        3
  1891.55995000     1.00085501        3
  1891.58038177     1.00013514        3
  1891.60081345     0.99922765        3
  1891.62124502     0.99884451        3
  1891.64167680     0.99919403        3
  1891.66210847     1.00088547        3
  1891.68254005     1.00242199        3
  1891.70297182     0.99935060        3
  1891.72340350     0.99900459        3
  1891.74383527     1.00032709        3
  1891.78469853     1.00190209        3
  1891.80513030     1.00043876        3
  1891.82556188     1.00020077        3
  1891.84599356     0.99850160        3
  1891.86642533     0.99905002        3
  1891.88685691     0.99994053        3
  1891.90728859     1.00184944        3
  1891.92772037     1.00215405        3
  1891.94815194     0.99935176        3
  1891.96858372     0.99869400        3
  1891.98901540     0.99960115        3
  1892.02987876     1.00046360        3
  1892.05031044     1.00107451        3
  1892.07074211     0.99995956        3
  1892.09117379     0.99889274        3
  1892.11160547     0.99843462        3
  1892.13203725     0.99833306        3
  1892.15246893     1.00067659        3
  1892.17290051     1.00242565        3
  1892.19333229     1.00026756        3
  1892.21376387     0.99915017        3
  1892.23419555     0.99940236        3
  1892.27505891     0.99987872        3
  1892.29549069     1.00113482        3
  1892.31592237     0.99934838        3
  1892.33635396     0.99824282        3
  1892.35678574     0.99768820        3
  1892.37721742     1.00005343        3
  1892.39764900     1.00143407        3
  1892.41808078     1.00177882        3
  1892.43851246     1.00073792        3
  1892.45894405     1.00035784        3
  1892.52023930     1.00186725        3
  1892.54067088     1.00123087        3
  1892.56110256     1.00168920        3
  1892.58153434     0.99922339        3
  1892.60196593     0.99774266        3
  1892.62239761     1.00158626        3
  1892.64282940     1.00188089        3
  1892.66326108     1.00220355        3
  1892.82671456     0.99986197        3
  1892.84714625     0.99884956        3
  1892.86757803     0.99883357        3
  1892.88800962     0.99916853        3
  1892.90844141     1.00013747        3
  1892.92887299     1.00025206        3
  1892.94930468     0.99992350        3
  1892.96973647     1.00796244        3
  1893.01059974     0.99914200        3
  1893.03103153     0.99985753        3
  1893.05146312     1.00075691        3
  1893.07189490     0.99910876        3
  1893.09232659     0.99850289        3
  1893.11275818     0.99875591        3
  1893.13318997     1.00303189        3
  1893.15362166     1.00057923        3
  1893.17405325     0.99954347        3
  1893.19448504     0.99741479        3
  1893.21491672     0.99861373        3
  1893.31707517     0.99974842        3
  1893.33750686     1.00007651        3
  1893.35793866     1.00034127        3
  1893.37837035     1.00078789        3
  1893.39880194     1.00156413        3
  1893.41923373     0.99863178        3
  1893.43966542     0.99845113        3
  1893.46009721     1.00351156        3
  1893.50096050     0.99823018        3
  1893.52139229     1.00029112        3
  1893.54182388     0.99993961        3
  1893.56225547     0.99854948        3
  1893.58268727     1.00014444        3
  1893.60311896     0.99869684        3
  1893.62355075     1.00272312        3
  1893.64398235     1.00072916        3
  1893.66441404     0.99917226        3
  1893.68484583     1.00032508        3
  1893.70527743     1.00012411        3
  1893.74614092     1.00288289        3
  1893.76657251     1.00131927        3
  1893.78700420     0.99804264        3
  1893.80743600     0.99898291        3
  1893.82786759     0.99989318        3
  1893.84829939     1.00138200        3
  1893.86873109     1.00262016        3
  1893.88916278     1.00736474        3
  1893.90959448     0.99972645        3
  1893.93002617     0.99958792        3
  1894.03218476     0.99954999        3
  1894.05261636     1.00068554        3
  1894.07304815     0.99932448        3
  1894.09347985     0.99972118        3
  1894.11391145     1.00453184        3
  1894.13434325     1.00108293        3
  1894.15477495     0.99939025        3
  1894.17520664     1.00078137        3
  1894.19563834     0.99797841        3
  1894.23650174     0.99972990        3
  1894.25693344     0.99966083        3
  1894.27736504     1.00004058        3
  1894.29779684     0.99730865        3
  1894.31822854     0.99665409        3
  1894.33866014     0.99884885        3
  1894.35909194     1.00099434        3
  1894.37952364     1.00109251        3
  1894.39995544     1.00025646        3
  1894.42038704     1.00033441        3
  1894.44081874     0.99913518        3
  1894.48168215     1.00245767        3
  1894.50211385     1.00213784        3
  1894.52254565     1.00150600        3
  1894.54297735     0.99844919        3
  1894.56340906     0.99961204        3
  1894.58384076     1.00041140        3
  1894.60427246     1.00123367        3
  1894.62470417     1.00076310        3
  1894.72686268     1.00205467        3
  1894.74729449     1.00233290        3
  1894.76772609     0.99932502        3
  1894.78815790     0.99927277        3
  1894.80858960     1.00007882        3
  1894.82902121     0.99572913        3
  1894.84945301     0.99998010        3
  1894.97204325     0.99736540        3
  1894.99247486     1.00063721        3
  1895.01290666     0.99859929        3
  1895.03333837     0.99949589        3
  1895.05377008     0.99909401        3
  1895.07420179     1.00051463        3
  1895.09463350     1.00182774        3
  1895.11506530     0.99929852        3
  1895.13549691     1.00011557        3
  1895.15592862     0.99988673        3
  1895.17636043     0.99945557        3
  1895.21722375     0.99828259        3
  1895.23765556     0.99951566        3
  1895.25808727     0.99943941        3
  1895.27851888     0.99996264        3
  1895.29895069     1.00060906        3
  1895.31938240     1.00006593        3
  1895.33981421     1.00056532        3
  1895.36024582     1.00089441        3
  1895.38067753     0.99870167        3
  1895.40110934     0.99901152        3
  1895.42154095     0.99881666        3
  1895.46240448     0.99912839        3
  1895.48283609     1.00052842        3
  1895.50326790     1.00033304        3
  1895.52369951     0.99868690        3
  1895.54413122     0.99693703        3
  1895.56456304     0.99766960        3
  1895.58499465     1.00236012        3
  1895.60542636     1.00000000        3
  1895.62585818     0.99922271        3
  1895.64628979     0.99848064        3
  1895.66672161     1.00087680        3
  1895.70758503     1.00133705        3
  1895.72801675     1.00024585        3
  1895.74844846     0.99880713        3
  1895.76888018     0.99892925        3
  1895.78931189     0.99861389        3
  1895.80974361     1.00037908        3
  1895.83017533     1.00290247        3
  1895.85060714     1.00323381        3
  1895.87103876     0.99971717        3
  1895.89147057     0.99901196        3
  1895.91190229     0.99955632        3
  1895.95276572     1.00120961        3
  1895.97319744     1.00085447        3
  1895.99362906     0.99982503        3
  1896.01406088     1.00012314        3
  1896.03449259     0.99867842        3
  1896.05492441     1.00106492        3
  1896.07535603     1.00107168        3
  1896.09578775     0.99885531        3
  1896.11621947     0.99896123        3
  1896.13665119     1.00069519        3
  1896.15708291     1.00055143        3
  1896.19794635     1.00057860        3
  1896.21837817     1.00141000        3
  1896.23880979     1.00052065        3
  1896.25924151     0.99872414        3
  1896.27967333     0.99893864        3
  1896.30010495     1.00080012        3
  1896.32053667     1.00129711        3
  1896.34096849     1.00013185        3
  1896.36140011     1.00026203        3
  1896.50442227     0.99973091        3
  1896.52485399     0.99941354        3
  1896.54528572     1.00097334        3
  1896.56571754     1.00254740        3
  1896.58614916     1.00203991        3
  1896.60658099     1.00055554        3
  1896.62701271     1.00131057        3
  1896.64744434     0.99686643        3
  1896.68830789     1.00190839        3
  1896.70873951     1.00105105        3
  1896.72917134     0.99926035        3
  1896.74960306     0.99973809        3
  1896.77003479     0.99954002        3
  1896.79046652     1.00102501        3
  1896.81089824     1.00492692        3
  1896.83132997     1.00012681        3
  1896.85176170     0.99936754        3
  1896.87219342     0.99842723        3
  1896.89262515     1.00664372        3
  1896.93348861     1.00076279        3
  1896.95392034     1.00157010        3
  1896.97435206     1.00038914        3
  1896.99478389     0.99627661        3
  1897.01521552     0.99833661        3
  1897.03564725     0.99770606        3
  1897.05607908     0.99975986        3
  1897.07651081     1.00061590        3
  1897.09694244     1.00021927        3
  1897.11737427     1.00049620        3
  1897.13780600     1.00062858        3
  1897.17866946     0.99939234        3
  1897.19910119     1.00058244        3
  1897.21953302     0.99824907        3
  1897.23996465     0.99974889        3
  1897.26039639     0.99991154        3
  1897.28082822     1.00045415        3
  1897.30125985     1.00191922        3
  1897.32169168     0.99931376        3
  1897.34212341     0.99798102        3
  1897.36255505     0.99804805        3
  1897.38298688     0.99821606        3
  1897.42385025     0.99913480        3
  1897.44428208     0.99987194        3
  1897.46471382     1.00020252        3
  1897.48514565     0.99922869        3
  1897.50557728     0.99806230        3
  1897.52600892     0.99992628        3
  1897.54644075     0.99971791        3
  1897.56687249     1.00187866        3
  1897.58730422     1.00183985        3
  1897.60773596     0.99899230        3
  1897.62816770     0.99936898        3
  1897.75075812     0.99966065        3
  1897.77118995     0.99781290        3
  1897.79162169     0.99932075        3
  1897.81205333     1.00070651        3
  1897.83248517     0.99993372        3
  1897.85291691     1.00239263        3
  1897.87334875     1.00597456        3
  1897.91421212     1.00113707        3
  1897.93464396     0.99979670        3
  1897.95507560     1.00021888        3
  1897.97550734     0.99925156        3
  1897.99593918     0.99987318        3
  1898.01637082     1.00078631        4
  1898.03680266     1.00029434        4
  1898.05723440     1.00010446        4
  1898.07766605     0.99982577        4
  1898.09809789     0.99896106        4
  1898.11852963     0.99972671        4
  1898.15939311     1.00005907        4
  1898.17982476     1.00179214        4
  1898.20025660     0.99965081        4
  1898.22068834     0.99920526        4
  1898.24111998     0.99950390        4
  1898.26155183     1.00069797        4
  1898.28198357     1.00004435        4
  1898.30241531     1.00045621        4
  1898.32284706     0.99885779        4
  1898.40457404     1.00233857        4
  1898.42500588     1.00068883        4
  1898.44543763     0.99866231        4
  1898.46586927     0.99769147        4
  1898.48630112     0.99847230        4
  1898.50673287     1.00101669        4
  1898.52716451     1.00023629        4
  1898.54759636     1.00210484        4
  1898.56802811     1.00099680        4
  1898.58845995     0.99828387        4
  1898.64975520     1.00162638        4
  1898.67018685     0.99989009        4
  1898.69061859     0.99990402        4
  1898.71105044     1.00004692        4
  1898.73148209     0.99879505        4
  1898.75191394     1.00034541        4
  1898.77234569     1.00231013        4
  1898.79277734     0.99996612        4
  1898.81320919     0.99780972        4
  1898.83364084     0.99914829        4
  1898.85407259     1.00105013        4
  1898.89493609     0.99979696        4
  1898.91536785     0.99930701        4
  1898.93579970     0.99719906        4
  1898.95623145     0.99765678        4
  1898.97666320     1.00063270        4
  1898.99709495     1.00167734        4
  1899.01752671     1.00174234        4
  1899.03795846     1.00089717        4
  1899.05839021     0.99970856        4
  1899.07882196     0.99886584        4
  1899.09925382     0.99893862        4
  1899.14011733     1.00022103        4
  1899.16054908     0.99959600        4
  1899.18098073     1.00057113        4
  1899.20141259     0.99897923        4
  1899.22184434     0.99994724        4
  1899.24227600     1.00076452        4
  1899.26270786     1.00157023        4
  1899.28313961     0.99808827        4
  1899.30357147     0.99930255        4
  1899.32400312     0.99840701        4
  1899.34443488     0.99863441        4
  1899.38529839     1.00119191        4
  1899.40573015     0.99901878        4
  1899.42616201     0.99955125        4
  1899.44659367     1.00120566        4
  1899.46702553     0.99976457        4
  1899.48745718     1.00096364        4
  1899.50788894     1.00167269        4
  1899.52832080     1.00301350        4
  1899.54875246     0.99899606        4
  1899.56918422     0.99988098        4
  1899.58961608     0.99981442        4
  1899.63047950     1.00125144        4
  1899.65091136     1.00238880        4
  1899.67134312     0.99980283        4
  1899.69177488     0.99821649        4
  1899.71220664     0.99905180        4
  1899.73263840     1.00065860        4
  1899.75307027     1.00087247        4
  1899.77350193     1.00007534        4
  1899.79393369     0.99953929        4
  1899.81436555     0.99969170        4
  1899.83479722     0.99870499        4
  1899.89609251     1.00085813        4
  1899.91652437     1.00017319        4
  1899.93695613     1.00080652        4
  1899.95738780     1.00028819        4
  1899.97781966     1.00227301        4
  1899.99825143     1.00033689        4
  1900.01868329     1.00035102        4
  1900.03911496     1.00050045        4
  1900.05954672     0.99717449        4
  1900.07997849     0.99752811        4
  1900.12084202     1.00258042        4
  1900.14127379     1.00046145        4
  1900.16170556     0.99965828        4
  1900.18213742     0.99818440        4
  1900.20256909     0.99962562        4
  1900.22300086     0.99844079        4
  1900.24343273     1.00042361        4
  1900.26386439     0.99952751        4
  1900.28429616     0.99949777        4
  1900.30472803     1.00000000        4
  1900.32515980     0.99999404        4
  1900.36602334     1.00058699        4
  1900.38645511     1.00078729        4
  1900.40688698     0.99799922        4
  1900.42731865     0.99891058        4
  1900.44775042     0.99938817        4
  1900.46818229     1.00012156        4
  1900.48861396     1.00167949        4
  1900.50904573     1.00347497        4
  1900.52947761     1.00083473        4
  1900.54990928     0.99929111        4
  1900.57034115     1.00838227        4
  1900.61120460     1.00114696        4
  1900.63163647     0.99991186        4
  1900.65206824     1.00115719        4
  1900.67249992     0.99739481        4
  1900.69293179     1.00218360        4
  1900.71336356     1.00390184        4
  1900.85638599     1.00116439        4
  1900.87681777     1.00082314        4
  1900.89724964     0.99758433        4
  1900.91768142     0.99749743        4
  1900.93811310     0.99963856        4
  1900.95854497     1.00069651        4
  1900.97897675     1.00108261        4
  1900.99940843     1.00037297        4
  1901.01984031     1.00089404        4
  1901.04027209     0.99931202        4
  1901.06070376     0.99895641        4
  1901.10156742     1.00110473        4
  1901.12199930     0.99943171        4
  1901.14243098     0.99780162        4
  1901.16286276     0.99722223        4
  1901.18329464     1.00009488        4
  1901.20372632     1.00209478        4
  1901.22415810     1.00169031        4
  1901.24458998     0.99873933        4
  1901.26502167     0.99954160        4
  1901.28545355     0.99902330        4
  1901.30588533     0.99860928        4
  1901.34674889     1.00123735        4
  1901.36718068     0.99958479        4
  1901.38761246     0.99828292        4
  1901.40804424     0.99969400        4
  1901.42847603     0.99928240        4
  1901.44890781     1.00207523        4
  1901.46933960     0.99902292        4
  1901.48977138     0.99966993        4
  1901.51020317     0.99870611        4
  1901.53063495     0.99831687        4
  1901.55106674     1.00061347        4
  1901.59193031     0.99909701        4
  1901.61236219     1.00088717        4
  1901.63279398     1.00004512        4
  1901.65322567     0.99950125        4
  1901.67365755     0.99968522        4
  1901.69408934     1.00131325        4
  1901.71452103     1.00090936        4
  1901.73495292     0.99990678        4
  1901.75538470     0.99876829        4
  1901.77581639     0.99970261        4
  1901.79624828     0.99927048        4
  1901.83711196     1.00133194        4
  1901.85754365     0.99953494        4
  1901.87797544     0.99778615        4
  1901.89840733     0.99901294        4
  1901.91883902     1.00036148        4
  1901.93927081     1.00229510        4
  1901.95970270     1.00317348        4
  1901.98013439     1.00028384        4
  1902.00056628     0.99850785        4
  1902.02099807     0.99713280        4
  1902.08229345     1.00080635        4
  1902.10272514     1.00219120        4
  1902.12315704     1.00034526        4
  1902.14358883     0.99933032        4
  1902.16402062     0.99979274        4
  1902.18445242     1.00168712        4
  1902.20488421     1.00000000        4
  1902.22531601     1.00044228        4
  1902.24574780     0.99834315        4
  1902.26617960     0.99803092        4
  1902.28661149     1.00033052        4
  1902.32747498     1.00087910        4
  1902.34790688     1.00118752        4
  1902.36833858     1.00077322        4
  1902.38877047     1.00018874        4
  1902.40920227     1.00020721        4
  1902.42963397     1.00170970        4
  1902.45006586     1.00123980        4
  1902.57265666     1.00097584        4
  1902.59308846     0.99849207        4
  1902.61352035     0.99998252        4
  1902.63395206     0.99915611        4
  1902.65438386     1.00201501        4
  1902.67481576     1.00344431        4
  1902.69524746     1.00062970        4
  1902.71567936     1.00054981        4
  1902.73611116     1.00046909        4
  1902.75654286     0.99964391        4
  1902.77697476     0.99884708        4
  1902.81783837     0.99358086        4
  1902.83827017     0.99882398        4
  1902.85870198     0.99930942        4
  1902.87913368     0.99765267        4
  1902.89956558     0.99972977        4
  1902.91999739     1.00073421        4
  1902.94042929     1.00035794        4
  1902.96086100     0.99990652        4
  1902.98129280     0.99887135        4
  1903.00172471     0.99967594        4
  1903.02215641     1.00006464        4
  1903.20604268     1.00098305        4
  1903.22647459     1.00055311        4
  1903.24690640     0.99813292        4
  1903.26733830     1.00607785        4
  1903.30820182     1.00118181        4
  1903.32863373     1.00107532        4
  1903.34906544     1.00010586        4
  1903.36949725     1.00105879        4
  1903.38992917     0.99861611        4
  1903.41036098     0.99982530        4
  1903.43079279     0.99854365        4
  1903.45122450     1.00000704        4
  1903.47165631     0.99907363        4
  1903.49208822     0.99955765        4
  1903.51252004     1.00087956        4
  1903.55338366     1.00168937        4
  1903.57381548     0.99979712        4
  1903.59424719     0.99944936        4
  1903.61467911     0.99912141        4
  1903.63511092     1.00069136        4
  1903.65554283     1.00136075        4
  1903.67597455     1.00049642        4
  1903.69640636     0.99895488        4
  1903.71683828     0.99879809        4
  1903.73727000     0.99892977        4
  1903.75770181     1.00243416        4
  1903.79856545     0.99939818        4
  1903.81899736     0.99826063        4
  1903.83942918     0.99846964        4
  1903.85986090     0.99927821        4
  1903.88029282     1.00100505        4
  1903.90072463     1.00157103        4
  1903.92115635     1.00293830        4
  1903.94158827     1.00124018        4
  1903.96202009     1.00026980        4
  1903.98245201     0.99933247        4
  1904.00288373     0.99937948        4
  1904.04374737     0.99995566        4
  1904.06417929     0.99947086        4
  1904.08461101     0.99922693        4
  1904.10504283     0.99875336        4
  1904.12547466     1.00105699        4
  1904.14590648     1.00042018        4
  1904.16633840     1.00197299        4
  1904.18677012     1.00051585        4
  1904.20720205     1.00071377        4
  1904.22763387     1.00022781        4
  1904.24806559     1.00008727        4
  1904.28892934     0.99867455        4
  1904.30936106     1.00068488        4
  1904.32979299     0.99895511        4
  1904.35022481     0.99697473        4
  1904.37065674     0.99786052        4
  1904.39108846     1.00004653        4
  1904.41152029     1.00092273        4
  1904.43195222     0.99890398        4
  1904.45238394     0.99678234        4
  1904.47281577     0.99844567        4
  1904.49324770     1.00017131        4
  1904.61583867     1.00188949        4
  1904.63627049     1.01000953        4
  1904.65670232     1.00220832        4
  1904.67713415     1.00087877        4
  1904.69756598     0.99939663        4
  1904.71799781     0.99918986        4
  1904.73842965     1.00051392        4
  1904.77929331     1.00010824        4
  1904.79972514     0.99906079        4
  1904.82015707     1.00047561        4
  1904.84058880     1.00152575        4
  1904.86102064     1.00151554        4
  1905.04490724     0.99986292        4
  1905.06533908     0.99893447        4
  1905.08577101     0.99811970        4
  1905.10620275     1.00127095        4
  1905.12663459     1.00167583        4
  1905.14706652     1.00059312        4
  1905.16749826     0.99963684        4
  1905.18793010     0.99701922        4
