  1835.65871088     1.00036417        0
  1835.67914291     0.99992915        0
  1835.69957494     0.99972281        0
  1835.72000696     0.99946790        0
  1835.80173507     1.00149453        0
  1835.82216720     1.00009382        0
  1835.84259913     1.00001628        0
  1835.86303115     1.00009854        0
  1835.88346328     1.00016601        0
  1835.90389520     1.00005580        0
  1835.92432723     0.99997573        0
  1835.94475935     1.00011656        0
  1835.96519127     0.99993983        0
  1835.98562330     1.00000523        0
  1836.00605542     0.99989386        0
  1836.02648734     0.99991237        0
  1836.04691936     0.99993223        0
  1836.06735148     0.99993888        0
  1836.08778340     0.99986178        0
  1836.10821542     0.99978271        0
  1836.12864754     0.99988072        0
  1836.14907956     0.99989377        0
  1836.16951148     0.99988189        0
  1836.18994360     1.00001155        0
  1836.21037562     0.99993274        0
  1836.23080773     0.99994486        0
  1836.25123965     0.99999178        0
  1836.27167167     0.99997700        0
  1836.31253570     0.99991951        0
  1836.33296772     1.00000339        0
  1836.35339983     0.99992422        0
  1836.37383174     1.00002602        0
  1836.39426376     1.00002989        0
  1836.41469577     1.00000317        0
  1836.43512778     1.00000299        0
  1836.45555980     1.00004944        0
  1836.47599181     1.00003413        0
  1836.49642382     1.00002554        0
  1836.51685583     0.99997327        0
  1836.53728784     0.99999305        0
  1836.55771985     0.99991170        0
  1836.57815186     1.00007503        0
  1836.59858397     0.99999501        0
  1836.61901588     1.00016280        0
  1836.63944789     0.99997576        0
  1836.65988000     1.00015606        0
  1836.68031191     1.00015656        0
  1836.70074391     1.00012368        0
  1836.72117602     1.00001703        0
  1836.74160793     1.00009115        0
  1836.76203993     0.99987518        0
  1836.78247204     0.99994232        0
  1836.80290394     1.00006539        0
  1836.82333605     1.00009414        0
  1836.84376805     0.99994446        0
  1836.86419996     1.00000344        0
  1836.88463206     1.00000318        0
  1836.90506406     0.99999141        0
  1836.92549597     0.99992460        0
  1836.94592807     0.99998452        0
  1836.96636007     1.00003450        0
  1836.98679207     0.99999665        0
  1837.00722407     0.99999369        0
  1837.02765607     1.00078365        0
  1837.04808807     0.99989265        0
  1837.19111206     0.99965211        0
  1837.21154406     0.99973208        0
  1837.23197605     0.99969414        0
  1837.25240805     0.99979031        0
  1837.27284004     0.99976955        0
  1837.29327194     0.99988941        0
  1837.31370403     0.99981361        0
  1837.33413602     0.99978415        0
  1837.35456802     1.00001432        0
  1837.37500001     1.00000238        0
  1837.39543200     0.99993065        0
  1837.41586400     0.99987267        0
  1837.43629609     1.00037709        0
  1837.45672798     1.00008112        0
  1837.47716007     0.99995652        0
  1837.49759206     1.00002342        0
  1837.51802395     1.00009828        0
  1837.53845604     0.99998099        0
  1837.55888803     1.00005666        0
  1837.57931992     1.00002354        0
  1837.59975200     1.00000921        0
  1837.62018399     0.99998061        0
  1837.64061588     1.00018626        0
  1837.66104797     1.00009385        0
  1837.68147995     1.00000954        0
  1837.70191184     1.00004950        0
  1837.72234393     1.00006545        0
  1837.74277591     1.00004016        0
  1837.76320780     1.00006202        0
  1837.78363988     1.00010568        0
  1837.80407186     1.00001814        0
  1837.82450385     0.99995741        0
  1837.84493583     1.00006417        0
  1837.86536781     0.99999086        0
  1837.88579970     1.00009503        0
  1837.90623178     1.00018487        0
  1837.92666376     1.00013246        0
  1837.94709574     1.00009563        0
  1837.96752772     1.00000893        0
  1837.98795970     1.00006452        0
  1838.00839158     0.99985534        0
  1838.02882366     0.99994061        0
  1838.04925564     0.99979135        0
  1838.06968772     0.99994853        0
  1838.09011959     1.00005205        0
  1838.11055157     1.00015480        0
  1838.13098365     1.00012083        0
  1838.15141553     1.00001583        0
  1838.17184750     1.00002863        0
  1838.19227958     0.99993337        0
  1838.21271145     0.99973633        0
  1838.23314343     0.99970173        0
  1838.31487142     0.99963722        0
  1838.33530340     0.99965817        0
  1838.35573527     0.99970225        0
  1838.37616734     0.99981110        0
  1838.39659931     0.99979135        0
  1838.41703118     0.99985091        0
  1838.43746326     0.99977435        0
  1838.45789523     0.99991558        0
  1838.47832710     0.99993575        0
  1838.49875917     0.99999008        0
  1838.51919113     1.00046464        0
  1838.53962300     1.00004724        0
  1838.56005507     1.00006473        0
  1838.58048704     1.00006347        0
  1838.60091891     1.00033711        0
  1838.62135097     1.00002804        0
  1838.64178294     0.99999772        0
  1838.66221481     1.00010198        0
  1838.68264687     1.00000610        0
  1838.70307884     0.99980385        0
  1838.72351080     0.99994993        0
  1838.74394277     1.00005155        0
  1838.76437473     1.00006122        0
  1838.78480670     0.99995742        0
  1838.80523866     0.99994558        0
  1838.82567062     0.99986553        0
  1838.84610268     0.99988677        0
  1838.86653455     0.99995113        0
  1838.88696651     1.00000033        0
  1838.90739857     1.00011017        0
  1838.92783043     1.00016665        0
  1838.94826239     1.00006615        0
  1838.96869445     1.00008039        0
  1838.98912631     1.00139665        0
  1839.00955827     0.99984638        0
  1839.02999033     0.99970775        0
  1839.11171816     0.99968836        0
  1839.13215001     0.99976603        0
  1839.15258207     0.99988340        0
  1839.17301403     0.99988309        0
  1839.19344588     0.99997516        0
  1839.21387794     0.99996794        0
  1839.23430989     1.00003445        0
  1839.25474175     1.00001302        0
  1839.27517380     0.99998313        0
  1839.29560575     1.00005425        0
  1839.31603781     1.00000246        0
  1839.33646966     1.00010625        0
  1839.35690161     1.00016730        0
  1839.37733356     1.00011727        0
  1839.39776551     1.00014405        0
  1839.41819736     0.99999641        0
  1839.43862941     0.99991226        0
  1839.45906137     0.99993819        0
  1839.47949321     1.00004537        0
  1839.49992526     1.00006671        0
  1839.52035721     0.99998197        0
  1839.54078916     1.00016810        0
  1839.56122111     0.99994627        0
  1839.58165306     1.00013805        0
  1839.60208500     0.99996010        0
  1839.62251695     0.99988702        0
  1839.64294890     0.99981654        0
  1839.66338084     0.99962457        0
  1839.72467668     1.00108692        0
  1839.74510872     1.00016300        0
  1839.76554057     1.00006839        0
  1839.78597251     1.00009541        0
  1839.80640455     1.00008000        0
  1839.82683640     1.00016682        0
  1839.84726834     1.00011675        0
  1839.86770038     1.00005204        0
  1839.88813222     1.00012965        0
  1839.90856416     0.99988272        0
  1839.92899620     0.99985775        0
  1839.94942814     1.00003843        0
  1839.96986008     1.00000934        0
  1839.99029202     0.99988723        0
  1840.01072396     0.99974339        0
  1840.03115590     0.99937428        0
  1840.23547527     0.99963895        0
  1840.25590710     0.99986926        0
  1840.27633914     0.99981988        0
  1840.31720290     0.99969057        0
  1840.33763493     0.99976219        0
  1840.35806687     0.99983336        0
  1840.37849880     0.99994273        0
  1840.39893073     0.99991926        0
  1840.41936266     1.00030953        0
  1840.43979459     1.00022415        0
  1840.46022652     1.00025522        0
  1840.48065845     1.00011095        0
  1840.50109038     1.00000022        0
  1840.52152241     1.00004029        0
  1840.54195424     0.99996203        0
  1840.56238627     1.00007577        0
  1840.58281820     1.00005895        0
  1840.60325002     0.99989865        0
  1840.62368205     1.00009061        0
  1840.64411398     1.00001164        0
  1840.66454580     0.99997817        0
  1840.68497783     1.00000000        0
  1840.70540975     1.00155526        0
  1840.74627360     0.99978060        0
  1840.76670553     0.99989911        0
  1840.78713745     0.99984659        0
  1840.80756938     0.99995462        0
  1840.82800120     0.99992463        0
  1840.84843322     0.99993520        0
  1840.86886515     1.00001980        0
  1840.88929707     1.00009392        0
  1840.90972889     1.00001486        0
  1840.93016091     0.99994409        0
  1840.95059283     0.99997468        0
  1840.97102465     1.00007474        0
  1840.99145667     1.00006066        0
  1872.00678751     1.00013905        1
  1872.02721911     1.00002353        1
  1872.04765070     1.00002489        1
  1872.06808230     1.00004199        1
  1872.08851389     1.00014609        1
  1872.10894549     1.00004058        1
  1872.12937718     0.99998376        1
  1872.17024027     0.99991363        1
  1872.19067197     0.99999073        1
  1872.21110356     0.99993374        1
  1872.23153506     0.99996934        1
  1872.25196675     1.00012057        1
  1872.27239835     1.00005882        1
  1872.29282984     1.00009703        1
  1872.31326154     0.99996263        1
  1872.33369313     1.00005458        1
  1872.35412463     0.99983209        1
  1872.37455632     0.99986930        1
  1872.41541961     1.00015382        1
  1872.43585111     1.00011714        1
  1872.45628270     1.00005154        1
  1872.47671439     1.00005969        1
  1872.49714589     0.99994041        1
  1872.51757748     0.99989503        1
  1872.53800918     0.99999351        1
  1872.55844067     0.99994472        1
  1872.57887227     1.00006764        1
  1872.59930396     0.99983156        1
  1872.61973546     0.99992643        1
  1872.66059874     1.00001792        1
  1872.68103024     0.99997009        1
  1872.70146193     0.99995641        1
  1872.72189353     0.99985972        1
  1872.74232502     1.00006577        1
  1872.76275672     1.00004264        1
  1872.78318831     0.99998223        1
  1872.80361980     0.99991490        1
  1872.82405150     0.99993938        1
  1872.84448309     1.00006109        1
  1872.86491459     0.99999275        1
  1872.90577787     0.99974853        1
  1872.92620937     0.99975508        1
  1872.94664106     0.99979102        1
  1872.96707266     0.99996625        1
  1872.98750435     0.99996781        1
  1873.00793584     1.00000660        1
  1873.02836744     1.00016231        1
  1873.04879913     1.00017806        1
  1873.06923063     1.00019929        1
  1873.08966222     1.00018262        1
  1873.11009391     1.00012622        1
  1873.15095700     1.00003997        1
  1873.17138869     0.99991537        1
  1873.19182029     0.99967276        1
  1873.21225188     0.99965176        1
  1873.23268348     0.99965705        1
  1873.25311507     0.99980339        1
  1873.27354666     0.99972076        1
  1873.29397826     0.99979324        1
  1873.31440985     0.99985885        1
  1873.33484144     0.99986268        1
  1873.35527304     0.99971361        1
  1873.39613622     1.00204300        1
  1873.41656782     0.99997289        1
  1873.43699931     1.00035333        1
  1873.45743101     1.00000881        1
  1873.47786260     1.00003987        1
  1873.49829429     1.00016056        1
  1873.51872579     1.00043876        1
  1873.53915738     1.00016806        1
  1873.55958907     1.00010068        1
  1873.58002057     1.00033025        1
  1873.60045216     1.00076994        1
  1873.76390501     0.99999685        1
  1873.78433660     1.00035356        1
  1873.80476819     1.00007902        1
  1873.82519979     1.00028666        1
  1873.84563148     1.00014267        1
  1873.88649457     1.00021506        1
  1873.90692626     1.00006466        1
  1873.92735775     1.00007593        1
  1873.94778935     1.00000781        1
  1873.96822104     0.99999051        1
  1873.98865253     1.00024866        1
  1874.00908423     1.00024871        1
  1874.02951572     1.00001034        1
  1874.04994731     1.00004110        1
  1874.07037901     0.99986315        1
  1874.09081050     1.00009181        1
  1874.25426334     1.00005231        1
  1874.27469494     1.00014759        1
  1874.29512653     1.00015327        1
  1874.31555812     1.00014853        1
  1874.33598972     0.99992523        1
  1874.37685290     0.99996725        1
  1874.39728450     0.99998442        1
  1874.41771619     1.00014469        1
  1874.43814768     1.00026308        1
  1874.45857927     0.99991936        1
  1874.47901097     1.00001258        1
  1874.49944246     1.00012650        1
  1874.51987415     1.00010977        1
  1874.54030575     1.00009105        1
  1874.56073724     0.99994505        1
  1874.58116893     1.00028081        1
  1874.62203202     0.99996463        1
  1874.64246371     0.99987246        1
  1874.66289531     0.99985542        1
  1874.68332690     0.99970308        1
  1874.70375849     0.99970752        1
  1874.72419008     0.99974939        1
  1874.74462158     1.00015991        1
  1874.76505327     1.00003443        1
  1874.78548486     0.99994622        1
  1874.80591646     0.99997570        1
  1874.86721134     0.99987792        1
  1874.88764283     0.99982381        1
  1874.90807442     0.99975912        1
  1874.92850612     0.99992144        1
  1874.94893761     0.99975134        1
  1874.96936920     0.99961931        1
  1874.98980089     0.99971595        1
  1875.01023239     0.99986294        1
  1875.03066408     1.00002112        1
  1875.05109567     0.99989725        1
  1875.11239045     0.99982790        1
  1875.13282195     0.99989876        1
  1875.15325364     0.99997346        1
  1875.17368523     0.99979266        1
  1875.19411683     0.99986679        1
  1875.21454842     1.00011188        1
  1875.23498001     1.00008139        1
  1875.25541171     1.00001296        1
  1875.35756957     1.00126671        1
  1875.37800126     0.99948961        1
  1875.39843276     0.99996856        1
  1875.41886435     0.99998039        1
  1875.43929604     1.00026273        1
  1875.45972754     1.00018887        1
  1875.48015913     0.99974700        1
  1875.50059082     0.99981988        1
  1875.52102232     1.00034793        1
  1875.54145401     1.00004752        1
  1875.56188560     1.00000086        1
  1875.60274879     1.00009006        1
  1875.62318038     1.00043544        1
  1875.64361188     1.00021404        1
  1875.66404357     1.00008759        1
  1875.68447516     1.00006104        1
  1875.70490676     1.00026082        1
  1875.72533835     1.00003938        1
  1875.74576994     1.00000845        1
  1875.76620164     1.00005072        1
  1875.78663313     1.00007523        1
  1875.80706472     1.00027208        1
  1875.84792801     0.99984561        1
  1875.86835950     0.99982917        1
  1875.88879120     1.00008599        1
  1875.90922279     0.99993192        1
  1875.92965428     1.00009294        1
  1875.95008598     1.00008937        1
  1875.97051757     1.00012522        1
  1875.99094926     0.99997700        1
  1876.01138076     0.99999460        1
  1876.03181235     1.00004213        1
  1876.09310713     1.00002138        1
  1876.11353873     0.99989196        1
  1876.13397032     1.00014143        1
  1876.15440181     1.00001391        1
  1876.17483351     1.00019784        1
  1876.19526510     1.00026411        1
  1876.21569669     1.00036345        1
  1876.23612829     1.00013622        1
  1876.25655988     0.99988013        1
  1876.27699157     1.00013306        1
  1876.35871795     0.99991165        1
  1876.37914944     0.99981772        1
  1876.39958114     0.99982145        1
  1876.42001273     0.99971267        1
  1876.44044423     0.99992316        1
  1876.46087592     1.00008078        1
  1876.48130751     0.99992424        1
  1876.50173921     1.00000130        1
  1876.52217070     1.00024043        1
  1876.54260230     1.00001011        1
  1876.58346548     0.99981973        1
  1876.60389708     1.00022965        1
  1876.62432877     1.00016207        1
  1876.64476027     0.99991934        1
  1876.66519186     0.99974490        1
  1876.68562355     0.99967158        1
  1876.82864461     0.99976789        1
  1876.84907631     0.99986760        1
  1876.86950780     0.99979907        1
  1876.88993940     0.99996160        1
  1876.91037109     1.00007043        1
  1876.93080269     0.99982146        1
  1876.95123418     0.99971254        1
  1877.07382395     0.99984621        1
  1877.09425544     0.99992625        1
  1877.11468704     0.99966295        1
  1877.13511873     0.99987167        1
  1877.15555023     0.99981804        1
  1877.17598182     0.99978694        1
  1877.19641352     0.99999069        1
  1877.21684501     0.99961549        1
  1877.23727670     0.99994567        1
  1877.25770830     0.99997185        1
  1877.27813979     0.99989876        1
  1877.31900308     1.00007247        1
  1877.33943468     0.99997901        1
  1877.35986627     0.99999999        1
  1877.38029787     0.99977151        1
  1877.40072946     0.99975627        1
  1877.42116106     1.00043903        1
  1877.44159265     1.00006107        1
  1877.46202425     1.00014602        1
  1877.48245584     0.99991753        1
  1877.50288744     0.99986306        1
  1877.52331904     1.00044569        1
  1877.56418223     0.99982709        1
  1877.58461392     0.99998829        1
  1877.60504542     1.00004295        1
  1877.62547701     1.00039999        1
  1877.64590871     1.00006690        1
  1877.66634020     1.00006114        1
  1877.68677190     0.99999678        1
  1877.70720349     1.00002285        1
  1877.72763499     0.99997305        1
  1877.74806669     1.00022091        1
  1877.76849828     1.00028878        1
  1877.80936147     1.00011155        1
  1877.82979307     1.00019285        1
  1877.85022456     1.00001913        1
  1877.87065626     1.00006625        1
  1877.89108786     1.00030312        1
  1877.91151945     0.99990560        1
  1877.93195105     1.00030659        1
  1877.95238264     0.99995250        1
  1877.97281434     1.00015394        1
  1877.99324594     1.00014541        1
  1878.01367743     1.00013955        1
  1878.05454072     0.99998087        1
  1878.07497222     0.99998114        1
  1878.09540392     1.00025125        1
  1878.11583551     1.00027850        1
  1878.13626701     1.00013204        1
  1878.15669871     1.00011798        1
  1878.17713020     0.99988763        1
  1878.19756190     1.00020754        1
  1878.21799349     1.00009187        1
  1878.23842499     1.00013848        1
  1878.25885669     1.00006771        1
  1878.29971978     1.00004491        1
  1878.32015148     1.00010800        1
  1878.34058307     1.00019500        1
  1878.36101457     1.00025575        1
  1878.38144627     1.00011620        1
  1878.40187786     1.00016339        1
  1878.42230956     0.99993315        1
  1878.44274106     1.00018417        1
  1878.46317266     1.00014572        1
  1878.48360435     0.99998530        1
  1878.50403585     0.99976937        1
  1878.54489914     1.00011268        1
  1878.56533074     0.99985143        1
  1878.58576224     0.99999237        1
  1878.60619394     0.99990440        1
  1878.62662553     0.99985673        1
  1878.64705713     0.99998513        1
  1878.66748873     1.00001741        1
  1878.68792033     1.00001918        1
  1878.70835202     1.00000174        1
  1878.72878352     1.00031306        1
  1878.74921512     0.99993900        1
  1878.79007831     0.99976099        1
  1878.81050991     1.00004263        1
  1878.83094151     0.99991862        1
  1878.85137311     0.99992005        1
  1878.87180480     1.00000000        1
  1878.89223630     0.99980306        1
  1878.91266790     0.99981972        1
  1878.93309960     0.99994099        1
  1878.95353110     0.99976060        1
  1878.97396269     0.99986120        1
  1878.99439439     0.99998495        1
  1879.09655238     0.99985886        1
  1879.11698398     0.99977843        1
  1879.13741558     0.99977419        1
  1879.15784718     0.99994480        1
  1879.17827878     0.99988359        1
  1879.19871038     0.99991332        1
  1879.21914208     0.99983039        1
  1879.23957357     0.99979150        1
  1879.36216317     0.99972615        1
  1879.38259487     0.99997427        1
  1879.40302647     0.99991190        1
  1879.42345797     0.99996761        1
  1879.44388967     1.00027018        1
  1879.46432126     0.99989314        1
  1879.48475276     1.00023152        1
  1879.52561596     1.00009189        1
  1879.54604766     1.00044244        1
  1879.56647926     1.00010054        1
  1879.58691086     1.00089379        1
  1879.60734246     1.00031222        1
  1879.62777406     1.00045774        1
  1879.64820566     0.99982582        1
  1879.66863726     0.99981279        1
  1879.68906886     1.00016335        1
  1879.70950046     0.99996891        1
  1879.72993206     1.00009196        1
  1879.77079536     0.99987984        1
  1879.79122696     0.99990880        1
  1879.81165846     0.99992673        1
  1879.83209016     1.00000276        1
  1879.85252176     0.99998438        1
  1879.87295326     0.99990706        1
  1879.89338496     1.00004439        1
  1879.91381656     1.00030731        1
  1879.93424806     1.00030838        1
  1879.95467976     1.00051527        1
  1879.97511137     0.99967845        1
  1880.07726937     1.00005571        2
  1880.09770097     1.00011653        2
  1880.11813257     1.00008536        2
  1880.13856417     0.99987655        2
  1880.15899578     0.99997062        2
  1880.17942748     1.00033938        2
  1880.19985898     1.00039026        2
  1880.22029068     0.99998339        2
  1880.26115378     1.00010590        2
  1880.28158548     1.00009615        2
  1880.30201709     0.99983275        2
  1880.32244859     0.99980463        2
  1880.34288029     0.99991393        2
  1880.36331189     1.00001731        2
  1880.38374339     1.00015251        2
  1880.40417510     1.00004205        2
  1880.42460670     0.99998450        2
  1880.44503840     1.00017028        2
  1880.46546990     1.00037922        2
  1880.50633321     0.99999581        2
  1880.52676471     0.99984235        2
  1880.54719631     0.99984713        2
  1880.56762802     0.99995501        2
  1880.58805952     1.00001611        2
  1880.60849112     1.00001803        2
  1880.62892282     1.00005730        2
  1880.64935433     1.00012103        2
  1880.66978603     1.00026462        2
  1880.69021763     1.00026854        2
  1880.71064924     1.00030857        2
  1880.75151244     0.99974721        2
  1880.77194405     0.99993452        2
  1880.79237565     1.00015360        2
  1880.81280725     0.99982886        2
  1880.83323886     0.99967861        2
  1880.85367046     0.99979624        2
  1880.87410206     0.99982490        2
  1880.89453367     0.99992741        2
  1880.91496527     1.00001804        2
  1880.93539687     0.99982427        2
  1880.95582858     0.99997479        2
  1881.03755489     0.99968861        2
  1881.05798650     0.99975621        2
  1881.07841820     0.99974701        2
  1881.09884971     0.99968705        2
  1881.11928141     0.99981439        2
  1881.13971302     0.99980042        2
  1881.16014452     0.99973514        2
  1881.18057623     0.99975906        2
  1881.20100783     0.99973424        2
  1881.24187104     1.00037505        2
  1881.26230265     1.00059814        2
  1881.28273425     1.00050326        2
  1881.30316586     1.00013742        2
  1881.32359746     1.00008103        2
  1881.34402917     0.99999407        2
  1881.36446067     0.99990844        2
  1881.38489228     0.99988558        2
  1881.40532398     1.00028881        2
  1881.42575559     1.00055598        2
  1881.44618709     0.99997909        2
  1881.50748201     1.00024587        2
  1881.52791362     1.00021772        2
  1881.54834522     0.99990289        2
  1881.56877683     1.00000494        2
  1881.58920844     1.00045483        2
  1881.60963994     1.00018293        2
  1881.63007165     1.00042443        2
  1881.65050326     1.00004287        2
  1881.67093476     0.99997169        2
  1881.69136647     1.00007175        2
  1881.73222978     1.00018067        2
  1881.75266129     1.00009354        2
  1881.77309290     0.99982464        2
  1881.79352460     0.99988134        2
  1881.81395611     1.00029180        2
  1881.83438772     1.00064671        2
  1881.85481942     0.99985637        2
  1881.87525093     0.99986106        2
  1881.89568254     1.00010159        2
  1881.91611425     0.99998655        2
  1881.93654585     0.99999952        2
  1881.97740907     0.99983614        2
  1881.99784068     0.99995022        2
  1882.01827229     1.00020602        2
  1882.03870389     0.99993078        2
  1882.05913550     1.00000653        2
  1882.07956721     0.99996603        2
  1882.09999872     1.00009747        2
  1882.12043033     1.00012249        2
  1882.14086203     1.00003906        2
  1882.16129354     1.00003372        2
  1882.18172525     1.00025432        2
  1882.22258837     1.00031601        2
  1882.24302008     0.99997992        2
  1882.26345159     0.99991821        2
  1882.28388320     1.00005867        2
  1882.30431490     0.99998750        2
  1882.32474641     0.99998210        2
  1882.34517812     0.99996667        2
  1882.36560973     1.00005940        2
  1882.38604124     1.00035897        2
  1882.40647295     1.00030147        2
  1882.42690456     1.00027441        2
  1882.46776778     0.99991203        2
  1882.48819939     1.00006301        2
  1882.50863100     1.00002286        2
  1882.52906261     1.00004230        2
  1882.54949422     1.00007805        2
  1882.56992593     1.00013488        2
  1882.59035754     1.00013749        2
  1882.61078905     1.00018784        2
  1882.63122076     1.00012145        2
  1882.65165237     0.99976365        2
  1882.67208388     0.99936540        2
  1882.81510526     0.99992646        2
  1882.83553687     0.99990430        2
  1882.85596858     0.99974740        2
  1882.87640010     0.99998255        2
  1882.89683161     0.99994755        2
  1882.91726332     0.99986791        2
  1883.06028460     0.99997008        2
  1883.08071632     0.99986541        2
  1883.10114793     0.99991366        2
  1883.12157944     1.00000000        2
  1883.14201116     0.99984274        2
  1883.16244277     0.99981426        2
  1883.20330599     1.00028819        2
  1883.22373761     0.99991933        2
  1883.24416932     1.00027011        2
  1883.26460083     1.00053131        2
  1883.28503245     0.99994724        2
  1883.30546416     1.00038074        2
  1883.32589568     1.00081993        2
  1883.34632729     1.00043132        2
  1883.36675900     1.00028510        2
  1883.38719052     0.99988129        2
  1883.40762223     1.00005857        2
  1883.44848536     0.99998774        2
  1883.46891707     0.99996964        2
  1883.48934869     0.99999074        2
  1883.50978020     1.00011187        2
  1883.53021192     0.99993063        2
  1883.55064343     0.99985090        2
  1883.57107515     0.99991499        2
  1883.59150676     1.00036940        2
  1883.61193828     1.00057704        2
  1883.63236999     1.00000392        2
  1883.65280161     0.99989835        2
  1883.75495969     0.99996454        2
  1883.77539130     1.00002815        2
  1883.79582302     0.99976331        2
  1883.81625463     0.99982902        2
  1883.83668615     0.99997849        2
  1883.85711787     1.00009779        2
  1883.87754948     0.99992717        2
  1883.89798100     0.99975650        2
  1884.00013918     0.99994243        2
  1884.02057090     1.00028680        2
  1884.04100242     1.00006854        2
  1884.06143404     0.99978265        2
  1884.08186575     1.00002339        2
  1884.10229727     0.99996659        2
  1884.12272889     1.00008042        2
  1884.14316061     1.00022040        2
  1884.24531870     0.99995338        2
  1884.26575021     0.99992036        2
  1884.28618183     0.99981451        2
  1884.30661355     1.00004838        2
  1884.32704517     0.99995455        2
  1884.34747669     1.00027993        2
  1884.36790841     0.99996147        2
  1884.38834003     0.99969547        2
  1884.47006661     0.99993099        2
  1884.49049812     0.99977850        2
  1884.51092974     0.99994850        2
  1884.53136146     0.99997437        2
  1884.55179298     0.99985381        2
  1884.57222460     1.00006737        2
  1884.59265632     1.00015885        2
  1884.61308784     0.99993753        2
  1884.63351957     0.99985241        2
  1884.67438271     0.99991571        2
  1884.69481443     0.99978183        2
  1884.71524605     0.99991293        2
  1884.73567767     0.99992691        2
  1884.75610929     0.99982971        2
  1884.77654091     0.99998946        2
  1884.79697253     1.00011142        2
  1884.81740415     1.00009070        2
  1884.83783578     1.00014515        2
  1884.85826740     0.99988730        2
  1884.87869902     1.00004365        2
  1884.93999389     1.00000132        2
  1884.96042551     0.99993269        2
  1884.98085723     0.99992880        2
  1885.00128875     1.00026081        2
  1885.02172047     1.00006265        2
  1885.04215210     0.99979443        2
  1885.06258362     0.99984310        2
  1885.08301534     1.00006445        2
  1885.10344697     1.00000172        2
  1885.12387849     0.99989862        2
  1885.16474184     1.00356211        2
  1885.20560508     1.00010231        2
  1885.22603671     1.00091917        2
  1885.24646843     1.00060629        2
  1885.26689995     1.00016100        2
  1885.28733158     1.00028063        2
  1885.30776330     0.99995180        2
  1885.32819483     1.00038131        2
  1885.34862645     1.00008875        2
  1885.36905818     0.99980354        2
  1885.45078468     1.00028444        2
  1885.47121630     1.00015602        2
  1885.49164793     0.99959505        2
  1885.51207955     1.00009936        2
  1885.53251118     1.00005095        2
  1885.55294280     1.00013167        2
  1885.57337433     1.00003183        2
  1885.59380606     1.00031218        2
  1885.61423768     1.00073881        2
  1885.65510093     1.00031503        2
  1885.67553256     1.00013881        2
  1885.69596429     1.00016653        2
  1885.71639581     0.99999712        2
  1885.73682744     1.00007937        2
  1885.75725917     1.00068775        2
  1885.77769069     1.00007546        2
  1885.79812232     1.00019665        2
  1885.81855405     1.00015573        2
  1885.83898558     1.00023580        2
  1885.85941730     1.00044046        2
  1885.92071219     0.99993039        2
  1885.94114381     1.00012291        2
  1885.96157544     0.99994539        2
  1885.98200707     0.99988999        2
  1886.00243870     0.99982446        2
  1886.02287033     0.99991182        2
  1886.04330196     1.00039274        2
  1886.06373359     1.00014009        2
  1886.08416531     0.99986147        2
  1886.10459694     0.99998504        2
  1886.18632336     1.00001759        2
  1886.20675509     0.99990784        2
  1886.22718662     1.00000897        2
  1886.24761835     1.00016623        2
  1886.26804998     1.00028948        2
  1886.28848151     1.00010116        2
  1886.30891324     0.99997331        2
  1886.32934487     0.99994943        2
  1886.34977640     0.99993041        2
  1886.39063976     1.00006979        2
  1886.41107130     0.99989219        2
  1886.43150303     1.00031532        2
  1886.45193466     1.00021052        2
  1886.47236639     1.00011529        2
  1886.49279792     1.00020635        2
  1886.51322955     0.99989731        2
  1886.53366128     1.00019672        2
  1886.55409282     0.99993655        2
  1886.57452445     0.99978741        2
  1886.59495618     0.99959736        2
  1886.63581944     0.99998105        2
  1886.65625108     0.99984969        2
  1886.67668271     0.99996324        2
  1886.69711434     1.00008935        2
  1886.71754598     0.99988945        2
  1886.73797761     0.99983949        2
  1886.75840934     0.99985556        2
  1886.77884088     0.99985977        2
  1886.79927251     1.00012546        2
  1886.81970414     0.99990085        2
  1886.84013578     0.99903267        2
  1886.88099905     1.00011346        2
  1886.90143068     0.99997540        2
  1886.92186241     0.99979437        2
  1886.94229395     0.99999969        2
  1886.96272558     0.99985936        2
  1886.98315732     0.99987468        2
  1887.00358885     0.99983876        2
  1887.02402049     0.99980342        2
  1887.04445222     0.99984617        2
  1887.06488376     0.99987685        2
  1887.08531549     0.99868111        2
  1887.16704204     1.00001886        2
  1887.18747367     1.00044801        2
  1887.20790531     0.99995116        2
  1887.22833695     0.99999251        2
  1887.24876868     1.00064323        2
  1887.26920022     1.00048770        2
  1887.28963186     1.00019207        2
  1887.31006359     0.99974634        2
  1887.33049523     0.99980916        2
  1887.37135850     0.99988278        2
  1887.39179014     1.00014699        2
  1887.41222168     1.00002455        2
  1887.43265342     1.00007631        2
  1887.45308506     1.00101181        2
  1887.47351669     0.99967136        2
  1887.49394833     1.00013678        2
  1887.51437997     1.00017854        2
  1887.53481171     1.00019288        2
  1887.55524325     1.00055438        2
  1887.57567489     1.00014862        2
  1887.61653817     0.99980534        2
  1887.63696990     1.00007121        2
  1887.65740144     1.00045888        2
  1887.67783308     0.99977899        2
  1887.69826482     0.99992179        2
  1887.71869636     1.00001761        2
  1887.73912800     0.99999334        2
  1887.75955974     1.00014338        2
  1887.77999128     0.99979413        2
  1887.80042292     1.00001711        2
  1887.82085466     0.99979545        2
  1887.86171795     0.99992486        2
  1887.88214959     0.99988659        2
  1887.90258123     1.00028202        2
  1887.92301287     1.00003267        2
  1887.94344451     1.00001665        2
  1887.96387615     1.00012881        2
  1887.98430789     1.00016194        2
  1891.04905667     0.99966091        3
  1891.06948834     0.99993845        3
  1891.08992010     0.99985092        3
  1891.11035167     1.00008784        3
  1891.13078334     1.00004524        3
  1891.15121511     1.00018344        3
  1891.17164667     1.00023575        3
  1891.19207844     1.00029315        3
  1891.21251011     1.00002414        3
  1891.23294168     1.00029868        3
  1891.25337345     1.00006850        3
  1891.29423668     1.00003427        3
  1891.31466845     0.99995774        3
  1891.33510012     1.00001544        3
  1891.35553189     0.99998067        3
  1891.37596346     0.99992195        3
  1891.39639513     0.99978908        3
  1891.41682690     0.99994708        3
  1891.43725847     1.00059199        3
  1891.45769014     0.99991834        3
  1891.47812191     0.99987677        3
  1891.49855358     1.00010688        3
  1891.53941692     0.99944940        3
  1891.55984849     0.99949598        3
  1891.58028027     1.00010828        3
  1891.60071194     0.99984370        3
  1891.62114351     0.99997383        3
  1891.64157528     0.99990167        3
  1891.66200695     1.00073784        3
  1891.68243853     1.00022794        3
  1891.70287030     0.99995454        3
  1891.72330197     0.99996138        3
  1891.74373374     1.00001564        3
  1891.78459699     0.99989593        3
  1891.80502876     1.00033526        3
  1891.82546034     1.00016706        3
  1891.84589201     1.00031472        3
  1891.86632378     0.99994692        3
  1891.88675536     0.99986624        3
  1891.90718703     1.00008801        3
  1891.92761881     1.00035671        3
  1891.94805038     1.00021487        3
  1891.96848216     1.00020818        3
  1891.98891383     1.00021360        3
  1892.02977718     0.99947692        3
  1892.05020886     0.99989750        3
  1892.07064053     0.99993828        3
  1892.09107221     1.00008188        3
  1892.11150389     1.00003255        3
  1892.13193566     0.99976185        3
  1892.15236734     0.99987927        3
  1892.17279892     0.99994674        3
  1892.19323069     1.00005243        3
  1892.21366227     0.99984332        3
  1892.23409395     0.99984883        3
  1892.27495730     0.99957315        3
  1892.29538908     1.00009491        3
  1892.31582076     1.00030722        3
  1892.33625234     0.99980621        3
  1892.35668412     1.00025872        3
  1892.37711580     1.00013322        3
  1892.39754737     1.00002466        3
  1892.41797915     0.99997607        3
  1892.43841083     1.00010571        3
  1892.45884241     1.00001726        3
  1892.47927419     0.99999078        3
  1892.52013765     0.99977733        3
  1892.54056923     0.99969896        3
  1892.56100091     0.99978105        3
  1892.58143269     0.99976347        3
  1892.60186427     0.99980956        3
  1892.62229596     0.99984693        3
  1892.64272774     0.99991800        3
  1892.66315942     0.99995623        3
  1892.68359110     0.99994311        3
  1892.84704456     0.99867894        3
  1892.86747634     1.00045014        3
  1892.88790793     0.99998266        3
  1892.90833971     1.00012168        3
  1892.92877130     0.99993741        3
  1892.94920298     0.99981273        3
  1892.96963477     1.00000811        3
  1893.01049804     1.00073086        3
  1893.03092982     0.99996049        3
  1893.05136141     1.00009360        3
  1893.07179319     1.00017130        3
  1893.09222488     1.00048928        3
  1893.11265646     1.00032944        3
  1893.13308825     1.00007660        3
  1893.15351994     1.00082909        3
  1893.17395152     0.99993420        3
  1893.19438331     1.00051158        3
  1893.21481500     1.00013017        3
  1893.35783691     0.99974467        3
  1893.37826860     0.99953704        3
  1893.39870019     1.00046902        3
  1893.41913198     1.00014079        3
  1893.43956367     0.99997246        3
  1893.45999545     1.00017314        3
  1893.50085873     1.00012891        3
  1893.52129052     1.00019808        3
  1893.54172211     1.00001677        3
  1893.56215371     1.00008875        3
  1893.58258550     1.00003640        3
  1893.60301719     1.00068941        3
  1893.62344898     1.00093081        3
  1893.64388057     0.99996200        3
  1893.66431226     1.00010954        3
  1893.68474405     1.00000536        3
  1893.70517564     1.00022060        3
  1893.74603913     0.99998249        3
  1893.76647072     0.99981100        3
  1893.78690241     1.00020834        3
  1893.80733421     1.00015758        3
  1893.82776580     0.99981442        3
  1893.84819759     0.99994906        3
  1893.86862929     1.00008206        3
  1893.88906098     1.00002558        3
  1893.90949267     1.00012962        3
  1893.92992437     0.99997318        3
  1893.95035606     1.00013613        3
  1894.05251454     1.00036175        3
  1894.07294633     1.00028241        3
  1894.09337803     0.99992258        3
  1894.11380963     0.99977280        3
  1894.13424142     0.99980924        3
  1894.15467312     0.99950440        3
  1894.17510482     0.99984494        3
  1894.19553651     0.99973322        3
  1894.23639991     1.00044483        3
  1894.25683161     0.99988770        3
  1894.27726320     0.99977882        3
  1894.29769500     0.99939653        3
  1894.31812670     1.00007797        3
  1894.33855830     0.99975214        3
  1894.35899010     1.00008601        3
  1894.37942180     0.99990516        3
  1894.39985359     0.99993006        3
  1894.42028519     0.99978278        3
  1894.44071689     0.99988110        3
  1894.48158029     0.99989572        3
  1894.50201199     0.99969374        3
  1894.52244379     0.99992995        3
  1894.54287549     1.00011209        3
  1894.56330720     0.99987929        3
  1894.58373890     0.99998572        3
  1894.60417060     0.99994481        3
  1894.62460230     1.00000245        3
  1894.64503400     1.00001519        3
  1894.72676081     0.99987806        3
  1894.74719261     0.99968565        3
  1894.76762422     0.99965533        3
  1894.78805602     0.99971075        3
  1894.80848772     0.99990577        3
  1894.82891933     0.99977679        3
  1894.84935113     0.99983158        3
  1894.86978273     0.99996108        3
  1894.89021444     1.00007566        3
  1894.97194136     1.00119293        3
  1894.99237296     0.99999861        3
  1895.01280477     0.99990060        3
  1895.03323648     0.99999560        3
  1895.05366818     1.00024814        3
  1895.07409989     0.99991816        3
  1895.09453160     0.99986728        3
  1895.11496340     1.00011117        3
  1895.13539501     1.00059144        3
  1895.15582672     1.00013624        3
  1895.17625852     1.00026277        3
  1895.21712184     1.00093895        3
  1895.23755365     1.00052132        3
  1895.25798536     1.00058518        3
  1895.27841696     1.00007730        3
  1895.29884877     1.00014179        3
  1895.31928048     1.00004567        3
  1895.33971229     1.00016799        3
  1895.36014390     1.00015079        3
  1895.38057561     1.00006621        3
  1895.40100742     1.00004580        3
  1895.42143903     1.00056557        3
  1895.46230255     0.99995456        3
  1895.48273416     1.00026737        3
  1895.50316597     0.99976074        3
  1895.52359759     0.99992046        3
  1895.54402930     1.00046321        3
  1895.56446111     1.00034554        3
  1895.58489272     1.00027658        3
  1895.60532443     0.99988602        3
  1895.62575625     1.00008976        3
  1895.64618786     1.00031292        3
  1895.66661967     1.00027383        3
  1895.70748310     0.99963349        3
  1895.72791481     0.99981736        3
  1895.74834653     0.99989992        3
  1895.76877824     0.99992168        3
  1895.78920995     0.99988578        3
  1895.80964167     1.00025690        3
  1895.83007338     1.00036753        3
  1895.85050520     0.99969228        3
  1895.87093681     0.99989693        3
  1895.89136863     0.99980235        3
  1895.91180034     0.99983098        3
  1895.97309549     0.99919646        3
  1895.99352711     1.00029015        3
  1896.01395893     1.00010600        3
  1896.03439064     1.00006939        3
  1896.05482246     0.99996552        3
  1896.07525408     1.00014792        3
  1896.09568580     1.00039142        3
  1896.11611751     1.00007444        3
  1896.13654923     0.99990691        3
  1896.15698095     1.00002767        3
  1896.19784439     0.99970196        3
  1896.21827621     1.00006928        3
  1896.23870783     1.00002493        3
  1896.25913955     0.99955320        3
  1896.27957137     1.00004843        3
  1896.30000299     0.99991929        3
  1896.32043471     0.99999448        3
  1896.34086653     1.00018163        3
  1896.36129815     1.00000000        3
  1896.38172987     1.00009946        3
  1896.40216169     1.00013063        3
  1896.52475202     1.00052187        3
  1896.54518375     0.99951946        3
  1896.56561557     0.99994737        3
  1896.58604719     0.99984979        3
  1896.60647902     1.00019315        3
  1896.62691074     0.99985767        3
  1896.64734237     0.99980668        3
  1896.68820591     0.99974108        3
  1896.70863754     1.00044651        3
  1896.72906936     0.99996570        3
  1896.74950109     0.99997809        3
  1896.76993282     0.99961870        3
  1896.79036454     0.99972957        3
  1896.81079627     0.99956046        3
  1896.83122799     0.99994728        3
  1896.85165972     0.99985537        3
  1896.87209145     0.99990702        3
  1896.89252317     0.99971975        3
  1896.93338663     1.00057652        3
  1896.95381836     1.00061229        3
  1896.97425008     1.00018572        3
  1896.99468191     1.00040645        3
  1897.01511354     1.00057170        3
  1897.03554527     1.00144483        3
  1897.05597710     1.00082721        3
  1897.07640883     0.99981449        3
  1897.09684046     0.99979319        3
  1897.11727229     0.99987714        3
  1897.13770402     0.99989625        3
  1897.17856748     1.00007066        3
  1897.19899921     1.00028698        3
  1897.21943104     1.00008377        3
  1897.23986267     0.99980311        3
  1897.26029440     0.99983628        3
  1897.28072623     1.00062191        3
  1897.30115787     0.99988008        3
  1897.32158970     0.99971858        3
  1897.34202143     1.00006683        3
  1897.36245306     1.00045224        3
  1897.38288490     1.00092073        3
  1897.42374826     1.00015507        3
  1897.44418010     0.99985298        3
  1897.46461183     0.99997672        3
  1897.48504366     1.00012647        3
  1897.50547530     1.00002009        3
  1897.52590693     1.00037192        3
  1897.54633877     0.99974763        3
  1897.56677050     0.99986939        3
  1897.58720224     0.99993802        3
  1897.60763397     1.00007204        3
  1897.62806571     1.00011352        3
  1897.77108797     0.99994063        3
  1897.79151971     0.99951726        3
  1897.81195134     0.99957544        3
  1897.83238318     1.00004496        3
  1897.85281492     1.00007118        3
  1897.87324676     1.00034591        3
  1897.95497362     0.99976673        3
  1897.97540536     1.00033561        3
  1897.99583720     1.00008635        3
  1898.01626884     0.99986229        4
  1898.03670068     0.99999819        4
  1898.05713242     1.00022482        4
  1898.07756406     1.00005568        4
  1898.09799590     1.00050124        4
  1898.11842765     1.00131108        4
  1898.15929113     0.99955800        4
  1898.17972277     0.99988948        4
  1898.20015462     0.99998940        4
  1898.22058636     1.00004917        4
  1898.24101800     0.99977245        4
  1898.26144985     0.99952213        4
  1898.28188159     0.99957037        4
  1898.30231333     1.00052210        4
  1898.32274508     1.00076378        4
  1898.34317682     0.99850104        4
  1898.36360857     0.99442222        4
  1898.40447206     1.00047079        4
  1898.42490390     1.00043081        4
  1898.44533565     1.00003964        4
  1898.46576730     1.00007975        4
  1898.48619914     1.00016559        4
  1898.50663089     0.99984900        4
  1898.52706254     1.00010159        4
  1898.54749438     0.99985107        4
  1898.56792613     1.00002013        4
  1898.58835798     0.99972630        4
  1898.60878963     0.99783631        4
  1898.64965322     0.99986077        4
  1898.67008487     0.99960799        4
  1898.69051662     1.00010229        4
  1898.71094847     1.00007821        4
  1898.73138012     1.00010755        4
  1898.75181197     1.00023495        4
  1898.77224372     0.99990412        4
  1898.79267537     0.99989924        4
  1898.81310722     0.99957080        4
  1898.83353887     0.99989875        4
  1898.85397062     1.00034616        4
  1898.89483413     1.00137208        4
  1898.91526588     1.00023330        4
  1898.93569773     1.00211180        4
  1898.95612948     0.99980152        4
  1898.97656124     0.99987219        4
  1898.99699299     0.99996144        4
  1899.01742474     0.99979102        4
  1899.03785650     1.00011646        4
  1899.05828825     1.00000103        4
  1899.07872000     0.99998713        4
  1899.09915186     0.99987070        4
  1899.14001537     1.00000224        4
  1899.16044712     1.00023086        4
  1899.18087878     0.99991077        4
  1899.20131063     0.99996643        4
  1899.22174239     0.99987897        4
  1899.24217405     1.00016073        4
  1899.26260590     1.00070420        4
  1899.28303766     0.99943517        4
  1899.30346951     1.00006715        4
  1899.32390117     1.00007371        4
  1899.34433293     0.99902268        4
  1899.38519645     1.00022114        4
  1899.40562820     1.00041098        4
  1899.42606006     0.99973071        4
  1899.44649172     0.99995882        4
  1899.46692358     0.99994866        4
  1899.48735524     0.99983127        4
  1899.50778700     1.00031840        4
  1899.52821886     1.00021369        4
  1899.54865052     0.99981026        4
  1899.56908228     0.99935895        4
  1899.58951414     1.00067039        4
  1899.63037756     1.00003085        4
  1899.65080942     0.99997955        4
  1899.67124119     1.00012906        4
  1899.69167295     1.00044291        4
  1899.71210471     1.00007880        4
  1899.73253647     1.00016178        4
  1899.75296833     1.00007014        4
  1899.77340000     0.99962612        4
  1899.79383176     0.99929474        4
  1899.81426362     1.00003272        4
  1899.83469529     0.99693009        4
  1899.91642245     0.99895740        4
  1899.93685421     1.00030765        4
  1899.95728588     1.00033622        4
  1899.97771774     0.99994743        4
  1899.99814951     0.99977238        4
  1900.01858138     1.00015435        4
  1900.03901304     0.99974411        4
  1900.05944481     1.00001026        4
  1900.07987658     1.00010734        4
  1900.12074011     1.00050131        4
  1900.14117188     1.00043551        4
  1900.16160365     1.00024411        4
  1900.18203552     1.00027070        4
  1900.20246719     1.00001527        4
  1900.22289895     1.00028989        4
  1900.24333082     0.99982059        4
  1900.26376249     0.99980103        4
  1900.28419426     0.99997396        4
  1900.30462613     1.00028323        4
  1900.32505790     1.00009495        4
  1900.36592145     0.99979357        4
  1900.38635322     1.00001630        4
  1900.40678509     1.00007785        4
  1900.42721676     0.99989281        4
  1900.44764853     1.00006223        4
  1900.46808040     0.99989479        4
  1900.48851208     0.99994078        4
  1900.50894385     0.99999782        4
  1900.52937572     1.00049625        4
  1900.54980740     1.00014637        4
  1900.57023927     0.99960659        4
  1900.61110272     1.00018844        4
  1900.63153459     0.99991468        4
  1900.65196637     1.00008282        4
  1900.67239804     1.00036436        4
  1900.69282992     1.00112839        4
  1900.71326169     0.99965031        4
  1900.73369347     0.99275340        4
  1900.85628413     0.99979030        4
  1900.87671591     0.99963670        4
  1900.89714779     0.99962189        4
  1900.91757957     0.99959426        4
  1900.93801125     0.99959900        4
  1900.95844313     0.99998881        4
  1900.97887490     1.00028984        4
  1900.99930658     1.00032819        4
  1901.01973846     1.00006859        4
  1901.04017024     1.00002227        4
  1901.06060192     1.00000821        4
  1901.10146559     0.99988803        4
  1901.12189747     1.00022881        4
  1901.14232915     1.00021636        4
  1901.16276093     0.99992382        4
  1901.18319281     1.00005715        4
  1901.20362450     0.99989817        4
  1901.22405628     0.99985867        4
  1901.24448816     0.99894148        4
  1901.26491984     0.99958932        4
  1901.28535173     0.99683464        4
  1901.30578351     0.99996671        4
  1901.38751065     0.99939886        4
  1901.40794244     0.99927544        4
  1901.42837422     0.99962613        4
  1901.44880601     1.00005558        4
  1901.46923779     1.00007754        4
  1901.48966958     0.99979612        4
  1901.51010137     1.00032070        4
  1901.53053315     1.00031027        4
  1901.55096494     0.99929597        4
  1901.59182852     1.00015939        4
  1901.61226040     0.99934225        4
  1901.63269219     0.99986248        4
  1901.65312388     0.99996780        4
  1901.67355577     0.99968953        4
  1901.69398756     0.99994455        4
  1901.71441925     1.00018046        4
  1901.73485114     1.00040111        4
  1901.75528293     1.00007932        4
  1901.77571462     1.00033064        4
  1901.79614651     1.00011090        4
  1901.83701019     1.00041742        4
  1901.85744189     1.00025423        4
  1901.87787368     1.00030331        4
  1901.89830557     1.00025121        4
  1901.91873726     0.99992260        4
  1901.93916905     0.99998660        4
  1901.95960095     1.00023666        4
  1901.98003264     1.00077386        4
  1902.00046453     1.00012561        4
  1902.02089633     0.99797620        4
  1902.08219171     0.99989713        4
  1902.10262341     1.00022025        4
  1902.12305530     0.99980366        4
  1902.14348710     0.99964946        4
  1902.16391889     1.00002358        4
  1902.18435069     0.99993015        4
  1902.20478249     1.00020956        4
  1902.22521428     0.99971057        4
  1902.24564608     1.00013301        4
  1902.26607788     1.00015926        4
  1902.28650978     0.99816083        4
  1902.32737327     0.99984590        4
  1902.34780517     0.99988030        4
  1902.36823687     0.99984450        4
  1902.38866877     1.00005237        4
  1902.40910057     1.00052443        4
  1902.42953227     0.99881148        4
  1902.44996417     0.99665782        4
  1902.47039597     0.99303583        4
  1902.57255498     1.00033493        4
  1902.59298678     0.99972387        4
  1902.61341868     0.99993480        4
  1902.63385038     1.00005733        4
  1902.65428219     0.99982733        4
  1902.67471409     0.99984696        4
  1902.69514579     1.00003962        4
  1902.71557770     1.00005874        4
  1902.73600950     1.00031445        4
  1902.75644121     1.00076078        4
  1902.77687311     0.99799194        4
  1902.81773672     0.99933787        4
  1902.83816853     1.00051279        4
  1902.85860033     1.00028831        4
  1902.87903204     1.00033726        4
  1902.89946395     1.00017695        4
  1902.91989575     0.99987038        4
  1902.94032766     0.99940997        4
  1902.96075937     1.00034816        4
  1902.98119118     0.99990158        4
  1903.00162308     0.99979448        4
  1903.02205479     0.99827977        4
  1903.22637299     0.99996273        4
  1903.24680481     1.00037698        4
  1903.26723672     1.00009664        4
  1903.30810024     0.99986326        4
  1903.32853216     0.99978364        4
  1903.34896387     0.99976391        4
  1903.36939568     1.00024494        4
  1903.38982760     0.99975174        4
  1903.41025941     0.99977128        4
  1903.43069123     0.99929381        4
  1903.45112294     1.00007264        4
  1903.47155476     1.00014404        4
  1903.49198667     0.99985335        4
  1903.51241849     0.99850869        4
  1903.55328212     1.00020377        4
  1903.57371394     0.99967334        4
  1903.59414565     0.99969071        4
  1903.61457757     1.00024614        4
  1903.63500939     0.99995165        4
  1903.65544131     1.00017051        4
  1903.67587302     1.00008705        4
  1903.69630484     1.00039870        4
  1903.71673676     1.00015232        4
  1903.73716848     0.99934023        4
  1903.75760030     1.00003006        4
  1903.81889586     0.99872200        4
  1903.83932768     1.00006202        4
  1903.85975940     1.00055678        4
  1903.88019132     1.00015033        4
  1903.90062314     1.00000000        4
  1903.92105487     0.99979630        4
  1903.94148679     1.00015853        4
  1903.96191861     1.00030521        4
  1903.98235053     1.00017284        4
  1904.00278226     0.99992069        4
  1904.04364590     0.99919347        4
  1904.06407783     1.00032922        4
  1904.08450955     1.00033506        4
  1904.10494138     0.99994894        4
  1904.12537320     1.00002003        4
  1904.14580503     0.99986733        4
  1904.16623695     1.00006473        4
  1904.18666868     0.99983030        4
  1904.20710060     0.99983076        4
  1904.22753243     0.99973241        4
  1904.24796416     0.99906262        4
  1904.30925964     1.00035261        4
  1904.32969157     0.99991587        4
  1904.35012340     0.99976098        4
  1904.37055533     0.99992610        4
  1904.39098705     1.00020314        4
  1904.41141888     1.00023313        4
  1904.43185081     1.00035985        4
  1904.45228254     0.99981139        4
  1904.47271437     1.00007418        4
  1904.49314630     0.99998472        4
  1904.61573729     1.00023811        4
  1904.63616913     0.99917216        4
  1904.65660096     1.00020336        4
  1904.67703279     0.99998039        4
  1904.69746463     0.99960501        4
  1904.71789646     0.99969906        4
  1904.73832830     1.00017221        4
  1904.77919197     1.00004741        4
  1904.79962380     1.00003305        4
  1904.82005574     1.00012373        4
  1904.84048747     1.00045927        4
  1904.86091931     0.99972692        4
  1904.88135125     0.99771625        4
  1905.04480595     1.00060042        4
  1905.06523779     1.00045519        4
  1905.08566973     1.00020108        4
  1905.10610147     0.99969495        4
  1905.12653331     0.99967522        4
  1905.14696525     0.99998581        4
  1905.16739699     1.00002765        4
  1905.18782883     0.99978436        4
