  1835.65850570     1.00036405        0
  1835.80152949     1.00145350        0
  1835.82196156     1.00007224        0
  1835.84239343     1.00014114        0
  1835.86282540     1.00004368        0
  1835.88325747     1.00002808        0
  1835.90368933     0.99995556        0
  1835.92412130     1.00001076        0
  1835.94455337     1.00010379        0
  1835.96498523     1.00000185        0
  1835.98541720     1.00000142        0
  1836.00584926     0.99992269        0
  1836.02628113     1.00004533        0
  1836.04671309     0.99993109        0
  1836.06714515     0.99995764        0
  1836.08757702     0.99994806        0
  1836.10800898     0.99992408        0
  1836.12844104     0.99976596        0
  1836.14887301     0.99996725        0
  1836.16930487     0.99985662        0
  1836.18973693     0.99995890        0
  1836.21016889     0.99989609        0
  1836.23060095     0.99985911        0
  1836.25103281     1.00001849        0
  1836.27146477     0.99998720        0
  1836.31232869     0.99994512        0
  1836.33276065     1.00004655        0
  1836.35319270     0.99988891        0
  1836.37362456     0.99989640        0
  1836.39405652     1.00004482        0
  1836.41448847     0.99987484        0
  1836.43492043     1.00003451        0
  1836.45535239     1.00003807        0
  1836.47578434     1.00002185        0
  1836.49621630     0.99999413        0
  1836.51664825     1.00001243        0
  1836.53708020     1.00002772        0
  1836.55751216     1.00002518        0
  1836.57794411     1.00002669        0
  1836.59837616     1.00009864        0
  1836.61880802     1.00021690        0
  1836.63923997     1.00011038        0
  1836.65967202     1.00002105        0
  1836.68010387     1.00003649        0
  1836.70053582     0.99997489        0
  1836.72096787     0.99994986        0
  1836.74139972     1.00015692        0
  1836.76183167     1.00007200        0
  1836.78226372     1.00019496        0
  1836.80269557     1.00011599        0
  1836.82312762     1.00017246        0
  1836.84355957     1.00003099        0
  1836.86399141     1.00002101        0
  1836.88442346     1.00009201        0
  1836.90485541     1.00008611        0
  1836.92528725     0.99999845        0
  1836.94571930     1.00011146        0
  1836.96615125     0.99993051        0
  1836.98658319     0.99990960        0
  1837.00701513     0.99989291        0
  1837.02744708     1.00108424        0
  1837.04787902     0.99985597        0
  1837.06831107     0.99971279        0
  1837.08874291     0.99999023        0
  1837.10917485     1.00007053        0
  1837.12960679     1.00000888        0
  1837.15003874     1.00009974        0
  1837.17047068     1.00009319        0
  1837.19090262     0.99980889        0
  1837.21133456     0.99984389        0
  1837.23176650     0.99995993        0
  1837.25219844     1.00008889        0
  1837.27263038     0.99994607        0
  1837.29306222     0.99995769        0
  1837.31349426     0.99993005        0
  1837.33392619     0.99988664        0
  1837.35435813     1.00002194        0
  1837.37479007     1.00001227        0
  1837.39522200     1.00006446        0
  1837.41565394     0.99989915        0
  1837.43608598     0.99994995        0
  1837.45651781     0.99994184        0
  1837.47694985     0.99988302        0
  1837.49738178     1.00005373        0
  1837.51781362     0.99993680        0
  1837.53824565     0.99992403        0
  1837.55867758     1.00005304        0
  1837.57910942     0.99994158        0
  1837.59954145     0.99994562        0
  1837.61997338     1.00005764        0
  1837.64040522     1.00006220        0
  1837.66083725     1.00001314        0
  1837.68126918     0.99997798        0
  1837.70170101     0.99995257        0
  1837.72213304     0.99998547        0
  1837.74256497     1.00000000        0
  1837.76299680     0.99992772        0
  1837.78342883     0.99988109        0
  1837.80386076     0.99981519        0
  1837.82429268     0.99992717        0
  1837.84472461     1.00003538        0
  1837.86515654     1.00009027        0
  1837.88558837     0.99984705        0
  1837.90602039     1.00002277        0
  1837.92645232     0.99997258        0
  1837.94688425     1.00003435        0
  1837.96731617     1.00012816        0
  1837.98774810     0.99997143        0
  1838.00817992     1.00002269        0
  1838.02861195     1.00004427        0
  1838.04904387     1.00003321        0
  1838.06947589     1.00006843        0
  1838.08990772     0.99988444        0
  1838.11033964     1.00005465        0
  1838.13077166     1.00003223        0
  1838.15120348     1.00002779        0
  1838.17163541     1.00004986        0
  1838.19206743     1.00000455        0
  1838.27379511     1.00006453        0
  1838.29422693     1.00008008        0
  1838.31465894     0.99995649        0
  1838.33509086     1.00004218        0
  1838.35552268     0.99999459        0
  1838.37595470     0.99989713        0
  1838.39638662     0.99994332        0
  1838.41681843     0.99982853        0
  1838.43725045     1.00007409        0
  1838.45768237     0.99992796        0
  1838.47811418     1.00000347        0
  1838.49854620     1.00004440        0
  1838.51897811     1.00027790        0
  1838.53940993     0.99988631        0
  1838.55984194     0.99990300        0
  1838.58027385     0.99993989        0
  1838.60070567     1.00030082        0
  1838.62113768     0.99997108        0
  1838.64156959     0.99999232        0
  1838.66200140     0.99991018        0
  1838.68243342     1.00002801        0
  1838.70286533     1.00009460        0
  1838.72329724     0.99999228        0
  1838.74372915     0.99982378        0
  1838.76416106     0.99983088        0
  1838.78459297     0.99997661        0
  1838.80502488     0.99987463        0
  1838.82545679     1.00027264        0
  1838.84588879     1.00006615        0
  1838.86632060     0.99975367        0
  1838.88675251     1.00012983        0
  1838.90718452     0.99992155        0
  1838.92761632     0.99999481        0
  1838.94804823     0.99992003        0
  1838.96848024     0.99992802        0
  1838.98891204     1.00147503        0
  1839.05020776     0.99995530        0
  1839.07063966     1.00019515        0
  1839.09107167     0.99998996        0
  1839.11150357     1.00008005        0
  1839.13193537     1.00008599        0
  1839.15236738     1.00014847        0
  1839.17279928     1.00009977        0
  1839.19323108     1.00001935        0
  1839.21366308     1.00013232        0
  1839.23409498     0.99997908        0
  1839.25452678     0.99981368        0
  1839.27495878     0.99984571        0
  1839.29539068     1.00002992        0
  1839.31582268     0.99999169        0
  1839.33625448     1.00014179        0
  1839.35668638     0.99995469        0
  1839.37711828     1.00007125        0
  1839.39755018     0.99998704        0
  1839.41798198     0.99988720        0
  1839.43841397     0.99998477        0
  1839.45884587     0.99996580        0
  1839.47927767     0.99999505        0
  1839.49970966     1.00000051        0
  1839.52014156     0.99993679        0
  1839.54057345     1.00008500        0
  1839.56100535     1.00013448        0
  1839.58143724     1.00000169        0
  1839.60186914     1.00001377        0
  1839.62230103     1.00002176        0
  1839.72446049     1.00128154        0
  1839.74489249     1.00004069        0
  1839.76532428     1.00010864        0
  1839.78575617     1.00004122        0
  1839.80618816     1.00000677        0
  1839.82661995     1.00000191        0
  1839.84705184     0.99995298        0
  1839.86748383     1.00014900        0
  1839.88791562     1.00007459        0
  1839.90834751     0.99972846        0
  1839.92877949     0.99991999        0
  1839.94921138     1.00010966        0
  1839.96964327     0.99994754        0
  1839.99007516     0.99991730        0
  1840.27612153     0.99999526        0
  1840.29655342     0.99985624        0
  1840.31698520     1.00011552        0
  1840.33741718     0.99999114        0
  1840.35784906     0.99996183        0
  1840.37828094     1.00003296        0
  1840.39871282     0.99987265        0
  1840.41914470     0.99999853        0
  1840.43957657     1.00006676        0
  1840.46000845     0.99996017        0
  1840.48044033     0.99991755        0
  1840.50087221     1.00003452        0
  1840.52130419     0.99992980        0
  1840.54173596     0.99981196        0
  1840.56216794     0.99996015        0
  1840.58259982     1.00010596        0
  1840.60303159     0.99993243        0
  1840.62346357     0.99993808        0
  1840.64389544     0.99990606        0
  1840.66432722     1.00001203        0
  1840.68475919     0.99980903        0
  1840.70519106     1.00191785        0
  1840.72562284     1.00003623        0
  1840.74605481     1.00002210        0
  1840.76648668     0.99991563        0
  1840.78691856     0.99995383        0
  1840.80735043     0.99998969        0
  1840.82778220     1.00005056        0
  1840.84821417     0.99998718        0
  1840.86864604     0.99993361        0
  1840.88907791     1.00027052        0
  1840.90950968     0.99984749        0
  1840.92994165     0.99999101        0
  1840.95037352     1.00006477        0
  1840.97080529     0.99995279        0
  1840.99123726     1.00010148        0
  1872.00652231     1.00009665        1
  1872.02695390     0.99981766        1
  1872.04738548     0.99999165        1
  1872.06781707     0.99990907        1
  1872.08824866     0.99994493        1
  1872.10868024     1.00003753        1
  1872.12911193     1.00029255        1
  1872.16997501     0.99990512        1
  1872.19040669     1.00006738        1
  1872.21083828     0.99997470        1
  1872.23126977     1.00000940        1
  1872.25170145     1.00004765        1
  1872.27213304     1.00018278        1
  1872.29256453     1.00007206        1
  1872.31299622     1.00004898        1
  1872.33342780     1.00007249        1
  1872.35385929     1.00002216        1
  1872.37429098     1.00008677        1
  1872.41515425     1.00001340        1
  1872.43558574     0.99987730        1
  1872.45601733     1.00003061        1
  1872.47644901     1.00005130        1
  1872.49688050     0.99991610        1
  1872.51731209     0.99988057        1
  1872.53774377     1.00008508        1
  1872.55817526     0.99989747        1
  1872.57860685     1.00010620        1
  1872.59903854     0.99983389        1
  1872.61947002     1.00006118        1
  1872.66033330     1.00009009        1
  1872.68076478     1.00006926        1
  1872.70119647     0.99992828        1
  1872.72162806     0.99986899        1
  1872.74205955     0.99995522        1
  1872.76249123     1.00017422        1
  1872.78292282     0.99989655        1
  1872.80335431     1.00003040        1
  1872.82378599     1.00011738        1
  1872.84421758     1.00011212        1
  1872.86464907     0.99998907        1
  1872.90551234     0.99991542        1
  1872.92594383     1.00003420        1
  1872.94637552     0.99988182        1
  1872.96680710     0.99988283        1
  1872.98723879     0.99998324        1
  1873.00767028     0.99988413        1
  1873.02810187     1.00001856        1
  1873.04853355     1.00002430        1
  1873.06896504     0.99992867        1
  1873.08939663     1.00006156        1
  1873.15069139     0.99987796        1
  1873.17112308     0.99979208        1
  1873.19155467     0.99985160        1
  1873.21198625     0.99949244        1
  1873.23241784     0.99947175        1
  1873.25284943     0.99966275        1
  1873.27328102     0.99966620        1
  1873.29371260     0.99980225        1
  1873.31414419     0.99963913        1
  1873.33457578     0.99979812        1
  1873.35500737     0.99983417        1
  1873.39587054     1.00007070        1
  1873.41630213     0.99951049        1
  1873.43673362     1.00041770        1
  1873.45716530     0.99987043        1
  1873.47759689     0.99978398        1
  1873.49802858     0.99986618        1
  1873.51846007     0.99981165        1
  1873.53889165     0.99994393        1
  1873.55932334     1.00010940        1
  1873.57975483     0.99998178        1
  1873.60018642     1.00036257        1
  1873.74320763     1.00015498        1
  1873.76363922     1.00007981        1
  1873.78407081     1.00011321        1
  1873.80450239     1.00035915        1
  1873.82493398     1.00022645        1
  1873.84536567     1.00023099        1
  1873.88622875     1.00015594        1
  1873.90666043     1.00039470        1
  1873.92709192     0.99996249        1
  1873.94752351     1.00005737        1
  1873.96795520     1.00002192        1
  1873.98838669     1.00006603        1
  1874.00881837     1.00061545        1
  1874.02924986     1.00006254        1
  1874.04968145     1.00037100        1
  1874.07011314     1.00029415        1
  1874.09054463     1.00030686        1
  1874.23356574     1.00005886        1
  1874.25399743     1.00012342        1
  1874.27442902     1.00018520        1
  1874.29486061     1.00021556        1
  1874.31529220     1.00014730        1
  1874.33572379     1.00003422        1
  1874.37658696     1.00007347        1
  1874.39701855     0.99993615        1
  1874.41745024     1.00015712        1
  1874.43788173     1.00019228        1
  1874.45831332     1.00005246        1
  1874.47874500     1.00003139        1
  1874.49917649     1.00007045        1
  1874.51960818     1.00016719        1
  1874.54003977     1.00000538        1
  1874.56047126     1.00007190        1
  1874.58090295     1.00030547        1
  1874.62176603     0.99988939        1
  1874.64219771     0.99999581        1
  1874.66262930     1.00004188        1
  1874.68306089     1.00008387        1
  1874.70349248     0.99996063        1
  1874.72392407     0.99992458        1
  1874.74435556     1.00010506        1
  1874.76478725     1.00008401        1
  1874.78521884     1.00007325        1
  1874.80565043     0.99997087        1
  1874.86694529     0.99980019        1
  1874.88737678     0.99968004        1
  1874.90780837     0.99978815        1
  1874.92824006     1.00000770        1
  1874.94867155     0.99982264        1
  1874.96910314     0.99991269        1
  1874.98953483     0.99989505        1
  1875.00996632     0.99996663        1
  1875.03039801     1.00012785        1
  1875.05082960     0.99977533        1
  1875.11212437     0.99995647        1
  1875.13255586     0.99992085        1
  1875.15298754     0.99979062        1
  1875.17341913     0.99981999        1
  1875.19385072     0.99992109        1
  1875.21428231     0.99982863        1
  1875.23471390     0.99991125        1
  1875.35730344     1.00056617        1
  1875.37773513     1.00052847        1
  1875.39816662     0.99979681        1
  1875.41859821     0.99993040        1
  1875.43902990     0.99974043        1
  1875.45946139     0.99988854        1
  1875.47989298     0.99996851        1
  1875.50032467     0.99999919        1
  1875.52075616     0.99992546        1
  1875.54118785     1.00005438        1
  1875.56161944     1.00009710        1
  1875.60248263     0.99998814        1
  1875.62291422     1.00024576        1
  1875.64334571     0.99999955        1
  1875.66377740     0.99987901        1
  1875.68420899     0.99969272        1
  1875.70464058     1.00013590        1
  1875.72507217     1.00015877        1
  1875.74550376     0.99995875        1
  1875.76593545     0.99999640        1
  1875.78636694     0.99992183        1
  1875.80679853     1.00023085        1
  1875.84766181     0.99995877        1
  1875.86809330     1.00005716        1
  1875.88852500     1.00004623        1
  1875.90895659     1.00020270        1
  1875.92938808     0.99998315        1
  1875.94981977     0.99990307        1
  1875.97025136     1.00008265        1
  1875.99068305     1.00034598        1
  1876.01111454     1.00003459        1
  1876.09284091     0.99977956        1
  1876.11327250     1.00045456        1
  1876.13370409     0.99997012        1
  1876.15413558     0.99994812        1
  1876.17456727     0.99997719        1
  1876.19499887     1.00002251        1
  1876.21543046     0.99996964        1
  1876.23586205     1.00005235        1
  1876.25629364     1.00010506        1
  1876.33802011     0.99995578        1
  1876.35845170     0.99981208        1
  1876.37888319     0.99988598        1
  1876.39931489     0.99988450        1
  1876.41974648     0.99986528        1
  1876.44017797     0.99983506        1
  1876.46060966     0.99976289        1
  1876.48104125     0.99997506        1
  1876.50147295     0.99992394        1
  1876.52190444     0.99978932        1
  1876.54233603     0.99994852        1
  1876.58319922     0.99989965        1
  1876.60363081     0.99997981        1
  1876.62406250     0.99993477        1
  1876.64449399     0.99992597        1
  1876.66492559     0.99998218        1
  1876.82837833     0.99999140        1
  1876.84881003     0.99982355        1
  1876.86924152     0.99992830        1
  1876.88967311     0.99995224        1
  1876.91010481     0.99991337        1
  1876.93053640     0.99995638        1
  1877.07355765     0.99983752        1
  1877.09398915     0.99969752        1
  1877.11442074     0.99974380        1
  1877.13485244     0.99985082        1
  1877.15528393     0.99984558        1
  1877.17571553     1.00004123        1
  1877.19614722     0.99992864        1
  1877.21657871     0.99987828        1
  1877.23701041     0.99994921        1
  1877.25744200     1.00001485        1
  1877.27787350     1.00002016        1
  1877.31873679     0.99987069        1
  1877.33916838     0.99997259        1
  1877.35959998     0.99984388        1
  1877.38003157     0.99999035        1
  1877.40046316     1.00001702        1
  1877.42089476     1.00022287        1
  1877.44132635     1.00002966        1
  1877.46175795     1.00013819        1
  1877.48218954     1.00001039        1
  1877.50262114     1.00000000        1
  1877.52305274     1.00010036        1
  1877.56391593     1.00008870        1
  1877.58434762     1.00025147        1
  1877.60477912     0.99992607        1
  1877.62521071     1.00006327        1
  1877.64564241     1.00016832        1
  1877.66607390     1.00014296        1
  1877.68650560     1.00010079        1
  1877.70693719     1.00005000        1
  1877.72736869     1.00023031        1
  1877.74780039     1.00001397        1
  1877.76823198     1.00024084        1
  1877.80909517     1.00019655        1
  1877.82952677     1.00005978        1
  1877.84995827     1.00039059        1
  1877.87038996     1.00025302        1
  1877.89082156     1.00033438        1
  1877.91125316     1.00002218        1
  1877.93168475     1.00022639        1
  1877.95211635     1.00027724        1
  1877.97254805     1.00008088        1
  1877.99297964     0.99980401        1
  1878.01341114     1.00003398        1
  1878.05427443     1.00008278        1
  1878.07470593     0.99993708        1
  1878.09513763     1.00016172        1
  1878.11556922     1.00021623        1
  1878.13600072     1.00030230        1
  1878.15643242     1.00017574        1
  1878.17686391     1.00010661        1
  1878.19729561     1.00005758        1
  1878.21772721     1.00003403        1
  1878.23815871     1.00007009        1
  1878.25859040     1.00013801        1
  1878.29945350     1.00005588        1
  1878.31988520     1.00000382        1
  1878.34031680     1.00010341        1
  1878.36074829     1.00022958        1
  1878.38117999     1.00009853        1
  1878.40161159     1.00014698        1
  1878.42204329     1.00001103        1
  1878.44247479     0.99995071        1
  1878.46290638     0.99998083        1
  1878.48333808     1.00006643        1
  1878.54463288     1.00011632        1
  1878.56506448     0.99998541        1
  1878.58549598     0.99979347        1
  1878.60592767     0.99999571        1
  1878.62635927     0.99998381        1
  1878.64679087     1.00007542        1
  1878.66722247     1.00002241        1
  1878.68765407     0.99998841        1
  1878.70808577     0.99993804        1
  1878.72851727     0.99999058        1
  1878.74894887     1.00000142        1
  1878.78981207     0.99983009        1
  1878.81024367     0.99996626        1
  1878.83067527     0.99988856        1
  1878.85110687     0.99986887        1
  1878.87153856     0.99990010        1
  1878.89197006     0.99985443        1
  1878.91240166     0.99996629        1
  1878.93283336     1.00002593        1
  1878.95326486     0.99991849        1
  1878.97369646     0.99976879        1
  1878.99412817     0.99989661        1
  1879.07585457     0.99974220        1
  1879.09628617     0.99985103        1
  1879.11671777     0.99996044        1
  1879.13714937     0.99976983        1
  1879.15758097     0.99986471        1
  1879.17801257     0.99978882        1
  1879.19844417     1.00000992        1
  1879.21887587     1.00001294        1
  1879.23930737     0.99979630        1
  1879.30060218     0.99971972        1
  1879.32103388     0.99973254        1
  1879.34146548     0.99983777        1
  1879.36189698     1.00005538        1
  1879.38232868     1.00011015        1
  1879.40276029     0.99996403        1
  1879.42319179     0.99991811        1
  1879.44362349     0.99996685        1
  1879.46405509     0.99997159        1
  1879.48448659     1.00007610        1
  1879.52534980     1.00023900        1
  1879.54578150     1.00005119        1
  1879.56621310     1.00006364        1
  1879.58664471     1.00010869        1
  1879.60707631     0.99989979        1
  1879.62750791     1.00025415        1
  1879.64793951     0.99981058        1
  1879.66837112     0.99987957        1
  1879.68880272     1.00012562        1
  1879.70923432     1.00007100        1
  1879.72966593     0.99977918        1
  1879.77052923     1.00014806        1
  1879.79096084     1.00009039        1
  1879.81139234     0.99996843        1
  1879.83182404     1.00029780        1
  1879.85225565     0.99994278        1
  1879.87268715     1.00000997        1
  1879.89311885     1.00003324        1
  1879.91355046     1.00008728        1
  1879.93398196     1.00012714        1
  1879.95441367     1.00004695        1
  1879.97484527     0.99991774        1
  1880.01570848     1.00018678        2
  1880.03614008     1.00023745        2
  1880.05657179     1.00018366        2
  1880.07700329     1.00000717        2
  1880.09743490     0.99999799        2
  1880.11786650     1.00016943        2
  1880.13829811     0.99994529        2
  1880.15872971     0.99995243        2
  1880.17916142     1.00013179        2
  1880.19959292     0.99981197        2
  1880.22002463     1.00014785        2
  1880.26088774     0.99984829        2
  1880.28131945     0.99997415        2
  1880.30175105     1.00003338        2
  1880.32218256     1.00005205        2
  1880.34261426     1.00003530        2
  1880.36304587     1.00014533        2
  1880.38347738     1.00016623        2
  1880.40390908     1.00024433        2
  1880.42434069     1.00012767        2
  1880.44477239     1.00005450        2
  1880.50606721     1.00022030        2
  1880.52649872     1.00007080        2
  1880.54693033     1.00002435        2
  1880.56736203     0.99999093        2
  1880.58779354     1.00013892        2
  1880.60822515     1.00011022        2
  1880.62865686     1.00000705        2
  1880.64908836     1.00021151        2
  1880.66952007     0.99997696        2
  1880.75124650     0.99990090        2
  1880.77167811     0.99970968        2
  1880.79210972     0.99976614        2
  1880.81254133     1.00003636        2
  1880.83297293     0.99991196        2
  1880.85340454     0.99980038        2
  1880.87383615     0.99994227        2
  1880.89426776     0.99989878        2
  1880.91469937     0.99994937        2
  1880.93513098     0.99985858        2
  1880.99642580     0.99983425        2
  1881.01685751     0.99972970        2
  1881.03728902     0.99985917        2
  1881.05772063     0.99970373        2
  1881.07815234     0.99966219        2
  1881.09858385     0.99965546        2
  1881.11901556     0.99957821        2
  1881.13944717     0.99979483        2
  1881.15987868     0.99984068        2
  1881.18031039     0.99980298        2
  1881.20074200     0.99969958        2
  1881.24160522     1.00045843        2
  1881.26203683     0.99996666        2
  1881.28246844     1.00016291        2
  1881.30290005     0.99984041        2
  1881.32333166     0.99971409        2
  1881.34376337     0.99978587        2
  1881.36419488     1.00001065        2
  1881.38462649     0.99992172        2
  1881.40505820     0.99998809        2
  1881.42548982     0.99995090        2
  1881.44592133     0.99980446        2
  1881.48678455     1.00003080        2
  1881.50721626     1.00054480        2
  1881.52764787     1.00015378        2
  1881.54807948     0.99985626        2
  1881.56851110     0.99972938        2
  1881.58894271     0.99991136        2
  1881.60937422     0.99995361        2
  1881.62980593     1.00001115        2
  1881.65023755     0.99996598        2
  1881.67066906     0.99998169        2
  1881.69110077     0.99986379        2
  1881.73196410     0.99998192        2
  1881.75239561     0.99997394        2
  1881.77282722     0.99995296        2
  1881.79325893     1.00003508        2
  1881.81369045     1.00013772        2
  1881.83412206     1.00018356        2
  1881.85455377     0.99998774        2
  1881.87498529     1.00000725        2
  1881.89541690     1.00015041        2
  1881.91584862     1.00001706        2
  1881.93628023     1.00030592        2
  1881.97714346     0.99997707        2
  1881.99757507     0.99995884        2
  1882.01800669     1.00011870        2
  1882.03843830     1.00004638        2
  1882.05886992     1.00012743        2
  1882.07930163     1.00017338        2
  1882.09973314     1.00030914        2
  1882.12016476     1.00026413        2
  1882.14059647     1.00019661        2
  1882.16102799     1.00005252        2
  1882.22232284     1.00027801        2
  1882.24275455     1.00021565        2
  1882.26318607     1.00021566        2
  1882.28361768     1.00007495        2
  1882.30404940     1.00019998        2
  1882.32448091     1.00007268        2
  1882.34491263     1.00014611        2
  1882.36534425     1.00007808        2
  1882.46750233     1.00017835        2
  1882.48793395     1.00009204        2
  1882.50836556     1.00008462        2
  1882.52879718     1.00004880        2
  1882.54922880     1.00010468        2
  1882.56966052     1.00011215        2
  1882.75354508     0.99980980        2
  1882.77397670     1.00010699        2
  1882.79440842     1.00001678        2
  1882.81483994     1.00004896        2
  1882.83527155     0.99991748        2
  1882.85570327     0.99988223        2
  1882.87613479     0.99999488        2
  1882.89656631     1.00002366        2
  1882.91699803     0.99997905        2
  1883.01915623     1.00012685        2
  1883.03958775     0.99998225        2
  1883.06001937     0.99977078        2
  1883.08045109     0.99983386        2
  1883.10088271     1.00017043        2
  1883.12131423     0.99994438        2
  1883.14174595     1.00002789        2
  1883.16217757     0.99999223        2
  1883.20304082     1.00020983        2
  1883.22347244     0.99990575        2
  1883.24390416     0.99998128        2
  1883.26433568     0.99977566        2
  1883.28476730     0.99992226        2
  1883.30519903     1.00011589        2
  1883.32563055     1.00039962        2
  1883.34606217     1.00030453        2
  1883.36649389     1.00003603        2
  1883.38692541     0.99979863        2
  1883.40735714     1.00005717        2
  1883.44822028     0.99999542        2
  1883.46865200     0.99995177        2
  1883.48908363     0.99998489        2
  1883.50951515     1.00015378        2
  1883.52994687     1.00004798        2
  1883.55037840     1.00004097        2
  1883.57081012     0.99984434        2
  1883.59124174     1.00021203        2
  1883.61167327     1.00011537        2
  1883.63210499     0.99991344        2
  1883.65253662     0.99998161        2
  1883.69339986     0.99997111        2
  1883.71383149     1.00027334        2
  1883.73426311     1.00013998        2
  1883.75469474     1.00013591        2
  1883.77512636     0.99999739        2
  1883.79555809     0.99980925        2
  1883.81598971     0.99998118        2
  1883.83642124     1.00012020        2
  1883.85685296     1.00013609        2
  1883.87728459     1.00001749        2
  1883.89771611     1.00000718        2
  1883.95901099     0.99992021        2
  1883.97944272     1.00001163        2
  1883.99987434     0.99979159        2
  1884.02030607     0.99984289        2
  1884.04073760     0.99986704        2
  1884.06116922     1.00012226        2
  1884.08160095     1.00025760        2
  1884.10203248     0.99990080        2
  1884.12246411     1.00002160        2
  1884.14289583     0.99990678        2
  1884.18375899     0.99983923        2
  1884.20419062     1.00003848        2
  1884.22462224     0.99993158        2
  1884.24505397     1.00016831        2
  1884.26548550     0.99996556        2
  1884.28591713     0.99987433        2
  1884.30634886     0.99983617        2
  1884.32678048     0.99996061        2
  1884.34721201     1.00007797        2
  1884.36764374     1.00008781        2
  1884.38807537     0.99988784        2
  1884.42893863     1.00000164        2
  1884.44937026     1.00000542        2
  1884.46980199     0.99988291        2
  1884.49023352     0.99978740        2
  1884.51066515     1.00008355        2
  1884.53109688     1.00012090        2
  1884.55152841     0.99981995        2
  1884.57196004     0.99995620        2
  1884.59239177     1.00011155        2
  1884.61282330     0.99994789        2
  1884.63325503     0.99992766        2
  1884.67411819     0.99979938        2
  1884.69454992     0.99984010        2
  1884.71498155     1.00016523        2
  1884.73541318     0.99999462        2
  1884.75584481     0.99996757        2
  1884.77627645     1.00002822        2
  1884.79670808     0.99972478        2
  1884.81713971     0.99994714        2
  1884.83757134     0.99979829        2
  1884.85800297     0.99971884        2
  1884.91929787     0.99995653        2
  1884.93972950     0.99990459        2
  1884.96016114     0.99997698        2
  1884.98059287     0.99988744        2
  1885.00102440     0.99991474        2
  1885.02145613     0.99998427        2
  1885.04188777     1.00009995        2
  1885.06231930     0.99991668        2
  1885.08275104     0.99982926        2
  1885.10318267     0.99996175        2
  1885.12361420     1.00003816        2
  1885.16447757     1.00056504        2
  1885.18490911     1.00007262        2
  1885.20534084     1.00008166        2
  1885.22577248     1.00021412        2
  1885.24620421     1.00037756        2
  1885.26663575     1.00015185        2
  1885.28706738     0.99997566        2
  1885.30749912     1.00009412        2
  1885.32793065     1.00010681        2
  1885.34836229     1.00021785        2
  1885.36879402     1.00027992        2
  1885.40965719     1.00012784        2
  1885.43008893     0.99992797        2
  1885.45052057     1.00040322        2
  1885.47095220     1.00004623        2
  1885.49138384     1.00063387        2
  1885.51181548     1.00044324        2
  1885.53224711     1.00022261        2
  1885.55267875     1.00022317        2
  1885.57311029     1.00013950        2
  1885.59354203     1.00008071        2
  1885.61397366     1.00003051        2
  1885.65483694     1.00051220        2
  1885.67526858     1.00001449        2
  1885.69570032     1.00013953        2
  1885.71613185     1.00000000        2
  1885.73656349     1.00037609        2
  1885.75699523     1.00030037        2
  1885.77742677     1.00015060        2
  1885.79785841     1.00007538        2
  1885.81829015     0.99987985        2
  1885.83872169     1.00007592        2
  1885.85915343     1.00030311        2
  1885.90001661     1.00020119        2
  1885.92044835     1.00000555        2
  1885.94087999     0.99993302        2
  1885.96131163     1.00030899        2
  1885.98174327     1.00041877        2
  1886.00217491     1.00024650        2
  1886.02260655     1.00004491        2
  1886.04303819     1.00004523        2
  1886.06346983     1.00012895        2
  1886.08390157     0.99998092        2
  1886.10433321     0.99998134        2
  1886.16562814     1.00045498        2
  1886.18605968     1.00009421        2
  1886.20649142     1.00004429        2
  1886.22692296     1.00026480        2
  1886.24735470     1.00093304        2
  1886.26778635     1.00009741        2
  1886.28821789     1.00007341        2
  1886.30864963     0.99989156        2
  1886.32908128     0.99983423        2
  1886.34951282     0.99974708        2
  1886.39037621     0.99999058        2
  1886.41080775     1.00002409        2
  1886.43123949     0.99996554        2
  1886.45167114     0.99993314        2
  1886.47210288     0.99999383        2
  1886.49253443     0.99972562        2
  1886.51296607     0.99997253        2
  1886.53339781     0.99992012        2
  1886.63555604     1.00001907        2
  1886.65598769     0.99992936        2
  1886.67641933     0.99976441        2
  1886.69685098     0.99979447        2
  1886.71728262     0.99991056        2
  1886.73771427     0.99981792        2
  1886.88073580     0.99984757        2
  1886.90116745     0.99996053        2
  1886.92159919     0.99979543        2
  1886.94203074     0.99980603        2
  1886.96246239     0.99979790        2
  1886.98289414     0.99984834        2
  1887.12591568     0.99992819        2
  1887.14634733     0.99970172        2
  1887.16677898     0.99972631        2
  1887.18721063     0.99998844        2
  1887.20764228     0.99971066        2
  1887.22807393     0.99991504        2
  1887.24850568     1.00027611        2
  1887.26893723     1.00035394        2
  1887.28936888     1.00009117        2
  1887.30980063     0.99994569        2
  1887.33023228     1.00017211        2
  1887.37109559     0.99978605        2
  1887.39152724     0.99987204        2
  1887.41195879     0.99997733        2
  1887.43239054     0.99984608        2
  1887.45282219     0.99997752        2
  1887.47325385     0.99990741        2
  1887.49368550     1.00008076        2
  1887.51411715     1.00005393        2
  1887.53454890     1.00008129        2
  1887.55498046     0.99989214        2
  1887.57541211     0.99987190        2
  1887.61627542     0.99998976        2
  1887.63670717     1.00007898        2
  1887.65713872     1.00036362        2
  1887.67757038     0.99994604        2
  1887.69800213     0.99996357        2
  1887.71843369     0.99996930        2
  1887.73886534     1.00006775        2
  1887.75929710     0.99996531        2
  1887.77972865     0.99989179        2
  1887.86145537     1.00005638        2
  1887.88188703     1.00015746        2
  1887.90231868     1.00023718        2
  1887.92275034     1.00001663        2
  1887.94318200     0.99981429        2
  1887.96361365     0.99989813        2
  1887.98404541     0.99990366        2
  1891.04879674     0.99994613        3
  1891.06922842     0.99991391        3
  1891.08966021     0.99998418        3
  1891.11009180     0.99984279        3
  1891.13052348     1.00009278        3
  1891.15095527     1.00001581        3
  1891.17138686     0.99999512        3
  1891.19181864     1.00007938        3
  1891.21225033     1.00014181        3
  1891.23268192     1.00027832        3
  1891.29397698     0.99990677        3
  1891.31440877     0.99987183        3
  1891.33484046     1.00004524        3
  1891.35527225     0.99994859        3
  1891.37570384     0.99994910        3
  1891.39613553     0.99985497        3
  1891.41656731     0.99991551        3
  1891.43699890     1.00022562        3
  1891.45743059     0.99986177        3
  1891.47786238     0.99989161        3
  1891.53915746     1.00005387        3
  1891.55958905     1.00006639        3
  1891.58002084     1.00009224        3
  1891.60045253     1.00007959        3
  1891.62088412     0.99993403        3
  1891.64131591     0.99995465        3
  1891.66174760     1.00016030        3
  1891.68217920     1.00003768        3
  1891.70261099     0.99996873        3
  1891.72304268     0.99989502        3
  1891.74347448     1.00014101        3
  1891.78433776     0.99994142        3
  1891.80476956     1.00022762        3
  1891.82520115     1.00015167        3
  1891.84563284     1.00011146        3
  1891.86606464     1.00011833        3
  1891.88649623     1.00001425        3
  1891.90692793     0.99996266        3
  1891.92735972     1.00003769        3
  1891.94779132     1.00011497        3
  1891.96822311     1.00009239        3
  1892.02951820     0.99999938        3
  1892.04994989     1.00017082        3
  1892.07038159     1.00000620        3
  1892.09081329     1.00002074        3
  1892.11124498     1.00022297        3
  1892.13167678     1.00001784        3
  1892.15210848     0.99989230        3
  1892.17254008     0.99990091        3
  1892.19297187     1.00001590        3
  1892.21340347     1.00000000        3
  1892.23383517     0.99999761        3
  1892.27469857     0.99991797        3
  1892.29513037     1.00001643        3
  1892.31556207     0.99990155        3
  1892.33599366     0.99992811        3
  1892.35642546     0.99998962        3
  1892.37685716     0.99994853        3
  1892.39728876     0.99992591        3
  1892.41772056     0.99975287        3
  1892.43815226     1.00028398        3
  1892.45858386     0.99995523        3
  1892.51987917     0.99997185        3
  1892.54031077     0.99984309        3
  1892.56074247     0.99986192        3
  1892.58117427     0.99977737        3
  1892.60160588     0.99983726        3
  1892.62203758     0.99983815        3
  1892.64246938     0.99993187        3
  1892.80592301     0.99982527        3
  1892.82635471     1.00003496        3
  1892.84678642     0.99992465        3
  1892.86721822     0.99984495        3
  1892.88764983     0.99992375        3
  1892.90808164     0.99978392        3
  1892.92851324     0.99990804        3
  1892.94894495     0.99992801        3
  1892.96937675     0.99998116        3
  1893.01024007     0.99992732        3
  1893.03067187     0.99998016        3
  1893.05110348     0.99998544        3
  1893.07153529     0.99993878        3
  1893.09196700     1.00018056        3
  1893.11239860     1.00018069        3
  1893.13283041     1.00001180        3
  1893.15326212     1.00028899        3
  1893.17369373     1.00022435        3
  1893.19412554     1.00017009        3
  1893.21455725     0.99998476        3
  1893.29628419     1.00007944        3
  1893.31671580     1.00002862        3
  1893.33714751     1.00001272        3
  1893.35757932     0.99999749        3
  1893.37801103     1.00012558        3
  1893.39844264     0.99993039        3
  1893.41887445     1.00018486        3
  1893.43930616     0.99994921        3
  1893.45973797     1.00025208        3
  1893.50060130     0.99998559        3
  1893.52103311     1.00022336        3
  1893.54146472     1.00010209        3
  1893.56189634     1.00006092        3
  1893.58232815     1.00014791        3
  1893.60275986     1.00010494        3
  1893.62319168     1.00018522        3
  1893.64362329     1.00008303        3
  1893.66405500     1.00006657        3
  1893.68448682     1.00012424        3
  1893.70491843     1.00009229        3
  1893.74578196     1.00012777        3
  1893.76621358     1.00017143        3
  1893.78664529     1.00000687        3
  1893.80707711     0.99989756        3
  1893.82750873     1.00006090        3
  1893.84794054     1.00006110        3
  1893.86837226     1.00005731        3
  1893.88880398     1.00008004        3
  1893.90923569     1.00011012        3
  1893.92966741     0.99996946        3
  1893.99096256     0.99991229        3
  1894.01139438     1.00003308        3
  1894.03182610     0.99992978        3
  1894.05225772     1.00011917        3
  1894.07268954     0.99988020        3
  1894.09312126     0.99981546        3
  1894.11355288     0.99988766        3
  1894.13398470     1.00014569        3
  1894.15441642     0.99995358        3
  1894.17484814     0.99979928        3
  1894.19527986     0.99983126        3
  1894.23614330     1.00002809        3
  1894.25657502     0.99990213        3
  1894.27700664     0.99995119        3
  1894.29743846     0.99984141        3
  1894.31787018     0.99983558        3
  1894.33830181     0.99971068        3
  1894.35873363     0.99993787        3
  1894.37916535     0.99978053        3
  1894.39959717     0.99976160        3
  1894.42002880     0.99985977        3
  1894.44046052     0.99999714        3
  1894.48132397     0.99994416        3
  1894.50175569     0.99987513        3
  1894.52218752     1.00001593        3
  1894.54261924     0.99982652        3
  1894.56305097     0.99992025        3
  1894.58348269     0.99987723        3
  1894.60391442     1.00000486        3
  1894.72650477     1.00002317        3
  1894.74693660     1.00003803        3
  1894.76736823     0.99984548        3
  1894.78780005     1.00003850        3
  1894.80823178     1.00001837        3
  1894.82866341     1.00005752        3
  1894.84909524     1.00007190        3
  1894.97168561     0.99971342        3
  1894.99211724     1.00002467        3
  1895.01254907     1.00008322        3
  1895.03298080     0.99994823        3
  1895.05341253     1.00003756        3
  1895.07384427     1.00021054        3
  1895.09427600     1.00006377        3
  1895.11470783     1.00001191        3
  1895.13513946     1.00027877        3
  1895.15557119     1.00011124        3
  1895.17600302     1.00005688        3
  1895.21686639     1.00063693        3
  1895.23729822     1.00035160        3
  1895.25772996     1.00005577        3
  1895.27816159     0.99996381        3
  1895.29859342     0.99986581        3
  1895.31902516     1.00002399        3
  1895.33945699     1.00005329        3
  1895.35988863     1.00003911        3
  1895.38032036     1.00002035        3
  1895.40075220     0.99995587        3
  1895.46204740     1.00001765        3
  1895.48247904     1.00011098        3
  1895.50291087     1.00007108        3
  1895.52334251     1.00017426        3
  1895.54377425     1.00019258        3
  1895.56420608     1.00018551        3
  1895.58463772     1.00007887        3
  1895.60506946     1.00006759        3
  1895.62550130     1.00006396        3
  1895.64593294     1.00005971        3
  1895.66636477     1.00009699        3
  1895.70722825     0.99998601        3
  1895.72765999     0.99993091        3
  1895.74809173     1.00005300        3
  1895.76852347     0.99999601        3
  1895.78895521     1.00016010        3
  1895.80938695     1.00019881        3
  1895.82981869     0.99989983        3
  1895.85025053     0.99988246        3
  1895.87068217     1.00005709        3
  1895.89111401     0.99983798        3
  1895.91154575     1.00001130        3
  1895.95240924     0.99995365        3
  1895.97284098     0.99995056        3
  1895.99327262     0.99995719        3
  1896.01370446     0.99994103        3
  1896.03413621     0.99989301        3
  1896.05456805     0.99998256        3
  1896.07499969     1.00000860        3
  1896.09543144     1.00005392        3
  1896.11586318     0.99998322        3
  1896.13629493     0.99984230        3
  1896.15672667     0.99985954        3
  1896.19759016     0.99997009        3
  1896.21802201     0.99990578        3
  1896.23845365     1.00014108        3
  1896.25888540     0.99996512        3
  1896.27931724     1.00002768        3
  1896.29974889     1.00005398        3
  1896.32018064     0.99996850        3
  1896.34061248     0.99980608        3
  1896.36104413     0.99996195        3
  1896.48363472     1.00000772        3
  1896.50406647     0.99969132        3
  1896.52449822     1.00007392        3
  1896.54492997     1.00023320        3
  1896.56536182     0.99994583        3
  1896.58579347     0.99988452        3
  1896.60622532     0.99990792        3
  1896.62665707     1.00000607        3
  1896.64708872     0.99997571        3
  1896.68795232     1.00013590        3
  1896.70838397     1.00004876        3
  1896.72881582     0.99994669        3
  1896.74924758     0.99995777        3
  1896.76967933     0.99993637        3
  1896.79011108     0.99989101        3
  1896.81054283     1.00001370        3
  1896.83097459     1.00012664        3
  1896.85140634     1.00009862        3
  1896.87183810     0.99986501        3
  1896.89226985     0.99997815        3
  1896.93313336     0.99994419        3
  1896.95356511     1.00003998        3
  1896.97399687     0.99986999        3
  1896.99442872     0.99999052        3
  1897.01486038     1.00022806        3
  1897.03529214     1.00028589        3
  1897.05572399     1.00012175        3
  1897.07615575     0.99989326        3
  1897.09658740     0.99983706        3
  1897.17831453     0.99999198        3
  1897.19874629     0.99996092        3
  1897.21917815     0.99982550        3
  1897.23960981     0.99997916        3
  1897.26004157     1.00009177        3
  1897.28047343     1.00008391        3
  1897.30090509     1.00004297        3
  1897.32133695     1.00004916        3
  1897.34176871     0.99989545        3
  1897.36220037     1.00024631        3
  1897.38263223     0.99988632        3
  1897.42349565     1.00011356        3
  1897.44392751     0.99995464        3
  1897.46435927     1.00005454        3
  1897.48479113     0.99997163        3
  1897.50522280     1.00022339        3
  1897.52565446     1.00027539        3
  1897.54608632     0.99997270        3
  1897.56651809     1.00009213        3
  1897.58694985     1.00008136        3
  1897.60738161     0.99992550        3
  1897.62781338     0.99998205        3
  1897.70954053     1.00003653        3
  1897.72997230     1.00018998        3
  1897.75040397     0.99994012        3
  1897.77083583     1.00005026        3
  1897.79126760     1.00010160        3
  1897.81169926     0.99998742        3
  1897.83213113     0.99994066        3
  1897.85256290     1.00002768        3
  1897.87299476     0.99986534        3
  1897.91385820     1.00021451        3
  1897.93429007     1.00008582        3
  1897.95472174     0.99989478        3
  1897.97515350     0.99991176        3
  1897.99558537     0.99980997        3
  1898.01601704     0.99992519        4
  1898.03644891     1.00012231        4
  1898.05688068     1.00005206        4
  1898.07731235     0.99996025        4
  1898.09774422     0.99998685        4
  1898.11817599     0.99983858        4
  1898.15903953     0.99994555        4
  1898.17947121     0.99993149        4
  1898.19990308     1.00003276        4
  1898.22033485     1.00003541        4
  1898.24076652     1.00004183        4
  1898.26119839     1.00011225        4
  1898.28163017     1.00014807        4
  1898.30206194     0.99996236        4
  1898.32249371     0.99999675        4
  1898.40422081     0.99991729        4
  1898.42465268     0.99998345        4
  1898.44508446     0.99985163        4
  1898.46551613     1.00000448        4
  1898.48594801     1.00002144        4
  1898.50637979     1.00002829        4
  1898.52681146     1.00007583        4
  1898.54724334     1.00007373        4
  1898.56767512     1.00002251        4
  1898.58810699     1.00010931        4
  1898.64940232     0.99976158        4
  1898.66983400     0.99993285        4
  1898.69026578     1.00000000        4
  1898.71069766     0.99999215        4
  1898.73112934     0.99991973        4
  1898.75156122     1.00008185        4
  1898.77199300     0.99998518        4
  1898.79242468     1.00001195        4
  1898.81285656     0.99995036        4
  1898.83328824     1.00002745        4
  1898.85372002     0.99997752        4
  1898.89458358     1.00045968        4
  1898.91501536     1.00011012        4
  1898.93544725     1.00039087        4
  1898.95587903     0.99986183        4
  1898.97631081     0.99996628        4
  1898.99674259     1.00004688        4
  1899.01717438     0.99987694        4
  1899.03760616     1.00014825        4
  1899.05803794     1.00016180        4
  1899.07846973     0.99995796        4
  1899.09890161     1.00002674        4
  1899.13976518     0.99987577        4
  1899.16019697     0.99987010        4
  1899.18062865     0.99990814        4
  1899.20106054     1.00000181        4
  1899.22149232     1.00006353        4
  1899.24192401     1.00001168        4
  1899.26235590     1.00009316        4
  1899.28278768     0.99992143        4
  1899.30321957     0.99991904        4
  1899.32365126     0.99999363        4
  1899.34408304     1.00012806        4
  1899.38494662     1.00003605        4
  1899.40537841     1.00019435        4
  1899.42581030     0.99986826        4
  1899.44624199     1.00001012        4
  1899.46667388     1.00000064        4
  1899.48710557     1.00006997        4
  1899.50753736     0.99991243        4
  1899.52796925     1.00014956        4
  1899.54840094     1.00008269        4
  1899.56883273     1.00015443        4
  1899.58926462     1.00007766        4
  1899.63012810     0.99994947        4
  1899.65056000     0.99991790        4
  1899.67099179     0.99988893        4
  1899.69142358     0.99996367        4
  1899.71185537     0.99992590        4
  1899.73228717     1.00018344        4
  1899.75271906     1.00002125        4
  1899.77315075     1.00014067        4
  1899.79358255     1.00011901        4
  1899.81401444     1.00006064        4
  1899.83444614     1.00002216        4
  1899.87530983     0.99993405        4
  1899.89574152     0.99998195        4
  1899.91617342     0.99992460        4
  1899.93660522     0.99996060        4
  1899.95703691     0.99994759        4
  1899.97746881     0.99999522        4
  1899.99790061     1.00000252        4
  1900.01833250     0.99982899        4
  1900.03876420     0.99984366        4
  1900.05919600     1.00005391        4
  1900.07962780     1.00009082        4
  1900.12049140     0.99983653        4
  1900.14092320     0.99996644        4
  1900.16135499     0.99992030        4
  1900.18178689     1.00001864        4
  1900.20221859     1.00001626        4
  1900.22265040     1.00023476        4
  1900.24308230     1.00004194        4
  1900.26351400     1.00001136        4
  1900.28394580     1.00008335        4
  1900.30437770     1.00008242        4
  1900.32480950     0.99991876        4
  1900.36567311     1.00004184        4
  1900.38610491     1.00002614        4
  1900.40653681     0.99986982        4
  1900.42696852     0.99996961        4
  1900.44740032     0.99998056        4
  1900.46783222     1.00001488        4
  1900.48826393     1.00000554        4
  1900.50869573     1.00000727        4
  1900.52912764     1.00001146        4
  1900.54955934     0.99998200        4
  1900.56999125     0.99996843        4
  1900.61085476     0.99993194        4
  1900.63128667     0.99973481        4
  1900.65171848     0.99986799        4
  1900.67215018     1.00002611        4
  1900.69258209     0.99993439        4
  1900.85603656     1.00009382        4
  1900.87646837     1.00007631        4
  1900.89690028     1.00020642        4
  1900.91733209     1.00026962        4
  1900.93776380     1.00009725        4
  1900.95819571     0.99995450        4
  1900.97862753     1.00008669        4
  1900.99905924     0.99989206        4
  1901.01949115     0.99989272        4
  1901.03992296     0.99998171        4
  1901.06035468     0.99995074        4
  1901.10121840     1.00004141        4
  1901.12165032     1.00000453        4
  1901.14208203     0.99998306        4
  1901.16251385     0.99988183        4
  1901.18294576     0.99995764        4
  1901.20337748     0.99993988        4
  1901.22380929     0.99988700        4
  1901.24424121     1.00002593        4
  1901.26467292     1.00003550        4
  1901.28510484     1.00002355        4
  1901.30553666     1.00001373        4
  1901.34640029     0.99998012        4
  1901.36683211     0.99997416        4
  1901.38726393     1.00001779        4
  1901.40769574     0.99993878        4
  1901.42812756     1.00035166        4
  1901.44855938     1.00020462        4
  1901.46899120     1.00012756        4
  1901.48942302     0.99999336        4
  1901.50985484     0.99983733        4
  1901.53028666     0.99999993        4
  1901.55071848     0.99990039        4
  1901.59158212     1.00022716        4
  1901.61201404     0.99993935        4
  1901.63244586     0.99999895        4
  1901.65287759     1.00007771        4
  1901.67330951     1.00020804        4
  1901.69374133     1.00002797        4
  1901.71417305     1.00015724        4
  1901.73460498     1.00002532        4
  1901.75503680     1.00006188        4
  1901.77546852     1.00003604        4
  1901.79590045     1.00004206        4
  1901.83676420     1.00011074        4
  1901.85719592     1.00016386        4
  1901.87762775     1.00003661        4
  1901.89805967     0.99994495        4
  1901.91849140     1.00004182        4
  1901.93892323     0.99994556        4
  1901.95935515     0.99997280        4
  1901.97978688     1.00005177        4
  1902.00021881     1.00016472        4
  1902.08194612     0.99997098        4
  1902.10237785     1.00000328        4
  1902.12280978     1.00007426        4
  1902.14324161     0.99986858        4
  1902.16367344     1.00008744        4
  1902.18410527     1.00010669        4
  1902.20453710     1.00008789        4
  1902.22496893     1.00001650        4
  1902.24540076     0.99998428        4
  1902.26583259     0.99999833        4
  1902.32712809     0.99996590        4
  1902.34756002     0.99989515        4
  1902.36799175     0.99997425        4
  1902.38842369     1.00003393        4
  1902.40885552     0.99993725        4
  1902.42928726     0.99995627        4
  1902.57231020     0.99998085        4
  1902.59274204     0.99995135        4
  1902.61317398     1.00008824        4
  1902.63360571     0.99989103        4
  1902.65403755     0.99994907        4
  1902.67446949     0.99990605        4
  1902.69490123     0.99996418        4
  1902.71533317     0.99994279        4
  1902.73576501     0.99971994        4
  1902.75619674     0.99981643        4
  1902.77662868     1.00007214        4
  1902.81749236     0.99952423        4
  1902.83792420     1.00009823        4
  1902.85835605     0.99990853        4
  1902.87878779     0.99995026        4
  1902.89921973     0.99999916        4
  1902.91965157     0.99979188        4
  1902.94008351     0.99993628        4
  1902.96051525     0.99996400        4
  1902.98094710     0.99983175        4
  1903.00137904     0.99988874        4
  1903.02181078     0.99985644        4
  1903.18526564     0.99988413        4
  1903.20569739     1.00009926        4
  1903.22612934     0.99986666        4
  1903.24656118     0.99994510        4
  1903.26699313     0.99994896        4
  1903.30785673     0.99987764        4
  1903.32828867     1.00006031        4
  1903.34872042     1.00008247        4
  1903.36915227     1.00013622        4
  1903.38958422     1.00007620        4
  1903.41001607     1.00013693        4
  1903.43044792     1.00007958        4
  1903.45087967     0.99993728        4
  1903.47131152     0.99996862        4
  1903.49174347     0.99993364        4
  1903.51217532     0.99996989        4
  1903.55303903     1.00015285        4
  1903.57347088     1.00037110        4
  1903.59390263     1.00015999        4
  1903.61433459     0.99999266        4
  1903.63476644     1.00005617        4
  1903.65519839     1.00007212        4
  1903.67563015     1.00020009        4
  1903.69606200     1.00004495        4
  1903.71649396     1.00010471        4
  1903.73692571     1.00019179        4
  1903.75735757     0.99992780        4
  1903.79822128     1.00003362        4
  1903.81865323     1.00013505        4
  1903.83908509     1.00008640        4
  1903.85951685     1.00001240        4
  1903.87994881     1.00019339        4
  1903.90038066     0.99996456        4
  1903.92081242     0.99999128        4
  1903.94124438     1.00008080        4
  1903.96167624     1.00003330        4
  1903.98210820     0.99996624        4
  1904.00253996     1.00012395        4
  1904.04340368     1.00009016        4
  1904.06383564     1.00011871        4
  1904.08426740     1.00002244        4
  1904.10469926     0.99990053        4
  1904.12513112     0.99997028        4
  1904.14556298     1.00006751        4
  1904.16599494     0.99992521        4
  1904.18642671     1.00000378        4
  1904.20685867     0.99989267        4
  1904.22729053     0.99992978        4
  1904.24772229     0.99999878        4
  1904.28858612     1.00014650        4
  1904.30901789     0.99995982        4
  1904.32944985     0.99988843        4
  1904.34988172     1.00008861        4
  1904.37031368     0.99989244        4
  1904.39074545     1.00014247        4
  1904.41117731     0.99999974        4
  1904.43160928     1.00007888        4
  1904.45204105     0.99991488        4
  1904.47247291     1.00006123        4
  1904.49290488     0.99995155        4
  1904.59506422     0.99997857        4
  1904.61549609     0.99993968        4
  1904.63592796     0.99994568        4
  1904.65635983     0.99998579        4
  1904.67679170     1.00007155        4
  1904.69722358     0.99990129        4
  1904.71765545     1.00006784        4
  1904.73808732     0.99994707        4
  1904.77895106     0.99984795        4
  1904.79938293     0.99976635        4
  1904.81981491     0.99991136        4
  1904.84024668     0.99994206        4
  1904.86067855     0.99999500        4
  1905.02413356     1.00020381        4
  1905.04456553     1.00011544        4
  1905.06499741     1.00003266        4
  1905.08542939     0.99992373        4
  1905.10586116     1.00009729        4
  1905.12629304     1.00058135        4
  1905.14672502     0.99999396        4
  1905.16715680     1.00001287        4
  1905.18758868     1.00011848        4
