  1835.65864546     0.99969263        0
  1835.67907747     0.99963691        0
  1835.69950948     0.99972610        0
  1835.71994149     0.99989462        0
  1835.80166953     1.00061881        0
  1835.82210164     1.00003638        0
  1835.84253355     1.00005059        0
  1835.86296556     1.00020340        0
  1835.88339766     1.00004358        0
  1835.90382957     1.00049562        0
  1835.92426158     1.00004385        0
  1835.94469368     1.00019554        0
  1835.96512559     0.99987908        0
  1835.98555759     1.00000000        0
  1836.00598970     1.00010063        0
  1836.02642160     1.00004665        0
  1836.04685360     1.00008317        0
  1836.06728571     1.00018800        0
  1836.08771761     0.99991849        0
  1836.10814961     1.00016912        0
  1836.12858171     1.00015075        0
  1836.14901371     0.99999847        0
  1836.16944562     1.00013046        0
  1836.18987772     1.00010292        0
  1836.21030972     1.00004418        0
  1836.23074182     0.99999126        0
  1836.25117371     0.99999963        0
  1836.27160571     0.99978819        0
  1836.31246971     0.99996370        0
  1836.33290171     1.00015207        0
  1836.35333380     0.99995286        0
  1836.37376570     0.99999079        0
  1836.39419770     1.00000202        0
  1836.41462969     0.99997718        0
  1836.43506169     1.00013347        0
  1836.45549368     1.00013833        0
  1836.47592568     0.99998285        0
  1836.49635767     0.99996524        0
  1836.51678966     1.00002212        0
  1836.53722166     0.99973137        0
  1836.55765365     0.99965034        0
  1836.57808564     1.00002748        0
  1836.59851774     0.99988663        0
  1836.61894963     1.00022047        0
  1836.63938162     1.00005557        0
  1836.65981371     1.00023113        0
  1836.68024560     0.99999646        0
  1836.70067759     1.00017546        0
  1836.72110968     1.00002403        0
  1836.74154157     1.00046587        0
  1836.76197355     1.00006834        0
  1836.78240564     0.99995796        0
  1836.80283753     1.00044600        0
  1836.82326962     0.99979797        0
  1836.84370160     0.99991089        0
  1836.86413349     0.99961957        0
  1836.88456558     0.99935420        0
  1836.90499756     0.99961412        0
  1836.92542945     0.99972131        0
  1836.94586153     0.99976458        0
  1836.96629351     0.99982227        0
  1836.98672550     0.99988640        0
  1837.00715748     1.00013823        0
  1837.12974937     1.00008862        0
  1837.15018135     0.99994837        0
  1837.17061333     0.99998473        0
  1837.19104531     0.99990094        0
  1837.21147729     0.99997139        0
  1837.23190927     0.99990632        0
  1837.25234125     1.00018120        0
  1837.27277322     1.00004889        0
  1837.29320510     1.00017430        0
  1837.31363718     1.00002141        0
  1837.33406915     0.99993229        0
  1837.35450113     1.00005862        0
  1837.37493311     1.00024727        0
  1837.39536508     0.99977098        0
  1837.41579706     1.00003762        0
  1837.43622913     1.00011023        0
  1837.45666100     0.99987512        0
  1837.47709308     0.99997349        0
  1837.49752505     0.99982033        0
  1837.51795692     1.00007325        0
  1837.53838900     0.99988307        0
  1837.55882097     1.00010279        0
  1837.57925284     1.00003514        0
  1837.59968491     1.00006211        0
  1837.62011688     0.99990158        0
  1837.64054875     1.00021659        0
  1837.66098082     1.00004976        0
  1837.68141279     0.99992502        0
  1837.70184466     1.00000656        0
  1837.72227673     0.99987911        0
  1837.74270869     0.99963298        0
  1837.76314056     0.99999510        0
  1837.78357263     0.99984942        0
  1837.80400459     1.00001018        0
  1837.82443656     1.00037044        0
  1837.84486853     1.00001580        0
  1837.86530049     0.99967269        0
  1837.88573236     1.00007967        0
  1837.90616442     0.99983810        0
  1837.92659639     1.00026863        0
  1837.94702835     1.00024341        0
  1837.96746031     0.99985602        0
  1837.98789228     0.99993582        0
  1838.00832414     1.00011294        0
  1838.02875620     0.99995090        0
  1838.04918816     1.00028765        0
  1838.06962022     0.99988843        0
  1838.09005208     0.99989849        0
  1838.11048405     1.00017179        0
  1838.13091610     1.00009971        0
  1838.15134796     1.00027295        0
  1838.17177992     0.99990740        0
  1838.19221198     0.99988299        0
  1838.21264384     0.99989547        0
  1838.23307580     1.00024641        0
  1838.29437167     1.00000220        0
  1838.31480373     0.99974572        0
  1838.33523568     0.99994510        0
  1838.35566754     0.99998643        0
  1838.37609959     1.00005329        0
  1838.39653155     1.00011711        0
  1838.41696340     1.00012660        0
  1838.43739546     1.00012604        0
  1838.45782741     1.00024969        0
  1838.47825926     1.00077888        0
  1838.49869131     1.00015407        0
  1838.51912327     1.00043549        0
  1838.53955512     0.99995505        0
  1838.55998717     0.99991456        0
  1838.58041912     0.99991458        0
  1838.60085097     1.00027432        0
  1838.62128302     1.00006305        0
  1838.64171497     0.99971028        0
  1838.66214682     0.99982762        0
  1838.68257887     1.00008178        0
  1838.70301082     0.99986849        0
  1838.72344277     1.00004020        0
  1838.74387471     1.00030775        0
  1838.76430666     0.99991557        0
  1838.78473861     0.99960013        0
  1838.80517055     0.99998805        0
  1838.82560250     0.99988112        0
  1838.84603455     1.00007892        0
  1838.86646639     1.00004698        0
  1838.88689834     1.00034548        0
  1838.90733038     0.99959092        0
  1838.92776222     0.99967755        0
  1838.94819417     1.00010662        0
  1838.96862621     1.00025116        0
  1839.09121786     1.00002075        0
  1839.11164980     0.99979997        0
  1839.13208164     1.00002712        0
  1839.15251368     0.99994317        0
  1839.17294562     0.99985020        0
  1839.19337746     0.99978202        0
  1839.21380950     0.99983049        0
  1839.23424143     0.99975581        0
  1839.25467327     0.99988964        0
  1839.27510531     0.99982692        0
  1839.29553725     0.99992201        0
  1839.31596928     0.99998086        0
  1839.33640112     0.99979257        0
  1839.35683305     1.00000242        0
  1839.37726499     1.00013968        0
  1839.39769692     1.00022543        0
  1839.41812876     1.00004834        0
  1839.43856079     0.99961627        0
  1839.45899272     0.99980492        0
  1839.47942456     0.99989424        0
  1839.49985659     0.99981871        0
  1839.52028852     0.99983944        0
  1839.54072045     1.00033825        0
  1839.56115239     0.99993971        0
  1839.58158432     0.99970332        0
  1839.60201625     0.99999037        0
  1839.62244818     0.99987326        0
  1839.64288011     1.00022555        0
  1839.66331204     1.00008592        0
  1839.68374407     0.99988300        0
  1839.72460782     1.00037861        0
  1839.74503985     0.99990414        0
  1839.76547168     1.00002261        0
  1839.78590361     0.99995001        0
  1839.80633563     1.00010266        0
  1839.82676746     1.00039623        0
  1839.84719938     1.00000689        0
  1839.86763141     0.99987237        0
  1839.88806323     1.00022003        0
  1839.90849516     0.99978352        0
  1839.92892718     1.00004926        0
  1839.94935911     1.00003575        0
  1839.96979103     1.00005840        0
  1839.99022295     1.00033927        0
  1840.01065488     1.00014802        0
  1840.03108680     0.99998760        0
  1840.27626984     1.00003768        0
  1840.31713357     0.99993878        0
  1840.33756559     1.00000847        0
  1840.35799750     0.99988694        0
  1840.37842942     0.99993816        0
  1840.39886133     1.00003655        0
  1840.41929325     0.99991409        0
  1840.43972516     0.99997276        0
  1840.46015708     0.99985753        0
  1840.48058899     0.99973572        0
  1840.50102090     0.99984785        0
  1840.52145292     0.99984862        0
  1840.54188473     0.99959319        0
  1840.56231674     0.99996546        0
  1840.58274865     1.00014223        0
  1840.60318046     1.00008604        0
  1840.62361247     1.00026461        0
  1840.64404439     1.00045069        0
  1840.66447620     0.99973757        0
  1840.68490821     1.00052108        0
  1840.70534011     1.00034459        0
  1840.72577192     1.00018143        0
  1840.74620393     1.00019183        0
  1840.76663584     1.00010352        0
  1840.78706775     1.00005197        0
  1840.80749966     1.00006298        0
  1840.82793146     0.99978352        0
  1840.84836347     1.00019120        0
  1840.86879538     0.99988676        0
  1840.88922728     0.99990706        0
  1840.90965909     0.99995831        0
  1840.93009109     0.99966441        0
  1840.95052300     1.00011483        0
  1840.97095480     0.99993193        0
  1840.99138681     1.00004178        0
  1872.00670309     0.99987624        1
  1872.02713469     0.99989520        1
  1872.04756628     0.99989769        1
  1872.06799787     1.00000000        1
  1872.08842946     1.00006378        1
  1872.10886106     0.99995532        1
  1872.12929275     1.00005944        1
  1872.17015583     1.00011516        1
  1872.19058753     1.00005584        1
  1872.21101912     1.00003512        1
  1872.23145061     0.99990982        1
  1872.25188230     1.00001354        1
  1872.27231389     1.00013247        1
  1872.29274539     1.00008107        1
  1872.31317708     0.99997722        1
  1872.33360867     1.00001718        1
  1872.35404016     0.99997135        1
  1872.37447185     1.00009110        1
  1872.41533514     1.00006876        1
  1872.43576663     1.00008408        1
  1872.45619822     0.99991272        1
  1872.47662991     1.00005047        1
  1872.49706141     1.00006452        1
  1872.51749300     1.00002345        1
  1872.53792469     1.00002584        1
  1872.55835618     0.99996858        1
  1872.57878777     0.99993533        1
  1872.59921947     1.00001850        1
  1872.61965096     0.99995715        1
  1872.66051424     1.00009561        1
  1872.68094573     0.99977946        1
  1872.70137742     1.00004995        1
  1872.72180902     0.99993878        1
  1872.74224051     0.99979028        1
  1872.76267220     1.00008439        1
  1872.78310379     0.99991039        1
  1872.80353528     0.99979734        1
  1872.82396697     1.00000039        1
  1872.84439857     0.99996543        1
  1872.86483006     0.99994936        1
  1872.90569334     1.00003321        1
  1872.92612483     1.00014967        1
  1872.94655652     1.00003718        1
  1872.96698812     1.00006277        1
  1872.98741981     1.00005759        1
  1873.00785130     1.00013662        1
  1873.02828289     1.00013033        1
  1873.04871458     1.00008185        1
  1873.06914607     0.99975065        1
  1873.15087244     1.00013111        1
  1873.17130413     0.99997975        1
  1873.19173572     0.99997938        1
  1873.21216731     0.99998732        1
  1873.23259891     0.99987330        1
  1873.25303050     0.99980791        1
  1873.27346209     0.99995965        1
  1873.29389368     1.00000907        1
  1873.31432527     0.99996624        1
  1873.33475686     1.00006430        1
  1873.35518845     0.99992562        1
  1873.39605164     0.99974726        1
  1873.41648323     0.99979542        1
  1873.43691472     0.99988812        1
  1873.45734641     0.99995782        1
  1873.47777800     0.99999669        1
  1873.49820969     0.99996537        1
  1873.51864118     0.99973487        1
  1873.53907278     0.99988119        1
  1873.55950447     1.00002296        1
  1873.57993596     0.99991485        1
  1873.60036755     1.00010153        1
  1873.70252561     0.99997673        1
  1873.72295710     0.99994743        1
  1873.74338879     1.00010546        1
  1873.76382038     0.99998547        1
  1873.78425197     0.99998180        1
  1873.80468356     0.99994328        1
  1873.82511515     1.00007085        1
  1873.84554685     0.99996456        1
  1873.88640993     0.99992929        1
  1873.90684162     0.99983169        1
  1873.92727311     0.99991230        1
  1873.94770470     0.99990749        1
  1873.96813639     0.99989453        1
  1873.98856789     0.99993614        1
  1874.00899958     0.99997566        1
  1874.02943107     1.00003897        1
  1874.04986266     0.99996870        1
  1874.07029435     1.00005485        1
  1874.09072584     0.99992794        1
  1874.21331549     0.99988512        1
  1874.23374698     1.00007095        1
  1874.25417867     1.00011973        1
  1874.27461026     1.00014499        1
  1874.29504185     1.00004890        1
  1874.31547345     1.00007368        1
  1874.33590504     1.00014127        1
  1874.37676822     0.99988379        1
  1874.39719981     1.00000376        1
  1874.41763150     1.00004565        1
  1874.43806299     1.00003424        1
  1874.45849459     1.00002035        1
  1874.47892628     0.99988827        1
  1874.49935777     1.00010712        1
  1874.51978946     1.00012840        1
  1874.54022105     1.00010850        1
  1874.56065254     1.00008406        1
  1874.58108423     1.00026791        1
  1874.62194732     1.00000520        1
  1874.64237901     1.00005431        1
  1874.66281060     1.00013082        1
  1874.68324219     1.00017494        1
  1874.70367378     1.00007630        1
  1874.72410537     0.99999569        1
  1874.74453687     1.00010391        1
  1874.76496856     1.00014806        1
  1874.78540015     1.00009810        1
  1874.86712661     0.99994890        1
  1874.88755811     0.99998968        1
  1874.90798970     1.00007236        1
  1874.92842139     1.00010957        1
  1874.94885288     1.00015914        1
  1874.96928447     1.00013272        1
  1874.98971616     1.00007556        1
  1875.01014766     1.00015652        1
  1875.03057935     1.00010813        1
  1875.11230571     1.00005440        1
  1875.13273721     1.00008144        1
  1875.15316890     0.99991092        1
  1875.17360049     1.00005735        1
  1875.19403208     0.99998119        1
  1875.21446367     1.00013984        1
  1875.23489526     1.00000053        1
  1875.35748482     1.00019182        1
  1875.37791651     1.00004673        1
  1875.39834800     0.99982978        1
  1875.41877959     0.99995927        1
  1875.43921128     0.99982173        1
  1875.45964278     0.99999283        1
  1875.48007437     1.00002083        1
  1875.50050606     0.99993825        1
  1875.52093755     0.99993932        1
  1875.54136924     0.99984151        1
  1875.56180084     0.99999211        1
  1875.60266402     0.99981375        1
  1875.62309561     0.99987839        1
  1875.64352710     0.99984736        1
  1875.66395880     0.99979652        1
  1875.68439039     0.99988233        1
  1875.70482198     0.99988886        1
  1875.72525357     0.99992300        1
  1875.74568516     0.99979790        1
  1875.76611686     0.99992470        1
  1875.78654835     0.99987588        1
  1875.80697994     0.99995627        1
  1875.84784323     0.99993933        1
  1875.86827472     0.99983196        1
  1875.88870641     1.00001821        1
  1875.90913800     0.99989748        1
  1875.92956950     0.99993560        1
  1875.95000119     0.99991169        1
  1875.97043278     1.00013058        1
  1875.99086447     0.99990267        1
  1876.09302234     0.99992159        1
  1876.11345393     0.99991314        1
  1876.13388552     0.99993052        1
  1876.15431701     0.99982607        1
  1876.17474871     0.99998119        1
  1876.19518030     1.00007095        1
  1876.21561189     1.00000689        1
  1876.23604348     1.00015297        1
  1876.25647508     1.00003370        1
  1876.33820155     1.00003378        1
  1876.35863314     1.00006384        1
  1876.37906463     1.00006085        1
  1876.39949633     0.99996520        1
  1876.41992792     0.99996143        1
  1876.44035941     1.00003503        1
  1876.46079111     1.00003936        1
  1876.48122270     1.00001776        1
  1876.50165439     1.00002223        1
  1876.52208589     1.00001439        1
  1876.54251748     1.00004747        1
  1876.58338067     0.99990351        1
  1876.60381226     1.00004503        1
  1876.62424395     1.00014618        1
  1876.64467545     1.00009335        1
  1876.82855979     0.99997949        1
  1876.84899148     1.00011031        1
  1876.86942298     0.99994599        1
  1876.88985457     0.99999336        1
  1876.91028626     0.99994895        1
  1876.93071786     0.99931168        1
  1877.07373911     0.99999850        1
  1877.09417061     0.99997164        1
  1877.11460220     0.99997155        1
  1877.13503390     1.00005046        1
  1877.15546539     0.99998573        1
  1877.17589699     1.00009309        1
  1877.19632868     0.99999051        1
  1877.21676017     1.00000534        1
  1877.23719187     0.99994949        1
  1877.25762346     0.99985756        1
  1877.27805496     0.99995737        1
  1877.31891825     1.00007305        1
  1877.33934984     1.00014401        1
  1877.35978144     0.99997744        1
  1877.38021303     0.99998334        1
  1877.40064462     1.00003812        1
  1877.42107622     1.00000344        1
  1877.44150781     1.00000542        1
  1877.46193941     0.99995851        1
  1877.48237100     0.99989594        1
  1877.50280260     1.00002685        1
  1877.52323419     0.99994207        1
  1877.56409738     1.00013279        1
  1877.58452908     1.00005818        1
  1877.60496057     1.00018862        1
  1877.62539217     1.00014895        1
  1877.64582386     1.00021996        1
  1877.66625536     1.00010671        1
  1877.68668705     1.00008168        1
  1877.70711865     1.00005114        1
  1877.72755014     1.00004730        1
  1877.74798184     0.99994683        1
  1877.76841344     1.00009249        1
  1877.80927663     1.00010658        1
  1877.82970822     1.00004556        1
  1877.85013972     0.99994921        1
  1877.87057141     1.00014556        1
  1877.89100301     1.00013074        1
  1877.91143460     0.99999369        1
  1877.93186620     1.00008344        1
  1877.95229780     1.00000051        1
  1877.97272949     1.00001668        1
  1877.99316109     1.00000935        1
  1878.01359258     0.99990128        1
  1878.05445588     1.00007164        1
  1878.07488737     1.00005904        1
  1878.09531907     0.99994492        1
  1878.11575066     1.00004539        1
  1878.13618216     1.00005535        1
  1878.15661386     1.00010935        1
  1878.17704535     1.00003653        1
  1878.19747705     0.99994895        1
  1878.21790865     0.99993777        1
  1878.23834014     0.99980313        1
  1878.25877184     0.99983346        1
  1878.29963493     0.99986559        1
  1878.32006663     0.99995761        1
  1878.34049823     0.99999355        1
  1878.36092972     1.00004574        1
  1878.38136142     0.99998387        1
  1878.40179302     1.00007264        1
  1878.42222471     0.99994560        1
  1878.44265621     0.99982166        1
  1878.46308781     0.99988193        1
  1878.48351950     0.99991044        1
  1878.54481430     0.99987021        1
  1878.56524589     0.99993458        1
  1878.58567739     0.99991259        1
  1878.60610909     1.00002806        1
  1878.62654069     1.00003786        1
  1878.64697228     0.99987289        1
  1878.66740388     0.99996602        1
  1878.68783548     0.99987286        1
  1878.70826718     0.99998183        1
  1878.72869867     0.99983515        1
  1878.74913027     0.99972716        1
  1878.78999347     0.99988233        1
  1878.81042507     1.00011340        1
  1878.83085666     1.00010072        1
  1878.85128826     1.00009692        1
  1878.87171996     1.00020093        1
  1878.89215146     1.00010625        1
  1878.91258306     1.00006290        1
  1878.93301475     1.00008502        1
  1878.95344625     0.99997490        1
  1878.97387785     0.99990061        1
  1878.99430955     0.99988701        1
  1879.05560435     0.99997305        1
  1879.07603594     0.99981995        1
  1879.09646754     1.00011235        1
  1879.11689914     1.00015482        1
  1879.13733074     1.00003580        1
  1879.15776234     1.00019742        1
  1879.17819394     0.99998583        1
  1879.19862554     1.00002293        1
  1879.21905724     1.00005379        1
  1879.23948874     0.99999396        1
  1879.28035203     0.99947807        1
  1879.30078353     0.99973627        1
  1879.32121523     0.99978925        1
  1879.34164683     0.99999332        1
  1879.36207833     0.99994624        1
  1879.38251003     0.99989300        1
  1879.40294163     1.00003047        1
  1879.42337313     0.99990005        1
  1879.44380483     0.99994877        1
  1879.46423643     1.00008937        1
  1879.48466793     1.00006521        1
  1879.52553113     1.00018154        1
  1879.54596283     1.00003750        1
  1879.56639443     1.00019423        1
  1879.58682603     1.00006077        1
  1879.60725763     1.00002442        1
  1879.62768923     1.00002509        1
  1879.64812083     0.99994164        1
  1879.66855243     0.99978811        1
  1879.68898403     0.99993191        1
  1879.70941563     1.00065154        1
  1879.72984723     0.99963969        1
  1879.77071054     1.00000619        1
  1879.79114214     1.00007886        1
  1879.81157364     1.00006594        1
  1879.83200534     1.00021898        1
  1879.85243694     1.00017786        1
  1879.87286844     1.00020348        1
  1879.89330014     0.99998916        1
  1879.91373174     0.99994622        1
  1879.93416325     0.99983940        1
  1879.95459495     0.99996751        1
  1879.97502655     0.99988438        1
  1880.01588975     1.00026039        2
  1880.03632135     1.00016426        2
  1880.05675306     1.00021979        2
  1880.07718456     1.00065304        2
  1880.09761616     1.00013744        2
  1880.11804776     1.00004614        2
  1880.13847936     1.00007906        2
  1880.15891097     0.99995149        2
  1880.17934267     0.99998374        2
  1880.19977417     0.99987123        2
  1880.22020587     1.00020104        2
  1880.26106898     0.99982322        2
  1880.28150068     0.99993658        2
  1880.30193228     1.00004381        2
  1880.32236379     1.00001052        2
  1880.34279549     1.00001862        2
  1880.36322709     1.00004412        2
  1880.38365859     0.99992031        2
  1880.40409030     1.00014532        2
  1880.42452190     1.00018534        2
  1880.44495360     1.00008464        2
  1880.50624841     0.99998460        2
  1880.52667992     0.99989434        2
  1880.54711152     0.99996353        2
  1880.56754322     0.99987111        2
  1880.58797473     0.99987366        2
  1880.60840633     0.99987762        2
  1880.62883804     0.99995388        2
  1880.64926954     1.00015169        2
  1880.66970124     0.99982182        2
  1880.75142766     0.99985835        2
  1880.77185926     0.99991219        2
  1880.79229087     0.99975781        2
  1880.81272247     0.99984871        2
  1880.83315408     0.99990110        2
  1880.85358568     0.99975938        2
  1880.87401729     0.99987822        2
  1880.89444889     0.99981758        2
  1880.91488050     0.99999770        2
  1880.93531210     0.99991706        2
  1880.95574381     0.99979820        2
  1880.99660692     1.00000099        2
  1881.01703862     1.00003789        2
  1881.03747013     1.00006120        2
  1881.05790173     0.99998106        2
  1881.07833344     0.99987487        2
  1881.09876495     0.99987555        2
  1881.11919665     0.99982405        2
  1881.13962826     0.99985022        2
  1881.16005976     0.99992475        2
  1881.18049147     0.99996317        2
  1881.20092308     0.99984632        2
  1881.24178629     0.99994239        2
  1881.26221789     0.99968614        2
  1881.28264950     0.99982812        2
  1881.30308111     0.99992474        2
  1881.32351271     0.99980072        2
  1881.34394442     0.99973734        2
  1881.36437593     0.99992638        2
  1881.38480753     1.00003924        2
  1881.40523924     0.99989412        2
  1881.42567085     0.99998925        2
  1881.44610235     0.99998651        2
  1881.48696557     0.99994575        2
  1881.50739728     0.99995702        2
  1881.52782888     1.00006888        2
  1881.54826049     1.00007716        2
  1881.56869210     1.00004380        2
  1881.58912371     0.99990959        2
  1881.60955521     1.00006756        2
  1881.62998692     1.00013318        2
  1881.65041853     1.00003150        2
  1881.67085004     1.00008093        2
  1881.69128175     1.00008006        2
  1881.73214506     1.00012863        2
  1881.75257657     1.00015692        2
  1881.77300818     1.00011664        2
  1881.79343989     1.00009287        2
  1881.81387140     1.00010355        2
  1881.83430301     1.00011533        2
  1881.85473471     1.00016851        2
  1881.87516622     1.00012472        2
  1881.89559783     1.00018627        2
  1881.91602954     1.00008724        2
  1881.93646115     1.00042165        2
  1881.97732437     1.00009775        2
  1881.99775598     1.00019595        2
  1882.01818759     1.00017157        2
  1882.03861920     1.00012638        2
  1882.05905081     1.00015118        2
  1882.07948252     1.00014254        2
  1882.09991403     1.00026326        2
  1882.12034564     1.00009687        2
  1882.14077735     1.00022185        2
  1882.16120886     1.00022787        2
  1882.22250369     1.00017971        2
  1882.24293540     1.00034739        2
  1882.26336691     1.00025468        2
  1882.28379852     1.00020753        2
  1882.30423023     1.00019682        2
  1882.32466174     1.00016465        2
  1882.34509345     1.00024435        2
  1882.36552507     1.00038392        2
  1882.46768312     1.00021532        2
  1882.48811474     1.00017557        2
  1882.50854635     1.00010158        2
  1882.52897796     1.00016162        2
  1882.54940957     1.00024911        2
  1882.56984128     1.00003797        2
  1882.77415741     1.00002883        2
  1882.79458912     1.00001922        2
  1882.81502064     1.00021794        2
  1882.83545225     1.00012760        2
  1882.85588396     0.99995154        2
  1882.87631548     0.99997554        2
  1882.89674699     1.00005899        2
  1882.91717870     0.99994239        2
  1883.01933688     0.99992444        2
  1883.03976839     0.99999076        2
  1883.06020000     1.00000000        2
  1883.08063172     0.99990243        2
  1883.10106333     0.99990568        2
  1883.12149485     0.99988426        2
  1883.14192656     0.99979034        2
  1883.16235818     0.99980980        2
  1883.20322141     0.99978274        2
  1883.22365303     0.99978314        2
  1883.24408474     0.99972485        2
  1883.26451626     0.99953817        2
  1883.28494787     0.99986432        2
  1883.30537959     0.99977425        2
  1883.32581110     0.99993431        2
  1883.34624272     1.00004659        2
  1883.36667444     0.99991810        2
  1883.38710595     0.99967555        2
  1883.40753767     0.99975075        2
  1883.44840080     0.99981659        2
  1883.46883252     0.99978786        2
  1883.48926413     0.99973430        2
  1883.50969565     0.99989117        2
  1883.53012737     0.99973326        2
  1883.55055889     0.99983170        2
  1883.57099060     0.99988217        2
  1883.59142222     0.99977304        2
  1883.61185374     0.99982369        2
  1883.63228546     0.99975848        2
  1883.65271707     0.99986840        2
  1883.69358031     0.99980808        2
  1883.71401193     0.99965594        2
  1883.73444355     0.99974995        2
  1883.75487516     0.99983495        2
  1883.77530678     0.99994557        2
  1883.79573850     0.99991616        2
  1883.81617012     0.99981413        2
  1883.83660164     0.99978099        2
  1883.85703336     0.99987693        2
  1883.87746497     0.99985404        2
  1883.89789649     0.99993290        2
  1883.95919135     0.99973882        2
  1883.97962307     0.99990891        2
  1884.00005469     1.00003466        2
  1884.02048641     1.00015962        2
  1884.04091793     0.99990488        2
  1884.06134955     0.99984228        2
  1884.08178127     0.99995229        2
  1884.10221279     0.99995458        2
  1884.12264441     0.99985962        2
  1884.14307613     0.99990713        2
  1884.18393927     0.99984125        2
  1884.20437089     0.99998831        2
  1884.22480251     1.00000159        2
  1884.24523423     0.99997843        2
  1884.26566576     1.00001813        2
  1884.28609738     1.00015785        2
  1884.30652910     0.99988191        2
  1884.32696072     1.00001164        2
  1884.34739224     1.00007591        2
  1884.36782396     1.00005879        2
  1884.38825558     0.99998901        2
  1884.42911883     1.00005503        2
  1884.44955045     1.00014200        2
  1884.46998217     1.00016767        2
  1884.49041370     1.00015260        2
  1884.51084532     1.00013930        2
  1884.53127704     1.00020205        2
  1884.55170856     1.00017403        2
  1884.57214019     1.00002105        2
  1884.59257191     1.00007356        2
  1884.61300343     1.00001206        2
  1884.63343516     1.00006266        2
  1884.67429830     1.00025463        2
  1884.69473003     1.00013784        2
  1884.71516165     0.99996003        2
  1884.73559327     1.00014079        2
  1884.75602490     1.00020618        2
  1884.77645652     1.00017053        2
  1884.79688815     0.99993241        2
  1884.81731977     1.00002190        2
  1884.83775139     1.00007227        2
  1884.85818302     0.99980199        2
  1884.91947789     1.00015914        2
  1884.93990952     1.00015519        2
  1884.96034114     1.00009630        2
  1884.98077287     1.00014403        2
  1885.00120439     1.00007964        2
  1885.02163612     1.00016822        2
  1885.04206775     1.00004403        2
  1885.06249927     1.00015448        2
  1885.08293100     0.99995401        2
  1885.10336262     1.00003445        2
  1885.12379415     1.00003998        2
  1885.16465750     0.99814784        2
  1885.18508903     1.00019050        2
  1885.20552076     1.00003753        2
  1885.22595238     0.99992131        2
  1885.24638411     1.00002631        2
  1885.26681564     1.00002199        2
  1885.28724726     1.00001313        2
  1885.30767899     1.00013913        2
  1885.32811052     1.00004529        2
  1885.34854215     1.00020878        2
  1885.36897387     1.00003978        2
  1885.40983703     1.00003559        2
  1885.43026876     1.00016076        2
  1885.45070039     1.00011604        2
  1885.47113201     0.99996417        2
  1885.49156364     1.00000242        2
  1885.51199527     1.00005719        2
  1885.53242690     1.00015005        2
  1885.55285853     1.00009445        2
  1885.57329006     0.99999774        2
  1885.59372179     1.00009600        2
  1885.61415342     0.99993691        2
  1885.65501668     0.99989335        2
  1885.67544830     0.99993644        2
  1885.69588003     1.00000328        2
  1885.71631156     0.99994288        2
  1885.73674319     1.00003513        2
  1885.75717492     1.00000432        2
  1885.77760646     1.00015428        2
  1885.79803809     0.99992803        2
  1885.81846982     0.99980757        2
  1885.83890135     0.99969279        2
  1885.85933308     1.00000889        2
  1885.90019624     0.99992349        2
  1885.92062797     1.00003177        2
  1885.94105960     0.99994538        2
  1885.96149123     0.99999340        2
  1885.98192287     1.00015998        2
  1886.00235450     0.99999060        2
  1886.02278613     0.99997576        2
  1886.04321776     0.99987820        2
  1886.06364939     0.99998117        2
  1886.08408113     1.00017162        2
  1886.10451276     0.99997112        2
  1886.16580766     0.99966089        2
  1886.18623919     0.99991006        2
  1886.20667092     1.00000352        2
  1886.22710246     0.99988352        2
  1886.24753419     0.99987718        2
  1886.26796582     1.00016599        2
  1886.28839736     0.99997402        2
  1886.30882909     1.00007695        2
  1886.32926073     1.00018169        2
  1886.34969226     0.99990642        2
  1886.39055563     1.00009936        2
  1886.41098716     1.00005047        2
  1886.43141890     0.99995232        2
  1886.45185053     1.00001285        2
  1886.47228227     1.00003443        2
  1886.49271380     0.99997726        2
  1886.51314544     0.99990798        2
  1886.53357717     0.99996735        2
  1886.63573535     1.00002782        2
  1886.65616699     1.00001532        2
  1886.67659863     0.99988738        2
  1886.69703026     0.99976631        2
  1886.71746190     0.99982767        2
  1886.73789354     0.99984268        2
  1886.88091500     0.99998437        2
  1886.90134664     1.00004696        2
  1886.92177837     0.99989343        2
  1886.94220991     0.99991578        2
  1886.96264155     0.99983354        2
  1886.98307329     0.99983240        2
  1887.12609476     0.99989827        2
  1887.14652640     1.00007828        2
  1887.16695804     1.00015363        2
  1887.18738968     0.99985374        2
  1887.20782132     1.00009557        2
  1887.22825296     0.99988947        2
  1887.24868470     0.99974827        2
  1887.26911625     1.00009443        2
  1887.28954789     1.00001653        2
  1887.30997963     1.00007189        2
  1887.33041127     1.00014345        2
  1887.37127455     1.00007295        2
  1887.39170619     1.00000233        2
  1887.41213773     0.99998923        2
  1887.43256948     0.99980600        2
  1887.45300112     0.99985167        2
  1887.47343276     1.00004038        2
  1887.49386440     1.00007869        2
  1887.51429605     1.00013280        2
  1887.53472779     1.00003124        2
  1887.55515933     0.99997628        2
  1887.57559097     0.99986572        2
  1887.61645426     1.00005877        2
  1887.63688600     0.99998091        2
  1887.65731755     1.00012007        2
  1887.67774919     0.99992310        2
  1887.69818093     1.00007597        2
  1887.71861248     0.99994167        2
  1887.73904412     0.99993734        2
  1887.75947587     0.99999722        2
  1887.77990741     0.99999262        2
  1887.86163409     1.00010189        2
  1887.88206574     1.00000592        2
  1887.90249738     1.00014178        2
  1887.92292903     1.00008286        2
  1887.94336067     0.99999393        2
  1887.96379232     0.99996524        2
  1887.98422407     0.99996990        2
  1891.04897358     0.99999273        3
  1891.06940525     0.99994978        3
  1891.08983703     1.00000657        3
  1891.11026860     0.99989797        3
  1891.13070027     1.00010623        3
  1891.15113204     1.00000156        3
  1891.17156362     1.00001588        3
  1891.19199539     1.00011554        3
  1891.21242706     1.00020964        3
  1891.23285864     1.00019604        3
  1891.29415366     0.99990678        3
  1891.31458544     0.99999080        3
  1891.33501711     1.00001404        3
  1891.35544889     0.99999057        3
  1891.37588046     0.99995656        3
  1891.39631214     0.99995722        3
  1891.41674391     0.99991988        3
  1891.43717549     1.00051800        3
  1891.45760716     0.99997168        3
  1891.47803894     1.00004965        3
  1891.49847062     0.99998270        3
  1891.53933397     0.99980760        3
  1891.55976555     0.99989327        3
  1891.58019732     0.99998377        3
  1891.60062900     1.00008946        3
  1891.62106058     0.99992093        3
  1891.64149236     1.00003334        3
  1891.66192403     1.00011353        3
  1891.68235561     0.99999797        3
  1891.70278739     1.00002829        3
  1891.72321907     1.00002245        3
  1891.74365085     1.00013928        3
  1891.78451410     0.99998270        3
  1891.80494588     0.99996697        3
  1891.82537746     1.00000024        3
  1891.84580914     0.99999659        3
  1891.86624092     1.00003466        3
  1891.88667250     1.00005247        3
  1891.90710418     1.00007793        3
  1891.92753596     0.99991163        3
  1891.94796754     1.00017510        3
  1891.96839933     1.00018278        3
  1891.98883101     0.99998611        3
  1892.02969437     1.00007195        3
  1892.05012605     1.00009835        3
  1892.07055773     1.00005647        3
  1892.09098942     1.00000511        3
  1892.11142110     1.00002836        3
  1892.13185288     1.00005302        3
  1892.15228456     0.99993350        3
  1892.17271615     0.99997620        3
  1892.19314793     0.99998742        3
  1892.21357951     0.99993021        3
  1892.23401120     1.00005890        3
  1892.27487456     0.99991928        3
  1892.29530635     0.99999739        3
  1892.31573803     1.00005190        3
  1892.33616962     1.00002146        3
  1892.35660140     0.99983274        3
  1892.37703309     1.00000326        3
  1892.39746467     0.99993990        3
  1892.41789646     1.00009124        3
  1892.43832814     0.99999003        3
  1892.45875973     1.00001949        3
  1892.52005499     1.00004348        3
  1892.54048657     0.99998362        3
  1892.56091826     1.00028001        3
  1892.58135005     1.00005483        3
  1892.60178163     1.00001849        3
  1892.62221332     0.99999918        3
  1892.64264511     1.00002593        3
  1892.66307680     0.99987723        3
  1892.82653031     1.00004667        3
  1892.84696200     0.99996898        3
  1892.86739379     1.00014565        3
  1892.88782538     0.99984128        3
  1892.90825717     0.99987308        3
  1892.92868876     0.99994003        3
  1892.94912045     0.99995877        3
  1892.96955224     0.99988908        3
  1893.01041552     0.99973150        3
  1893.03084731     0.99999247        3
  1893.05127890     0.99998561        3
  1893.07171070     0.99988286        3
  1893.09214239     1.00020660        3
  1893.11257398     1.00017447        3
  1893.13300577     1.00005458        3
  1893.15343747     1.00011987        3
  1893.17386906     1.00011482        3
  1893.19430085     1.00008709        3
  1893.21473254     0.99999809        3
  1893.33732271     1.00005164        3
  1893.35775451     1.00010700        3
  1893.37818620     1.00005083        3
  1893.39861780     1.00010395        3
  1893.41904959     0.99992373        3
  1893.43948129     1.00000408        3
  1893.45991308     1.00004108        3
  1893.50077638     1.00003735        3
  1893.52120817     0.99985750        3
  1893.54163977     0.99996171        3
  1893.56207137     1.00001505        3
  1893.58250316     0.99995970        3
  1893.60293486     1.00003781        3
  1893.62336666     0.99993212        3
  1893.64379826     0.99996109        3
  1893.66422996     0.99997662        3
  1893.68466175     0.99987089        3
  1893.70509335     1.00002899        3
  1893.74595685     0.99994335        3
  1893.76638845     0.99986299        3
  1893.78682015     0.99996417        3
  1893.80725195     0.99999647        3
  1893.82768355     1.00001858        3
  1893.84811535     0.99995604        3
  1893.86854705     0.99998368        3
  1893.88897875     1.00004741        3
  1893.90941045     1.00009214        3
  1893.92984215     0.99994398        3
  1894.01156906     0.99999609        3
  1894.03200076     0.99986868        3
  1894.05243236     1.00009188        3
  1894.07286416     1.00012884        3
  1894.09329587     1.00012270        3
  1894.11372747     1.00010702        3
  1894.13415927     0.99999028        3
  1894.15459098     1.00001058        3
  1894.17502268     0.99988912        3
  1894.19545438     0.99998671        3
  1894.23631779     1.00002998        3
  1894.25674950     0.99995149        3
  1894.27718110     1.00006605        3
  1894.29761291     1.00004415        3
  1894.31804461     0.99998510        3
  1894.33847622     1.00002208        3
  1894.35890802     1.00006431        3
  1894.37933973     0.99984146        3
  1894.39977154     0.99993269        3
  1894.42020314     1.00005925        3
  1894.44063485     0.99993670        3
  1894.48149826     1.00002062        3
  1894.50192997     1.00002969        3
  1894.52236178     1.00006880        3
  1894.54279348     0.99997329        3
  1894.56322519     0.99992123        3
  1894.58365690     1.00003715        3
  1894.60408861     0.99995113        3
  1894.72667886     1.00012615        3
  1894.74711067     1.00006373        3
  1894.76754228     1.00006159        3
  1894.78797409     1.00009934        3
  1894.80840581     0.99998595        3
  1894.82883742     0.99986406        3
  1894.84926923     0.99999025        3
  1894.97185950     0.99969000        3
  1894.99229111     1.00016306        3
  1895.01272292     1.00001068        3
  1895.03315464     0.99997219        3
  1895.05358635     1.00004131        3
  1895.07401806     1.00013250        3
  1895.09444978     1.00014287        3
  1895.11488159     1.00006377        3
  1895.13531321     1.00022554        3
  1895.15574492     1.00016497        3
  1895.17617674     1.00001234        3
  1895.21704007     1.00008230        3
  1895.23747188     1.00026756        3
  1895.25790360     0.99986234        3
  1895.27833521     0.99994830        3
  1895.29876703     1.00008261        3
  1895.31919875     0.99999962        3
  1895.33963056     0.99990948        3
  1895.36006218     0.99985666        3
  1895.38049390     1.00004230        3
  1895.40092571     0.99998336        3
  1895.42135733     0.99988709        3
  1895.46222087     0.99990092        3
  1895.48265249     1.00010252        3
  1895.50308431     1.00002733        3
  1895.52351592     0.99983879        3
  1895.54394764     0.99992564        3
  1895.56437946     0.99985332        3
  1895.58481108     0.99999843        3
  1895.60524280     0.99994288        3
  1895.62567462     0.99990868        3
  1895.64610624     0.99985176        3
  1895.66653806     0.99991288        3
  1895.70740150     0.99998319        3
  1895.72783322     0.99996124        3
  1895.74826495     1.00002806        3
  1895.76869667     0.99995123        3
  1895.78912839     1.00004563        3
  1895.80956011     1.00002948        3
  1895.82999183     0.99993822        3
  1895.85042366     1.00001161        3
  1895.87085528     0.99995546        3
  1895.89128710     0.99991719        3
  1895.91171883     0.99999077        3
  1895.95258227     0.99988567        3
  1895.97301400     0.99997361        3
  1895.99344562     1.00011663        3
  1896.01387745     1.00004103        3
  1896.03430917     1.00005129        3
  1896.05474100     0.99995821        3
  1896.07517262     1.00002466        3
  1896.09560435     1.00004447        3
  1896.11603607     1.00001155        3
  1896.13646780     0.99993015        3
  1896.15689952     0.99989226        3
  1896.19776298     1.00000000        3
  1896.21819480     1.00009163        3
  1896.23862643     0.99993307        3
  1896.25905816     1.00005579        3
  1896.27948999     0.99998687        3
  1896.29992161     1.00002389        3
  1896.32035334     1.00001151        3
  1896.34078517     0.99992820        3
  1896.36121680     0.99988187        3
  1896.38164853     1.00017084        3
  1896.50423901     1.00026445        3
  1896.52467074     1.00016996        3
  1896.54510247     1.00006794        3
  1896.56553430     1.00003873        3
  1896.58596593     1.00019427        3
  1896.60639776     1.00005402        3
  1896.62682949     1.00010568        3
  1896.64726113     1.00000607        3
  1896.68812469     1.00020171        3
  1896.70855632     0.99993144        3
  1896.72898816     1.00009657        3
  1896.74941989     1.00002266        3
  1896.76985162     1.00004120        3
  1896.79028336     0.99992911        3
  1896.81071509     1.00001484        3
  1896.83114683     1.00000575        3
  1896.85157856     0.99994332        3
  1896.87201030     1.00002502        3
  1896.89244203     0.99985168        3
  1896.93330550     0.99982038        3
  1896.95373724     0.99986148        3
  1896.97416897     1.00013295        3
  1896.99460081     0.99997474        3
  1897.01503245     1.00027510        3
  1897.03546418     1.00021139        3
  1897.05589602     1.00001965        3
  1897.07632776     1.00030819        3
  1897.09675940     0.99997989        3
  1897.11719123     0.99994635        3
  1897.17848645     1.00010793        3
  1897.19891819     0.99996583        3
  1897.21935003     0.99993615        3
  1897.23978167     0.99996520        3
  1897.26021340     0.99985682        3
  1897.28064524     0.99987062        3
  1897.30107688     0.99991701        3
  1897.32150873     0.99987748        3
  1897.34194047     0.99999016        3
  1897.36237211     1.00021063        3
  1897.38280395     0.99991272        3
  1897.42366733     1.00000142        3
  1897.44409917     1.00005226        3
  1897.46453091     0.99988865        3
  1897.48496276     0.99994970        3
  1897.50539440     1.00015774        3
  1897.52582604     1.00001386        3
  1897.54625789     1.00001719        3
  1897.56668963     0.99998433        3
  1897.58712137     0.99999578        3
  1897.60755312     0.99984897        3
  1897.62798486     0.99980943        3
  1897.73014369     1.00002848        3
  1897.75057533     0.99994654        3
  1897.77100718     0.99991827        3
  1897.79143892     0.99978710        3
  1897.81187057     1.00000298        3
  1897.83230242     0.99985501        3
  1897.85273416     0.99995685        3
  1897.87316601     1.00008683        3
  1897.91402941     0.99995448        3
  1897.93446125     0.99964200        3
  1897.95489290     0.99992392        3
  1897.97532465     1.00010473        3
  1897.99575650     1.00020677        3
  1898.01618815     1.00013733        4
  1898.03662000     1.00008254        4
  1898.05705175     1.00006386        4
  1898.07748340     1.00007720        4
  1898.09791525     1.00006525        4
  1898.11834700     1.00001912        4
  1898.15921050     1.00003774        4
  1898.17964215     1.00000848        4
  1898.20007400     0.99998576        4
  1898.22050575     0.99997539        4
  1898.24093741     0.99982239        4
  1898.26136926     1.00000283        4
  1898.28180101     1.00005749        4
  1898.30223276     1.00002149        4
  1898.32266452     0.99995359        4
  1898.40439153     0.99996173        4
  1898.42482339     1.00009256        4
  1898.44525514     1.00000601        4
  1898.46568680     0.99984701        4
  1898.48611865     0.99991295        4
  1898.50655041     0.99996538        4
  1898.52698206     0.99997475        4
  1898.54741392     0.99994677        4
  1898.56784567     0.99989355        4
  1898.58827753     0.99992405        4
  1898.60870919     0.99999143        4
  1898.64957280     1.00011740        4
  1898.67000446     0.99991056        4
  1898.69043622     1.00002096        4
  1898.71086808     1.00006800        4
  1898.73129973     0.99987574        4
  1898.75173159     0.99991430        4
  1898.77216335     0.99998601        4
  1898.79259501     0.99999742        4
  1898.81302687     0.99988841        4
  1898.83345853     0.99994320        4
  1898.85389029     1.00008760        4
  1898.89475381     0.99970760        4
  1898.91518557     0.99966546        4
  1898.93561743     0.99944871        4
  1898.95604919     0.99996899        4
  1898.97648095     1.00008865        4
  1898.99691272     0.99997403        4
  1899.01734448     0.99993733        4
  1899.03777624     1.00017121        4
  1899.05820800     1.00002793        4
  1899.07863977     1.00010834        4
  1899.09907163     1.00005187        4
  1899.13993516     0.99991329        4
  1899.16036692     0.99994609        4
  1899.18079859     1.00004302        4
  1899.20123045     0.99996459        4
  1899.22166221     1.00012957        4
  1899.24209388     1.00002781        4
  1899.26252575     0.99999966        4
  1899.28295751     0.99969229        4
  1899.30338938     0.99993395        4
  1899.32382104     0.99995476        4
  1899.34425281     1.00004534        4
  1899.38511634     1.00007250        4
  1899.40554811     0.99993301        4
  1899.42597998     0.99984960        4
  1899.44641165     1.00000401        4
  1899.46684351     0.99999444        4
  1899.48727518     0.99992814        4
  1899.50770695     0.99992617        4
  1899.52813882     1.00012097        4
  1899.54857049     1.00002603        4
  1899.56900226     1.00013821        4
  1899.58943413     1.00000923        4
  1899.63029757     1.00000551        4
  1899.65072944     1.00008006        4
  1899.67116121     0.99995348        4
  1899.69159298     0.99991931        4
  1899.71202475     0.99984947        4
  1899.73245653     0.99995683        4
  1899.75288840     1.00007955        4
  1899.77332007     0.99997778        4
  1899.79375184     0.99997686        4
  1899.81418371     0.99996614        4
  1899.83461539     1.00010371        4
  1899.89591071     1.00000201        4
  1899.91634258     1.00006699        4
  1899.93677436     1.00006135        4
  1899.95720603     1.00000377        4
  1899.97763791     1.00020835        4
  1899.99806968     1.00001432        4
  1900.01850156     1.00002752        4
  1900.03893323     1.00013069        4
  1900.05936501     1.00024538        4
  1900.07979679     1.00000176        4
  1900.12066034     1.00017847        4
  1900.14109212     1.00023112        4
  1900.16152390     1.00010671        4
  1900.18195577     1.00006684        4
  1900.20238745     1.00009423        4
  1900.22281923     1.00007204        4
  1900.24325111     0.99995670        4
  1900.26368279     1.00009098        4
  1900.28411457     1.00004177        4
  1900.30454645     1.00012711        4
  1900.32497823     1.00001739        4
  1900.36584179     1.00014053        4
  1900.38627357     1.00004235        4
  1900.40670545     1.00001512        4
  1900.42713713     1.00011485        4
  1900.44756891     1.00017238        4
  1900.46800079     1.00006907        4
  1900.48843248     1.00001953        4
  1900.50886426     1.00008555        4
  1900.52929614     0.99993763        4
  1900.54972782     1.00004244        4
  1900.57015971     1.00003589        4
  1900.61102317     0.99995205        4
  1900.63145506     1.00008843        4
  1900.65188684     1.00001302        4
  1900.67231853     1.00004762        4
  1900.69275041     0.99996703        4
  1900.71318220     1.00006850        4
  1900.85620470     0.99985827        4
  1900.87663649     0.99972239        4
  1900.89706838     0.99970578        4
  1900.91750017     0.99989356        4
  1900.93793185     0.99969142        4
  1900.95836374     0.99986090        4
  1900.97879553     0.99999138        4
  1900.99922722     0.99991134        4
  1901.01965911     0.99994514        4
  1901.04009090     0.99999361        4
  1901.06052259     0.99991260        4
  1901.10138627     1.00001340        4
  1901.12181816     0.99987834        4
  1901.14224986     0.99991456        4
  1901.16268165     0.99988860        4
  1901.18311354     0.99986631        4
  1901.20354523     0.99990903        4
  1901.22397702     0.99985160        4
  1901.24440892     0.99992171        4
  1901.26484061     0.99995514        4
  1901.28527250     0.99987606        4
  1901.30570430     0.99982626        4
  1901.36699968     1.00005635        4
  1901.38743147     0.99958948        4
  1901.40786327     1.00001801        4
  1901.42829506     0.99972120        4
  1901.44872686     0.99999617        4
  1901.46915866     1.00000849        4
  1901.48959045     1.00006569        4
  1901.51002225     0.99983255        4
  1901.53045405     0.99999595        4
  1901.55088584     0.99977313        4
  1901.59174944     0.99988630        4
  1901.61218134     0.99992814        4
  1901.63261313     0.99994853        4
  1901.65304483     1.00005200        4
  1901.67347673     0.99996625        4
  1901.69390853     1.00004384        4
  1901.71434023     0.99998677        4
  1901.73477213     0.99998975        4
  1901.75520393     0.99998000        4
  1901.77563563     0.99981381        4
  1901.79606753     1.00010950        4
  1901.83693124     0.99991149        4
  1901.85736294     1.00005926        4
  1901.87779474     0.99996055        4
  1901.89822664     1.00004949        4
  1901.91865834     0.99994585        4
  1901.93909015     0.99999832        4
  1901.95952205     0.99982880        4
  1901.97995375     0.99999405        4
  1902.00038566     1.00030767        4
  1902.02081746     0.99988696        4
  1902.08211287     0.99994398        4
  1902.10254458     0.99998434        4
  1902.12297649     1.00010676        4
  1902.14340829     1.00025066        4
  1902.16384010     1.00004139        4
  1902.18427190     1.00022871        4
  1902.20470371     1.00004405        4
  1902.22513552     1.00005456        4
  1902.24556732     0.99981492        4
  1902.26599913     1.00000263        4
  1902.28643104     0.99997616        4
  1902.32729456     1.00003244        4
  1902.34772647     1.00005872        4
  1902.36815818     1.00003472        4
  1902.38859008     1.00002242        4
  1902.40902189     1.00001637        4
  1902.42945360     1.00008494        4
  1902.57247638     1.00009639        4
  1902.59290820     1.00016594        4
  1902.61334011     1.00015911        4
  1902.63377182     1.00010612        4
  1902.65420364     0.99998008        4
  1902.67463555     1.00006265        4
  1902.69506726     1.00017234        4
  1902.71549918     1.00015525        4
  1902.73593099     1.00003812        4
  1902.75636271     1.00012581        4
  1902.77679462     1.00012337        4
  1902.81765825     0.99883299        4
  1902.83809007     0.99991451        4
  1902.85852189     1.00016828        4
  1902.87895360     1.00019147        4
  1902.89938552     1.00011992        4
  1902.91981734     0.99968751        4
  1902.94024926     0.99972653        4
  1902.96068097     1.00012387        4
  1902.98111279     0.99997019        4
  1903.00154471     1.00006228        4
  1903.02197643     0.99998470        4
  1903.20586281     1.00005627        4
  1903.22629474     1.00003129        4
  1903.24672656     0.99998509        4
  1903.26715848     1.00001703        4
  1903.30802203     0.99982991        4
  1903.32845395     1.00003872        4
  1903.34888567     0.99999900        4
  1903.36931750     1.00003380        4
  1903.38974942     0.99984575        4
  1903.41018125     0.99994816        4
  1903.43061307     0.99985834        4
  1903.45104480     0.99996257        4
  1903.47147662     1.00003203        4
  1903.49190855     1.00011960        4
  1903.51234038     0.99995526        4
  1903.55320403     0.99981456        4
  1903.57363586     0.99973702        4
  1903.59406759     0.99996773        4
  1903.61449951     0.99996367        4
  1903.63493134     0.99992486        4
  1903.65536327     1.00006134        4
  1903.67579500     1.00003364        4
  1903.69622683     1.00017399        4
  1903.71665876     1.00006716        4
  1903.73709049     1.00007857        4
  1903.75752232     0.99988587        4
  1903.79838598     1.00006019        4
  1903.81881791     0.99989479        4
  1903.83924974     0.99997271        4
  1903.85968147     1.00005678        4
  1903.88011341     0.99994815        4
  1903.90054524     1.00009615        4
  1903.92097697     1.00010736        4
  1903.94140890     0.99997866        4
  1903.96184074     0.99997393        4
  1903.98227267     0.99990090        4
  1904.00270441     1.00002225        4
  1904.04356807     0.99970793        4
  1904.06400001     0.99998871        4
  1904.08443174     1.00003004        4
  1904.10486358     1.00001963        4
  1904.12529542     1.00002305        4
  1904.14572725     0.99993169        4
  1904.16615919     0.99998021        4
  1904.18659093     1.00021017        4
  1904.20702286     0.99983085        4
  1904.22745470     0.99996067        4
  1904.24788644     0.99987364        4
  1904.28875021     0.99993173        4
  1904.30918195     0.99985165        4
  1904.32961389     0.99993909        4
  1904.35004573     0.99995526        4
  1904.37047767     1.00006945        4
  1904.39090941     1.00011224        4
  1904.41134125     1.00000145        4
  1904.43177319     0.99997316        4
  1904.45220493     0.99987664        4
  1904.47263678     1.00002723        4
  1904.49306872     0.99993258        4
  1904.61565977     1.00019040        4
  1904.63609162     1.00000480        4
  1904.65652346     1.00001504        4
  1904.67695531     0.99991870        4
  1904.69738715     1.00013129        4
  1904.71781900     1.00011092        4
  1904.73825084     0.99988640        4
  1904.77911453     1.00015916        4
  1904.79954638     1.00001428        4
  1904.81997833     1.00002477        4
  1904.84041007     0.99994420        4
  1904.86084192     0.99992821        4
  1905.02429671     0.99996943        4
  1905.04472866     0.99999623        4
  1905.06516052     1.00009173        4
  1905.08559247     1.00000000        4
  1905.10602422     0.99990918        4
  1905.12645607     1.00008504        4
  1905.14688802     0.99996279        4
  1905.16731977     0.99997682        4
  1905.18775163     1.00005976        4
