  1835.80172760     1.00008099        0
  1835.82215974     0.99991412        0
  1835.84259167     0.99989204        0
  1835.86302370     1.00006318        0
  1835.88345583     1.00000689        0
  1835.90388776     0.99992638        0
  1835.92431979     0.99983855        0
  1835.94475192     0.99988329        0
  1835.96518385     1.00003390        0
  1835.98561588     0.99991151        0
  1836.00604801     1.00010907        0
  1836.02647994     0.99995755        0
  1836.04691197     0.99994286        0
  1836.06734410     1.00012588        0
  1836.08777602     0.99985923        0
  1836.10820805     1.00001658        0
  1836.12864018     0.99995283        0
  1836.14907220     0.99993034        0
  1836.16950413     0.99997697        0
  1836.18993625     1.00011140        0
  1836.21036828     1.00000021        0
  1836.23080040     1.00008179        0
  1836.25123232     1.00016530        0
  1836.27166435     1.00005953        0
  1836.31252839     0.99995589        0
  1836.33296041     1.00002064        0
  1836.35339254     1.00002045        0
  1836.37382446     1.00002926        0
  1836.39425648     1.00004136        0
  1836.41468850     0.99986205        0
  1836.43512052     0.99996451        0
  1836.45555254     0.99996369        0
  1836.47598455     1.00003797        0
  1836.49641657     0.99986286        0
  1836.51684859     0.99989634        0
  1836.53728061     1.00008930        0
  1836.55771263     0.99996306        0
  1836.57814464     1.00010299        0
  1836.59857676     0.99995214        0
  1836.61900867     0.99998513        0
  1836.63944069     1.00003266        0
  1836.65987280     1.00019761        0
  1836.68030472     0.99995888        0
  1836.70073673     1.00000680        0
  1836.72116884     0.99989916        0
  1836.74160076     0.99996919        0
  1836.76203277     1.00002982        0
  1836.78246488     1.00007537        0
  1836.80289679     1.00001227        0
  1836.82332891     0.99983889        0
  1836.84376092     1.00002800        0
  1836.86419283     1.00006736        0
  1836.88462494     1.00002519        0
  1836.90505695     1.00009353        0
  1836.92548885     0.99994238        0
  1836.94592096     1.00003271        0
  1836.96635297     0.99992919        0
  1836.98678498     1.00007635        0
  1837.00721699     1.00009207        0
  1837.02764899     1.00032349        0
  1837.04808100     1.00012947        0
  1837.06851311     0.99994920        0
  1837.08894501     0.99993077        0
  1837.10937702     0.99990720        0
  1837.12980902     0.99997348        0
  1837.15024103     0.99996047        0
  1837.17067303     1.00003677        0
  1837.19110503     0.99985055        0
  1837.21153704     0.99981150        0
  1837.23196904     1.00002064        0
  1837.25240104     0.99992862        0
  1837.27283304     0.99993540        0
  1837.29326494     1.00000728        0
  1837.31369704     1.00001196        0
  1837.33412904     1.00003544        0
  1837.35456104     0.99997102        0
  1837.37499304     1.00006078        0
  1837.39542504     0.99985073        0
  1837.41585704     0.99987054        0
  1837.43628914     0.99995830        0
  1837.45672104     1.00011242        0
  1837.47715313     1.00001289        0
  1837.49758513     0.99991332        0
  1837.51801703     0.99997086        0
  1837.53844912     1.00004867        0
  1837.55888112     0.99996459        0
  1837.57931301     0.99994932        0
  1837.59974511     0.99994032        0
  1837.62017710     1.00000420        0
  1837.64060900     1.00016675        0
  1837.66104109     1.00005492        0
  1837.68147308     1.00006514        0
  1837.70190498     0.99997049        0
  1837.72233707     0.99992140        0
  1837.74276906     0.99990799        0
  1837.76320095     0.99982189        0
  1837.78363304     0.99983680        0
  1837.80406503     1.00017268        0
  1837.82449702     0.99995863        0
  1837.84492901     0.99997036        0
  1837.86536100     1.00003317        0
  1837.88579289     1.00013398        0
  1837.90622498     1.00009287        0
  1837.92665697     1.00008972        0
  1837.94708895     1.00004415        0
  1837.96752094     0.99991545        0
  1837.98795293     0.99984680        0
  1838.00838481     0.99991586        0
  1838.02881690     0.99993111        0
  1838.04924888     1.00004280        0
  1838.06968097     0.99996299        0
  1838.09011285     0.99998974        0
  1838.11054484     1.00007561        0
  1838.13097692     0.99988771        0
  1838.15140880     0.99998346        0
  1838.17184079     1.00000723        0
  1838.27400080     0.99996083        0
  1838.29443268     0.99989668        0
  1838.31486476     0.99993119        0
  1838.33529673     1.00000843        0
  1838.35572861     1.00009397        0
  1838.37616069     1.00011233        0
  1838.39659267     0.99996818        0
  1838.41702455     1.00012740        0
  1838.43745663     0.99999912        0
  1838.45788860     1.00011694        0
  1838.47832048     1.00006001        0
  1838.49875255     1.00002413        0
  1838.51918453     1.00017363        0
  1838.53961641     1.00011826        0
  1838.56004848     1.00010694        0
  1838.58048045     1.00009220        0
  1838.60091233     1.00004018        0
  1838.62134440     1.00000066        0
  1838.64177638     1.00007547        0
  1838.66220825     1.00014014        0
  1838.68264032     0.99995910        0
  1838.70307229     1.00003178        0
  1838.72350426     1.00014663        0
  1838.74393623     1.00010015        0
  1838.76436820     1.00014999        0
  1838.78480017     1.00015423        0
  1838.80523214     0.99998042        0
  1838.82566411     1.00004285        0
  1838.84609618     1.00013029        0
  1838.86652805     1.00011524        0
  1838.88696002     0.99985644        0
  1838.90739209     0.99996358        0
  1838.92782395     1.00001678        0
  1838.94825592     0.99996298        0
  1838.96868799     1.00003709        0
  1838.98911985     1.00081496        0
  1839.00955182     1.00020225        0
  1839.02998388     0.99995250        0
  1839.05041575     0.99996631        0
  1839.07084771     0.99986997        0
  1839.09127978     0.99995990        0
  1839.11171174     0.99997528        0
  1839.13214360     1.00012125        0
  1839.15257567     1.00005941        0
  1839.17300763     0.99989750        0
  1839.19343949     0.99980983        0
  1839.21387155     0.99995263        0
  1839.23430351     0.99981936        0
  1839.25473537     1.00000782        0
  1839.27516743     1.00004171        0
  1839.29559939     0.99998059        0
  1839.31603145     0.99978335        0
  1839.33646331     0.99985762        0
  1839.35689527     1.00003076        0
  1839.37732723     0.99997453        0
  1839.39775919     0.99998364        0
  1839.41819104     0.99991768        0
  1839.43862310     0.99994087        0
  1839.45905506     0.99995754        0
  1839.47948691     0.99979477        0
  1839.49991897     0.99983413        0
  1839.52035092     0.99993374        0
  1839.54078288     0.99977048        0
  1839.56121483     0.99993807        0
  1839.58164679     0.99990549        0
  1839.60207874     0.99983795        0
  1839.62251069     0.99996631        0
  1839.64294265     1.00004074        0
  1839.72467045     1.00020891        0
  1839.74510251     0.99991410        0
  1839.76553436     0.99991588        0
  1839.78596631     1.00004047        0
  1839.80639836     1.00007767        0
  1839.82683020     1.00000291        0
  1839.84726215     1.00003370        0
  1839.86769420     1.00008539        0
  1839.88812605     0.99992414        0
  1839.90855800     1.00014895        0
  1839.92899004     0.99994955        0
  1839.94942199     1.00016851        0
  1839.96985394     1.00000298        0
  1839.99028588     1.00006663        0
  1840.29676502     1.00003624        0
  1840.31719686     1.00000697        0
  1840.33762890     1.00016430        0
  1840.35806084     1.00008479        0
  1840.37849278     1.00032029        0
  1840.39892472     1.00008040        0
  1840.41935665     1.00019060        0
  1840.43978859     1.00012945        0
  1840.46022053     1.00011042        0
  1840.48065246     1.00003062        0
  1840.50108440     0.99989846        0
  1840.52151644     0.99999132        0
  1840.54194827     0.99996605        0
  1840.56238030     0.99991802        0
  1840.58281224     0.99993616        0
  1840.60324407     1.00002741        0
  1840.62367611     0.99993805        0
  1840.64410804     0.99999110        0
  1840.66453987     1.00003930        0
  1840.68497190     0.99989920        0
  1840.70540384     1.00057954        0
  1840.72583567     0.99991154        0
  1840.74626770     0.99996238        0
  1840.76669963     1.00000000        0
  1840.78713156     0.99996988        0
  1840.80756349     0.99995269        0
  1840.82799532     0.99998941        0
  1840.84842735     0.99999522        0
  1840.86885928     0.99987607        0
  1840.88929121     1.00010600        0
  1840.90972303     1.00002696        0
  1840.93015506     0.99990463        0
  1840.95058699     0.99994945        0
  1840.97101882     1.00006257        0
  1840.99145084     1.00003269        0
  1872.00678967     1.00021440        1
  1872.02722127     0.99997357        1
  1872.04765287     1.00016491        1
  1872.06808447     1.00007749        1
  1872.08851607     1.00016019        1
  1872.10894767     1.00004016        1
  1872.12937937     1.00003535        1
  1872.17024246     0.99992192        1
  1872.19067416     1.00007841        1
  1872.21110576     1.00008953        1
  1872.23153726     0.99995681        1
  1872.25196896     1.00002861        1
  1872.27240056     0.99986371        1
  1872.29283206     1.00000092        1
  1872.31326376     0.99989343        1
  1872.33369535     1.00001133        1
  1872.35412685     0.99983785        1
  1872.37455855     1.00001729        1
  1872.41542185     0.99999197        1
  1872.43585335     0.99995949        1
  1872.45628495     1.00011093        1
  1872.47671664     1.00001620        1
  1872.49714814     1.00000217        1
  1872.51757974     0.99999624        1
  1872.53801144     1.00004858        1
  1872.55844294     0.99999565        1
  1872.57887454     1.00008217        1
  1872.59930623     0.99993961        1
  1872.61973773     0.99992743        1
  1872.66060103     0.99993131        1
  1872.68103253     0.99984964        1
  1872.70146423     1.00000724        1
  1872.72189582     0.99997361        1
  1872.74232732     1.00004728        1
  1872.76275902     1.00005923        1
  1872.78319062     0.99997633        1
  1872.80362212     0.99996990        1
  1872.82405381     0.99988041        1
  1872.84448541     0.99997671        1
  1872.86491691     0.99996951        1
  1872.90578021     0.99993436        1
  1872.92621170     0.99991323        1
  1872.94664340     0.99992412        1
  1872.96707500     0.99999701        1
  1872.98750670     0.99989199        1
  1873.00793819     0.99997162        1
  1873.02836979     1.00007652        1
  1873.04880149     0.99997838        1
  1873.15095938     0.99995907        1
  1873.17139108     1.00001746        1
  1873.19182267     0.99986788        1
  1873.21225427     0.99995116        1
  1873.23268587     0.99987116        1
  1873.25311747     0.99991235        1
  1873.27354906     1.00003926        1
  1873.29398066     0.99993351        1
  1873.31441226     0.99998903        1
  1873.33484386     1.00006804        1
  1873.35527545     0.99996702        1
  1873.39613865     1.00100978        1
  1873.41657025     1.00014168        1
  1873.43700174     1.00012038        1
  1873.45743344     1.00013363        1
  1873.47786504     1.00013222        1
  1873.49829674     1.00014325        1
  1873.51872823     1.00026703        1
  1873.53915983     1.00021166        1
  1873.55959153     1.00010720        1
  1873.58002303     1.00029549        1
  1873.60045462     1.00043867        1
  1873.68218111     1.00004818        1
  1873.72304421     1.00013652        1
  1873.74347590     1.00011312        1
  1873.76390750     1.00032750        1
  1873.78433910     1.00039799        1
  1873.80477069     1.00019663        1
  1873.82520229     1.00018433        1
  1873.84563399     1.00030413        1
  1873.88649708     1.00028965        1
  1873.90692878     1.00029550        1
  1873.92736028     1.00030353        1
  1873.94779187     1.00021104        1
  1873.96822357     1.00027395        1
  1873.98865507     1.00027705        1
  1874.00908676     1.00038275        1
  1874.02951826     1.00010408        1
  1874.04994986     1.00023932        1
  1874.07038156     1.00018395        1
  1874.09081305     1.00018889        1
  1874.21340273     0.99976510        1
  1874.23383423     0.99986526        1
  1874.25426593     1.00013756        1
  1874.27469752     1.00013530        1
  1874.29512912     1.00028331        1
  1874.31556072     1.00005112        1
  1874.33599231     1.00013566        1
  1874.37685551     1.00000554        1
  1874.39728711     0.99990669        1
  1874.41771880     0.99991369        1
  1874.43815030     1.00004322        1
  1874.45858190     0.99994091        1
  1874.47901359     0.99998419        1
  1874.49944509     0.99986411        1
  1874.51987679     1.00000314        1
  1874.54030838     0.99978022        1
  1874.56073988     1.00000552        1
  1874.58117158     0.99993118        1
  1874.62203467     0.99993976        1
  1874.64246637     0.99988952        1
  1874.66289796     0.99986839        1
  1874.68332956     0.99973979        1
  1874.70376116     0.99971573        1
  1874.72419275     0.99986218        1
  1874.74462425     0.99984104        1
  1874.76505595     1.00003197        1
  1874.78548754     0.99998235        1
  1874.86721403     0.99985740        1
  1874.88764553     0.99975541        1
  1874.90807712     0.99977987        1
  1874.92850882     0.99985301        1
  1874.94894032     0.99982567        1
  1874.96937192     0.99978817        1
  1874.98980361     0.99981635        1
  1875.01023511     0.99976716        1
  1875.03066681     0.99998231        1
  1875.11239319     1.00035934        1
  1875.13282469     0.99996234        1
  1875.15325639     0.99987509        1
  1875.17368798     0.99983092        1
  1875.19411958     0.99979674        1
  1875.21455118     0.99995104        1
  1875.23498277     0.99997741        1
  1875.35757235     1.00063662        1
  1875.37800405     1.00007138        1
  1875.39843555     1.00000711        1
  1875.41886714     0.99999148        1
  1875.43929884     1.00002192        1
  1875.45973034     1.00001025        1
  1875.48016193     0.99980721        1
  1875.50059363     0.99997393        1
  1875.52102513     1.00001353        1
  1875.54145683     0.99997778        1
  1875.56188842     0.99997825        1
  1875.60275162     0.99998635        1
  1875.62318321     1.00006840        1
  1875.64361471     1.00013907        1
  1875.66404641     1.00014588        1
  1875.68447800     1.00000502        1
  1875.70490960     1.00012302        1
  1875.72534120     0.99989164        1
  1875.74577279     0.99990564        1
  1875.76620449     0.99987079        1
  1875.78663599     1.00004504        1
  1875.80706759     1.00009560        1
  1875.84793088     0.99990838        1
  1875.86836238     0.99985707        1
  1875.88879407     1.00000940        1
  1875.90922567     0.99999281        1
  1875.92965717     1.00008702        1
  1875.95008886     1.00011339        1
  1875.97052046     1.00000632        1
  1875.99095216     0.99994780        1
  1876.01138366     1.00007856        1
  1876.09311004     1.00000892        1
  1876.11354164     1.00023182        1
  1876.13397324     1.00005993        1
  1876.15440474     0.99999414        1
  1876.17483643     1.00011794        1
  1876.19526803     0.99985999        1
  1876.21569963     1.00013112        1
  1876.23613122     1.00006929        1
  1876.25656282     0.99988661        1
  1876.27699452     1.00008674        1
  1876.33828931     0.99983596        1
  1876.35872091     0.99993821        1
  1876.37915241     0.99994818        1
  1876.39958410     1.00002485        1
  1876.42001570     0.99987151        1
  1876.44044720     1.00000324        1
  1876.46087890     1.00001689        1
  1876.48131049     0.99994800        1
  1876.50174219     0.99998465        1
  1876.52217369     1.00004824        1
  1876.54260529     0.99996047        1
  1876.58346848     0.99994310        1
  1876.60390008     1.00011548        1
  1876.62433178     1.00018012        1
  1876.64476327     0.99994016        1
  1876.66519487     0.99999737        1
  1876.82864765     0.99988882        1
  1876.84907935     0.99996241        1
  1876.86951085     0.99999052        1
  1876.88994245     1.00008878        1
  1876.91037414     0.99994800        1
  1876.93080574     0.99985681        1
  1877.07382703     0.99984475        1
  1877.09425853     0.99974617        1
  1877.11469012     0.99963954        1
  1877.13512182     0.99987014        1
  1877.15555332     0.99986390        1
  1877.17598492     0.99995016        1
  1877.19641662     0.99988824        1
  1877.21684812     0.99999335        1
  1877.23727981     0.99992357        1
  1877.25771141     1.00008739        1
  1877.27814291     0.99998246        1
  1877.31900621     1.00001274        1
  1877.33943781     0.99997439        1
  1877.35986940     1.00014544        1
  1877.38030100     0.99988743        1
  1877.40073260     0.99989118        1
  1877.42116420     1.00011923        1
  1877.44159580     0.99993752        1
  1877.46202740     1.00002651        1
  1877.48245900     1.00004449        1
  1877.50289059     0.99998183        1
  1877.52332219     1.00014767        1
  1877.56418539     1.00008518        1
  1877.58461709     0.99986381        1
  1877.60504859     0.99986060        1
  1877.62548019     1.00015588        1
  1877.64591189     1.00022497        1
  1877.66634338     1.00006014        1
  1877.68677508     0.99985342        1
  1877.70720668     0.99996818        1
  1877.72763818     1.00013215        1
  1877.74806988     1.00008011        1
  1877.76850148     1.00021052        1
  1877.80936468     0.99983813        1
  1877.82979628     1.00003373        1
  1877.85022778     1.00021387        1
  1877.87065947     0.99997943        1
  1877.89109107     1.00005371        1
  1877.91152267     0.99986999        1
  1877.93195427     1.00013680        1
  1877.95238587     1.00010369        1
  1877.97281757     0.99997691        1
  1877.99324917     1.00012565        1
  1878.01368067     1.00004374        1
  1878.05454397     0.99995578        1
  1878.07497547     0.99983402        1
  1878.09540717     1.00033181        1
  1878.11583877     1.00022294        1
  1878.13627027     1.00018087        1
  1878.15670197     1.00018909        1
  1878.17713347     1.00003008        1
  1878.19756517     1.00007245        1
  1878.21799677     1.00002698        1
  1878.23842827     1.00021546        1
  1878.25885997     1.00000742        1
  1878.29972307     0.99984163        1
  1878.32015477     0.99993090        1
  1878.34058637     0.99993965        1
  1878.36101787     1.00003091        1
  1878.38144957     1.00014675        1
  1878.40188117     1.00008982        1
  1878.42231287     1.00011592        1
  1878.44274437     1.00009002        1
  1878.46317597     1.00010851        1
  1878.48360767     1.00015341        1
  1878.50403917     0.99976119        1
  1878.54490247     0.99996672        1
  1878.56533407     0.99987571        1
  1878.58576557     0.99988849        1
  1878.60619727     0.99988095        1
  1878.62662887     0.99987847        1
  1878.64706047     1.00006056        1
  1878.66749207     0.99998074        1
  1878.68792367     0.99994765        1
  1878.70835537     0.99994475        1
  1878.72878688     1.00023851        1
  1878.74921848     1.00000030        1
  1878.79008168     0.99988966        1
  1878.81051328     0.99997301        1
  1878.83094488     0.99997893        1
  1878.85137648     0.99978758        1
  1878.87180818     0.99983511        1
  1878.89223968     1.00008764        1
  1878.91267129     1.00008804        1
  1878.93310299     1.00006735        1
  1878.95353449     1.00005098        1
  1878.97396609     1.00001409        1
  1878.99439779     1.00016650        1
  1879.07612420     0.99967712        1
  1879.09655580     0.99995589        1
  1879.11698740     0.99979204        1
  1879.13741900     0.99980708        1
  1879.15785060     0.99980134        1
  1879.17828221     0.99991289        1
  1879.19871381     0.99998776        1
  1879.21914551     0.99988536        1
  1879.23957701     1.00000304        1
  1879.30087182     0.99983206        1
  1879.34173512     0.99996674        1
  1879.36216662     1.00005628        1
  1879.38259833     0.99983268        1
  1879.40302993     1.00113369        1
  1879.42346143     1.00002641        1
  1879.44389313     1.00002485        1
  1879.46432474     1.00003333        1
  1879.48475624     1.00014462        1
  1879.52561944     1.00015129        1
  1879.54605115     1.00015706        1
  1879.56648275     1.00013802        1
  1879.58691435     1.00026494        1
  1879.60734596     1.00000000        1
  1879.62777756     1.00014196        1
  1879.64820916     0.99999196        1
  1879.66864077     0.99999272        1
  1879.68907237     1.00025001        1
  1879.70950397     1.00021722        1
  1879.72993557     1.00013768        1
  1879.77079888     0.99979126        1
  1879.79123048     0.99974132        1
  1879.81166199     0.99983365        1
  1879.83209369     0.99985019        1
  1879.85252530     0.99994155        1
  1879.87295680     0.99991262        1
  1879.89338850     1.00004195        1
  1879.91382011     0.99997052        1
  1879.93425161     1.00003443        1
  1879.95468331     1.00009876        1
  1879.97511492     0.99985521        1
  1880.01597813     1.00025297        2
  1880.03640973     1.00028728        2
  1880.05684143     1.00030571        2
  1880.07727294     1.00025174        2
  1880.09770454     1.00027152        2
  1880.11813615     0.99996618        2
  1880.13856775     1.00015023        2
  1880.15899936     1.00006143        2
  1880.17943106     1.00011357        2
  1880.19986257     1.00001880        2
  1880.22029427     1.00004444        2
  1880.26115738     1.00017277        2
  1880.28158908     0.99998746        2
  1880.30202069     0.99990190        2
  1880.32245219     0.99995218        2
  1880.34288390     0.99985445        2
  1880.36331550     0.99990722        2
  1880.38374701     0.99989098        2
  1880.40417871     0.99999084        2
  1880.42461032     0.99997082        2
  1880.50633684     0.99987039        2
  1880.52676835     0.99979752        2
  1880.54719995     0.99982554        2
  1880.56763166     0.99969777        2
  1880.58806316     1.00021129        2
  1880.60849477     0.99990824        2
  1880.62892648     0.99976522        2
  1880.64935798     0.99977465        2
  1880.75151611     0.99974072        2
  1880.77194772     0.99972747        2
  1880.79237933     0.99981812        2
  1880.81281093     0.99981634        2
  1880.83324254     0.99973253        2
  1880.85367415     0.99979396        2
  1880.87410575     0.99968320        2
  1880.89453736     0.99991481        2
  1880.91496897     1.00002077        2
  1880.93540057     0.99990756        2
  1880.99669539     1.00014951        2
  1881.01712710     0.99996083        2
  1881.03755861     0.99986489        2
  1881.05799022     0.99980517        2
  1881.07842192     0.99997461        2
  1881.09885343     0.99984575        2
  1881.11928514     1.00000705        2
  1881.13971675     0.99995599        2
  1881.16014825     0.99997879        2
  1881.18057996     0.99988025        2
  1881.20101157     0.99992629        2
  1881.24187479     1.00017339        2
  1881.26230639     1.00022540        2
  1881.28273800     1.00003335        2
  1881.30316961     1.00013746        2
  1881.32360122     1.00005101        2
  1881.34403293     1.00015199        2
  1881.36446443     1.00005928        2
  1881.38489604     1.00011958        2
  1881.40532775     1.00012243        2
  1881.42575936     1.00023500        2
  1881.44619087     0.99995018        2
  1881.48705409     1.00014842        2
  1881.50748580     1.00004200        2
  1881.52791740     1.00023502        2
  1881.54834901     0.99996256        2
  1881.56878062     1.00001558        2
  1881.58921223     1.00015831        2
  1881.60964374     1.00003679        2
  1881.63007545     1.00023078        2
  1881.65050706     1.00000074        2
  1881.67093857     0.99998127        2
  1881.69137028     0.99992623        2
  1881.73223360     0.99997050        2
  1881.75266511     0.99995290        2
  1881.77309672     0.99992862        2
  1881.79352843     0.99988042        2
  1881.81395994     1.00003736        2
  1881.83439155     1.00010117        2
  1881.85482326     1.00036361        2
  1881.87525477     1.00034127        2
  1881.89568638     1.00017452        2
  1881.91611809     1.00006038        2
  1881.93654970     1.00011919        2
  1881.97741292     0.99990148        2
  1881.99784453     0.99989249        2
  1882.01827614     1.00004962        2
  1882.03870776     0.99988820        2
  1882.05913937     0.99976674        2
  1882.07957108     1.00010702        2
  1882.10000259     1.00012920        2
  1882.12043420     1.00012634        2
  1882.14086591     0.99994041        2
  1882.16129742     1.00012707        2
  1882.22259226     0.99984751        2
  1882.24302397     1.00005615        2
  1882.26345548     0.99992046        2
  1882.28388709     0.99996702        2
  1882.30431881     1.00009839        2
  1882.32475032     1.00005478        2
  1882.34518203     1.00013685        2
  1882.46777170     0.99995475        2
  1882.48820332     0.99999980        2
  1882.50863493     0.99988236        2
  1882.52906654     1.00023286        2
  1882.54949816     1.00009619        2
  1882.56992987     1.00009430        2
  1882.75381439     0.99985278        2
  1882.77424601     1.00007298        2
  1882.79467772     1.00000480        2
  1882.81510923     0.99977064        2
  1882.83554085     0.99990307        2
  1882.85597256     0.99989112        2
  1882.87640408     0.99991419        2
  1882.89683559     1.00007538        2
  1882.91726731     0.99993511        2
  1882.99899377     1.00008190        2
  1883.01942548     1.00005717        2
  1883.03985700     0.99978190        2
  1883.06028861     0.99979837        2
  1883.08072033     0.99991044        2
  1883.10115194     1.00000000        2
  1883.12158346     0.99986147        2
  1883.14201517     0.99999716        2
  1883.16244679     1.00005363        2
  1883.20331002     0.99996382        2
  1883.22374164     0.99996394        2
  1883.24417335     1.00002789        2
  1883.26460487     1.00007133        2
  1883.28503649     0.99988894        2
  1883.30546820     1.00016078        2
  1883.32589972     1.00017884        2
  1883.34633134     1.00027877        2
  1883.36676305     0.99999705        2
  1883.38719457     0.99982099        2
  1883.40762629     1.00009809        2
  1883.44848942     0.99999552        2
  1883.46892114     1.00004545        2
  1883.48935276     1.00004080        2
  1883.50978427     1.00015504        2
  1883.53021599     1.00014174        2
  1883.55064751     0.99998989        2
  1883.57107923     1.00000745        2
  1883.59151084     1.00025961        2
  1883.61194236     1.00021329        2
  1883.63237408     1.00008083        2
  1883.65280570     1.00012088        2
  1883.69366893     1.00004563        2
  1883.71410055     1.00013728        2
  1883.73453217     1.00013858        2
  1883.75496379     0.99996285        2
  1883.77539541     1.00001532        2
  1883.79582713     0.99999022        2
  1883.81625875     1.00009180        2
  1883.83669026     1.00003427        2
  1883.85712198     1.00005070        2
  1883.87755360     1.00014531        2
  1883.89798512     0.99994490        2
  1883.93884846     0.99985640        2
  1883.95927998     0.99996971        2
  1883.97971170     0.99992035        2
  1884.00014332     1.00019626        2
  1884.02057504     0.99995085        2
  1884.04100656     1.00000241        2
  1884.06143818     0.99996536        2
  1884.08186990     0.99993823        2
  1884.10230142     1.00010836        2
  1884.12273304     1.00013127        2
  1884.14316476     1.00012562        2
  1884.18402790     0.99992168        2
  1884.20445952     1.00002850        2
  1884.22489114     0.99993900        2
  1884.24532287     0.99991139        2
  1884.26575439     0.99981718        2
  1884.28618601     0.99988624        2
  1884.30661773     1.00025324        2
  1884.32704935     0.99978334        2
  1884.34748087     0.99995837        2
  1884.36791259     0.99996002        2
  1884.38834422     0.99982321        2
  1884.42920746     0.99993777        2
  1884.44963908     0.99987872        2
  1884.47007080     0.99992311        2
  1884.49050233     1.00001658        2
  1884.51093395     0.99997231        2
  1884.53136567     0.99999067        2
  1884.55179719     1.00001255        2
  1884.57222882     1.00008176        2
  1884.59266054     1.00003543        2
  1884.61309206     0.99985577        2
  1884.63352379     0.99991506        2
  1884.67438693     0.99974112        2
  1884.69481866     0.99978120        2
  1884.71525028     1.00004309        2
  1884.73568190     0.99992158        2
  1884.75611353     0.99991340        2
  1884.77654515     0.99985867        2
  1884.79697677     0.99999808        2
  1884.81740840     1.00007325        2
  1884.83784002     1.00006913        2
  1884.85827165     0.99995304        2
  1884.91956652     0.99992737        2
  1884.93999815     0.99995689        2
  1884.96042977     0.99995609        2
  1884.98086150     0.99985466        2
  1885.00129302     0.99990449        2
  1885.02172475     0.99990435        2
  1885.04215637     0.99989201        2
  1885.06258790     0.99989540        2
  1885.08301962     0.99998397        2
  1885.10345125     0.99993459        2
  1885.12388277     0.99994725        2
  1885.16474613     1.00260479        2
  1885.18517765     1.00007005        2
  1885.20560938     1.00004316        2
  1885.22604100     1.00022565        2
  1885.24647273     1.00023631        2
  1885.26690426     0.99991561        2
  1885.28733588     0.99989763        2
  1885.30776761     0.99993675        2
  1885.32819914     1.00013548        2
  1885.34863077     1.00000395        2
  1885.36906249     0.99999556        2
  1885.40992565     0.99999054        2
  1885.43035737     1.00010350        2
  1885.45078900     1.00009542        2
  1885.47122063     1.00004732        2
  1885.49165226     1.00013208        2
  1885.51208389     1.00024810        2
  1885.53251551     1.00009910        2
  1885.55294714     1.00010036        2
  1885.57337867     1.00021054        2
  1885.59381040     1.00017545        2
  1885.61424203     1.00014272        2
  1885.65510529     1.00004706        2
  1885.67553691     0.99998982        2
  1885.69596864     1.00005087        2
  1885.71640017     1.00021471        2
  1885.73683180     1.00011760        2
  1885.75726353     1.00023564        2
  1885.77769506     1.00012440        2
  1885.79812669     1.00015679        2
  1885.81855842     1.00016330        2
  1885.83898995     1.00012500        2
  1885.85942168     1.00009388        2
  1885.90028484     1.00005319        2
  1885.92071657     1.00004829        2
  1885.94114820     1.00020694        2
  1885.96157983     0.99999607        2
  1885.98201146     1.00015918        2
  1886.00244310     1.00009929        2
  1886.02287473     1.00016060        2
  1886.04330636     1.00027120        2
  1886.06373799     1.00009217        2
  1886.08416972     1.00008485        2
  1886.10460135     1.00026537        2
  1886.14546462     0.99992458        2
  1886.16589625     0.99996229        2
  1886.18632778     1.00006935        2
  1886.20675951     1.00004764        2
  1886.22719104     1.00015316        2
  1886.24762278     1.00026128        2
  1886.26805441     1.00029345        2
  1886.28848594     1.00008559        2
  1886.30891767     1.00008831        2
  1886.32934931     0.99997522        2
  1886.34978084     0.99991871        2
  1886.39064421     1.00011674        2
  1886.41107574     1.00005957        2
  1886.43150747     1.00015892        2
  1886.45193911     1.00006525        2
  1886.47237084     0.99987172        2
  1886.49280238     0.99997171        2
  1886.51323401     0.99992317        2
  1886.63582392     0.99992051        2
  1886.65625555     0.99986200        2
  1886.67668719     0.99981430        2
  1886.69711882     0.99982386        2
  1886.71755046     0.99982186        2
  1886.73798209     0.99996924        2
  1886.88100355     0.99977419        2
  1886.90143518     0.99986021        2
  1886.92186692     0.99972897        2
  1886.94229846     0.99987011        2
  1886.96273010     0.99993561        2
  1886.98316183     0.99978743        2
  1887.00359337     0.99983438        2
  1887.12618330     0.99968027        2
  1887.14661494     0.99983553        2
  1887.16704657     0.99984608        2
  1887.18747821     0.99996599        2
  1887.20790985     0.99981164        2
  1887.22834149     0.99974579        2
  1887.24877323     1.00008638        2
  1887.26920477     1.00000922        2
  1887.28963641     1.00003468        2
  1887.31006815     1.00000419        2
  1887.33049979     0.99975481        2
  1887.37136307     0.99976534        2
  1887.39179471     0.99993484        2
  1887.41222625     0.99970952        2
  1887.43265799     0.99984575        2
  1887.45308963     1.00014109        2
  1887.47352127     0.99985702        2
  1887.49395291     0.99996606        2
  1887.51438455     0.99994422        2
  1887.53481629     1.00054173        2
  1887.55524783     1.00002636        2
  1887.57567947     0.99997935        2
  1887.61654275     0.99996002        2
  1887.63697450     1.00001980        2
  1887.65740604     1.00020656        2
  1887.67783768     0.99994165        2
  1887.69826942     0.99995830        2
  1887.71870096     1.00001863        2
  1887.73913261     1.00000435        2
  1887.75956435     1.00000425        2
  1887.77999589     1.00010463        2
  1887.86172256     1.00000091        2
  1887.88215421     1.00000414        2
  1887.90258585     0.99994839        2
  1887.92301749     1.00003523        2
  1887.94344914     0.99990599        2
  1887.96388078     1.00002258        2
  1887.98431253     1.00007052        2
  1891.04906163     0.99996688        3
  1891.06949330     0.99992787        3
  1891.08992507     0.99990306        3
  1891.11035663     0.99998842        3
  1891.13078830     1.00004235        3
  1891.15122007     1.00012450        3
  1891.17165164     0.99992304        3
  1891.19208341     1.00006077        3
  1891.21251508     1.00007431        3
  1891.23294665     1.00026492        3
  1891.29424166     1.00002431        3
  1891.31467344     0.99996428        3
  1891.33510511     1.00041328        3
  1891.35553688     0.99999202        3
  1891.37596845     1.00004198        3
  1891.39640012     0.99982940        3
  1891.41683189     1.00004247        3
  1891.43726346     1.00023539        3
  1891.45769514     0.99994135        3
  1891.47812691     1.00018365        3
  1891.53942193     1.00010519        3
  1891.55985350     1.00004597        3
  1891.58028527     1.00011355        3
  1891.60071695     0.99996061        3
  1891.62114852     0.99994935        3
  1891.64158029     1.00001474        3
  1891.66201197     1.00022741        3
  1891.68244354     0.99993327        3
  1891.70287532     0.99993072        3
  1891.72330699     0.99986684        3
  1891.74373877     0.99994910        3
  1891.78460202     0.99991883        3
  1891.80503379     0.99997427        3
  1891.82546537     0.99982312        3
  1891.84589704     0.99994895        3
  1891.86632882     0.99985006        3
  1891.88676039     0.99978202        3
  1891.90719207     0.99990722        3
  1891.92762385     0.99996411        3
  1891.94805542     0.99994782        3
  1891.96848720     1.00004064        3
  1892.02978223     0.99991545        3
  1892.05021391     0.99996718        3
  1892.07064559     0.99986571        3
  1892.09107727     0.99998758        3
  1892.11150894     0.99985576        3
  1892.13194072     0.99985667        3
  1892.15237240     0.99983002        3
  1892.17280398     0.99994964        3
  1892.19323576     0.99975213        3
  1892.21366734     1.00000550        3
  1892.23409902     0.99998200        3
  1892.27496238     0.99995539        3
  1892.29539416     0.99993098        3
  1892.31582584     0.99996912        3
  1892.33625742     0.99991492        3
  1892.35668920     0.99998958        3
  1892.37712088     1.00009935        3
  1892.39755246     0.99996460        3
  1892.41798424     0.99991882        3
  1892.45884750     1.00008084        3
  1892.52014275     1.00004577        3
  1892.54057433     0.99989684        3
  1892.56100601     1.00008380        3
  1892.58143779     1.00004099        3
  1892.60186938     1.00020616        3
  1892.62230106     0.99995743        3
  1892.64273284     0.99983486        3
  1892.78575463     0.99999944        3
  1892.80618632     0.99996448        3
  1892.82661800     1.00008003        3
  1892.84704969     1.00008250        3
  1892.86748147     0.99993362        3
  1892.88791306     0.99998631        3
  1892.90834484     1.00003419        3
  1892.92877643     1.00003875        3
  1892.94920811     1.00021012        3
  1892.96963990     1.00006524        3
  1893.01050317     1.00068849        3
  1893.03093496     1.00013421        3
  1893.05136655     1.00012561        3
  1893.07179833     1.00035873        3
  1893.09223002     1.00034470        3
  1893.11266161     1.00025941        3
  1893.13309340     0.99999461        3
  1893.15352509     1.00038836        3
  1893.17395667     1.00031041        3
  1893.19438846     1.00045913        3
  1893.25568353     1.00001393        3
  1893.27611522     1.00004635        3
  1893.29654701     1.00019186        3
  1893.31697860     1.00014330        3
  1893.33741029     1.00000869        3
  1893.35784208     1.00013297        3
  1893.37827377     1.00010896        3
  1893.39870536     1.00030408        3
  1893.41913715     1.00036775        3
  1893.43956884     1.00015627        3
  1893.46000063     1.00022140        3
  1893.50086391     1.00022616        3
  1893.52129571     1.00037858        3
  1893.54172730     1.00026127        3
  1893.56215889     1.00008287        3
  1893.58259068     1.00015565        3
  1893.60302238     1.00031126        3
  1893.62345417     1.00037192        3
  1893.64388576     1.00006988        3
  1893.66431745     1.00007007        3
  1893.68474925     1.00004184        3
  1893.70518084     1.00010515        3
  1893.74604433     1.00002671        3
  1893.76647592     1.00003602        3
  1893.78690762     0.99990831        3
  1893.80733941     0.99995537        3
  1893.82777101     0.99989742        3
  1893.84820280     0.99984709        3
  1893.86863450     0.99991988        3
  1893.88906619     0.99996770        3
  1893.90949789     1.00001117        3
  1893.92992959     1.00009638        3
  1893.99122467     0.99994580        3
  1894.01165647     0.99993801        3
  1894.03208817     0.99996116        3
  1894.05251977     0.99977129        3
  1894.07295156     0.99988737        3
  1894.09338326     0.99982793        3
  1894.11381486     0.99976193        3
  1894.13424666     1.00000086        3
  1894.15467835     0.99983510        3
  1894.17511005     0.99990801        3
  1894.19554175     0.99988387        3
  1894.23640515     0.99989247        3
  1894.25683685     0.99972530        3
  1894.27726845     0.99971954        3
  1894.29770025     0.99984230        3
  1894.31813195     0.99977533        3
  1894.33856355     0.99974208        3
  1894.35899535     0.99988350        3
  1894.37942705     0.99979659        3
  1894.39985885     0.99984101        3
  1894.42029045     0.99977791        3
  1894.48158555     0.99976236        3
  1894.50201726     0.99970613        3
  1894.52244906     0.99970679        3
  1894.54288076     0.99992400        3
  1894.56331246     0.99973138        3
  1894.58374417     0.99979018        3
  1894.60417587     0.99987899        3
  1894.72676609     0.99981382        3
  1894.74719790     0.99992849        3
  1894.76762950     0.99969547        3
  1894.78806130     0.99958114        3
  1894.80849301     0.99981364        3
  1894.82892462     0.99963570        3
  1894.84935642     0.99968861        3
  1894.97194666     1.00026433        3
  1894.99237827     0.99985566        3
  1895.01281007     0.99989109        3
  1895.03324178     0.99997412        3
  1895.05367349     1.00013607        3
  1895.07410520     0.99986619        3
  1895.09453690     0.99971805        3
  1895.11496871     1.00000965        3
  1895.13540032     1.00011120        3
  1895.15583203     0.99995095        3
  1895.17626384     1.00013559        3
  1895.21712716     1.00034174        3
  1895.23755897     1.00025523        3
  1895.25799068     1.00036776        3
  1895.27842229     1.00004064        3
  1895.29885410     1.00000878        3
  1895.31928581     0.99995007        3
  1895.33971762     0.99997210        3
  1895.36014923     1.00009303        3
  1895.38058094     1.00025569        3
  1895.40101275     1.00013654        3
  1895.46230789     1.00017435        3
  1895.48273950     1.00019819        3
  1895.50317131     1.00020654        3
  1895.52360293     1.00030449        3
  1895.54403464     1.00033540        3
  1895.56446645     1.00043939        3
  1895.58489807     1.00025733        3
  1895.60532978     1.00016150        3
  1895.62576159     1.00020009        3
  1895.64619321     1.00031810        3
  1895.66662502     1.00014479        3
  1895.70748845     1.00014239        3
  1895.72792017     1.00015681        3
  1895.74835188     1.00004330        3
  1895.76878360     1.00012704        3
  1895.78921531     1.00018050        3
  1895.80964703     1.00024878        3
  1895.83007875     1.00020855        3
  1895.85051056     1.00018513        3
  1895.87094218     1.00018913        3
  1895.89137400     1.00011951        3
  1895.91180571     1.00017438        3
  1895.95266915     1.00031106        3
  1895.97310087     1.00004053        3
  1895.99353248     0.99998636        3
  1896.01396430     1.00002846        3
  1896.03439602     1.00013240        3
  1896.05482784     1.00022419        3
  1896.07525946     1.00004241        3
  1896.09569118     1.00015888        3
  1896.11612290     1.00003764        3
  1896.13655462     1.00004034        3
  1896.15698634     1.00002706        3
  1896.19784978     0.99995686        3
  1896.21828160     0.99992779        3
  1896.23871322     0.99987735        3
  1896.25914494     0.99993981        3
  1896.27957676     0.99997225        3
  1896.30000838     1.00006330        3
  1896.32044011     1.00013654        3
  1896.34087193     0.99995902        3
  1896.36130355     0.99993780        3
  1896.46346226     0.99992176        3
  1896.48389399     0.99981873        3
  1896.50432571     0.99983109        3
  1896.52475744     0.99966064        3
  1896.54518916     0.99983322        3
  1896.56562099     0.99991712        3
  1896.58605261     0.99987413        3
  1896.60648444     0.99986372        3
  1896.62691616     0.99989212        3
  1896.64734779     0.99983636        3
  1896.68821134     0.99977625        3
  1896.70864296     0.99977845        3
  1896.72907479     0.99977764        3
  1896.74950652     0.99996345        3
  1896.76993824     0.99974167        3
  1896.79036997     0.99972819        3
  1896.81080170     0.99985265        3
  1896.83123343     0.99991541        3
  1896.85166515     0.99991294        3
  1896.87209688     0.99974442        3
  1896.89252861     0.99994527        3
  1896.93339207     0.99999526        3
  1896.95382380     0.99995177        3
  1896.97425553     0.99990362        3
  1896.99468736     1.00008534        3
  1897.01511899     1.00010643        3
  1897.03555072     1.00034191        3
  1897.05598255     1.00023892        3
  1897.07641428     0.99993125        3
  1897.09684591     1.00004712        3
  1897.11727774     0.99999631        3
  1897.17857293     0.99977972        3
  1897.19900467     0.99975499        3
  1897.21943650     0.99986346        3
  1897.23986813     0.99976724        3
  1897.26029986     0.99994082        3
  1897.28073170     1.00029343        3
  1897.30116333     1.00004126        3
  1897.32159516     0.99989393        3
  1897.34202690     1.00001384        3
  1897.36245853     1.00004509        3
  1897.38289036     1.00020704        3
  1897.42375373     1.00008916        3
  1897.44418557     0.99988681        3
  1897.46461730     1.00008050        3
  1897.48504914     1.00022765        3
  1897.50548078     1.00023049        3
  1897.52591241     1.00022130        3
  1897.54634425     1.00025445        3
  1897.56677598     1.00011851        3
  1897.58720772     1.00010943        3
  1897.60763946     1.00006241        3
  1897.62807119     1.00026021        3
  1897.75066162     1.00010746        3
  1897.77109346     1.00005263        3
  1897.79152520     1.00006262        3
  1897.81195684     1.00018230        3
  1897.83238868     1.00010167        3
  1897.85282042     1.00000000        3
  1897.87325226     1.00000516        3
  1897.91411564     0.99996707        3
  1897.93454748     1.00003469        3
  1897.95497912     1.00005135        3
  1897.97541086     0.99983143        3
  1897.99584270     0.99974780        3
  1898.01627435     1.00014519        4
  1898.03670619     1.00007847        4
  1898.05713793     1.00003927        4
  1898.07756957     1.00004210        4
  1898.09800142     1.00010514        4
  1898.11843316     1.00008193        4
  1898.15929665     1.00001945        4
  1898.17972829     0.99995722        4
  1898.20016013     1.00006501        4
  1898.22059188     0.99997538        4
  1898.24102352     1.00009849        4
  1898.26145537     1.00008630        4
  1898.28188711     1.00007302        4
  1898.30231886     1.00008802        4
  1898.40447759     0.99978988        4
  1898.42490944     0.99995023        4
  1898.44534118     0.99994881        4
  1898.46577283     0.99985087        4
  1898.48620468     0.99979818        4
  1898.50663643     0.99987580        4
  1898.52706808     0.99986998        4
  1898.54749992     0.99996620        4
  1898.56793167     0.99997577        4
  1898.58836352     0.99993555        4
  1898.64965877     0.99989634        4
  1898.67009042     0.99986255        4
  1898.69052217     0.99986167        4
  1898.71095402     0.99978535        4
  1898.73138567     0.99992124        4
  1898.75181752     0.99991503        4
  1898.77224927     0.99976070        4
  1898.79268092     0.99983621        4
  1898.81311278     1.00002839        4
  1898.83354443     0.99974012        4
  1898.85397618     0.99981781        4
  1898.89483969     1.00004698        4
  1898.91527144     1.00025775        4
  1898.93570329     1.00032131        4
  1898.95613505     1.00002901        4
  1898.97656680     0.99992201        4
  1898.99699855     1.00000913        4
  1899.01743031     1.00002554        4
  1899.03786206     0.99989956        4
  1899.05829382     0.99991488        4
  1899.07872557     0.99982527        4
  1899.09915743     0.99981110        4
  1899.14002094     0.99998834        4
  1899.16045270     1.00015401        4
  1899.18088435     0.99982475        4
  1899.20131621     0.99990733        4
  1899.22174797     0.99997208        4
  1899.24217962     1.00006440        4
  1899.26261148     1.00011662        4
  1899.28304324     1.00020523        4
  1899.30347510     0.99994272        4
  1899.32390676     1.00017895        4
  1899.34433851     1.00004873        4
  1899.38520203     1.00005243        4
  1899.40563379     1.00035915        4
  1899.42606565     1.00008908        4
  1899.44649731     0.99996826        4
  1899.46692917     0.99999256        4
  1899.48736083     0.99994120        4
  1899.50779259     1.00002735        4
  1899.52822445     1.00010096        4
  1899.54865611     1.00011887        4
  1899.56908788     1.00013549        4
  1899.58951974     1.00006129        4
  1899.63038316     0.99985673        4
  1899.65081502     0.99993344        4
  1899.67124679     1.00001943        4
  1899.69167855     1.00016691        4
  1899.71211031     1.00030933        4
  1899.73254208     1.00008336        4
  1899.75297394     0.99996377        4
  1899.77340560     1.00015083        4
  1899.79383737     1.00008752        4
  1899.81426923     1.00006267        4
  1899.83470090     1.00023229        4
  1899.87556453     1.00026124        4
  1899.89599619     1.00021459        4
  1899.91642806     1.00020383        4
  1899.93685983     0.99996336        4
  1899.95729149     1.00009840        4
  1899.97772336     1.00010625        4
  1899.99815513     1.00006308        4
  1900.01858699     1.00010477        4
  1900.03901866     1.00014719        4
  1900.05945043     1.00011206        4
  1900.07988220     1.00011919        4
  1900.12074574     1.00000828        4
  1900.14117750     1.00008424        4
  1900.16160927     1.00006523        4
  1900.18204114     1.00017594        4
  1900.20247281     0.99994579        4
  1900.22290458     1.00018075        4
  1900.24333645     1.00001545        4
  1900.26376812     1.00002599        4
  1900.28419989     1.00001676        4
  1900.30463177     1.00008563        4
  1900.32506354     0.99997306        4
  1900.36592708     0.99995368        4
  1900.38635885     0.99978806        4
  1900.40679073     0.99991682        4
  1900.42722240     1.00000852        4
  1900.44765417     1.00000188        4
  1900.46808604     0.99989660        4
  1900.48851772     0.99985157        4
  1900.50894949     0.99983511        4
  1900.52938137     0.99992525        4
  1900.54981304     0.99996225        4
  1900.61110837     0.99980715        4
  1900.63154024     0.99979452        4
  1900.65197202     0.99969764        4
  1900.67240369     0.99986929        4
  1900.69283557     0.99975839        4
  1900.85628979     0.99977244        4
  1900.87672157     1.00013400        4
  1900.89715345     1.00023098        4
  1900.91758523     1.00001953        4
  1900.93801691     1.00022392        4
  1900.95844879     0.99983070        4
  1900.97888057     0.99998589        4
  1900.99931225     0.99993377        4
  1901.01974413     0.99974017        4
  1901.04017591     0.99985522        4
  1901.06060759     0.99976151        4
  1901.10147126     0.99983240        4
  1901.12190314     0.99994683        4
  1901.14233482     1.00005917        4
  1901.16276660     1.00000733        4
  1901.18319849     0.99990558        4
  1901.20363017     0.99988643        4
  1901.22406195     0.99999925        4
  1901.24449384     1.00015390        4
  1901.26492552     0.99989252        4
  1901.28535741     1.00006069        4
  1901.30578919     0.99993891        4
  1901.34665276     0.99967154        4
  1901.36708455     0.99982941        4
  1901.38751633     1.00026714        4
  1901.40794812     0.99994030        4
  1901.42837990     0.99998739        4
  1901.44881169     0.99982993        4
  1901.46924348     0.99999919        4
  1901.48967527     0.99993374        4
  1901.51010705     1.00004422        4
  1901.53053884     0.99997541        4
  1901.55097063     1.00026969        4
  1901.59183421     0.99989575        4
  1901.61226610     1.00003374        4
  1901.63269788     0.99988522        4
  1901.65312957     0.99995555        4
  1901.67356146     1.00015978        4
  1901.69399325     1.00008489        4
  1901.71442494     1.00004792        4
  1901.73485684     1.00008883        4
  1901.75528863     0.99992825        4
  1901.77572032     1.00003626        4
  1901.79615221     1.00012059        4
  1901.83701589     0.99995565        4
  1901.85744759     0.99992404        4
  1901.87787938     1.00006088        4
  1901.89831127     0.99985991        4
  1901.91874296     1.00016269        4
  1901.93917476     0.99990626        4
  1901.95960665     0.99989492        4
  1901.98003835     0.99999021        4
  1902.00047024     1.00011937        4
  1902.08219742     0.99991029        4
  1902.10262912     0.99997465        4
  1902.12306101     0.99981153        4
  1902.14349281     0.99993311        4
  1902.16392461     1.00005252        4
  1902.18435640     0.99999079        4
  1902.20478820     1.00012477        4
  1902.22522000     0.99991637        4
  1902.24565180     0.99993474        4
  1902.26608360     1.00007813        4
  1902.32737899     0.99984562        4
  1902.34781089     1.00003160        4
  1902.36824259     0.99996508        4
  1902.38867449     0.99997829        4
  1902.40910629     0.99992886        4
  1902.42953799     0.99989907        4
  1902.57256070     1.00000620        4
  1902.59299251     0.99990262        4
  1902.61342441     0.99993333        4
  1902.63385611     0.99992824        4
  1902.65428792     0.99985659        4
  1902.67471982     0.99994780        4
  1902.69515153     0.99998877        4
  1902.71558343     1.00001327        4
  1902.73601524     1.00001167        4
  1902.75644694     0.99998545        4
  1902.77687885     1.00013452        4
  1902.81774246     1.00121814        4
  1902.83817426     1.00017775        4
  1902.85860607     0.99993222        4
  1902.87903778     1.00000360        4
  1902.89946969     1.00020033        4
  1902.91990149     1.00034364        4
  1902.94033340     1.00037344        4
  1902.96076511     1.00033996        4
  1902.98119692     1.00016061        4
  1903.00162883     1.00020839        4
  1903.02206054     1.00039827        4
  1903.14465140     0.99998714        4
  1903.16508331     0.99996106        4
  1903.18551512     1.00014949        4
  1903.20594683     1.00014211        4
  1903.22637874     1.00009323        4
  1903.24681056     0.99986275        4
  1903.26724247     1.00014236        4
  1903.30810600     1.00031184        4
  1903.32853791     1.00006955        4
  1903.34896962     1.00030555        4
  1903.36940144     1.00022995        4
  1903.38983335     1.00046346        4
  1903.41026517     1.00025857        4
  1903.43069698     1.00057790        4
  1903.45112870     0.99998824        4
  1903.47156051     1.00016553        4
  1903.49199243     1.00003385        4
  1903.51242425     1.00006350        4
  1903.55328788     0.99999210        4
  1903.57371970     1.00023614        4
  1903.59415141     0.99996418        4
  1903.61458333     0.99992382        4
  1903.63501515     0.99995963        4
  1903.65544707     0.99994422        4
  1903.67587879     0.99990119        4
  1903.69631061     0.99997105        4
  1903.71674253     0.99999745        4
  1903.73717425     1.00004982        4
  1903.75760607     0.99989090        4
  1903.79846971     0.99986284        4
  1903.81890163     1.00005820        4
  1903.83933345     0.99995034        4
  1903.85976517     0.99986593        4
  1903.88019709     0.99976068        4
  1903.90062891     0.99992897        4
  1903.92106064     0.99990788        4
  1903.94149256     0.99985565        4
  1903.96192438     0.99986028        4
  1903.98235631     1.00000341        4
  1904.00278803     0.99991951        4
  1904.04365168     1.00010112        4
  1904.06408360     0.99992279        4
  1904.08451533     0.99978619        4
  1904.10494715     0.99989653        4
  1904.12537898     0.99987217        4
  1904.14581080     0.99990178        4
  1904.16624273     1.00008765        4
  1904.18667446     0.99999570        4
  1904.20710638     0.99984236        4
  1904.22753821     0.99985270        4
  1904.24796994     0.99991705        4
  1904.28883369     1.00026406        4
  1904.30926542     0.99990149        4
  1904.32969735     1.00001018        4
  1904.35012918     0.99989675        4
  1904.37056111     0.99995422        4
  1904.39099284     1.00000094        4
  1904.41142467     1.00007216        4
  1904.43185660     1.00002657        4
  1904.45228833     1.00020857        4
  1904.47272016     1.00001436        4
  1904.49315209     1.00005811        4
  1904.59531125     0.99982777        4
  1904.61574308     0.99983273        4
  1904.63617492     1.00002663        4
  1904.65660675     1.00008492        4
  1904.67703859     1.00000000        4
  1904.69747042     1.00000050        4
  1904.71790225     1.00006015        4
  1904.73833409     1.00003252        4
  1904.77919776     1.00010226        4
  1904.79962960     1.00008930        4
  1904.82006153     1.00010828        4
  1904.84049327     1.00004093        4
  1904.86092511     1.00013274        4
  1905.02437981     0.99986936        4
  1905.04481175     0.99989669        4
  1905.06524359     1.00005499        4
  1905.08567553     1.00001812        4
  1905.10610727     1.00005971        4
  1905.12653911     1.00007965        4
  1905.14697105     1.00000552        4
  1905.16740280     0.99990782        4
  1905.18783464     1.00017983        4
