  1835.65844756     1.00142256        0
  1835.67887951     1.00145484        0
  1835.80147124     0.99930805        0
  1835.82190329     1.00005662        0
  1835.84233515     1.00002195        0
  1835.86276710     0.99984402        0
  1835.88319915     1.00003558        0
  1835.90363100     0.99986428        0
  1835.92406296     1.00000973        0
  1835.94449501     0.99990614        0
  1835.96492686     0.99981690        0
  1835.98535881     0.99996180        0
  1836.00579086     1.00003952        0
  1836.02622271     0.99997080        0
  1836.04665465     0.99990509        0
  1836.06708670     0.99994288        0
  1836.08751855     0.99997432        0
  1836.10795050     0.99993625        0
  1836.12838255     1.00009492        0
  1836.14881449     0.99990947        0
  1836.16924634     0.99984845        0
  1836.18967838     0.99997973        0
  1836.21011033     0.99990663        0
  1836.23054237     1.00003780        0
  1836.25097422     1.00000237        0
  1836.27140616     0.99990273        0
  1836.31227005     1.00002957        0
  1836.33270199     1.00004461        0
  1836.35313404     1.00020705        0
  1836.37356588     1.00006175        0
  1836.39399782     0.99998872        0
  1836.41442976     1.00000681        0
  1836.43486170     1.00019319        0
  1836.45529364     0.99974045        0
  1836.47572558     0.99983046        0
  1836.49615752     0.99994400        0
  1836.51658946     1.00001274        0
  1836.53702140     1.00005226        0
  1836.55745334     1.00029654        0
  1836.57788528     1.00016340        0
  1836.59831732     1.00008185        0
  1836.61874915     1.00006880        0
  1836.63918109     0.99991907        0
  1836.65961313     0.99995876        0
  1836.68004496     1.00005735        0
  1836.70047690     0.99998461        0
  1836.72090893     1.00004739        0
  1836.74134077     0.99990758        0
  1836.76177270     0.99997439        0
  1836.78220474     1.00006939        0
  1836.80263657     0.99992950        0
  1836.82306860     0.99990705        0
  1836.84350054     0.99986191        0
  1836.86393237     0.99984563        0
  1836.88436440     0.99987335        0
  1836.90479633     0.99980830        0
  1836.92522816     0.99989630        0
  1836.94566019     0.99970992        0
  1836.96609212     0.99989258        0
  1836.98652405     0.99983636        0
  1837.00695598     1.00009595        0
  1837.02738791     0.99925300        0
  1837.08868370     0.99987892        0
  1837.10911563     0.99991220        0
  1837.12954755     0.99985035        0
  1837.14997948     0.99988757        0
  1837.17041141     1.00006758        0
  1837.19084333     0.99973160        0
  1837.21127526     0.99978319        0
  1837.23170718     0.99989441        0
  1837.25213911     0.99986475        0
  1837.27257103     0.99983951        0
  1837.29300285     1.00014440        0
  1837.31343488     0.99991799        0
  1837.33386680     0.99988054        0
  1837.35429872     1.00015780        0
  1837.37473065     0.99994967        0
  1837.39516257     0.99986344        0
  1837.41559449     1.00012092        0
  1837.43602651     1.00031563        0
  1837.45645833     1.00017288        0
  1837.47689035     1.00000650        0
  1837.49732227     1.00007473        0
  1837.51775409     1.00017697        0
  1837.53818611     1.00010704        0
  1837.55861803     1.00040414        0
  1837.57904985     1.00021047        0
  1837.59948187     1.00012014        0
  1837.61991378     1.00038424        0
  1837.64034560     1.00044685        0
  1837.66077762     1.00035213        0
  1837.68120953     1.00034804        0
  1837.70164135     1.00026281        0
  1837.72207337     1.00028354        0
  1837.74250528     1.00026957        0
  1837.76293710     1.00035472        0
  1837.78336911     1.00028043        0
  1837.80380102     1.00020490        0
  1837.82423294     1.00025806        0
  1837.84466485     1.00025983        0
  1837.86509676     1.00032813        0
  1837.88552858     1.00034243        0
  1837.90596059     1.00035592        0
  1837.92639250     1.00028144        0
  1837.94682441     1.00021253        0
  1837.96725632     1.00017328        0
  1837.98768823     1.00012890        0
  1838.00812004     1.00023555        0
  1838.02855205     1.00011367        0
  1838.04898396     1.00032181        0
  1838.06941597     1.00009138        0
  1838.08984778     1.00013998        0
  1838.11027969     1.00001928        0
  1838.13071169     1.00013011        0
  1838.15114350     1.00014924        0
  1838.17157541     0.99997838        0
  1838.19200742     0.99996957        0
  1838.21243922     1.00017241        0
  1838.23287113     1.00003938        0
  1838.27373504     0.99960939        0
  1838.29416684     0.99995827        0
  1838.31459885     1.00001699        0
  1838.33503075     0.99984533        0
  1838.35546255     0.99994132        0
  1838.37589456     0.99994649        0
  1838.39632646     0.99985308        0
  1838.41675826     0.99972052        0
  1838.43719026     0.99964992        0
  1838.45762217     0.99951690        0
  1838.47805397     0.99948807        0
  1838.49848597     0.99942832        0
  1838.51891787     0.99985928        0
  1838.53934967     0.99958487        0
  1838.55978167     0.99944262        0
  1838.58021357     0.99933791        0
  1838.60064536     0.99971909        0
  1838.62107736     0.99941175        0
  1838.64150926     0.99941896        0
  1838.66194106     0.99944889        0
  1838.68237306     0.99949397        0
  1838.70280495     0.99943335        0
  1838.72323685     0.99958340        0
  1838.74366875     0.99948208        0
  1838.76410064     0.99968997        0
  1838.78453254     0.99947835        0
  1838.80496443     0.99963872        0
  1838.82539633     0.99964464        0
  1838.84582832     0.99981525        0
  1838.86626011     0.99974046        0
  1838.88669201     0.99992396        0
  1838.90712400     0.99985489        0
  1838.92755579     0.99983860        0
  1838.94798769     1.00013738        0
  1838.96841968     1.00040770        0
  1838.98885147     0.99980487        0
  1839.07057903     1.00050619        0
  1839.09101102     1.00056911        0
  1839.11144291     1.00075402        0
  1839.13187470     1.00075015        0
  1839.15230669     1.00072457        0
  1839.17273858     1.00048116        0
  1839.19317036     1.00055927        0
  1839.21360235     1.00057375        0
  1839.23403424     1.00050284        0
  1839.25446602     1.00049751        0
  1839.27489801     1.00054545        0
  1839.29532990     1.00055009        0
  1839.31576188     1.00045434        0
  1839.33619367     1.00035806        0
  1839.35662555     1.00034222        0
  1839.37705744     1.00027886        0
  1839.39748932     1.00032345        0
  1839.41792110     1.00022307        0
  1839.43835309     1.00045336        0
  1839.45878497     1.00052271        0
  1839.47921675     1.00070364        0
  1839.49964873     1.00067266        0
  1839.52008061     1.00069192        0
  1839.54051250     1.00036915        0
  1839.56094438     1.00030886        0
  1839.58137626     1.00015828        0
  1839.60180814     1.00026784        0
  1839.62224002     1.00032631        0
  1839.64267190     1.00015312        0
  1839.72439941     0.99935170        0
  1839.74483139     1.00003270        0
  1839.76526317     0.99987733        0
  1839.78569504     1.00009440        0
  1839.80612702     0.99996126        0
  1839.82655879     0.99978628        0
  1839.84699067     0.99966291        0
  1839.86742265     0.99971384        0
  1839.88785442     0.99967495        0
  1839.90828629     0.99956991        0
  1839.92871827     0.99943598        0
  1839.94915014     0.99970218        0
  1839.96958202     0.99958005        0
  1839.99001389     0.99955471        0
  1840.01044576     0.99944181        0
  1840.31692371     0.99997362        0
  1840.33735568     0.99975055        0
  1840.35778754     0.99996644        0
  1840.37821941     0.99992819        0
  1840.39865127     1.00012095        0
  1840.41908314     1.00001187        0
  1840.43951500     1.00000000        0
  1840.45994687     1.00003103        0
  1840.48037873     0.99988811        0
  1840.50081060     0.99992430        0
  1840.52124256     0.99986735        0
  1840.54167432     1.00000069        0
  1840.56210629     0.99992449        0
  1840.58253815     1.00017885        0
  1840.60296991     0.99982499        0
  1840.62340187     0.99990036        0
  1840.64383373     1.00006994        0
  1840.66426549     1.00002978        0
  1840.68469746     1.00008882        0
  1840.70512932     0.99965712        0
  1840.72556108     1.00045311        0
  1840.74599304     1.00048843        0
  1840.76642489     1.00052717        0
  1840.78685675     1.00066826        0
  1840.80728861     1.00013033        0
  1840.82772037     0.99990527        0
  1840.84815233     1.00019558        0
  1840.86858418     0.99996871        0
  1840.88901604     0.99996271        0
  1840.90944780     0.99991078        0
  1840.92987975     0.99981467        0
  1840.95031161     0.99993875        0
  1840.97074337     0.99997072        0
  1840.99117532     0.99984263        0
  1872.00644934     1.00032559        1
  1872.02688092     1.00021971        1
  1872.04731251     1.00041662        1
  1872.06774410     1.00026345        1
  1872.08817568     1.00009987        1
  1872.10860727     1.00011389        1
  1872.12903896     1.00007031        1
  1872.16990203     1.00008373        1
  1872.19033372     1.00000852        1
  1872.21076530     1.00001191        1
  1872.23119679     0.99994702        1
  1872.25162847     0.99982816        1
  1872.27206006     0.99978393        1
  1872.29249155     1.00001635        1
  1872.31292323     0.99988859        1
  1872.33335482     0.99999733        1
  1872.35378631     0.99991904        1
  1872.37421799     0.99993265        1
  1872.41508127     1.00029157        1
  1872.43551275     1.00112748        1
  1872.45594434     0.99991493        1
  1872.47637603     1.00017725        1
  1872.49680751     1.00013073        1
  1872.51723910     1.00013124        1
  1872.53767079     1.00009930        1
  1872.55810227     1.00004920        1
  1872.57853386     1.00026379        1
  1872.59896555     1.00014655        1
  1872.61939703     1.00023833        1
  1872.66026031     1.00016789        1
  1872.68069179     0.99995946        1
  1872.70112348     1.00015272        1
  1872.72155507     1.00004617        1
  1872.74198655     1.00006236        1
  1872.76241824     0.99998205        1
  1872.78284983     1.00004941        1
  1872.80328131     1.00005610        1
  1872.82371300     1.00010286        1
  1872.84414459     0.99985785        1
  1872.86457607     1.00010986        1
  1872.90543935     1.00000000        1
  1872.92587083     0.99998715        1
  1872.94630252     1.00007593        1
  1872.96673411     0.99967804        1
  1872.98716579     0.99966378        1
  1873.00759728     0.99990136        1
  1873.02802887     0.99953787        1
  1873.15061839     0.99986472        1
  1873.17105008     0.99972195        1
  1873.19148167     0.99967283        1
  1873.21191325     0.99953561        1
  1873.23234484     0.99937511        1
  1873.25277643     0.99948935        1
  1873.27320801     0.99940087        1
  1873.29363960     0.99931960        1
  1873.31407119     0.99929526        1
  1873.33450278     0.99915275        1
  1873.35493436     0.99918532        1
  1873.39579754     0.99909338        1
  1873.41622913     0.99937194        1
  1873.43666061     0.99943324        1
  1873.45709230     0.99929579        1
  1873.47752389     0.99935760        1
  1873.49795557     0.99920539        1
  1873.51838706     0.99934703        1
  1873.53881865     0.99923728        1
  1873.55925034     0.99925839        1
  1873.57968182     0.99920208        1
  1873.60011341     0.99941235        1
  1873.64097669     0.99958792        1
  1873.66140818     0.99963746        1
  1873.68183986     0.99977937        1
  1873.70227145     0.99954938        1
  1873.72270294     0.99978189        1
  1873.74313463     0.99987658        1
  1873.76356621     0.99993797        1
  1873.78399780     0.99995851        1
  1873.80442939     0.99988311        1
  1873.82486098     1.00007324        1
  1873.84529267     0.99999195        1
  1873.88615574     1.00010803        1
  1873.90658743     1.00003768        1
  1873.92701892     1.00015770        1
  1873.94745051     1.00019555        1
  1873.96788219     1.00042643        1
  1873.98831368     1.00029870        1
  1874.00874537     1.00052108        1
  1874.02917686     1.00021640        1
  1874.04960845     1.00053986        1
  1874.07004013     1.00068395        1
  1874.09047162     1.00076308        1
  1874.17219798     1.00112449        1
  1874.19262966     1.00094442        1
  1874.21306125     1.00102100        1
  1874.23349274     1.00098342        1
  1874.25392443     1.00109772        1
  1874.27435602     1.00122035        1
  1874.29478761     1.00118345        1
  1874.31521920     1.00106108        1
  1874.33565078     1.00124038        1
  1874.37651396     1.00114343        1
  1874.39694555     1.00099778        1
  1874.41737724     1.00106879        1
  1874.43780873     1.00112234        1
  1874.45824032     1.00113501        1
  1874.47867201     1.00108450        1
  1874.49910349     1.00114468        1
  1874.51953518     1.00095700        1
  1874.53996677     1.00083413        1
  1874.56039826     1.00120178        1
  1874.58082995     1.00173061        1
  1874.62169303     1.00105777        1
  1874.64212472     1.00105921        1
  1874.66255631     1.00096575        1
  1874.68298790     1.00077134        1
  1874.70341949     1.00091194        1
  1874.72385107     1.00073757        1
  1874.74428256     1.00100163        1
  1874.76471425     1.00061328        1
  1874.78514584     1.00080048        1
  1874.86687230     1.00051384        1
  1874.88730379     1.00039177        1
  1874.90773538     1.00050878        1
  1874.92816707     1.00052398        1
  1874.94859856     1.00032744        1
  1874.96903015     1.00011407        1
  1874.98946184     1.00040495        1
  1875.00989333     1.00007241        1
  1875.03032502     1.00010931        1
  1875.11205138     0.99984222        1
  1875.13248287     0.99992024        1
  1875.15291456     0.99980052        1
  1875.17334615     0.99983573        1
  1875.19377774     0.99961173        1
  1875.21420933     0.99960893        1
  1875.23464092     0.99963912        1
  1875.35723046     0.99982402        1
  1875.37766215     1.00008835        1
  1875.39809364     0.99985895        1
  1875.41852524     0.99960113        1
  1875.43895693     0.99966050        1
  1875.45938842     0.99974957        1
  1875.47982001     0.99955376        1
  1875.50025170     0.99977616        1
  1875.52068319     0.99966997        1
  1875.54111488     1.00003920        1
  1875.56154647     0.99999786        1
  1875.60240965     0.99977951        1
  1875.62284125     0.99998007        1
  1875.64327274     0.99972717        1
  1875.66370443     0.99981685        1
  1875.68413602     0.99992656        1
  1875.70456761     0.99987249        1
  1875.72499920     0.99934450        1
  1875.74543079     0.99953588        1
  1875.76586249     0.99971720        1
  1875.78629398     0.99964091        1
  1875.80672557     0.99956460        1
  1875.84758885     0.99944954        1
  1875.86802034     0.99928542        1
  1875.88845204     0.99930258        1
  1875.90888363     0.99931471        1
  1875.92931512     0.99928661        1
  1875.94974681     0.99934339        1
  1875.97017840     0.99910347        1
  1876.09276796     0.99896805        1
  1876.11319955     0.99881411        1
  1876.13363114     0.99903412        1
  1876.15406264     0.99892172        1
  1876.17449433     0.99875127        1
  1876.19492592     0.99904752        1
  1876.21535751     0.99898297        1
  1876.23578911     0.99884522        1
  1876.33794717     0.99875348        1
  1876.35837876     0.99877051        1
  1876.37881026     0.99881128        1
  1876.39924195     0.99868594        1
  1876.41967354     0.99884004        1
  1876.44010504     0.99869572        1
  1876.46053673     0.99879224        1
  1876.48096832     0.99879309        1
  1876.50140002     0.99871339        1
  1876.52183151     0.99892474        1
  1876.54226310     0.99868533        1
  1876.58312629     0.99886338        1
  1876.60355789     0.99903495        1
  1876.62398958     0.99903541        1
  1876.82830542     0.99943253        1
  1876.84873712     0.99961226        1
  1876.86916861     0.99987383        1
  1876.88960021     0.99981336        1
  1876.91003190     0.99977246        1
  1877.07348476     1.00033840        1
  1877.09391626     1.00012702        1
  1877.11434785     1.00056957        1
  1877.13477955     1.00042649        1
  1877.15521104     1.00056881        1
  1877.17564264     1.00051477        1
  1877.19607433     1.00063333        1
  1877.21650583     1.00086349        1
  1877.23693753     1.00114977        1
  1877.25736912     1.00119423        1
  1877.27780062     1.00125716        1
  1877.31866391     1.00085385        1
  1877.33909551     1.00093434        1
  1877.35952710     1.00107245        1
  1877.37995870     1.00093246        1
  1877.40039029     1.00082857        1
  1877.42082189     1.00104401        1
  1877.44125349     1.00084921        1
  1877.46168508     1.00091367        1
  1877.48211668     1.00098817        1
  1877.50254828     1.00103791        1
  1877.52297987     1.00161513        1
  1877.56384307     1.00075589        1
  1877.58427476     1.00076581        1
  1877.60470626     1.00080717        1
  1877.62513786     1.00079039        1
  1877.64556956     1.00063681        1
  1877.66600105     1.00068553        1
  1877.68643275     1.00078677        1
  1877.70686435     1.00060205        1
  1877.72729584     1.00062697        1
  1877.74772754     1.00053464        1
  1877.76815914     1.00057660        1
  1877.80902234     1.00037459        1
  1877.82945393     1.00049847        1
  1877.84988543     1.00025111        1
  1877.87031713     1.00008474        1
  1877.89074873     1.00009870        1
  1877.91118033     1.00021727        1
  1877.93161192     1.00027326        1
  1877.95204352     1.00019736        1
  1877.97247522     1.00008133        1
  1877.99290682     1.00028478        1
  1878.01333832     1.00012273        1
  1878.05420161     0.99995901        1
  1878.07463311     0.99997679        1
  1878.09506481     0.99987886        1
  1878.11549641     0.99988645        1
  1878.13592791     0.99993463        1
  1878.15635961     1.00001208        1
  1878.17679111     0.99997145        1
  1878.19722281     1.00007205        1
  1878.21765441     1.00033506        1
  1878.23808591     1.00009248        1
  1878.25851760     1.00005105        1
  1878.29938070     0.99986993        1
  1878.31981240     0.99975816        1
  1878.34024400     0.99992532        1
  1878.36067550     0.99992956        1
  1878.38110720     0.99996817        1
  1878.40153880     1.00007591        1
  1878.42197050     1.00005624        1
  1878.44240200     0.99994054        1
  1878.46283360     1.00020215        1
  1878.48326530     1.00007020        1
  1878.54456010     0.99997682        1
  1878.56499171     1.00002485        1
  1878.58542321     1.00005102        1
  1878.60585491     1.00004553        1
  1878.62628651     1.00000189        1
  1878.64671811     1.00026053        1
  1878.66714971     1.00008779        1
  1878.68758131     1.00008058        1
  1878.70801301     1.00008295        1
  1878.72844451     1.00028413        1
  1878.74887611     1.00011546        1
  1878.78973932     0.99992104        1
  1878.81017092     0.99994252        1
  1878.83060252     0.99980524        1
  1878.85103412     0.99976643        1
  1878.87146582     0.99989268        1
  1878.89189733     0.99973410        1
  1878.91232893     0.99988964        1
  1878.93276063     0.99997668        1
  1878.95319213     0.99992133        1
  1878.97362374     1.00009593        1
  1878.99405544     0.99992564        1
  1879.03491854     0.99955144        1
  1879.05535025     0.99946210        1
  1879.07578185     0.99946851        1
  1879.09621345     0.99955093        1
  1879.11664505     0.99959949        1
  1879.13707666     0.99952040        1
  1879.15750826     0.99983084        1
  1879.17793986     0.99960930        1
  1879.19837147     0.99957989        1
  1879.21880317     0.99949862        1
  1879.23923467     0.99979979        1
  1879.28009798     0.99951659        1
  1879.30052948     0.99938552        1
  1879.32096119     0.99940927        1
  1879.34139279     0.99946531        1
  1879.36182430     0.99938361        1
  1879.38225600     0.99943449        1
  1879.40268760     0.99954514        1
  1879.42311911     0.99979827        1
  1879.44355081     0.99964949        1
  1879.46398242     0.99966907        1
  1879.48441392     0.99966122        1
  1879.52527713     0.99968067        1
  1879.54570884     0.99977122        1
  1879.56614044     0.99984027        1
  1879.58657205     0.99998649        1
  1879.60700365     0.99997525        1
  1879.62743526     0.99984663        1
  1879.64786686     1.00005594        1
  1879.66829847     0.99999447        1
  1879.68873007     1.00027861        1
  1879.70916168     1.00017400        1
  1879.72959328     1.00018527        1
  1879.77045659     1.00002129        1
  1879.79088820     1.00011347        1
  1879.81131971     1.00011671        1
  1879.83175141     1.00035196        1
  1879.85218302     1.00037180        1
  1879.87261453     1.00046101        1
  1879.89304623     1.00060244        1
  1879.91347784     1.00080619        1
  1879.93390935     1.00077410        1
  1879.95434105     1.00078164        1
  1879.97477266     1.00124365        1
  1880.01563587     0.99917180        2
  1880.03606748     0.99926744        2
  1880.05649919     0.99942421        2
  1880.07693069     0.99954135        2
  1880.09736230     0.99955064        2
  1880.11779391     0.99956104        2
  1880.13822552     0.99974722        2
  1880.15865712     0.99983347        2
  1880.17908883     0.99985292        2
  1880.19952034     0.99994467        2
  1880.21995205     0.99997517        2
  1880.26081516     1.00026832        2
  1880.28124687     1.00021534        2
  1880.30167848     1.00011117        2
  1880.32210999     1.00032955        2
  1880.34254170     1.00010481        2
  1880.36297331     1.00021172        2
  1880.38340482     1.00022532        2
  1880.40383652     1.00031696        2
  1880.42426813     1.00027735        2
  1880.50599467     1.00040746        2
  1880.52642618     1.00038354        2
  1880.54685779     1.00038585        2
  1880.56728950     1.00077114        2
  1880.58772101     1.00040959        2
  1880.60815262     1.00041155        2
  1880.62858433     1.00042998        2
  1880.64901584     1.00042460        2
  1880.75117399     1.00041827        2
  1880.77160560     1.00020467        2
  1880.79203721     1.00024813        2
  1880.81246883     1.00011468        2
  1880.83290044     1.00006002        2
  1880.85333205     0.99998208        2
  1880.87376366     1.00007453        2
  1880.89419527     1.00008393        2
  1880.91462688     1.00007707        2
  1880.93505849     1.00011672        2
  1880.99635333     1.00005719        2
  1881.01678504     1.00014668        2
  1881.03721655     0.99997821        2
  1881.05764817     1.00002058        2
  1881.07807988     0.99999184        2
  1881.09851139     0.99991418        2
  1881.11894310     0.99991727        2
  1881.13937472     0.99990748        2
  1881.15980623     0.99988644        2
  1881.18023794     0.99980978        2
  1881.20066956     0.99980044        2
  1881.24153278     1.00020146        2
  1881.26196440     1.00029661        2
  1881.28239601     1.00012845        2
  1881.30282762     1.00017954        2
  1881.32325924     1.00014521        2
  1881.34369095     1.00015525        2
  1881.36412246     1.00002395        2
  1881.38455408     1.00003420        2
  1881.40498579     0.99993341        2
  1881.42541741     1.00006550        2
  1881.44584892     1.00000000        2
  1881.48671215     1.00048701        2
  1881.50714387     1.00023778        2
  1881.52757548     1.00020695        2
  1881.54800710     1.00016650        2
  1881.56843871     1.00024599        2
  1881.58887033     1.00004714        2
  1881.60930184     0.99992491        2
  1881.62973356     0.99996273        2
  1881.65016517     0.99983081        2
  1881.67059669     0.99977433        2
  1881.69102840     0.99985595        2
  1881.73189174     0.99988728        2
  1881.75232325     0.99984434        2
  1881.77275487     0.99980050        2
  1881.79318659     0.99965601        2
  1881.81361810     0.99954000        2
  1881.83404972     0.99969521        2
  1881.85448144     0.99955984        2
  1881.87491295     0.99961575        2
  1881.89534457     0.99971159        2
  1881.91577629     0.99970185        2
  1881.93620790     0.99963226        2
  1881.97707114     0.99940727        2
  1881.99750276     0.99929402        2
  1882.01793437     0.99936764        2
  1882.03836599     0.99921913        2
  1882.05879761     0.99925972        2
  1882.07922933     0.99920517        2
  1882.09966085     0.99922091        2
  1882.12009246     0.99926748        2
  1882.14052418     0.99922964        2
  1882.22225056     0.99907915        2
  1882.24268228     0.99893948        2
  1882.26311380     0.99865228        2
  1882.28354542     0.99879620        2
  1882.30397714     0.99892874        2
  1882.32440866     0.99891047        2
  1882.34484038     0.99905966        2
  1882.46743010     0.99893351        2
  1882.48786172     0.99911774        2
  1882.50829334     0.99928860        2
  1882.52872496     0.99927693        2
  1882.54915658     0.99946756        2
  1882.71260965     0.99942553        2
  1882.73304117     0.99977160        2
  1882.75347290     0.99993249        2
  1882.77390452     1.00008353        2
  1882.79433624     1.00008562        2
  1882.81476776     1.00023984        2
  1882.83519939     1.00011099        2
  1882.85563111     1.00025734        2
  1882.87606263     1.00038823        2
  1882.89649416     1.00034121        2
  1882.91692588     1.00025306        2
  1882.95778913     1.00004491        2
  1882.97822075     1.00028103        2
  1882.99865237     1.00074209        2
  1883.01908410     1.00080136        2
  1883.03951562     1.00070237        2
  1883.05994725     1.00055840        2
  1883.08037897     1.00064719        2
  1883.10081059     1.00070022        2
  1883.12124212     1.00073313        2
  1883.14167384     1.00066574        2
  1883.16210547     1.00066733        2
  1883.20296872     1.00097540        2
  1883.22340034     1.00078293        2
  1883.24383207     1.00094338        2
  1883.26426359     1.00085898        2
  1883.28469522     1.00077574        2
  1883.30512695     1.00073670        2
  1883.32555847     1.00088799        2
  1883.34599010     1.00085601        2
  1883.36642182     1.00080459        2
  1883.38685335     1.00080657        2
  1883.40728508     1.00092778        2
  1883.44814823     1.00092610        2
  1883.46857996     1.00069209        2
  1883.48901158     1.00070133        2
  1883.50944311     1.00070345        2
  1883.52987484     1.00039219        2
  1883.55030637     1.00037797        2
  1883.57073809     1.00054010        2
  1883.59116972     1.00039711        2
  1883.61160125     1.00061082        2
  1883.63203298     1.00054267        2
  1883.65246461     1.00042960        2
  1883.69332786     1.00064027        2
  1883.71375949     1.00023615        2
  1883.73419112     1.00030817        2
  1883.75462275     1.00026990        2
  1883.77505438     1.00021035        2
  1883.79548611     1.00034185        2
  1883.81591774     1.00019739        2
  1883.83634927     1.00015391        2
  1883.85678099     1.00028625        2
  1883.87721262     0.99997835        2
  1883.89764415     0.99976601        2
  1883.93850751     1.00006345        2
  1883.95893904     0.99998309        2
  1883.97937077     0.99987589        2
  1883.99980241     0.99993673        2
  1884.02023414     0.99996764        2
  1884.04066567     0.99990893        2
  1884.06109730     0.99967386        2
  1884.08152903     0.99987704        2
  1884.10196056     0.99983824        2
  1884.12239219     0.99972635        2
  1884.14282392     0.99964868        2
  1884.18368709     0.99991416        2
  1884.20411872     0.99986586        2
  1884.22455035     1.00001571        2
  1884.24498208     1.00013644        2
  1884.26541362     1.00002219        2
  1884.28584525     1.00010886        2
  1884.30627698     1.00019551        2
  1884.32670861     1.00008787        2
  1884.34714015     0.99998182        2
  1884.36757188     1.00009501        2
  1884.38800351     0.99998263        2
  1884.42886678     1.00027734        2
  1884.44929841     1.00013590        2
  1884.46973015     1.00023773        2
  1884.49016168     1.00003196        2
  1884.51059332     1.00012082        2
  1884.53102505     1.00000478        2
  1884.55145658     0.99977477        2
  1884.57188822     0.99979421        2
  1884.59231995     0.99997606        2
  1884.61275149     0.99979515        2
  1884.63318322     0.99957412        2
  1884.67404639     0.99977958        2
  1884.69447813     0.99975285        2
  1884.71490977     0.99978861        2
  1884.73534140     0.99954436        2
  1884.75577304     0.99947535        2
  1884.77620467     0.99964125        2
  1884.79663631     0.99954388        2
  1884.81706795     0.99966802        2
  1884.83749958     0.99970048        2
  1884.85793122     0.99992636        2
  1884.91922613     0.99935949        2
  1884.93965777     0.99946237        2
  1884.96008940     0.99931615        2
  1884.98052114     0.99932510        2
  1885.00095268     0.99921301        2
  1885.02138442     0.99917057        2
  1885.04181606     0.99907580        2
  1885.06224759     0.99911520        2
  1885.08267933     0.99925278        2
  1885.10311097     0.99934709        2
  1885.12354251     0.99927212        2
  1885.16440589     0.99649904        2
  1885.18483743     0.99905914        2
  1885.20526917     0.99899265        2
  1885.22570081     0.99914240        2
  1885.24613255     0.99886998        2
  1885.26656409     0.99894663        2
  1885.28699573     0.99885252        2
  1885.30742747     0.99909543        2
  1885.32785901     0.99907698        2
  1885.34829065     0.99924984        2
  1885.36872239     0.99936624        2
  1885.40958557     0.99937363        2
  1885.43001731     0.99936711        2
  1885.45044895     0.99942842        2
  1885.47088059     0.99945917        2
  1885.49131223     0.99929714        2
  1885.51174387     0.99966475        2
  1885.53217552     0.99949515        2
  1885.55260716     0.99957326        2
  1885.57303870     0.99946569        2
  1885.59347044     0.99961805        2
  1885.61390209     1.00013373        2
  1885.65476537     0.99988334        2
  1885.67519701     1.00005543        2
  1885.69562876     1.00018121        2
  1885.71606030     1.00021985        2
  1885.73649194     1.00028890        2
  1885.75692369     1.00024727        2
  1885.77735523     1.00021033        2
  1885.79778687     1.00039807        2
  1885.81821862     1.00052669        2
  1885.83865016     1.00066974        2
  1885.85908191     1.00119093        2
  1885.89994510     1.00076018        2
  1885.92037684     1.00072363        2
  1885.94080849     1.00073012        2
  1885.96124013     1.00075800        2
  1885.98167178     1.00065789        2
  1886.00210342     1.00071964        2
  1886.02253507     1.00069281        2
  1886.04296671     1.00083998        2
  1886.06339836     1.00069513        2
  1886.08383011     1.00075391        2
  1886.10426175     1.00094707        2
  1886.14512505     1.00071060        2
  1886.16555669     1.00086261        2
  1886.18598824     1.00074337        2
  1886.20641999     1.00069561        2
  1886.22685154     1.00093527        2
  1886.24728328     1.00081734        2
  1886.26771493     1.00074410        2
  1886.28814648     1.00073607        2
  1886.30857823     1.00065350        2
  1886.32900987     1.00054996        2
  1886.34944142     1.00075169        2
  1886.39030482     1.00055208        2
  1886.41073637     1.00045667        2
  1886.43116812     1.00050779        2
  1886.45159977     1.00047595        2
  1886.47203152     1.00038286        2
  1886.49246307     1.00049921        2
  1886.51289472     1.00063441        2
  1886.63548472     0.99988590        2
  1886.65591637     0.99991843        2
  1886.67634802     0.99987022        2
  1886.69677967     1.00014338        2
  1886.71721132     1.00001425        2
  1886.88066454     0.99962769        2
  1886.90109619     0.99951375        2
  1886.92152795     0.99937375        2
  1886.94195950     0.99945711        2
  1886.96239115     0.99965801        2
  1886.98282291     0.99950916        2
  1887.12584449     0.99945220        2
  1887.14627614     0.99960811        2
  1887.16670780     0.99962722        2
  1887.18713945     0.99967868        2
  1887.20757111     0.99966167        2
  1887.22800276     0.99950848        2
  1887.24843452     0.99972138        2
  1887.26886608     0.99950387        2
  1887.28929773     0.99954972        2
  1887.30972949     0.99959694        2
  1887.33016115     0.99969275        2
  1887.37102446     0.99984914        2
  1887.39145612     0.99985476        2
  1887.41188767     0.99982091        2
  1887.43231943     0.99977528        2
  1887.45275109     0.99999878        2
  1887.47318275     0.99983762        2
  1887.49361441     0.99977209        2
  1887.51404606     0.99967803        2
  1887.53447782     0.99970253        2
  1887.55490938     0.99996548        2
  1887.57534104     0.99981180        2
  1887.61620436     0.99982602        2
  1887.63663612     0.99990899        2
  1887.65706768     0.99996981        2
  1887.67749934     0.99988036        2
  1887.69793110     0.99986570        2
  1887.71836266     1.00004355        2
  1887.73879432     1.00020618        2
  1887.75922608     1.00011022        2
  1887.77965764     1.00019339        2
  1887.86138438     1.00003921        2
  1887.88181605     1.00002871        2
  1887.90224771     1.00018332        2
  1887.92267937     1.00018311        2
  1887.94311103     1.00003973        2
  1887.96354269     1.00053669        2
  1887.98397446     1.00058643        2
  1891.04872675     1.00051911        3
  1891.06915845     1.00023341        3
  1891.08959024     1.00022589        3
  1891.11002183     1.00022132        3
  1891.13045353     1.00013890        3
  1891.15088532     1.00018686        3
  1891.17131691     1.00001602        3
  1891.19174871     0.99990337        3
  1891.21218040     1.00000874        3
  1891.29390708     0.99959856        3
  1891.31433888     0.99971705        3
  1891.33477057     0.99940774        3
  1891.35520237     0.99952064        3
  1891.37563397     0.99953490        3
  1891.39606566     0.99950254        3
  1891.41649746     0.99972360        3
  1891.43692906     0.99949370        3
  1891.45736075     0.99963103        3
  1891.47779255     0.99961882        3
  1891.53908764     0.99987674        3
  1891.55951924     0.99999691        3
  1891.57995104     0.99979206        3
  1891.60038274     0.99995611        3
  1891.62081434     0.99976538        3
  1891.64124614     0.99991461        3
  1891.66167784     0.99999305        3
  1891.68210944     1.00004379        3
  1891.70254124     1.00008211        3
  1891.72297294     0.99993710        3
  1891.74340474     1.00034055        3
  1891.78426804     1.00007494        3
  1891.80469984     1.00025611        3
  1891.82513144     1.00034200        3
  1891.84556314     1.00032155        3
  1891.86599494     1.00028573        3
  1891.88642654     1.00025465        3
  1891.90685825     1.00017546        3
  1891.92729005     1.00019140        3
  1891.94772165     1.00031402        3
  1891.96815345     1.00012839        3
  1892.02944856     1.00034015        3
  1892.04988027     1.00004747        3
  1892.07031197     1.00016547        3
  1892.09074368     1.00019888        3
  1892.11117538     1.00025763        3
  1892.13160718     1.00020065        3
  1892.15203889     1.00007791        3
  1892.17247049     1.00008107        3
  1892.19290230     1.00016626        3
  1892.21333390     1.00009926        3
  1892.27462902     1.00028478        3
  1892.29506083     1.00017055        3
  1892.31549254     0.99990881        3
  1892.33592414     1.00001572        3
  1892.35635595     1.00008261        3
  1892.37678766     0.99991299        3
  1892.39721926     1.00002775        3
  1892.41765107     0.99993204        3
  1892.43808278     0.99979932        3
  1892.51980971     0.99994465        3
  1892.54024132     0.99968883        3
  1892.56067303     0.99987605        3
  1892.58110484     0.99988620        3
  1892.60153645     0.99961939        3
  1892.62196816     0.99970916        3
  1892.64239997     0.99966851        3
  1892.76499024     0.99974968        3
  1892.78542195     0.99978977        3
  1892.80585366     0.99976331        3
  1892.82628538     0.99979495        3
  1892.84671709     1.00000000        3
  1892.86714890     0.99989197        3
  1892.88758052     1.00000510        3
  1892.90801233     0.99992283        3
  1892.92844394     0.99976127        3
  1892.94887566     0.99981489        3
  1892.96930747     0.99980245        3
  1893.01017080     0.99969654        3
  1893.03060261     1.00017721        3
  1893.05103423     1.00025787        3
  1893.07146604     1.00019879        3
  1893.09189776     1.00022503        3
  1893.11232938     1.00029506        3
  1893.13276119     1.00024920        3
  1893.15319291     1.00044891        3
  1893.17362452     1.00034371        3
  1893.19405634     1.00028986        3
  1893.25535149     1.00028582        3
  1893.27578321     1.00026228        3
  1893.29621503     1.00034660        3
  1893.31664665     1.00032747        3
  1893.33707836     1.00042022        3
  1893.35751018     1.00045916        3
  1893.37794190     1.00038374        3
  1893.39837352     1.00046023        3
  1893.41880534     1.00017921        3
  1893.43923706     1.00009223        3
  1893.45966888     1.00001633        3
  1893.50053222     1.00027375        3
  1893.52096404     1.00026215        3
  1893.54139566     1.00017009        3
  1893.56182728     0.99986442        3
  1893.58225910     0.99996828        3
  1893.60269083     0.99996319        3
  1893.62312265     0.99986036        3
  1893.64355427     0.99982330        3
  1893.66398599     0.99982110        3
  1893.68441781     0.99974446        3
  1893.70484944     0.99986025        3
  1893.74571298     0.99976868        3
  1893.76614461     0.99959518        3
  1893.78657633     0.99953213        3
  1893.80700815     0.99948547        3
  1893.82743978     0.99962314        3
  1893.84787160     0.99966460        3
  1893.86830333     0.99947320        3
  1893.88873505     0.99934664        3
  1893.99089368     0.99970514        3
  1894.01132551     0.99957290        3
  1894.03175723     0.99968435        3
  1894.05218886     0.99966625        3
  1894.07262069     0.99961263        3
  1894.09305242     0.99942415        3
  1894.11348404     0.99959021        3
  1894.13391587     0.99946260        3
  1894.15434760     0.99941998        3
  1894.17477933     0.99956893        3
  1894.19521106     0.99960255        3
  1894.23607452     0.99967744        3
  1894.25650624     0.99971016        3
  1894.27693787     0.99970505        3
  1894.29736970     0.99975362        3
  1894.31780143     0.99977613        3
  1894.33823307     0.99963036        3
  1894.35866490     0.99983919        3
  1894.37909663     0.99988447        3
  1894.39952846     0.99993099        3
  1894.41996009     1.00012569        3
  1894.48125529     1.00027720        3
  1894.50168702     1.00020201        3
  1894.52211885     1.00051515        3
  1894.54255058     1.00046631        3
  1894.56298232     1.00046465        3
  1894.58341405     1.00069875        3
  1894.72643619     1.00074116        3
  1894.74686803     1.00075369        3
  1894.76729966     1.00080758        3
  1894.78773150     1.00089547        3
  1894.80816323     1.00083642        3
  1894.82859487     1.00083989        3
  1894.84902671     1.00082626        3
  1894.97161713     1.00038667        3
  1894.99204877     1.00115563        3
  1895.01248061     1.00077140        3
  1895.03291235     1.00088829        3
  1895.05334409     1.00074586        3
  1895.07377583     1.00055697        3
  1895.09420757     1.00076564        3
  1895.11463941     1.00072462        3
  1895.13507105     1.00075310        3
  1895.15550279     1.00041211        3
  1895.17593463     1.00033760        3
  1895.21679801     1.00044675        3
  1895.23722986     1.00050328        3
  1895.25766160     1.00023117        3
  1895.27809324     1.00015116        3
  1895.29852508     1.00019593        3
  1895.31895683     1.00030149        3
  1895.33938867     1.00029670        3
  1895.35982031     1.00013960        3
  1895.38025205     1.00001400        3
  1895.40068390     1.00006796        3
  1895.46197913     1.00015654        3
  1895.48241078     1.00010861        3
  1895.50284262     0.99990778        3
  1895.52327427     0.99986287        3
  1895.54370601     0.99984407        3
  1895.56413786     0.99982224        3
  1895.58456950     0.99966244        3
  1895.60500125     0.99971450        3
  1895.62543310     0.99969046        3
  1895.64586474     0.99972976        3
  1895.66629659     0.99954418        3
  1895.70716009     0.99965130        3
  1895.72759183     0.99975412        3
  1895.74802358     0.99971448        3
  1895.76845533     0.99973151        3
  1895.78888708     0.99967576        3
  1895.80931883     0.99970965        3
  1895.82975058     0.99981087        3
  1895.85018243     0.99965297        3
  1895.87061408     0.99980068        3
  1895.89104593     0.99977194        3
  1895.91147768     0.99962062        3
  1895.95234118     0.99993681        3
  1895.97277293     0.99982590        3
  1895.99320458     0.99979750        3
  1896.01363643     1.00005625        3
  1896.03406819     1.00010188        3
  1896.05450004     0.99991089        3
  1896.07493169     0.99997066        3
  1896.09536344     1.00000449        3
  1896.11579520     1.00009280        3
  1896.13622695     1.00005265        3
  1896.15665870     0.99985600        3
  1896.19752221     1.00000331        3
  1896.21795407     1.00012859        3
  1896.23838572     0.99986863        3
  1896.25881748     1.00000267        3
  1896.27924933     1.00012112        3
  1896.29968099     1.00008227        3
  1896.32011274     1.00015190        3
  1896.34054460     0.99994691        3
  1896.36097625     1.00041461        3
  1896.44270338     1.00006740        3
  1896.46313514     0.99989946        3
  1896.48356690     1.00013301        3
  1896.50399866     1.00003264        3
  1896.52443041     1.00009930        3
  1896.54486217     1.00005869        3
  1896.56529403     0.99993325        3
  1896.58572569     0.99999019        3
  1896.60615755     0.99979643        3
  1896.62658931     0.99969001        3
  1896.64702097     0.99980658        3
  1896.68788459     1.00005739        3
  1896.70831625     0.99996571        3
  1896.72874811     0.99969922        3
  1896.74917987     0.99979883        3
  1896.76961164     0.99974427        3
  1896.79004340     0.99958655        3
  1896.81047516     0.99976244        3
  1896.83090692     0.99977852        3
  1896.85133869     0.99982887        3
  1896.87177045     0.99957261        3
  1896.89220221     0.99973088        3
  1896.93306574     0.99976339        3
  1896.95349750     0.99982540        3
  1896.97392927     0.99980700        3
  1896.99436113     0.99972487        3
  1897.01479280     0.99989418        3
  1897.03522456     0.99998435        3
  1897.05565643     0.99992863        3
  1897.07608820     0.99978011        3
  1897.09651986     0.99979254        3
  1897.17824703     1.00016012        3
  1897.19867880     1.00006961        3
  1897.21911066     1.00040151        3
  1897.23954233     1.00028185        3
  1897.25997410     1.00023110        3
  1897.28040597     1.00031116        3
  1897.30083764     1.00031115        3
  1897.32126951     1.00014807        3
  1897.34170128     1.00049170        3
  1897.36213295     1.00047707        3
  1897.38256482     1.00040778        3
  1897.42342826     1.00073024        3
  1897.44386013     1.00061572        3
  1897.46429190     1.00054340        3
  1897.48472377     1.00047617        3
  1897.50515544     1.00057722        3
  1897.52558712     1.00065715        3
  1897.54601899     1.00039331        3
  1897.56645076     1.00047987        3
  1897.58688253     1.00025612        3
  1897.60731431     1.00024561        3
  1897.62774608     1.00017454        3
  1897.66860963     1.00021479        3
  1897.68904140     1.00024634        3
  1897.70947328     1.00021256        3
  1897.72990505     1.00010330        3
  1897.75033673     0.99994395        3
  1897.77076860     0.99997993        3
  1897.79120038     0.99972772        3
  1897.81163205     0.99976068        3
  1897.83206393     0.99960527        3
  1897.85249571     0.99951005        3
  1897.87292758     0.99906709        3
  1897.91379104     0.99900266        3
  1897.93422292     0.99888694        3
  1897.95465459     0.99859104        3
  1897.97508637     0.99839950        3
  1897.99551825     0.99814131        3
  1898.01594993     0.99963344        4
  1898.03638181     0.99961887        4
  1898.05681359     0.99962590        4
  1898.07724527     0.99977200        4
  1898.09767715     0.99988213        4
  1898.11810893     1.00008973        4
  1898.15897249     0.99995414        4
  1898.17940417     1.00011301        4
  1898.19983605     0.99988443        4
  1898.22026783     1.00003747        4
  1898.24069952     1.00010156        4
  1898.26113140     1.00004253        4
  1898.28156318     0.99999067        4
  1898.30199496     1.00026561        4
  1898.40415388     1.00010573        4
  1898.42458577     1.00006583        4
  1898.44501755     1.00010421        4
  1898.46544924     1.00004956        4
  1898.48588112     1.00013391        4
  1898.50631291     1.00006981        4
  1898.52674460     1.00006711        4
  1898.54717648     1.00003412        4
  1898.56760827     1.00004469        4
  1898.58804016     1.00014075        4
  1898.64933552     1.00010606        4
  1898.66976721     1.00006227        4
  1898.69019900     1.00016237        4
  1898.71063088     1.00004196        4
  1898.73106257     0.99996360        4
  1898.75149446     0.99988920        4
  1898.77192625     1.00001953        4
  1898.79235794     1.00002838        4
  1898.81278983     1.00006462        4
  1898.83322152     1.00022561        4
  1898.89451690     1.00011092        4
  1898.91494869     1.00018176        4
  1898.93538058     1.00021161        4
  1898.95581237     1.00032298        4
  1898.97624416     1.00028908        4
  1898.99667596     1.00029443        4
  1899.01710775     1.00050123        4
  1899.03753954     1.00033226        4
  1899.05797134     1.00023040        4
  1899.07840313     1.00025825        4
  1899.09883503     1.00014692        4
  1899.13969862     1.00028247        4
  1899.16013041     1.00017809        4
  1899.18056211     1.00018408        4
  1899.20099400     1.00006996        4
  1899.22142580     1.00021081        4
  1899.24185750     1.00019769        4
  1899.26228939     1.00013084        4
  1899.28272119     1.00012727        4
  1899.30315309     1.00016193        4
  1899.32358478     0.99994167        4
  1899.34401658     0.99988834        4
  1899.38488018     0.99984858        4
  1899.40531198     0.99998519        4
  1899.42574388     0.99978402        4
  1899.44617558     0.99972091        4
  1899.46660748     0.99976817        4
  1899.48703918     0.99970245        4
  1899.50747098     0.99959450        4
  1899.52790288     0.99959738        4
  1899.54833458     0.99955421        4
  1899.56876638     0.99956074        4
  1899.58919828     0.99965499        4
  1899.63006178     0.99950572        4
  1899.65049369     0.99941816        4
  1899.67092549     0.99942471        4
  1899.69135729     0.99926853        4
  1899.71178910     0.99933033        4
  1899.73222090     0.99937494        4
  1899.75265280     0.99931546        4
  1899.77308451     0.99942670        4
  1899.79351631     0.99933544        4
  1899.81394822     0.99917293        4
  1899.83437992     0.99948724        4
  1899.87524363     0.99947637        4
  1899.89567534     0.99951324        4
  1899.91610725     0.99940740        4
  1899.93653905     0.99932647        4
  1899.95697076     0.99932921        4
  1899.97740267     0.99954123        4
  1899.99783448     0.99938583        4
  1900.01826638     0.99942458        4
  1900.03869809     0.99940859        4
  1900.05912990     0.99958507        4
  1900.07956171     0.99944640        4
  1900.12042533     0.99966571        4
  1900.14085714     0.99953373        4
  1900.16128895     0.99978985        4
  1900.18172086     0.99988410        4
  1900.20215257     0.99995527        4
  1900.22258438     1.00004207        4
  1900.24301629     1.00005773        4
  1900.26344800     1.00011735        4
  1900.28387981     1.00007287        4
  1900.30431173     1.00010168        4
  1900.32474354     1.00016308        4
  1900.36560717     1.00041455        4
  1900.38603898     1.00056562        4
  1900.40647089     1.00054034        4
  1900.42690261     1.00059612        4
  1900.44733442     1.00059482        4
  1900.46776634     1.00070879        4
  1900.48819805     1.00076254        4
  1900.50862987     1.00076919        4
  1900.52906178     1.00076407        4
  1900.54949350     1.00081899        4
  1900.61078895     1.00096390        4
  1900.63122087     1.00096357        4
  1900.65165268     1.00092726        4
  1900.67208440     1.00083345        4
  1900.69251632     1.00115928        4
  1900.85597088     1.00085566        4
  1900.87640270     1.00090612        4
  1900.89683462     1.00067920        4
  1900.91726644     1.00074659        4
  1900.93769816     1.00080317        4
  1900.95813008     1.00068233        4
  1900.97856191     1.00077509        4
  1900.99899363     1.00059439        4
  1901.01942555     1.00046708        4
  1901.03985738     1.00061564        4
  1901.06028910     1.00055036        4
  1901.10115285     1.00063460        4
  1901.12158477     1.00047473        4
  1901.14201650     1.00048141        4
  1901.16244832     1.00023998        4
  1901.18288025     1.00022116        4
  1901.20331197     1.00041480        4
  1901.22374380     1.00032897        4
  1901.24417573     1.00030079        4
  1901.26460745     1.00003235        4
  1901.28503938     1.00004808        4
  1901.30547121     1.00029489        4
  1901.34633487     0.99997779        4
  1901.36676669     0.99990752        4
  1901.38719852     0.99982327        4
  1901.40763035     1.00005070        4
  1901.42806218     0.99988966        4
  1901.44849401     0.99979661        4
  1901.46892584     0.99977192        4
  1901.48935767     0.99966015        4
  1901.50978950     0.99964879        4
  1901.53022133     0.99960809        4
  1901.55065317     0.99940604        4
  1901.59151683     0.99967472        4
  1901.61194876     0.99980622        4
  1901.63238059     0.99974371        4
  1901.65281233     0.99969256        4
  1901.67324426     0.99961604        4
  1901.69367609     0.99964437        4
  1901.71410783     0.99959199        4
  1901.73453976     0.99969423        4
  1901.75497160     0.99959754        4
  1901.77540333     0.99972250        4
  1901.79583527     0.99979187        4
  1901.83669904     0.99980522        4
  1901.85713078     0.99996178        4
  1901.87756261     1.00033625        4
  1901.89799455     0.99971187        4
  1901.91842629     0.99994301        4
  1901.93885812     1.00004540        4
  1901.95929006     0.99990467        4
  1901.97972180     1.00011117        4
  1902.08188110     0.99984573        4
  1902.10231284     0.99976664        4
  1902.12274478     0.99991962        4
  1902.14317662     0.99974579        4
  1902.16360846     0.99975519        4
  1902.18404030     0.99980210        4
  1902.20447214     0.99987009        4
  1902.22490398     0.99981497        4
  1902.24533583     0.99977447        4
  1902.32706320     0.99964849        4
  1902.34749514     0.99948861        4
  1902.36792689     0.99965614        4
  1902.38835883     0.99949947        4
  1902.40879068     0.99960025        4
  1902.57224545     0.99953790        4
  1902.59267730     0.99958215        4
  1902.61310925     0.99941799        4
  1902.63354100     0.99947540        4
  1902.65397284     0.99935787        4
  1902.67440479     0.99929961        4
  1902.69483654     0.99935942        4
  1902.71526849     0.99957253        4
  1902.73570034     0.99937327        4
  1902.75613209     0.99982693        4
  1902.81742775     0.99763186        4
  1902.83785960     0.99957672        4
  1902.85829145     0.99955770        4
  1902.87872321     0.99945805        4
  1902.89915516     0.99941282        4
  1902.91958701     0.99928569        4
  1902.94001897     0.99933567        4
  1902.96045072     0.99961882        4
  1902.98088257     0.99942899        4
  1903.00131453     0.99993697        4
  1903.02174628     0.99959099        4
  1903.08304185     0.99966365        4
  1903.10347381     1.00028599        4
  1903.12390566     1.00015245        4
  1903.14433742     1.00035173        4
  1903.16476938     1.00012683        4
  1903.18520124     1.00021285        4
  1903.20563299     1.00029244        4
  1903.22606495     1.00032089        4
  1903.24649681     1.00041708        4
  1903.26692877     1.00030257        4
  1903.30779239     1.00038674        4
  1903.32822435     1.00037172        4
  1903.34865611     1.00047240        4
  1903.36908797     1.00042788        4
  1903.38951993     1.00036760        4
  1903.40995179     1.00056465        4
  1903.43038365     1.00057808        4
  1903.45081542     1.00051727        4
  1903.47124728     1.00065959        4
  1903.49167924     1.00070735        4
  1903.51211110     1.00059240        4
  1903.55297483     1.00061300        4
  1903.57340670     1.00055710        4
  1903.59383846     1.00053723        4
  1903.61427043     1.00057206        4
  1903.63470229     1.00076813        4
  1903.65513426     1.00065684        4
  1903.67556602     1.00069224        4
  1903.69599789     1.00054775        4
  1903.71642985     1.00066712        4
  1903.73686162     1.00086002        4
  1903.75729349     1.00049017        4
  1903.79815722     1.00078198        4
  1903.81858919     1.00064472        4
  1903.83902106     1.00057030        4
  1903.85945283     1.00040399        4
  1903.87988480     1.00047719        4
  1903.90031667     1.00052740        4
  1903.92074844     1.00030738        4
  1903.94118041     1.00030677        4
  1903.96161228     1.00015548        4
  1903.98204425     1.00020014        4
  1904.00247602     1.00024947        4
  1904.04333976     1.00010481        4
  1904.06377174     0.99995707        4
  1904.08420351     0.99990520        4
  1904.10463538     0.99988859        4
  1904.12506725     0.99979984        4
  1904.14549913     0.99995491        4
  1904.16593110     0.99986354        4
  1904.18636288     0.99976711        4
  1904.20679485     0.99967514        4
  1904.22722673     0.99953619        4
  1904.28852235     0.99967797        4
  1904.30895413     0.99959446        4
  1904.32938611     0.99965420        4
  1904.34981798     0.99948859        4
  1904.37024996     0.99947704        4
  1904.39068174     0.99937075        4
  1904.41111362     0.99928909        4
  1904.43154560     0.99930832        4
  1904.45197737     0.99914360        4
  1904.47240925     0.99931955        4
  1904.49284123     0.99943963        4
  1904.53370499     1.00006951        4
  1904.55413687     1.00000000        4
  1904.57456876     0.99966212        4
  1904.59500064     0.99972971        4
  1904.61543252     0.99967182        4
  1904.63586440     0.99953198        4
  1904.65629628     0.99972939        4
  1904.67672816     0.99960279        4
  1904.69716005     0.99965499        4
  1904.71759193     0.99956671        4
  1904.73802381     0.99952692        4
  1904.77888758     0.99973697        4
  1904.79931947     0.99997586        4
  1904.81975145     0.99972087        4
  1904.84018324     0.99983754        4
  1904.86061512     1.00008396        4
  1905.02407022     1.00034496        4
  1905.04450221     1.00033519        4
  1905.06493410     1.00030853        4
  1905.08536609     1.00022934        4
  1905.10579788     1.00031986        4
  1905.12622977     1.00024774        4
  1905.14666176     1.00040980        4
  1905.16709355     1.00046524        4
  1905.18752545     1.00040216        4
